slack_0,non_interrupt,interrupt
9610.48,9362.19,7790.69
9671.6,9362.19,7801.09
9734.77,9362.19,7833.94
9828.5,9362.19,7867.86
9901.1,9362.19,7886.3
9938.37,9362.19,7886.3
9944.37,9362.19,7886.3
9958.03,9362.19,7886.3
9917.36,9362.19,7886.3
9856.94,9362.19,7886.3
9798.53,9362.19,7886.3
9728.75,9362.19,7886.3
9663.85,9362.19,7886.3
9616.19,9362.19,7886.3
9576.07,9362.19,7886.3
9570.37,9362.19,7886.3
9583.49,9362.19,7886.77
9612.4,9362.19,7890.21
9597.86,9362.19,7890.21
9566.79,9362.19,7890.21
9535.16,9362.19,7890.21
9495.97,9362.19,7890.21
9456.84,9362.19,7890.21
9405.83,9362.19,7890.21
9362.19,9362.19,7890.21
9372.05,9372.05,7890.21
9393.28,9390.47,7890.21
9390.47,9390.47,7890.21
9404.22,9404.22,7890.21
9419.75,9419.75,7901.5
9468.45,9468.45,7916.01
9513.35,9513.35,7916.01
9585.52,9585.52,7916.01
9704.1,9704.1,7916.01
9860.37,9860.37,7916.01
10036.86,10036.86,7916.01
10247.81,10247.81,7916.01
10473.13,10473.13,7916.01
10710.53,10710.53,7916.96
10928.92,10928.92,7918.09
11172.78,11172.78,7938.73
11439.7,11381.32,7978.7
11723.94,11381.32,8025.76
12014.41,11381.32,8063.97
12288.41,11381.32,8091.13
12535.32,11381.32,8100.89
12798.03,11381.32,8114.29
13034.14,11381.32,8124.5
13247.31,11381.32,8124.5
13424.42,11381.32,8124.5
13628.45,11381.32,8124.5
13785.42,11381.32,8124.5
13952.48,11381.32,8124.5
14138.11,11381.32,8124.5
14385.13,11381.32,8124.5
14665.0,11381.32,8124.5
15010.84,11381.32,8131.41
15362.83,11381.32,8146.63
15739.18,11381.32,8164.23
16135.52,11381.32,8195.74
16529.3,11381.32,8230.53
16911.93,11381.32,8253.39
17313.3,11381.32,8298.74
17702.07,11381.32,8322.88
18055.17,11381.32,8330.89
18394.41,11381.32,8330.89
18713.2,11381.32,8330.89
18997.49,11381.32,8330.89
19257.29,11381.32,8330.89
19468.97,11381.32,8330.89
19646.85,11381.32,8341.38
19758.11,11381.32,8363.33
19793.54,11381.32,8386.74
19726.1,11381.32,8386.74
19631.15,11381.32,8386.74
19562.72,11381.32,8399.08
19489.88,11381.32,8406.3
19431.79,11381.32,8431.11
19352.52,11381.32,8431.11
19254.46,11381.32,8431.11
19128.61,11381.32,8431.11
18964.76,11381.32,8431.11
18796.31,11381.32,8431.11
18605.0,11381.32,8431.11
18388.69,11381.32,8431.11
18156.98,11381.32,8431.11
17902.2,11381.32,8431.11
17681.34,11381.32,8431.11
17475.69,11381.32,8431.11
17310.79,11381.32,8431.11
17159.39,11381.32,8431.11
16976.45,11381.32,8431.11
16770.3,11381.32,8431.11
16573.34,11381.32,8431.11
16360.8,11381.32,8431.11
16182.3,11381.32,8426.79
15995.01,11381.32,8419.49
15790.86,11381.32,8419.49
15551.32,11381.32,8419.49
15326.13,11381.32,8419.49
15105.21,11381.32,8419.49
14851.86,11381.32,8419.49
14591.95,11381.32,8419.49
14330.14,11381.32,8419.49
14079.76,11381.32,8419.49
13884.01,11381.32,8419.49
13688.96,11381.32,8419.49
13482.4,11381.32,8419.49
13276.72,11381.32,8419.49
13057.619999999999,11381.32,8419.49
12849.63,11381.32,8419.49
12639.289999999999,11381.32,8419.49
12458.72,11381.32,8419.49
12304.73,11381.32,8419.49
12187.07,11381.32,8419.49
12081.02,11381.32,8419.49
11975.77,11381.32,8419.49
11900.57,11381.32,8419.49
11834.99,11381.32,8419.49
11815.78,11381.32,8419.49
11826.83,11381.32,8419.49
11838.16,11381.32,8466.31
11868.67,11381.32,8553.37
11885.03,11381.32,8640.15
11893.02,11381.32,8727.09
11906.61,11381.32,8813.53
11912.16,11381.32,8891.75
11918.07,11381.32,8974.35
11918.85,11381.32,9041.48
11900.98,11381.32,9093.12
11890.95,11381.32,9122.14
11897.29,11381.32,9156.38
11917.86,11381.32,9193.15
11936.07,11381.32,9233.11
11958.63,11381.32,9294.94
11962.26,11381.32,9341.6
11938.02,11381.32,9367.29
11884.32,11381.32,9367.29
11836.3,11381.32,9367.29
11834.31,11381.32,9367.29
11848.69,11381.32,9368.47
11849.94,11381.32,9369.72
11847.67,11381.32,9365.88
11836.95,11381.32,9334.68
11826.25,11381.32,9269.37
11836.89,11381.32,9229.7
11866.73,11381.32,9215.12
11876.42,11381.32,9216.97
11874.88,11381.32,9218.06
11880.97,11381.32,9237.92
11858.33,11381.32,9227.22
11789.81,11381.32,9194.03
11694.3,11381.32,9146.55
11575.17,11381.32,9096.07
11473.26,11381.32,9048.1
11406.83,11381.32,9026.35
11381.32,11381.32,9026.35
11424.55,11424.55,9026.35
11498.93,11498.93,9026.35
11611.72,11611.72,9026.35
11758.84,11758.84,9026.35
11889.51,11889.51,9026.35
12001.27,12001.27,9026.35
12100.87,12100.87,9026.35
12187.05,12187.05,9026.35
12251.33,12251.33,9026.35
12345.4,12345.4,9026.35
12446.710000000001,12446.71,9026.35
12566.25,12566.25,9026.35
12697.1,12697.1,9077.05
12813.64,12813.64,9147.45
12921.3,12921.3,9230.62
13043.35,13043.35,9319.34
13173.16,13173.16,9402.47
13297.33,13297.33,9485.64
13435.54,13435.54,9573.19
13601.95,13601.95,9649.62
13804.16,13804.16,9728.19
13995.38,13995.38,9779.33
14177.72,14177.72,9818.9
14323.81,14323.81,9850.94
14472.53,14472.53,9889.64
14635.8,14635.8,9934.89
14801.42,14714.21,9931.76
14997.81,14714.21,9923.46
15216.59,14714.21,9891.43
15433.94,14714.21,9839.6
15642.51,14714.21,9791.07
15869.67,14714.21,9743.55
16124.6,14714.21,9702.53
16397.26,14714.21,9643.97
16650.5,14714.21,9585.61
16924.72,14714.21,9531.59
17209.53,14714.21,9468.04
17512.34,14714.21,9418.72
17829.25,14714.21,9394.89
18140.420000000002,14714.21,9375.26
18467.9,14714.21,9370.65
18802.55,14714.21,9365.5
19157.29,14714.21,9386.56
19494.76,14714.21,9428.39
19808.22,14714.21,9453.55
20075.43,14714.21,9453.55
20310.11,14714.21,9453.55
20513.51,14714.21,9453.55
20659.77,14714.21,9453.55
20756.46,14714.21,9453.55
20797.1,14714.21,9453.55
20792.36,14714.21,9453.55
20781.91,14714.21,9453.55
20772.9,14714.21,9453.55
20778.63,14714.21,9453.55
20816.93,14714.21,9453.55
20886.76,14714.21,9444.65
20958.920000000002,14714.21,9419.39
21037.84,14508.41,9371.8
21129.51,14171.86,9318.56
21258.36,13771.41,9237.34
21408.33,13345.77,9152.36
21567.28,12917.81,9074.13
21709.31,12503.73,9002.34
21840.45,12111.18,8935.52
21994.85,11754.33,8873.37
22170.16,11452.81,8827.94
22323.55,11199.63,8789.32
22453.64,11019.31,8786.39
22573.83,10873.78,8786.39
22698.5,10742.74,8786.39
22861.0,10615.49,8771.62
23029.39,10504.28,8741.41
23191.91,10452.0,8705.56
23351.95,10452.0,8680.2
23490.65,10452.0,8665.06
23590.77,10452.0,8665.06
23658.43,10452.0,8665.06
23705.2,10452.0,8665.06
23744.39,10452.0,8665.06
23764.48,10452.0,8665.06
23771.78,10452.0,8665.06
23780.85,10452.0,8665.06
23776.91,10452.0,8658.79
23752.5,10452.0,8658.79
23732.1,10452.0,8620.5
23727.36,10452.0,8585.07
23731.99,10452.0,8558.72
23715.3,10452.0,8539.32
23681.21,10452.0,8537.61
23649.420000000002,10452.0,8537.61
23628.6,10452.0,8537.61
23609.78,10452.0,8537.61
23605.2,10452.0,8537.61
23610.35,10452.0,8537.61
23617.54,10452.0,8537.61
23635.09,10452.0,8537.61
23665.78,10452.0,8537.61
23713.91,10452.0,8537.61
23763.73,10452.0,8537.61
23808.51,10452.0,8537.61
23854.27,10452.0,8537.61
23912.09,10452.0,8537.61
23979.5,10452.0,8537.61
24056.44,10452.0,8537.61
24144.07,10452.0,8537.61
24245.18,10452.0,8537.61
24363.61,10452.0,8537.61
24493.8,10452.0,8537.61
24641.95,10452.0,8537.61
24803.56,10452.0,8537.61
24972.24,10452.0,8537.61
25138.06,10452.0,8537.61
25282.96,10452.0,8537.61
25395.73,10452.0,8537.61
25484.07,10452.0,8537.61
25555.28,10452.0,8537.61
25617.43,10452.0,8537.61
25670.75,10452.0,8537.61
25705.7,10452.0,8537.61
25736.7,10452.0,8534.12
25765.66,10452.0,8520.51
25790.8,10452.0,8502.37
25813.18,10452.0,8495.8
25841.02,10452.0,8495.8
25881.27,10452.0,8495.8
25924.19,10452.0,8495.8
25959.23,10452.0,8495.8
25991.78,10452.0,8495.8
26021.74,10452.0,8495.8
26069.51,10452.0,8495.8
26135.02,10452.0,8495.8
26200.04,10452.0,8495.8
26240.49,10452.0,8495.8
26276.93,10452.0,8495.8
26318.48,10452.0,8495.8
26383.920000000002,10452.0,8495.8
26452.86,10452.0,8495.8
26510.510000000002,10452.0,8495.8
26551.43,10452.0,8495.8
26577.36,10452.0,8495.8
26594.33,10452.0,8495.8
26605.29,10452.0,8495.8
26609.87,10452.0,8495.8
26607.22,10452.0,8495.8
26601.04,10452.0,8495.8
26588.99,10452.0,8495.8
26571.6,10452.0,8495.8
26556.68,10452.0,8495.8
26550.11,10452.0,8495.8
26539.97,10452.0,8495.8
26527.22,10452.0,8495.8
26515.42,10452.0,8495.8
26503.07,10452.0,8495.8
26471.83,10452.0,8495.8
26433.66,10452.0,8495.8
26380.02,10452.0,8495.8
26306.84,10452.0,8495.8
26214.32,10452.0,8492.41
26078.0,10452.0,8471.33
25918.59,10452.0,8434.06
25734.56,10452.0,8400.42
25582.4,10452.0,8374.36
25453.36,10452.0,8356.65
25343.71,10452.0,8330.53
25249.04,10452.0,8292.84
25198.78,10452.0,8255.25
25164.16,10452.0,8218.39
25142.3,10452.0,8181.27
25151.95,10452.0,8148.56
25173.23,10452.0,8113.17
25199.13,10452.0,8071.51
25220.13,10452.0,8037.45
25233.93,10452.0,8025.8
25245.02,10452.0,8020.78
25265.29,10452.0,8010.11
25290.45,10452.0,7979.56
25316.35,10452.0,7941.57
25309.08,10452.0,7909.21
25285.59,10452.0,7866.63
25285.75,10452.0,7802.3
25294.6,10452.0,7743.13
25299.46,10452.0,7694.94
25298.36,10452.0,7661.35
25285.19,10452.0,7649.04
25248.44,10452.0,7635.9
25190.39,10402.7,7616.95
25132.14,10283.44,7595.39
25078.08,10117.97,7569.55
25023.33,9926.11,7542.43
24959.09,9760.98,7525.1
24892.12,9644.03,7514.68
24827.59,9550.74,7514.68
24762.13,9482.22,7514.68
24687.87,9413.44,7514.68
24604.12,9356.78,7514.68
24514.29,9253.34,7514.68
24413.73,9147.07,7514.68
24319.99,9037.96,7514.68
24207.55,8967.43,7514.68
24077.74,8908.33,7514.68
23932.01,8860.46,7514.68
23769.23,8847.51,7514.68
23579.08,8847.51,7514.68
23366.64,8847.51,7514.68
23156.45,8847.51,7514.68
22928.81,8847.51,7514.68
22743.62,8847.51,7514.68
22558.32,8847.51,7514.68
22415.56,8847.51,7514.68
22263.23,8847.51,7514.68
22126.17,8847.51,7514.68
22001.57,8847.51,7514.68
21882.3,8847.51,7514.68
21719.97,8847.51,7514.68
21547.73,8847.51,7514.68
21379.74,8847.51,7514.68
21203.11,8847.51,7514.68
21033.27,8847.51,7514.68
20871.25,8847.51,7514.68
20727.0,8847.51,7514.68
20597.71,8847.51,7514.68
20467.75,8847.51,7514.68
20333.76,8847.51,7514.68
20188.78,8847.51,7514.68
20015.84,8847.51,7514.68
19843.87,8847.51,7514.68
19666.87,8847.51,7514.68
19448.57,8847.51,7514.68
19207.37,8847.51,7514.68
18915.55,8847.51,7514.68
18594.7,8847.51,7514.68
18269.86,8847.51,7514.68
17981.66,8847.51,7514.68
17745.97,8847.51,7514.68
17563.88,8847.51,7514.68
17425.3,8847.51,7514.68
17317.42,8847.51,7514.68
17236.27,8847.51,7514.68
17171.68,8847.51,7514.68
17088.01,8847.51,7514.68
16979.77,8847.51,7514.68
16870.03,8847.51,7514.68
16791.93,8847.51,7514.68
16729.52,8847.51,7514.68
16700.42,8847.51,7514.68
16672.09,8847.51,7514.68
16666.3,8847.51,7514.68
16677.65,8847.51,7514.68
16716.53,8847.51,7514.68
16802.4,8847.51,7514.68
16905.01,8847.51,7514.68
17040.64,8847.51,7514.68
17190.03,8847.51,7514.68
17384.63,8847.51,7514.68
17584.58,8847.51,7514.68
17827.31,8847.51,7514.68
18070.21,8847.51,7514.68
18297.75,8847.51,7514.68
18519.11,8847.51,7514.68
18720.36,8847.51,7514.68
18912.72,8847.51,7514.68
19117.23,8847.51,7514.68
19326.07,8847.51,7514.68
19526.22,8847.51,7514.68
19712.43,8847.51,7514.68
19896.81,8847.51,7514.68
20070.84,8847.51,7514.68
20232.02,8847.51,7514.68
20378.45,8847.51,7514.68
20523.57,8847.51,7514.68
20675.75,8847.51,7514.68
20841.53,8847.51,7514.68
21038.72,8847.51,7514.68
21263.99,8847.51,7514.68
21494.42,8847.51,7514.68
21731.19,8847.51,7514.68
21995.88,8847.51,7514.68
22298.96,8847.51,7514.68
22630.93,8847.51,7514.68
22970.46,8847.51,7514.68
23307.34,8847.51,7514.68
23625.46,8847.51,7514.68
23890.65,8847.51,7514.68
24114.37,8847.51,7514.68
24308.76,8847.51,7514.68
24481.61,8847.51,7514.68
24631.95,8847.51,7514.68
24787.28,8847.51,7514.68
24954.52,8847.51,7514.68
25125.18,8847.51,7514.68
25276.11,8847.51,7514.68
25416.31,8847.51,7514.68
25524.38,8847.51,7514.68
25620.76,8847.51,7514.68
25719.25,8847.51,7514.68
25810.64,8847.51,7514.68
25895.92,8847.51,7514.68
25967.33,8847.51,7514.68
26032.99,8847.51,7514.68
26099.329999999998,8847.51,7514.68
26163.49,8847.51,7514.68
26214.39,8847.51,7514.68
26258.42,8847.51,7514.68
26280.82,8847.51,7514.68
26291.829999999998,8847.51,7514.68
26296.2,8847.51,7514.68
26269.489999999998,8847.51,7514.68
26231.239999999998,8847.51,7514.68
26188.0,8847.51,7514.68
26135.92,8847.51,7514.68
26083.76,8847.51,7514.68
26021.79,8847.51,7514.68
25965.43,8847.51,7514.68
25903.82,8847.51,7514.68
25845.86,8847.51,7514.68
25791.87,8847.51,7514.68
25740.69,8847.51,7514.68
25697.53,8847.51,7514.68
25644.82,8847.51,7514.68
25584.92,8847.51,7514.68
25519.82,8847.51,7499.97
25441.329999999998,8847.51,7482.02
25355.35,8847.51,7462.59
25277.1,8847.51,7437.31
25169.77,8847.51,7413.63
25060.73,8847.51,7399.33
24942.88,8847.51,7391.03
24806.86,8847.51,7387.16
24646.45,8847.51,7387.16
24470.38,8847.51,7387.16
24286.21,8847.51,7387.16
24099.85,8847.51,7387.16
23928.26,8847.51,7387.16
23769.7,8847.51,7387.16
23620.13,8847.51,7387.16
23472.41,8847.51,7387.16
23319.4,8847.51,7387.16
23169.22,8847.51,7387.16
23026.52,8847.51,7387.16
22903.93,8847.51,7387.16
22792.46,8847.51,7387.16
22675.19,8847.51,7387.16
22540.86,8847.51,7387.16
22407.37,8847.51,7387.16
22241.12,8847.51,7387.16
22052.9,8847.51,7387.16
21870.79,8847.51,7387.16
21682.76,8847.51,7387.16
21505.26,8847.51,7387.16
21329.72,8847.51,7387.16
21161.37,8847.51,7387.16
21015.12,8847.51,7387.16
20882.56,8847.51,7387.16
20793.42,8847.51,7387.16
20753.55,8847.51,7387.16
20737.07,8847.51,7387.16
20712.71,8847.51,7387.16
20693.48,8847.51,7387.16
20680.03,8847.51,7387.16
20673.54,8847.51,7387.16
20669.35,8847.51,7387.16
20665.17,8847.51,7387.16
20662.72,8847.51,7387.16
20660.79,8847.51,7387.16
20666.35,8847.51,7387.16
20669.63,8847.51,7387.16
20679.22,8847.51,7387.16
20697.63,8847.51,7387.16
20723.27,8847.51,7387.16
20758.86,8847.51,7387.16
20811.14,8847.51,7387.16
20869.09,8847.51,7387.16
20950.94,8847.51,7387.16
21051.84,8847.51,7387.16
21165.63,8847.51,7387.16
21297.71,8847.51,7387.16
21444.26,8847.51,7387.16
21602.1,8847.51,7387.16
21781.88,8847.51,7387.16
21969.99,8847.51,7387.16
22150.49,8847.51,7387.16
22321.4,8847.51,7387.16
22492.33,8847.51,7387.16
22670.53,8847.51,7387.16
22862.46,8847.51,7387.16
23055.47,8847.51,7387.16
23239.54,8847.51,7387.16
23403.66,8847.51,7387.16
23554.760000000002,8847.51,7387.16
23713.29,8847.51,7387.16
23880.89,8847.51,7387.16
24052.09,8847.51,7387.16
24240.510000000002,8847.51,7387.16
24448.12,8847.51,7387.16
24651.170000000002,8847.51,7387.16
24847.61,8847.51,7372.09
25053.4,8847.51,7336.64
25253.29,8847.51,7310.79
25429.43,8847.51,7289.6
25556.28,8847.51,7267.23
25642.91,8847.51,7257.17
25652.02,8847.51,7257.17
25593.02,8847.51,7257.17
25510.15,8847.51,7257.17
25411.46,8847.51,7257.17
25301.84,8847.51,7257.17
25188.95,8847.51,7257.17
25047.5,8847.51,7257.17
24873.0,8847.51,7257.17
24682.91,8847.51,7257.17
24482.37,8847.51,7257.17
24271.57,8847.51,7257.17
24052.8,8847.51,7257.17
23823.71,8847.51,7257.17
23566.670000000002,8847.51,7257.17
23278.35,8847.51,7257.17
22971.57,8847.51,7257.17
22638.85,8847.51,7257.17
22302.19,8847.51,7242.86
21982.18,8847.51,7230.99
21656.88,8847.51,7199.66
21352.7,8847.51,7174.22
21080.45,8847.51,7154.54
20846.9,8847.51,7137.42
20653.14,8847.51,7123.22
20509.09,8847.51,7121.65
20396.09,8847.51,7121.65
20296.81,8847.51,7121.65
20207.81,8847.51,7121.65
20124.08,8847.51,7121.65
20047.079999999998,8847.51,7121.65
19980.18,8847.51,7121.65
19916.52,8847.51,7121.65
19865.48,8847.51,7121.65
19838.78,8847.51,7121.65
19817.41,8847.51,7121.65
19811.34,8847.51,7121.65
19807.9,8847.51,7121.65
19814.16,8847.51,7121.65
19826.66,8847.51,7121.65
19835.61,8847.51,7121.65
19825.36,8847.51,7121.65
19794.82,8847.51,7121.65
19766.01,8847.51,7119.25
19721.0,8847.51,7112.2
19662.91,8847.51,7110.28
19596.34,8847.51,7110.28
19550.62,8847.51,7110.28
19524.55,8847.51,7110.28
19515.29,8847.51,7110.28
19515.0,8847.51,7110.28
19501.78,8847.51,7110.28
19474.32,8847.51,7110.28
19412.56,8847.51,7110.28
19302.14,8847.51,7110.28
19194.06,8847.51,7110.28
19112.78,8847.51,7110.28
19054.85,8847.51,7110.28
19007.7,8847.51,7110.28
18973.18,8847.51,7110.28
18940.61,8847.51,7110.28
18903.7,8847.51,7110.28
18874.93,8847.51,7110.28
18853.5,8847.51,7110.28
18838.1,8847.51,7110.28
18828.579999999998,8847.51,7110.28
18778.6,8847.51,7110.28
18724.55,8847.51,7110.28
18675.71,8847.51,7110.28
18615.46,8847.51,7110.28
18527.03,8847.51,7110.28
18400.54,8847.51,7110.28
18238.67,8847.51,7110.28
18024.38,8847.51,7110.28
17752.95,8847.51,7110.28
17458.12,8847.51,7110.28
17148.14,8847.51,7110.28
16856.7,8847.51,7110.28
16581.02,8847.51,7110.28
16292.66,8847.51,7110.28
16006.41,8847.51,7110.28
15730.82,8847.51,7110.28
15495.12,8847.51,7110.28
15318.79,8847.51,7110.28
15172.71,8847.51,7110.28
15050.02,8847.51,7110.28
14928.16,8847.51,7110.28
14821.48,8847.51,7110.28
14748.07,8847.51,7110.28
14714.21,8847.51,7110.28
14741.64,8847.51,7110.28
14814.12,8847.51,7110.28
14904.45,8847.51,7110.28
15020.72,8847.51,7110.28
15157.57,8847.51,7110.28
15284.36,8847.51,7110.28
15381.76,8847.51,7110.28
15458.13,8847.51,7110.28
15506.49,8847.51,7110.28
15532.130000000001,8847.51,7110.28
15559.83,8847.51,7110.28
15603.99,8847.51,7110.28
15670.49,8847.51,7110.28
15725.6,8847.51,7110.28
15713.2,8847.51,7110.28
15637.26,8847.51,7110.28
15541.68,8847.51,7110.28
15426.22,8847.51,7110.28
15315.15,8847.51,7110.28
15236.76,8847.51,7110.28
15176.76,8847.51,7110.28
15133.45,8847.51,7110.28
15076.46,8847.51,7110.28
15047.130000000001,8847.51,7096.92
15047.72,8847.51,7087.23
15034.48,8847.51,7084.48
15029.58,8847.51,7084.48
15013.59,8847.51,7084.48
14991.33,8847.51,7084.48
14972.95,8847.51,7084.48
14955.86,8847.51,7084.48
14948.51,8847.51,7084.48
14996.74,8847.51,7084.48
15103.45,8847.51,7084.48
15244.67,8847.51,7084.48
15364.79,8847.51,7084.48
15457.33,8847.51,7084.48
15580.64,8847.51,7084.48
15712.33,8847.51,7084.48
15803.61,8847.51,7084.48
15817.4,8847.51,7084.48
15760.63,8847.51,7084.48
15653.18,8847.51,7084.48
15501.460000000001,8847.51,7084.48
15321.34,8847.51,7084.48
15086.78,8847.51,7084.48
14814.92,8847.51,7084.48
14508.41,8847.51,7084.48
14171.86,8847.51,7084.48
13771.41,8847.51,7084.48
13345.77,8847.51,7084.48
12917.81,8847.51,7084.48
12503.73,8847.51,7084.48
12111.18,8847.51,7084.48
11754.33,8847.51,7084.48
11452.81,8847.51,7084.48
11199.630000000001,8847.51,7084.48
11019.31,8847.51,7084.48
10873.78,8847.51,7084.48
10742.74,8847.51,7084.48
10615.49,8847.51,7084.48
10504.28,8847.51,7084.48
10452.0,8847.51,7084.48
10456.92,8847.51,7084.48
10483.06,8847.51,7084.48
10536.39,8847.51,7084.48
10615.17,8847.51,7084.48
10694.42,8847.51,7084.48
10781.92,8847.51,7084.48
10856.15,8847.51,7084.48
10951.95,8847.51,7084.48
11015.07,8847.51,7084.48
11067.24,8847.51,7086.21
11133.45,8847.51,7088.15
11146.17,8847.51,7078.97
11155.53,8847.51,7061.57
11171.61,8847.51,7049.89
11185.16,8847.51,7039.41
11209.2,8847.51,7033.42
11268.2,8847.51,7033.42
11356.72,8847.51,7033.42
11446.27,8847.51,7033.42
11540.47,8847.51,7033.42
11662.84,8847.51,7033.42
11800.92,8847.51,7033.42
11888.09,8847.51,7033.42
11978.89,8847.51,7033.42
12089.34,8847.51,7033.42
12206.74,8847.51,7033.42
12331.01,8847.51,7033.42
12460.37,8847.51,7033.42
12632.43,8847.51,7033.42
12846.7,8847.51,7033.42
13094.64,8847.51,7033.42
13337.87,8847.51,7033.42
13571.01,8847.51,7033.42
13780.32,8847.51,7033.42
14005.5,8847.51,7035.16
14232.6,8847.51,7041.38
14418.55,8847.51,7042.09
14546.73,8847.51,7030.64
14645.16,8847.51,7021.67
14712.15,8847.51,7013.53
14752.42,8847.51,7003.36
14819.26,8847.51,7003.36
14859.3,8847.51,7003.36
14891.13,8847.51,7003.36
14921.039999999999,8847.51,7003.36
14934.87,8847.51,7003.36
14943.15,8847.51,7003.36
14946.81,8847.51,7003.36
14938.19,8847.51,7003.36
14931.62,8847.51,7003.36
14933.36,8847.51,7003.36
14910.18,8847.51,7003.36
14888.31,8847.51,7003.36
14875.75,8847.51,7003.36
14916.97,8847.51,7003.36
14988.76,8847.51,7003.36
15094.19,8847.51,7003.36
15219.36,8847.51,7003.36
15353.9,8847.51,7003.36
15515.99,8847.51,7003.36
15651.85,8847.51,7003.36
15745.91,8847.51,7003.36
15817.11,8847.51,7003.36
15848.51,8847.51,7003.36
15823.11,8847.51,7003.36
15776.39,8847.51,7003.36
15716.67,8847.51,7003.36
15640.28,8847.51,7003.36
15513.69,8847.51,7003.36
15333.66,8847.51,7003.36
15165.55,8847.51,7003.36
14958.93,8847.51,7003.36
14749.17,8847.51,7003.36
14550.37,8847.51,7003.36
14385.09,8847.51,7003.36
14266.78,8847.51,7003.36
14159.09,8847.51,7003.36
14032.57,8847.51,7003.36
13921.36,8847.51,7003.36
13839.04,8847.51,7003.36
13785.75,8847.51,7003.36
13740.58,8847.51,7003.36
13647.29,8847.51,7003.36
13494.550000000001,8847.51,7003.36
13351.37,8847.51,7003.36
13240.03,8847.51,7003.36
13138.51,8847.51,7003.36
13067.42,8847.51,7003.36
13014.25,8847.51,7003.36
12933.51,8847.51,7003.36
12837.78,8847.51,7003.36
12731.41,8847.51,7003.36
12632.72,8847.51,7003.36
12565.4,8847.51,7003.36
12519.67,8847.51,7003.36
12489.05,8847.51,7003.36
12461.28,8847.51,7003.36
12414.72,8847.51,7003.36
12347.89,8847.51,7003.36
12291.32,8847.51,7003.36
12216.91,8847.51,7003.36
12119.01,8847.51,7003.36
11964.6,8847.51,7003.36
11774.7,8847.51,7003.36
11584.28,8847.51,7003.36
11390.41,8847.51,7003.36
11151.130000000001,8847.51,7003.36
10937.26,8847.51,7003.36
10760.83,8847.51,7003.36
10631.1,8847.51,7003.36
10540.48,8847.51,7003.36
10471.12,8847.51,7003.36
10402.7,8847.51,7003.36
10283.44,8847.51,7003.36
10117.97,8847.51,7003.36
9926.11,8847.51,7003.36
9760.98,8847.51,7003.36
9644.03,8847.51,7003.36
9550.74,8847.51,7001.26
9482.22,8847.51,6995.57
9413.44,8847.51,6995.57
9356.78,8847.51,6995.57
9253.34,8847.51,6995.57
9147.07,8847.51,6995.57
9037.96,8847.51,6995.57
8967.43,8847.51,6995.57
8908.33,8847.51,6995.57
8860.46,8847.51,6993.23
8847.51,8847.51,6993.23
8892.45,8892.45,6990.6
9008.13,9008.13,6983.27
9210.85,9210.85,6983.27
9455.539999999999,9455.54,6983.27
9702.13,9504.16,6983.27
9863.82,9504.16,6983.27
9969.49,9504.16,6983.27
10083.84,9504.16,6983.27
10190.64,9504.16,6983.27
10300.539999999999,9504.16,6983.27
10406.65,9504.16,6983.27
10492.0,9504.16,6983.27
10575.61,9504.16,6983.27
10640.15,9504.16,6983.77
10697.59,9504.16,6983.77
10748.11,9504.16,6984.47
10798.5,9504.16,6992.8
10860.77,9504.16,6994.13
10908.94,9373.73,6994.13
10961.28,9234.28,6994.13
11015.08,9109.33,6994.13
11079.35,9013.43,6996.04
11136.99,8958.34,7005.71
11184.61,8927.88,7010.21
11270.46,8927.88,7026.28
11338.79,8927.88,7064.48
11401.42,8927.88,7098.58
11452.32,8927.88,7122.39
11487.49,8927.88,7133.16
11504.47,8927.88,7133.16
11545.97,8927.88,7133.16
11609.48,8927.88,7133.16
11731.9,8927.88,7136.01
11881.7,8927.88,7143.71
12072.72,8927.88,7154.0
12266.19,8927.88,7155.79
12451.8,8927.88,7155.79
12618.65,8927.88,7155.79
12772.99,8927.88,7155.79
12926.27,8927.88,7155.79
13074.56,8927.88,7155.79
13235.74,8927.88,7155.79
13377.45,8927.88,7155.79
13508.58,8927.88,7155.79
13596.47,8927.88,7155.79
13664.92,8927.88,7155.79
13713.57,8927.88,7155.79
13684.52,8927.88,7155.79
13585.69,8927.88,7155.79
13472.45,8927.88,7155.79
13302.6,8927.88,7155.79
13109.19,8927.88,7155.79
12941.3,8927.88,7155.79
12886.05,8927.88,7155.79
12922.73,8927.88,7155.79
12989.08,8927.88,7155.79
13100.17,8927.88,7155.79
13258.52,8927.88,7155.79
13432.35,8927.88,7155.79
13631.05,8927.88,7155.79
13816.22,8927.88,7155.79
14006.91,8927.88,7155.79
14175.93,8927.88,7155.79
14351.26,8927.88,7155.79
14541.08,8927.88,7155.79
14730.380000000001,8927.88,7155.79
14933.11,8927.88,7155.79
15131.15,8927.88,7155.79
15320.05,8927.88,7155.79
15512.06,8927.88,7155.79
15705.49,8927.88,7155.79
15892.23,8927.88,7155.79
16037.48,8927.88,7155.79
16183.36,8927.88,7155.79
16305.23,8927.88,7155.79
16422.96,8927.88,7155.79
16526.65,8927.88,7155.79
16636.3,8927.88,7155.79
16712.3,8927.88,7155.79
16789.33,8927.88,7155.79
16846.13,8927.88,7155.79
16899.38,8927.88,7155.79
16925.260000000002,8927.88,7155.79
16941.53,8927.88,7155.79
16966.52,8927.88,7155.79
16960.25,8927.88,7155.79
16936.05,8927.88,7155.79
16916.47,8927.88,7155.79
16898.97,8927.88,7155.79
16927.63,8927.88,7155.79
16954.73,8927.88,7155.79
16994.06,8927.88,7155.79
17048.72,8927.88,7155.79
17116.36,8927.88,7155.79
17204.7,8927.88,7155.79
17351.16,8927.88,7155.79
17529.69,8927.88,7155.79
17706.41,8927.88,7155.79
17915.09,8927.88,7155.79
18154.18,8927.88,7155.79
18399.46,8927.88,7155.79
18617.97,8927.88,7155.79
18769.48,8927.88,7155.79
18852.11,8927.88,7155.79
18874.87,8927.88,7155.79
18830.72,8927.88,7155.79
18759.19,8927.88,7155.79
18669.9,8927.88,7155.79
18570.97,8927.88,7155.79
18432.91,8927.88,7155.79
18266.47,8927.88,7155.79
18093.27,8927.88,7155.79
17903.58,8927.88,7155.79
17690.35,8927.88,7155.79
17462.55,8927.88,7155.79
17242.03,8927.88,7155.79
17027.42,8927.88,7155.79
16797.77,8927.88,7155.79
16559.66,8927.88,7155.79
16329.56,8927.88,7155.79
16112.67,8927.88,7155.79
15928.55,8927.88,7155.79
15769.18,8927.88,7155.79
15622.97,8927.88,7155.79
15497.72,8927.88,7155.79
15367.22,8927.88,7155.79
15257.83,8927.88,7155.79
15150.73,8927.88,7155.79
15000.31,8927.88,7155.79
14816.84,8927.88,7155.79
14633.49,8927.88,7155.79
14454.99,8927.88,7155.79
14266.49,8927.88,7155.79
14121.32,8927.88,7155.79
14001.23,8927.88,7155.79
13877.56,8927.88,7155.79
13756.55,8927.88,7155.79
13630.05,8927.88,7155.79
13544.289999999999,8927.88,7155.79
13439.51,8927.88,7155.79
13347.13,8927.88,7155.79
13237.99,8927.88,7155.79
13110.25,8927.88,7155.79
12961.76,8927.88,7155.79
12820.28,8927.88,7155.79
12699.59,8927.88,7155.79
12631.63,8927.88,7155.79
12577.97,8927.88,7155.79
12497.66,8927.88,7155.79
12391.3,8927.88,7155.79
12344.23,8927.88,7155.79
12347.72,8927.88,7155.79
12432.39,8927.88,7155.79
12548.52,8927.88,7155.79
12691.03,8927.88,7155.79
12832.63,8927.88,7155.79
12956.55,8927.88,7155.79
13059.02,8927.88,7155.79
13181.49,8927.88,7155.79
13310.07,8927.88,7155.79
13468.710000000001,8927.88,7155.79
13639.93,8927.88,7155.79
13833.87,8927.88,7155.79
14018.44,8927.88,7155.79
14227.31,8927.88,7155.79
14473.35,8927.88,7155.79
14746.6,8927.88,7156.84
15023.0,8927.88,7161.55
15288.460000000001,8927.88,7168.01
15535.79,8927.88,7180.81
15737.48,8927.88,7194.51
15865.82,8927.88,7200.21
15964.62,8927.88,7201.73
16026.76,8927.88,7201.73
16039.67,8927.88,7201.73
16029.37,8927.88,7201.73
16060.91,8927.88,7201.73
16129.15,8927.88,7201.73
16204.68,8927.88,7201.73
16291.93,8927.88,7201.73
16369.65,8927.88,7201.73
16424.1,8927.88,7201.73
16489.5,8927.88,7201.73
16572.4,8927.88,7201.73
16695.14,8927.88,7201.73
16817.64,8927.88,7201.73
16916.76,8927.88,7201.73
17024.73,8927.88,7201.73
17096.72,8927.88,7201.73
17145.09,8927.88,7201.73
17149.9,8927.88,7201.73
17105.87,8927.88,7201.73
16962.65,8927.88,7201.73
16769.8,8927.88,7201.73
16502.13,8927.88,7201.73
16208.8,8927.88,7201.73
15932.98,8927.88,7201.73
15697.78,8927.88,7201.73
15443.44,8927.88,7201.73
15236.02,8927.88,7201.73
15012.61,8927.88,7201.73
14841.66,8927.88,7201.73
14726.56,8927.88,7201.73
14636.07,8927.88,7201.73
14592.28,8927.88,7201.73
14619.08,8927.88,7201.73
14676.12,8927.88,7201.73
14723.58,8927.88,7201.73
14729.45,8927.88,7201.73
14699.9,8927.88,7201.73
14629.45,8927.88,7201.73
14532.89,8927.88,7201.73
14394.23,8927.88,7201.73
14212.42,8927.88,7201.73
13984.74,8927.88,7201.73
13734.07,8927.88,7201.73
13464.37,8927.88,7201.73
13221.08,8927.88,7201.73
13004.75,8927.88,7191.51
12859.1,8927.88,7184.42
12743.89,8927.88,7175.45
12661.87,8927.88,7172.51
12620.87,8927.88,7172.51
12598.27,8927.88,7172.51
12568.77,8927.88,7172.51
12524.2,8927.88,7172.51
12452.38,8927.88,7172.51
12365.02,8927.88,7172.51
12283.94,8927.88,7172.51
12227.45,8927.88,7172.51
12178.6,8927.88,7172.51
12111.2,8927.88,7172.51
11983.119999999999,8927.88,7172.51
11819.15,8927.88,7172.51
11634.66,8927.88,7172.51
11442.85,8927.88,7172.51
11253.52,8927.88,7172.51
11078.81,8927.88,7172.51
10926.02,8927.88,7172.51
10820.27,8927.88,7172.51
10800.84,8927.88,7172.51
10806.08,8927.88,7162.64
10826.76,8927.88,7168.94
10843.22,8927.88,7175.44
10863.68,8927.88,7179.28
10895.1,8927.88,7195.07
10961.53,8927.88,7199.91
10987.27,8927.88,7199.91
10999.09,8927.88,7199.91
10977.58,8927.88,7199.91
10938.13,8927.88,7199.91
10886.28,8927.88,7199.91
10787.71,8927.88,7199.91
10684.03,8927.88,7199.91
10580.05,8927.88,7199.91
10490.63,8927.88,7199.91
10448.01,8927.88,7199.91
10475.33,8927.88,7199.91
10576.27,8927.88,7199.91
10745.49,8927.88,7199.91
10941.58,8927.88,7199.91
11119.73,8927.88,7199.91
11247.92,8927.88,7199.91
11319.56,8927.88,7199.91
11378.710000000001,8927.88,7210.94
11458.29,8927.88,7219.98
11540.66,8927.88,7249.13
11564.29,8927.88,7272.99
11597.89,8927.88,7291.18
11666.04,8927.88,7309.8
11786.4,8927.88,7326.35
11950.460000000001,8927.88,7330.48
12074.44,8927.88,7330.48
12228.14,8927.88,7330.48
12297.01,8927.88,7330.48
12324.33,8927.88,7330.48
12346.66,8927.88,7330.48
12365.26,8927.88,7330.48
12361.28,8927.88,7330.48
12349.42,8927.88,7330.48
12345.99,8927.88,7330.48
12379.54,8927.88,7330.48
12452.64,8927.88,7330.48
12505.83,8927.88,7330.48
12548.5,8927.88,7330.48
12582.49,8927.88,7330.48
12675.86,8927.88,7330.48
12748.89,8927.88,7330.48
12811.17,8927.88,7330.48
12890.32,8927.88,7331.41
12989.24,8927.88,7333.46
13084.8,8927.88,7332.56
13175.52,8927.88,7329.48
13228.39,8927.88,7329.17
13217.38,8927.88,7329.17
13154.02,8927.88,7329.17
13066.210000000001,8927.88,7329.17
12978.98,8927.88,7329.17
12885.76,8927.88,7329.17
12815.4,8927.88,7329.17
12810.25,8927.88,7329.17
12821.79,8927.88,7329.17
12843.97,8927.88,7329.17
12870.42,8927.88,7329.17
12868.38,8927.88,7329.17
12837.72,8927.88,7329.17
12708.1,8927.88,7329.17
12508.2,8927.88,7329.17
12275.4,8927.88,7329.17
12041.27,8927.88,7329.17
11878.69,8927.88,7329.17
11770.67,8927.88,7329.17
11707.8,8927.88,7329.17
11631.58,8927.88,7329.17
11577.55,8927.88,7329.17
11581.87,8927.88,7330.18
11573.94,8927.88,7330.18
11535.44,8927.88,7330.18
11443.75,8927.88,7330.18
11295.46,8927.88,7330.18
11150.22,8927.88,7330.18
10965.74,8927.88,7330.18
10886.12,8927.88,7330.18
10835.3,8927.88,7330.18
10815.25,8927.88,7330.18
10812.71,8927.88,7330.18
10805.72,8927.88,7330.18
10814.28,8927.88,7330.18
10844.58,8927.88,7330.18
10857.2,8927.88,7330.18
10843.84,8927.88,7330.18
10857.39,8927.88,7330.18
10881.19,8927.88,7330.18
10907.3,8927.88,7330.18
10890.95,8927.88,7330.18
10893.12,8927.88,7330.18
10890.32,8927.88,7330.18
10872.38,8927.88,7330.18
10841.84,8927.88,7330.18
10807.38,8927.88,7330.18
10779.72,8927.88,7330.18
10792.75,8927.88,7330.18
10821.23,8927.88,7330.18
10866.21,8927.88,7330.18
10900.09,8927.88,7330.18
10906.78,8927.88,7330.18
10901.99,8927.88,7330.18
10882.98,8927.88,7330.18
10838.35,8927.88,7330.18
10794.5,8927.88,7330.18
10759.33,8927.88,7330.18
10748.61,8927.88,7330.18
10780.82,8927.88,7330.18
10841.43,8927.88,7330.18
10979.95,8927.88,7330.18
11141.48,8927.88,7330.18
11281.88,8927.88,7330.18
11433.039999999999,8927.88,7330.18
11560.48,8927.88,7330.18
11684.51,8927.88,7347.98
11755.23,8927.88,7364.75
11768.78,8927.88,7373.16
11757.09,8927.88,7376.29
11731.82,8927.88,7376.29
11708.48,8927.88,7376.29
11681.69,8927.88,7376.29
11657.64,8927.88,7376.29
11647.22,8927.88,7376.29
11679.73,8927.88,7376.29
11753.42,8927.88,7377.51
11817.89,8927.88,7377.51
11876.34,8927.88,7377.51
11902.789999999999,8927.88,7377.51
11899.54,8927.88,7377.51
11902.48,8927.88,7377.51
11898.13,8927.88,7377.51
11881.24,8927.88,7377.51
11877.44,8927.88,7377.51
11870.2,8927.88,7377.51
11879.26,8927.88,7377.51
11907.63,8927.88,7377.51
11937.45,8927.88,7377.51
11948.83,8927.88,7377.51
11943.85,8927.88,7377.51
11930.64,8927.88,7377.51
11914.67,8927.88,7377.51
11874.08,8927.88,7377.51
11811.08,8927.88,7377.51
11728.5,8927.88,7377.51
11635.23,8927.88,7377.51
11543.19,8927.88,7377.51
11451.06,8927.88,7377.51
11391.48,8927.88,7377.51
11345.59,8927.88,7377.51
11269.13,8927.88,7377.51
11172.19,8927.88,7377.51
11081.25,8927.88,7377.51
10986.66,8927.88,7377.51
10872.33,8927.88,7377.51
10720.68,8927.88,7377.51
10531.84,8927.88,7377.51
10332.66,8927.88,7377.51
10107.57,8927.88,7377.51
9895.07,8927.88,7377.51
9742.36,8927.88,7377.51
9631.13,8927.88,7377.51
9560.92,8927.88,7377.51
9509.98,8927.88,7377.51
9504.16,8927.88,7377.51
9529.65,8927.88,7377.51
9582.22,8927.88,7392.54
9645.84,8927.88,7417.5
9704.31,8927.88,7437.56
9738.37,8927.88,7457.19
9762.75,8927.88,7473.02
9833.38,8927.88,7476.54
9898.1,8927.88,7476.54
9941.18,8927.88,7476.54
9966.29,8927.88,7476.54
9988.32,8927.88,7476.54
10026.54,8927.88,7476.54
10058.12,8927.88,7476.54
10070.67,8927.88,7476.54
10065.07,8927.88,7476.54
10042.49,8927.88,7476.54
9994.43,8927.88,7476.54
9939.79,8927.88,7476.54
9866.41,8927.88,7476.54
9787.82,8927.88,7476.54
9719.25,8927.88,7476.54
9690.18,8927.88,7476.54
9692.08,8927.88,7476.54
9697.86,8927.88,7476.54
9703.08,8927.88,7476.54
9718.43,8927.88,7476.54
9785.48,8927.88,7489.37
9906.79,8927.88,7511.46
10054.62,8927.88,7531.65
10263.43,8927.88,7553.09
10494.09,8927.88,7577.11
10738.68,8927.88,7577.11
10994.09,8927.88,7577.11
11260.64,8927.88,7577.11
11531.48,8927.88,7584.52
11771.15,8927.88,7588.82
11967.84,8927.88,7588.82
12149.93,8927.88,7593.89
12317.15,8927.88,7607.76
12456.0,8927.88,7619.43
12564.1,8927.88,7619.43
12679.6,8927.88,7619.43
12783.78,8927.88,7619.43
12854.3,8927.88,7619.43
12893.24,8927.88,7619.43
12900.82,8927.88,7619.43
12893.65,8927.88,7619.43
12863.97,8927.88,7619.43
12835.24,8927.88,7619.43
12789.31,8927.88,7619.43
12740.68,8927.88,7619.43
12699.92,8927.88,7619.43
12686.56,8927.88,7619.43
12677.89,8927.88,7619.43
12605.84,8927.88,7619.43
12504.66,8927.88,7619.43
12387.78,8927.88,7619.43
12283.67,8927.88,7619.43
12202.45,8927.88,7619.43
12113.65,8927.88,7619.43
12031.47,8927.88,7619.43
11970.66,8927.88,7619.43
11937.77,8927.88,7619.43
11910.88,8927.88,7619.43
11872.16,8927.88,7619.43
11827.27,8927.88,7619.43
11770.52,8927.88,7619.43
11705.04,8927.88,7619.43
11624.89,8927.88,7619.43
11528.68,8927.88,7619.43
11439.63,8927.88,7619.43
11371.12,8927.88,7619.43
11310.68,8927.88,7603.39
11301.75,8927.88,7562.15
11309.38,8927.88,7519.97
11289.93,8927.88,7490.22
11259.0,8927.88,7464.2
11162.26,8927.88,7439.08
11067.09,8927.88,7418.24
10935.25,8927.88,7418.24
10776.36,8927.88,7410.16
10598.16,8927.88,7390.01
10414.460000000001,8927.88,7362.22
10252.33,8927.88,7338.64
10107.7,8927.88,7338.61
9949.4,8927.88,7338.61
9796.88,8927.88,7338.61
9660.97,8927.88,7338.61
9528.39,8927.88,7338.61
9373.73,8927.88,7338.61
9234.28,8927.88,7338.61
9109.33,8927.88,7338.61
9013.43,8927.88,7338.61
8958.34,8927.88,7338.61
8927.88,8927.88,7338.61
8939.36,8939.36,7338.61
8978.82,8978.82,7339.39
9046.03,9046.03,7350.47
9141.15,9141.15,7362.15
9278.51,9278.51,7365.9
9467.25,9467.25,7366.04
9697.94,9514.79,7367.52
9982.02,9470.11,7372.88
10306.42,9451.38,7380.31
10632.75,9443.04,7386.86
10950.1,9437.91,7396.0
11264.57,9437.91,7402.09
11575.54,9437.91,7411.75
11897.35,9437.91,7429.17
12214.0,9437.91,7450.62
12492.34,9437.91,7466.19
12764.92,9437.91,7482.2
13037.47,9437.91,7498.32
13346.52,9437.91,7501.51
13662.57,9437.91,7501.51
13976.07,9437.91,7501.51
14297.33,9437.91,7518.57
14619.71,9437.91,7539.06
14931.49,9437.91,7551.1
15258.02,9437.91,7574.61
15648.12,9437.91,7604.11
15999.78,9437.91,7604.11
16318.74,9437.91,7604.11
16631.82,9437.91,7604.11
16921.25,9437.91,7604.11
17208.03,9437.91,7604.11
17471.92,9437.91,7604.11
17730.85,9437.91,7604.11
17991.25,9437.91,7604.11
18271.6,9437.91,7604.11
18562.96,9437.91,7604.11
18844.06,9437.91,7604.11
19126.36,9437.91,7604.11
19428.52,9437.91,7604.11
19734.62,9437.91,7608.97
20053.62,9437.91,7623.64
20384.71,9437.91,7635.09
20728.66,9437.91,7646.91
21045.79,9437.91,7646.91
21316.7,9437.91,7657.4
21523.85,9437.91,7665.75
21683.48,9437.91,7666.2
21818.81,9437.91,7666.62
21919.91,9437.91,7666.62
21992.76,9437.91,7666.62
22010.36,9437.91,7666.62
21994.7,9437.91,7663.77
21992.97,9437.91,7663.77
21992.96,9437.91,7663.77
21977.41,9437.91,7663.77
21932.24,9437.91,7663.77
21834.09,9437.91,7663.77
21734.31,9437.91,7663.77
21666.78,9437.91,7663.77
21615.94,9437.91,7663.77
21576.57,9437.91,7663.77
21516.46,9437.91,7663.77
21449.16,9437.91,7663.77
21409.19,9437.91,7663.77
21373.69,9437.91,7663.77
21310.85,9437.91,7663.77
21194.03,9437.91,7663.77
21050.86,9437.91,7663.77
20904.36,9437.91,7663.77
20741.08,9437.91,7663.77
20598.29,9437.91,7663.77
20442.75,9437.91,7663.77
20293.03,9437.91,7663.77
20117.96,9437.91,7663.77
19942.21,9437.91,7663.77
19776.83,9437.91,7663.77
19615.81,9437.91,7663.77
19491.81,9437.91,7663.77
19415.08,9437.91,7663.77
19373.37,9437.91,7663.77
19366.45,9437.91,7663.77
19382.39,9437.91,7663.77
19399.5,9437.91,7663.77
19407.42,9437.91,7663.77
19429.55,9437.91,7663.77
19447.02,9437.91,7663.77
19452.420000000002,9437.91,7663.77
19440.25,9437.91,7663.77
19411.13,9437.91,7663.77
19373.18,9437.91,7663.77
19302.48,9437.91,7663.77
19267.19,9437.91,7663.77
19295.04,9437.91,7663.77
19380.69,9437.91,7663.77
19501.15,9437.91,7663.77
19594.51,9437.91,7663.77
19713.56,9437.91,7663.77
19871.89,9437.91,7663.77
20066.98,9437.91,7663.77
20270.37,9437.91,7663.77
20420.02,9437.91,7663.77
20526.34,9437.91,7663.77
20632.7,9437.91,7663.77
20750.99,9437.91,7663.77
20903.2,9437.91,7663.77
21073.72,9437.91,7663.77
21234.03,9437.91,7663.77
21382.39,9437.91,7663.77
21530.1,9437.91,7663.77
21689.47,9437.91,7663.77
21860.55,9437.91,7663.77
22033.73,9437.91,7663.77
22198.43,9437.91,7663.77
22407.41,9437.91,7663.77
22626.01,9437.91,7663.77
22850.53,9437.91,7663.77
23076.24,9437.91,7663.77
23324.95,9437.91,7663.77
23536.56,9437.91,7663.77
23764.51,9437.91,7663.77
23968.02,9437.91,7663.77
24134.15,9437.91,7663.77
24293.53,9437.91,7663.77
24423.77,9437.91,7663.77
24545.36,9437.91,7663.77
24638.14,9437.91,7663.77
24689.52,9437.91,7663.77
24697.55,9437.91,7663.77
24668.32,9437.91,7663.77
24617.64,9437.91,7663.77
24589.49,9437.91,7663.77
24591.61,9437.91,7663.77
24589.13,9437.91,7663.77
24605.06,9437.91,7663.77
24644.61,9437.91,7663.77
24718.24,9437.91,7663.77
24801.88,9437.91,7663.77
24881.51,9437.91,7663.77
24992.29,9437.91,7663.77
25081.45,9437.91,7663.77
25151.93,9437.91,7663.77
25217.2,9437.91,7663.77
25292.12,9437.91,7663.77
25418.06,9437.91,7663.77
25536.37,9437.91,7663.77
25636.85,9437.91,7663.77
25724.18,9437.91,7663.77
25789.48,9437.91,7663.77
25832.09,9437.91,7663.77
25843.21,9437.91,7663.77
25820.65,9437.91,7663.77
25757.35,9437.91,7663.77
25667.34,9437.91,7663.77
25585.1,9437.91,7663.77
25532.34,9437.91,7663.77
25475.95,9437.91,7663.77
25395.5,9437.91,7663.77
25317.74,9437.91,7663.77
25254.83,9437.91,7663.77
25190.66,9437.91,7663.77
25124.47,9437.91,7663.77
25022.65,9437.91,7663.77
24906.55,9437.91,7663.77
24800.9,9437.91,7663.77
24705.23,9437.91,7663.77
24619.61,9437.91,7663.77
24540.22,9437.91,7663.77
24440.07,9437.91,7663.77
24293.32,9437.91,7663.77
24127.73,9437.91,7663.77
23943.41,9437.91,7663.77
23698.03,9437.91,7663.77
23428.62,9437.91,7663.77
23148.77,9437.91,7663.77
22870.99,9437.91,7663.77
22618.55,9437.91,7663.77
22382.3,9437.91,7663.77
22158.39,9437.91,7663.77
21903.38,9437.91,7663.77
21592.59,9437.91,7663.77
21272.67,9437.91,7663.77
20973.16,9437.91,7663.77
20665.28,9437.91,7663.77
20351.5,9437.91,7663.77
20044.78,9437.91,7663.77
19747.16,9437.91,7663.77
19452.39,9437.91,7663.77
19174.7,9437.91,7663.77
18917.14,9437.91,7663.77
18647.73,9437.91,7663.77
18357.32,9437.91,7663.77
18038.85,9437.91,7663.77
17695.15,9437.91,7663.77
17320.28,9437.91,7663.77
16948.69,9437.91,7663.77
16598.79,9437.91,7663.77
16259.01,9437.91,7663.77
15943.14,9437.91,7663.77
15645.7,9437.91,7663.77
15386.77,9437.91,7663.77
15137.02,9437.91,7663.77
14892.8,9437.91,7663.77
14610.62,9437.91,7663.77
14310.87,9437.91,7663.77
14038.07,9437.91,7663.77
13772.7,9437.91,7663.77
13496.21,9437.91,7663.77
13218.25,9437.91,7663.77
12946.9,9437.91,7663.77
12695.72,9437.91,7663.77
12478.44,9437.91,7663.77
12301.289999999999,9437.91,7663.77
12145.76,9437.91,7663.77
11962.81,9437.91,7663.77
11753.92,9437.91,7663.77
11505.66,9437.91,7663.77
11291.44,9437.91,7663.77
11070.74,9437.91,7663.77
10871.18,9437.91,7663.77
10750.0,9437.91,7663.77
10646.8,9437.91,7663.77
10563.28,9437.91,7663.77
10499.75,9437.91,7663.77
10446.95,9437.91,7663.77
10452.98,9437.91,7663.77
10502.16,9437.91,7663.77
10616.23,9437.91,7663.77
10804.78,9437.91,7663.77
11011.4,9437.91,7663.77
11202.3,9437.91,7663.77
11418.6,9437.91,7663.77
11641.59,9437.91,7663.77
11869.89,9437.91,7663.77
12107.22,9437.91,7663.77
12346.78,9437.91,7663.77
12594.66,9437.91,7663.77
12843.24,9437.91,7663.77
13121.28,9437.91,7663.77
13430.9,9437.91,7663.77
13760.13,9437.91,7663.77
14102.11,9437.91,7663.77
14453.87,9437.91,7682.71
14813.76,9437.91,7713.04
15168.69,9437.91,7741.04
15520.36,9437.91,7771.38
15856.72,9437.91,7796.96
16155.15,9437.91,7814.92
16372.82,9437.91,7814.92
16560.11,9437.91,7814.92
16699.38,9437.91,7814.92
16811.95,9437.91,7814.92
16908.05,9437.91,7814.92
16937.61,9437.91,7814.92
16921.65,9437.91,7814.92
16891.17,9437.91,7814.92
16870.12,9437.91,7814.92
16850.6,9437.91,7814.92
16828.52,9437.91,7814.92
16797.98,9437.91,7814.92
16735.85,9437.91,7814.92
16649.3,9437.91,7814.92
16570.24,9437.91,7814.92
16513.76,9437.91,7814.92
16486.51,9437.91,7814.92
16484.91,9437.91,7829.59
16500.95,9437.91,7875.99
16517.38,9437.91,7927.6
16526.44,9437.91,7970.37
16537.39,9437.91,8013.55
16540.25,9437.91,8046.06
16542.05,9437.91,8058.74
16599.09,9437.91,8058.74
16634.22,9437.91,8058.74
16650.02,9437.91,8058.74
16644.26,9437.91,8058.74
16637.68,9437.91,8058.74
16640.74,9437.91,8058.74
16632.8,9437.91,8058.74
16603.5,9437.91,8058.74
16568.54,9437.91,8058.74
16531.0,9437.91,8058.74
16498.15,9437.91,8058.74
16469.68,9437.91,8058.74
16443.04,9437.91,8058.74
16412.9,9437.91,8058.74
16369.75,9437.91,8058.74
16302.47,9437.91,8058.74
16233.86,9437.91,8058.74
16151.77,9437.91,8058.74
16054.84,9437.91,8058.74
15970.81,9437.91,8058.74
15887.18,9437.91,8058.74
15814.35,9437.91,8058.74
15748.32,9437.91,8058.74
15759.06,9437.91,8058.74
15857.8,9437.91,8058.74
15976.56,9437.91,8058.74
16088.75,9437.91,8058.74
16210.1,9437.91,8058.74
16327.1,9437.91,8058.74
16469.05,9437.91,8058.74
16621.56,9437.91,8058.74
16741.74,9437.91,8058.74
16811.3,9437.91,8058.74
16873.24,9437.91,8058.74
16957.48,9437.91,8058.74
17023.21,9437.91,8058.74
17060.7,9437.91,8058.74
17084.76,9437.91,8058.74
17106.68,9437.91,8058.74
17096.27,9437.91,8058.74
17107.8,9437.91,8081.44
17126.79,9437.91,8106.05
17147.6,9437.91,8142.66
17171.08,9437.91,8184.19
17210.14,9437.91,8224.95
17242.45,9437.91,8262.26
17276.68,9437.91,8297.42
17300.51,9437.91,8313.41
17235.07,9437.91,8313.41
17127.41,9437.91,8313.41
17013.48,9437.91,8313.41
16842.15,9437.91,8313.41
16634.34,9437.91,8313.41
16426.38,9437.91,8313.41
16222.44,9437.91,8313.41
16028.34,9437.91,8313.41
15828.55,9437.91,8313.41
15616.77,9437.91,8313.41
15419.9,9437.91,8313.41
15252.88,9437.91,8313.41
15072.7,9437.91,8313.41
14923.96,9437.91,8313.41
14784.67,9437.91,8313.41
14639.59,9437.91,8313.41
14492.95,9437.91,8313.41
14373.69,9437.91,8313.41
14270.44,9437.91,8313.41
14132.539999999999,9437.91,8313.41
13985.02,9437.91,8313.41
13846.11,9437.91,8313.41
13706.63,9437.91,8313.41
13512.12,9437.91,8313.41
13318.41,9437.91,8313.41
13154.98,9437.91,8313.41
13045.27,9437.91,8313.41
12980.49,9437.91,8313.41
12969.57,9437.91,8313.41
12996.38,9437.91,8313.41
13059.4,9437.91,8313.41
13193.72,9437.91,8313.41
13384.06,9437.91,8313.41
13603.85,9437.91,8313.41
13806.13,9437.91,8313.41
14029.39,9437.91,8313.41
14281.99,9437.91,8313.41
14533.199999999999,9437.91,8313.41
14785.88,9437.91,8313.41
15045.5,9437.91,8322.73
15261.57,9437.91,8339.26
15431.77,9437.91,8354.89
15563.23,9437.91,8380.44
15662.72,9437.91,8392.31
15699.11,9437.91,8371.63
15730.84,9437.91,8372.78
15773.17,9437.91,8364.24
15800.46,9437.91,8326.96
15856.17,9437.91,8277.0
15930.57,9437.91,8256.99
16014.19,9437.91,8256.99
16150.48,9437.91,8256.99
16301.08,9437.91,8256.99
16412.72,9437.91,8256.99
16527.81,9437.91,8256.99
16641.69,9437.91,8256.99
16748.17,9437.91,8256.99
16868.53,9437.91,8256.99
16961.0,9437.91,8256.99
17060.32,9437.91,8256.99
17206.68,9437.91,8256.99
17360.36,9437.91,8256.99
17524.86,9437.91,8256.99
17713.09,9437.91,8256.99
17918.65,9437.91,8256.99
18128.21,9437.91,8256.99
18350.62,9437.91,8229.51
18575.94,9437.91,8181.76
18806.989999999998,9437.91,8129.03
19027.56,9437.91,8087.32
19262.079999999998,9437.91,8059.7
19523.52,9437.91,8027.48
19751.2,9437.91,8004.35
19964.42,9437.91,8004.35
20152.44,9437.91,8004.35
20320.94,9437.91,8004.35
20474.22,9437.91,8004.35
20613.19,9437.91,8004.35
20727.78,9437.91,8004.35
20801.31,9437.91,8004.35
20841.1,9437.91,7993.03
20831.23,9437.91,7974.43
20822.63,9437.91,7954.48
20822.54,9437.91,7954.48
20839.24,9437.91,7954.48
20872.35,9437.91,7949.97
20910.35,9437.91,7949.97
20982.68,9437.91,7949.97
21083.2,9437.91,7922.95
21160.21,9437.91,7880.81
21216.21,9437.91,7827.74
21248.07,9429.32,7785.8
21248.59,9400.1,7745.76
21217.5,9344.01,7697.94
21174.2,9301.73,7660.31
21146.21,9281.64,7625.75
21111.670000000002,9281.64,7601.7
21042.2,9281.64,7601.7
20918.87,9281.64,7601.7
20776.52,9281.64,7601.7
20609.49,9281.64,7601.7
20463.57,9281.64,7601.7
20328.99,9281.64,7601.7
20187.9,9281.64,7601.7
20086.84,9281.64,7601.7
19998.13,9281.64,7601.7
19952.46,9250.59,7596.4
19965.53,9179.97,7580.45
20001.0,9111.33,7568.35
20026.93,9045.33,7547.53
20055.98,8983.13,7531.39
20089.66,8910.89,7507.24
20130.24,8842.81,7475.43
20168.14,8773.28,7435.74
20188.2,8729.85,7389.26
20195.8,8715.11,7351.19
20180.75,8708.28,7315.9
20129.84,8688.19,7278.7
20007.05,8655.38,7241.65
19781.02,8635.78,7213.13
19505.57,8617.39,7193.65
19218.5,8604.47,7193.65
18926.84,8594.25,7193.65
18665.17,8577.69,7193.65
18390.01,8577.69,7193.65
18103.88,8577.69,7193.65
17815.81,8577.69,7193.65
17529.43,8577.69,7193.65
17239.36,8577.69,7193.65
16974.26,8577.69,7193.65
16710.51,8577.69,7193.65
16458.62,8577.69,7193.65
16205.97,8577.69,7193.65
15965.07,8577.69,7193.65
15715.68,8577.69,7193.65
15432.56,8577.69,7193.65
15141.2,8577.69,7193.65
14884.11,8577.69,7193.65
14673.84,8577.69,7193.65
14495.56,8577.69,7193.65
14393.22,8577.69,7193.65
14341.24,8577.69,7193.65
14289.88,8577.69,7193.65
14229.34,8577.69,7193.65
14159.03,8577.69,7193.65
14118.44,8577.69,7193.65
14080.55,8577.69,7193.65
14017.78,8577.69,7193.65
13959.3,8577.69,7193.65
13911.31,8577.69,7193.65
13879.25,8577.69,7193.65
13860.01,8577.69,7193.65
13810.61,8577.69,7193.65
13737.13,8577.69,7193.65
13606.51,8577.69,7193.65
13364.25,8577.69,7193.65
13039.92,8577.69,7193.65
12690.31,8577.69,7193.65
12333.98,8577.69,7193.65
11947.48,8577.69,7193.65
11543.17,8577.69,7193.65
11146.17,8577.69,7193.65
10773.6,8577.69,7193.65
10418.66,8577.69,7193.65
10097.17,8577.69,7193.65
9817.92,8577.69,7193.65
9627.78,8577.69,7193.65
9514.789999999999,8577.69,7193.65
9470.11,8577.69,7193.65
9451.38,8577.69,7193.65
9443.04,8577.69,7193.65
9437.91,8577.69,7193.65
9447.03,8577.69,7193.65
9491.48,8577.69,7193.65
9577.42,8577.69,7193.65
9689.97,8577.69,7193.65
9840.49,8577.69,7193.65
10004.4,8577.69,7193.65
10164.71,8577.69,7193.65
10291.33,8577.69,7193.65
10405.19,8577.69,7193.65
10499.48,8577.69,7193.65
10604.24,8577.69,7193.65
10750.88,8577.69,7193.65
10910.17,8577.69,7193.65
11076.07,8577.69,7193.65
11254.11,8577.69,7208.1
11436.7,8577.69,7249.44
11618.73,8577.69,7292.22
11786.41,8577.69,7323.96
11951.75,8577.69,7353.19
12111.01,8577.69,7364.06
12275.64,8577.69,7385.26
12447.57,8577.69,7381.23
12662.63,8577.69,7395.29
12908.4,8577.69,7421.55
13146.73,8577.69,7455.89
13357.67,8577.69,7487.51
13523.63,8577.69,7490.98
13667.91,8577.69,7490.98
13814.25,8577.69,7483.18
13970.71,8577.69,7462.42
14133.95,8577.69,7438.44
14303.69,8577.69,7408.38
14479.41,8577.69,7378.57
14636.55,8577.69,7354.99
14762.11,8577.69,7331.01
14881.52,8577.69,7295.7
14964.96,8577.69,7263.45
14998.789999999999,8577.69,7223.6
15012.4,8577.69,7192.48
15030.93,8577.69,7175.23
15036.699999999999,8577.69,7153.55
15044.02,8577.69,7128.08
15020.31,8577.69,7103.49
15023.44,8577.69,7084.69
15025.48,8577.69,7076.9
15051.67,8577.69,7053.61
15106.39,8577.69,7053.61
15126.3,8577.69,7053.61
15149.8,8577.69,7053.61
15153.25,8577.69,7053.61
15125.26,8577.69,7053.61
15062.7,8577.69,7053.61
14969.07,8577.69,7053.61
14869.09,8577.69,7053.61
14784.47,8577.69,7053.61
14723.539999999999,8577.69,7053.61
14672.95,8577.69,7053.61
14636.31,8577.69,7053.61
14603.2,8577.69,7053.61
14566.64,8577.69,7053.61
14519.45,8577.69,7053.61
14465.55,8577.69,7053.61
14412.59,8577.69,7053.61
14385.68,8577.69,7053.61
14375.04,8577.69,7053.61
14386.39,8577.69,7053.61
14415.9,8577.69,7053.61
14471.77,8577.69,7053.61
14530.62,8577.69,7053.61
14593.22,8577.69,7053.61
14661.34,8577.69,7053.61
14738.87,8577.69,7053.61
14843.61,8577.69,7053.61
14963.71,8577.69,7053.61
15077.32,8577.69,7053.61
15202.17,8577.69,7053.61
15350.38,8577.69,7053.61
15522.96,8577.69,7053.61
15710.14,8577.69,7053.61
15907.98,8577.69,7053.61
16109.93,8577.69,7053.61
16326.46,8577.69,7053.61
16563.85,8577.69,7053.61
16822.04,8577.69,7053.61
17112.82,8577.69,7053.61
17451.54,8577.69,7053.61
17817.62,8577.69,7053.61
18194.94,8577.69,7053.61
18581.37,8577.69,7053.61
18955.86,8577.69,7053.61
19337.7,8577.69,7053.61
19700.02,8577.69,7053.61
20042.85,8577.69,7053.61
20345.76,8577.69,7053.61
20610.52,8577.69,7053.61
20871.28,8577.69,7053.61
21127.8,8577.69,7053.61
21390.76,8577.69,7053.61
21661.54,8577.69,7053.61
21952.85,8577.69,7053.61
22264.29,8577.69,7053.61
22576.62,8577.69,7053.61
22873.49,8577.69,7053.61
23143.89,8577.69,7053.61
23386.11,8577.69,7053.61
23620.77,8577.69,7053.61
23862.37,8577.69,7053.61
24106.52,8577.69,7053.61
24378.45,8577.69,7053.61
24677.43,8577.69,7053.61
24986.86,8577.69,7053.61
25292.36,8577.69,7053.61
25585.88,8577.69,7053.61
25860.33,8577.69,7053.61
26116.37,8577.69,7053.61
26347.11,8577.69,7053.61
26558.02,8577.69,7053.61
26732.77,8577.69,7053.61
26877.98,8577.69,7053.61
26998.67,8577.69,7053.61
27109.54,8577.69,7053.61
27228.44,8577.69,7053.61
27373.75,8577.69,7053.61
27519.16,8577.69,7053.61
27642.989999999998,8577.69,7053.61
27733.89,8577.69,7053.61
27801.56,8577.69,7053.61
27849.78,8577.69,7053.61
27881.44,8577.69,7053.61
27905.72,8577.69,7053.61
27922.75,8577.69,7053.61
27931.88,8577.69,7053.61
27938.07,8577.69,7053.61
27929.079999999998,8577.69,7053.61
27902.77,8577.69,7053.61
27864.94,8577.69,7053.61
27811.04,8577.69,7053.61
27757.98,8577.69,7053.61
27701.4,8577.69,7053.61
27644.25,8577.69,7053.61
27586.75,8577.69,7053.61
27524.829999999998,8577.69,7053.61
27457.19,8577.69,7053.61
27397.329999999998,8577.69,7053.61
27338.06,8577.69,7053.61
27239.5,8577.69,7053.61
27073.26,8577.69,7053.61
26860.579999999998,8577.69,7053.61
26626.19,8577.69,7053.61
26397.77,8577.69,7053.61
26195.15,8577.69,7053.61
26044.829999999998,8577.69,7053.61
25946.51,8577.69,7053.61
25838.48,8577.69,7053.61
25707.95,8577.69,7053.61
25549.18,8577.69,7053.61
25372.23,8577.69,7053.61
25203.89,8577.69,7053.61
25058.989999999998,8577.69,7053.61
24913.59,8577.69,7053.61
24771.8,8577.69,7053.61
24624.93,8577.69,7053.61
24479.84,8577.69,7053.61
24352.44,8577.69,7053.61
24236.56,8577.69,7053.61
24135.57,8577.69,7053.61
24050.02,8577.69,7053.61
23980.16,8577.69,7053.61
23921.62,8577.69,7053.61
23859.22,8577.69,7053.61
23789.55,8577.69,7053.61
23700.98,8577.69,7053.61
23598.35,8577.69,7053.61
23498.54,8577.69,7053.61
23419.32,8577.69,7053.61
23356.59,8577.69,7053.61
23314.53,8577.69,7053.61
23286.36,8577.69,7053.61
23256.04,8577.69,7053.61
23222.38,8577.69,7053.61
23198.79,8577.69,7053.61
23184.41,8577.69,7053.61
23172.95,8577.69,7053.61
23179.86,8577.69,7053.61
23209.41,8577.69,7053.61
23239.94,8577.69,7053.61
23266.39,8577.69,7053.61
23293.59,8577.69,7053.61
23321.98,8577.69,7053.61
23364.66,8577.69,7053.61
23416.33,8577.69,7053.61
23458.23,8577.69,7053.61
23504.11,8577.69,7053.61
23592.25,8577.69,7053.61
23746.16,8577.69,7053.61
23936.49,8577.69,7053.61
24143.58,8577.69,7053.61
24351.7,8577.69,7053.61
24539.01,8577.69,7053.61
24677.59,8577.69,7053.61
24765.44,8577.69,7053.61
24864.42,8577.69,7053.61
24985.47,8577.69,7053.61
25132.3,8577.69,7053.61
25300.28,8577.69,7053.61
25464.05,8577.69,7053.61
25607.84,8577.69,7053.61
25750.86,8577.69,7053.61
25885.08,8577.69,7053.61
26025.95,8577.69,7053.61
26164.85,8577.69,7053.61
26288.31,8577.69,7053.61
26407.95,8577.69,7053.61
26513.74,8577.69,7053.61
26598.42,8577.69,7053.61
26663.079999999998,8577.69,7053.61
26716.71,8577.69,7053.61
26776.04,8577.69,7053.61
26842.85,8577.69,7053.61
26925.62,8577.69,7053.61
27019.69,8577.69,7053.61
27108.41,8577.69,7053.61
27170.12,8577.69,7053.61
27207.05,8577.69,7053.61
27220.87,8577.69,7053.61
27230.739999999998,8577.69,7053.61
27250.37,8577.69,7053.61
27279.65,8577.69,7053.61
27305.63,8577.69,7053.61
27334.52,8577.69,7053.61
27373.1,8577.69,7053.61
27417.5,8577.69,7053.61
27454.55,8577.69,7053.61
27483.34,8577.69,7053.61
27508.13,8577.69,7053.61
27528.17,8577.69,7053.61
27537.98,8577.69,7053.61
27529.58,8577.69,7053.61
27502.2,8577.69,7053.61
27469.95,8577.69,7053.61
27436.67,8577.69,7053.61
27396.57,8577.69,7053.61
27348.96,8577.69,7053.61
27292.56,8577.69,7053.61
27214.17,8577.69,7053.61
27097.13,8577.69,7053.61
26956.76,8577.69,7053.61
26802.25,8577.69,7053.61
26633.35,8577.69,7053.61
26450.75,8577.69,7053.61
26251.34,8577.69,7053.61
26024.69,8577.69,7053.61
25766.36,8577.69,7053.61
25483.41,8577.69,7053.61
25194.96,8577.69,7053.61
24946.0,8577.69,7053.61
24697.44,8577.69,7053.61
24441.28,8577.69,7053.61
24191.43,8577.69,7053.61
23933.25,8577.69,7053.61
23687.82,8577.69,7053.61
23482.71,8577.69,7053.61
23316.81,8577.69,7053.61
23173.5,8577.69,7053.61
22990.22,8577.69,7053.61
22768.4,8577.69,7053.61
22562.79,8577.69,7053.61
22368.53,8577.69,7053.61
22188.77,8577.69,7053.61
22006.6,8577.69,7053.61
21838.27,8577.69,7053.61
21676.07,8577.69,7053.61
21509.87,8577.69,7053.61
21353.74,8577.69,7053.61
21233.82,8577.69,7053.61
21121.22,8577.69,7053.61
20994.46,8577.69,7053.61
20852.78,8577.69,7053.61
20707.64,8577.69,7053.61
20568.96,8577.69,7053.61
20430.4,8577.69,7053.61
20315.45,8577.69,7053.61
20222.53,8577.69,7053.61
20129.07,8577.69,7053.61
20047.28,8577.69,7053.61
19984.97,8577.69,7053.61
19955.14,8577.69,7053.61
19954.93,8577.69,7053.61
19945.99,8577.69,7053.61
19919.13,8577.69,7053.61
19887.21,8577.69,7053.61
19876.35,8577.69,7053.61
19875.15,8577.69,7053.61
19895.38,8577.69,7053.61
19920.79,8577.69,7053.61
19946.19,8577.69,7053.61
19987.44,8577.69,7053.61
20042.79,8577.69,7053.61
20129.02,8577.69,7053.61
20246.97,8577.69,7053.61
20385.54,8577.69,7053.61
20544.12,8577.69,7053.61
20716.55,8577.69,7053.61
20845.72,8577.69,7053.61
20966.39,8577.69,7053.61
21086.12,8577.69,7053.61
21195.25,8577.69,7053.61
21313.5,8577.69,7053.61
21426.7,8577.69,7053.61
21509.04,8577.69,7053.61
21564.92,8577.69,7053.61
21620.85,8577.69,7053.61
21705.18,8577.69,7053.61
21817.33,8577.69,7053.61
21915.24,8577.69,7053.61
22012.37,8577.69,7053.61
22081.96,8577.69,7053.61
22146.99,8577.69,7053.61
22204.65,8577.69,7053.61
22258.91,8577.69,7053.61
22348.02,8577.69,7053.61
22448.18,8577.69,7053.61
22530.03,8577.69,7053.61
22609.71,8577.69,7053.61
22706.81,8577.69,7053.61
22829.17,8577.69,7053.61
22956.46,8577.69,7053.61
23076.95,8577.69,7053.61
23208.4,8577.69,7053.61
23334.57,8577.69,7053.61
23453.26,8577.69,7053.61
23576.43,8577.69,7053.61
23695.34,8577.69,7053.61
23798.489999999998,8577.69,7053.61
23880.89,8577.69,7053.61
23935.34,8577.69,7053.61
23990.61,8577.69,7053.61
24059.94,8577.69,7053.61
24129.4,8577.69,7053.61
24170.83,8577.69,7053.61
24194.98,8577.69,7053.61
24189.58,8577.69,7053.61
24167.25,8577.69,7053.61
24125.02,8577.69,7053.61
24065.8,8577.69,7053.61
23993.8,8577.69,7053.61
23890.96,8577.69,7053.61
23759.54,8577.69,7053.61
23566.5,8577.69,7053.61
23359.88,8577.69,7053.61
23099.85,8577.69,7053.61
22819.64,8577.69,7053.61
22534.94,8577.69,7053.61
22276.38,8577.69,7053.61
22016.19,8577.69,7053.61
21737.58,8577.69,7053.61
21430.84,8577.69,7053.61
21150.93,8577.69,7053.61
20908.08,8577.69,7053.61
20657.29,8577.69,7053.61
20408.16,8577.69,7053.61
20151.0,8577.69,7053.61
19886.74,8577.69,7053.61
19609.44,8577.69,7053.61
19349.71,8577.69,7053.61
19097.47,8577.69,7053.61
18847.55,8577.69,7053.61
18628.43,8577.69,7053.61
18385.69,8577.69,7053.61
18104.34,8577.69,7053.61
17803.32,8577.69,7053.61
17500.76,8577.69,7053.61
17187.04,8577.69,7053.61
16853.69,8577.69,7053.61
16478.64,8577.69,7053.61
16070.72,8577.69,7053.61
15645.72,8577.69,7053.61
15219.51,8577.69,7053.61
14798.69,8577.69,7053.61
14371.47,8577.69,7053.61
13951.01,8577.69,7053.61
13559.45,8577.69,7053.61
13219.81,8577.69,7053.61
12908.12,8577.69,7053.61
12583.77,8577.69,7053.61
12251.08,8577.69,7053.61
11905.57,8577.69,7053.61
11564.95,8577.69,7053.61
11247.1,8577.69,7053.61
10960.05,8577.69,7053.61
10698.17,8577.69,7053.61
10483.11,8577.69,7053.61
10280.28,8577.69,7053.61
10083.53,8577.69,7053.61
9911.51,8577.69,7053.61
9771.25,8577.69,7053.61
9664.23,8577.69,7053.61
9555.33,8577.69,7053.61
9474.79,8577.69,7053.61
9429.32,8577.69,7053.61
9400.1,8577.69,7053.61
9344.01,8577.69,7053.61
9301.73,8577.69,7053.61
9281.64,8577.69,7053.86
9291.83,8577.69,7075.76
9352.16,8577.69,7075.76
9401.58,8577.69,7075.76
9429.03,8577.69,7075.76
9409.53,8577.69,7075.76
9380.14,8577.69,7075.76
9346.49,8577.69,7075.76
9320.17,8577.69,7075.76
9298.7,8577.69,7075.76
9281.9,8577.69,7075.76
9250.59,8577.69,7075.76
9179.97,8577.69,7075.76
9111.33,8577.69,7075.76
9045.33,8577.69,7075.76
8983.130000000001,8577.69,7075.76
8910.89,8577.69,7075.76
8842.81,8577.69,7075.76
8773.28,8577.69,7075.76
8729.85,8577.69,7075.76
8715.11,8577.69,7094.74
8708.28,8577.69,7119.6
8688.19,8577.69,7134.33
8655.38,8577.69,7138.0
8635.78,8577.69,7146.92
8617.39,8577.69,7150.94
8604.47,8577.69,7150.94
8594.25,8577.69,7150.94
8577.69,8577.69,7150.94
8586.8,8586.8,7150.94
8641.57,8641.57,7150.94
8722.87,8722.87,7150.94
8836.53,8836.53,7150.94
8978.29,8978.29,7150.94
9147.57,9147.57,7152.45
9376.73,9221.29,7156.42
9634.54,9221.29,7156.42
9908.32,9221.29,7156.42
10214.29,9221.29,7156.42
10531.67,9221.29,7156.42
10849.89,9221.29,7156.42
11219.7,9221.29,7171.07
11608.98,9221.29,7206.06
12007.96,9221.29,7253.9
12391.62,9221.29,7292.62
12757.44,9221.29,7330.46
13112.45,9221.29,7376.45
13432.36,9221.29,7414.71
13730.63,9221.29,7452.59
14010.55,9221.29,7481.92
14217.51,9221.29,7481.92
14410.41,9221.29,7481.92
14639.51,9221.29,7481.92
14907.17,9221.29,7481.92
15190.95,9221.29,7481.92
15459.58,9221.29,7486.79
15699.86,9221.29,7491.96
15915.15,9221.29,7493.36
16093.66,9221.29,7499.04
16255.21,9221.29,7522.96
16446.41,9221.29,7560.12
16639.75,9221.29,7595.26
16864.26,9221.29,7642.93
17158.07,9221.29,7687.7
17485.73,9221.29,7742.35
17832.61,9221.29,7805.45
18195.59,9221.29,7879.95
18561.829999999998,9221.29,7963.23
18944.98,9221.29,8057.45
19342.75,9221.29,8156.32
19745.73,9221.29,8260.25
20148.76,9221.29,8366.95
20547.35,9221.29,8465.43
20942.53,9221.29,8556.01
21310.06,9221.29,8611.77
21642.44,9221.29,8612.82
21967.8,9221.29,8612.82
22284.17,9221.29,8612.82
22569.09,9221.29,8612.82
22857.95,9221.29,8612.82
23136.54,9221.29,8612.82
23391.47,9221.29,8612.82
23616.69,9221.29,8612.82
23775.56,9221.29,8612.82
23869.65,9221.29,8612.82
23925.96,9221.29,8612.82
23939.9,9221.29,8612.82
23917.22,9221.29,8612.82
23850.46,9221.29,8612.82
23711.78,9221.29,8612.82
23518.28,9221.29,8612.82
23272.23,9221.29,8612.82
23006.21,9221.29,8612.82
22732.47,9221.29,8612.82
22446.28,9221.29,8612.82
22156.55,9221.29,8612.82
21865.85,9221.29,8612.82
21597.76,9221.29,8612.82
21315.04,9221.29,8612.82
21025.9,9221.29,8612.82
20721.54,9221.29,8612.82
20428.84,9221.29,8612.82
20133.16,9221.29,8612.82
19851.59,9221.29,8612.82
19608.6,9221.29,8612.82
19367.06,9221.29,8612.82
19145.12,9221.29,8612.82
18950.91,9221.29,8612.82
18737.33,9221.29,8612.82
18521.56,9221.29,8612.82
18291.84,9221.29,8612.82
17987.14,9221.29,8612.82
17646.329999999998,9221.29,8612.82
17295.86,9221.29,8612.82
16930.75,9221.29,8612.82
16577.8,9221.29,8612.82
16208.92,9221.29,8612.82
15822.27,9221.29,8612.82
15428.64,9221.29,8612.82
15035.72,9221.29,8612.82
14644.45,9221.29,8612.82
14259.3,9221.29,8612.82
13849.4,9221.29,8612.82
13446.8,9221.29,8612.82
13039.52,9221.29,8612.82
12632.31,9221.29,8612.82
12221.59,9221.29,8612.82
11818.789999999999,9221.29,8612.82
11438.71,9221.29,8612.82
11059.7,9221.29,8612.82
10692.84,9221.29,8612.82
10343.68,9221.29,8612.82
10055.869999999999,9221.29,8612.82
9820.82,9221.29,8612.82
9630.43,9221.29,8612.82
9468.23,9221.29,8612.82
9337.47,9221.29,8612.82
9253.5,9221.29,8612.82
9221.289999999999,9221.29,8612.82
9264.69,9264.69,8612.82
9345.57,9345.57,8612.82
9469.2,9469.2,8619.2
9667.48,9667.48,8657.65
9949.93,9949.93,8726.71
10280.01,10280.01,8816.57
10609.47,10609.47,8894.05
10960.13,10960.13,8974.69
11302.67,11302.67,9040.21
11643.81,11643.81,9094.71
12001.83,12001.83,9153.61
12380.95,12380.95,9226.69
12774.789999999999,12774.79,9313.16
13166.11,13166.11,9388.94
13589.76,13404.25,9483.3
14033.49,13404.25,9595.3
14483.35,13404.25,9712.2
14935.77,13404.25,9831.3
15384.32,13404.25,9947.8
15827.64,13404.25,10056.45
16273.84,13404.25,10170.01
16729.61,13404.25,10296.05
17182.22,13404.25,10422.51
17638.91,13404.25,10557.38
18084.51,13404.25,10688.76
18520.93,13404.25,10811.87
18958.32,13404.25,10935.85
19399.0,13404.25,11067.51
19833.48,13404.25,11200.61
20262.55,13404.25,11329.62
20674.21,13404.25,11449.47
21101.21,13404.25,11588.79
21497.65,13404.25,11702.05
21895.77,13404.25,11810.48
22296.03,13404.25,11917.26
22703.329999999998,13404.25,12030.32
23098.2,13404.25,12137.4
23464.989999999998,13404.25,12224.16
23830.75,13404.25,12317.98
24182.47,13404.25,12412.47
24514.46,13404.25,12498.68
24802.02,13404.25,12540.73
25060.8,13404.25,12554.41
25291.42,13404.25,12554.41
25510.72,13404.25,12554.41
25725.94,13404.25,12554.41
25938.53,13404.25,12554.41
26124.89,13404.25,12554.41
26262.37,13404.25,12554.41
26346.21,13404.25,12554.41
26370.1,13404.25,12554.41
26348.14,13404.25,12554.41
26270.42,13404.25,12554.41
26162.56,13404.25,12554.41
26057.49,13404.25,12554.41
25937.15,13404.25,12554.41
25824.54,13404.25,12554.41
25697.83,13404.25,12554.41
25533.56,13404.25,12554.41
25331.93,13404.25,12554.41
25104.49,13404.25,12554.41
24853.26,13404.25,12554.41
24585.99,13404.25,12554.41
24335.760000000002,13404.25,12554.41
24082.22,13404.25,12554.41
23839.25,13404.25,12554.41
23627.7,13404.25,12554.41
23414.16,13404.25,12554.41
23211.84,13404.25,12554.41
23011.81,13404.25,12554.41
22798.98,13404.25,12554.41
22566.33,13404.25,12554.41
22310.3,13404.25,12554.41
22066.03,13404.25,12554.41
21852.13,13404.25,12554.41
21657.91,13404.25,12554.41
21478.84,13404.25,12554.41
21312.48,13404.25,12554.41
21153.88,13404.25,12554.41
21011.24,13404.25,12554.41
20898.06,13404.25,12554.41
20791.510000000002,13404.25,12554.41
20693.57,13404.25,12554.41
20618.06,13404.25,12554.41
20559.43,13404.25,12554.41
20498.11,13404.25,12554.41
20433.47,13404.25,12554.41
20377.82,13404.25,12554.41
20345.24,13404.25,12554.41
20332.3,13404.25,12554.41
20333.71,13404.25,12554.41
20352.92,13404.25,12554.41
20376.94,13404.25,12554.41
20411.28,13404.25,12554.41
20447.24,13404.25,12554.41
20485.65,13404.25,12554.41
20531.6,13404.25,12554.41
20595.95,13404.25,12554.41
20679.28,13404.25,12554.41
20749.1,13404.25,12554.41
20773.29,13404.25,12554.41
20756.5,13404.25,12554.41
20706.3,13404.25,12554.41
20641.85,13404.25,12554.41
20577.13,13404.25,12554.41
20531.12,13404.25,12554.41
20459.86,13404.25,12554.41
20372.92,13404.25,12554.41
20266.71,13404.25,12554.41
20154.32,13404.25,12554.41
20039.85,13404.25,12554.41
19906.03,13404.25,12554.41
19809.75,13404.25,12554.41
19758.03,13404.25,12554.41
19707.62,13404.25,12554.41
19674.46,13404.25,12554.41
19655.07,13404.25,12554.41
19650.85,13404.25,12554.41
19650.04,13404.25,12554.41
19675.63,13404.25,12554.41
19744.0,13404.25,12554.41
19814.49,13404.25,12554.41
19866.14,13404.25,12554.41
19905.05,13404.25,12554.41
19935.18,13404.25,12554.41
19953.37,13404.25,12554.41
19965.17,13404.25,12554.41
19974.71,13404.25,12554.41
19958.4,13404.25,12554.41
19927.77,13404.25,12554.41
19891.3,13404.25,12554.41
19832.61,13404.25,12554.41
19748.37,13404.25,12554.41
19639.25,13404.25,12554.41
19524.12,13404.25,12554.41
19394.11,13404.25,12554.41
19222.47,13404.25,12554.41
19013.25,13404.25,12554.41
18765.19,13404.25,12554.41
18535.01,13404.25,12554.41
18346.329999999998,13404.25,12554.41
18172.74,13404.25,12554.41
18026.91,13404.25,12554.41
17926.53,13404.25,12554.41
17859.64,13404.25,12554.41
17827.88,13404.25,12554.41
17833.53,13404.25,12554.41
17868.29,13404.25,12554.41
17976.45,13404.25,12554.41
18139.22,13404.25,12554.41
18330.4,13404.25,12554.41
18538.44,13404.25,12554.41
18741.62,13404.25,12554.41
18924.18,13404.25,12554.41
19116.88,13404.25,12554.41
19321.89,13404.25,12579.96
19532.78,13404.25,12649.65
19714.8,13404.25,12741.58
19859.18,13404.25,12842.56
19991.59,13404.25,12944.46
20085.329999999998,13404.25,13010.93
20144.53,13404.25,13021.93
20201.77,13404.25,13021.93
20292.329999999998,13404.25,13021.93
20411.66,13404.25,13021.93
20543.03,13404.25,13021.93
20699.42,13404.25,13021.93
20865.06,13404.25,12998.64
21025.35,13404.25,12911.14
21179.02,13404.25,12812.63
21321.21,13404.25,12716.43
21457.23,13404.25,12634.76
21577.28,13404.25,12550.78
21686.4,13404.25,12461.16
21803.15,13404.25,12371.32
21915.89,13404.25,12301.6
22037.989999999998,13404.25,12268.84
22169.86,13404.25,12222.11
22289.63,13404.25,12159.47
22387.45,13404.25,12080.52
22482.02,13404.25,12008.08
22611.67,13404.25,11931.65
22765.12,13404.25,11843.37
22926.26,13404.25,11758.63
23103.91,13404.25,11703.91
23302.38,13404.25,11674.28
23528.22,13404.25,11653.19
23728.27,13404.25,11649.73
23905.92,13404.25,11649.73
24079.52,13404.25,11649.73
24244.23,13404.25,11649.73
24389.59,13404.25,11649.73
24522.26,13404.25,11642.99
24648.32,13404.25,11616.74
24764.67,13404.25,11580.46
24871.5,13404.25,11544.1
24950.69,13404.25,11504.6
25014.88,13404.25,11457.43
25062.25,13404.25,11423.03
25092.87,13404.25,11420.28
25101.579999999998,13404.25,11420.28
25113.16,13404.25,11420.28
25150.51,13404.25,11417.55
25193.37,13229.94,11398.34
25242.04,13047.71,11376.43
25323.78,12889.42,11357.24
25439.43,12734.94,11328.56
25548.87,12584.03,11291.03
25656.04,12452.51,11269.5
25752.66,12331.46,11264.5
25826.59,12221.17,11264.5
25863.55,12095.46,11264.5
25840.25,11980.95,11264.5
25768.38,11890.59,11264.5
25658.17,11830.56,11264.5
25507.89,11784.56,11245.83
25321.52,11784.56,11220.7
25102.09,11784.56,11215.66
24844.19,11784.56,11215.66
24579.19,11784.56,11215.66
24317.63,11784.56,11215.66
24044.09,11784.56,11215.66
23794.11,11784.56,11215.66
23567.07,11784.56,11215.66
23376.28,11784.56,11215.66
23197.87,11784.56,11215.66
23032.93,11784.56,11215.66
22885.48,11784.56,11215.66
22726.36,11784.56,11215.66
22544.83,11784.56,11215.66
22330.42,11784.56,11215.66
22100.14,11784.56,11215.66
21876.49,11784.56,11215.66
21667.23,11784.56,11215.66
21467.14,11784.56,11215.66
21274.17,11784.56,11215.66
21080.47,11784.56,11215.66
20869.39,11784.56,11215.66
20632.15,11784.56,11215.66
20369.69,11784.56,11215.66
20066.89,11784.56,11215.66
19746.69,11784.56,11215.66
19416.93,11784.56,11215.66
19078.41,11784.56,11215.66
18729.64,11784.56,11215.66
18402.65,11784.56,11215.66
18110.17,11784.56,11215.66
17860.7,11784.56,11215.66
17645.92,11784.56,11215.66
17423.2,11784.56,11215.66
17171.61,11784.56,11215.66
16917.12,11784.56,11215.66
16674.54,11784.56,11215.66
16462.38,11784.56,11215.66
16269.73,11784.56,11213.78
16080.2,11784.56,11197.22
15889.57,11784.56,11193.84
15698.75,11784.56,11193.84
15510.17,11784.56,11193.84
15324.18,11784.56,11193.84
15170.29,11784.56,11193.84
15031.73,11784.56,11193.84
14886.21,11784.56,11190.4
14745.93,11784.56,11148.34
14630.52,11784.56,11102.9
14522.65,11784.56,11075.15
14458.91,11784.56,11027.5
14402.3,11784.56,10976.79
14354.91,11784.56,10930.14
14330.49,11784.56,10890.71
14287.289999999999,11784.56,10862.47
14244.5,11784.56,10862.47
14183.98,11784.56,10862.47
14101.67,11784.56,10862.47
14012.87,11784.56,10861.8
13936.6,11784.56,10849.29
13856.91,11784.56,10848.14
13762.26,11784.56,10848.14
13697.55,11784.56,10848.14
13654.71,11784.56,10848.14
13604.31,11784.56,10848.14
13539.61,11784.56,10848.14
13495.2,11784.56,10848.14
13466.07,11784.56,10848.14
13442.29,11784.56,10848.14
13420.44,11784.56,10848.14
13405.75,11784.56,10848.14
13404.25,11784.56,10848.14
13453.38,11784.56,10848.14
13472.63,11784.56,10848.14
13508.65,11784.56,10848.14
13559.39,11784.56,10848.14
13631.66,11784.56,10851.75
13670.8,11784.56,10851.75
13691.06,11784.56,10851.75
13700.68,11784.56,10851.75
13673.27,11784.56,10851.75
13681.12,11784.56,10851.75
13740.86,11784.56,10851.75
13832.64,11784.56,10851.75
13932.34,11784.56,10852.71
14017.05,11784.56,10852.71
14092.13,11784.56,10852.71
14179.95,11784.56,10852.71
14272.31,11784.56,10852.71
14368.73,11784.56,10852.71
14468.99,11784.56,10852.71
14567.37,11784.56,10852.71
14675.89,11784.56,10852.71
14786.84,11784.56,10852.71
14908.6,11784.56,10852.71
15028.81,11784.56,10852.71
15135.14,11784.56,10852.71
15263.65,11784.56,10862.26
15377.39,11784.56,10867.35
15487.98,11784.56,10874.79
15603.44,11784.56,10884.74
15741.13,11784.56,10894.17
15885.26,11784.56,10896.46
16027.32,11784.56,10896.46
16181.79,11784.56,10896.46
16363.43,11784.56,10896.46
16561.12,11784.56,10896.46
16753.69,11784.56,10896.46
16969.54,11784.56,10896.46
17220.72,11784.56,10896.46
17474.86,11784.56,10896.46
17748.95,11784.56,10896.46
18038.81,11784.56,10909.04
18326.61,11784.56,10919.17
18579.83,11784.56,10919.17
18787.99,11784.56,10919.17
18954.670000000002,11784.56,10919.17
19121.670000000002,11784.56,10919.17
19291.7,11784.56,10919.17
19460.56,11784.56,10919.17
19608.99,11784.56,10919.17
19801.03,11784.56,10919.17
20004.06,11784.56,10919.17
20220.4,11784.56,10919.17
20435.68,11784.56,10919.17
20666.49,11784.56,10919.17
20888.55,11784.56,10919.17
21089.11,11784.56,10919.17
21308.54,11784.56,10919.17
21511.4,11784.56,10919.17
21698.49,11784.56,10919.17
21872.96,11784.56,10919.17
22046.69,11784.56,10919.17
22214.56,11784.56,10919.17
22376.28,11784.56,10919.17
22535.69,11784.56,10919.17
22692.71,11784.56,10919.17
22838.260000000002,11784.56,10919.17
22980.13,11784.56,10919.17
23118.07,11784.56,10919.17
23222.23,11784.56,10919.17
23317.49,11784.56,10919.17
23417.420000000002,11784.56,10919.17
23523.46,11784.56,10910.06
23637.28,11784.56,10865.55
23752.11,11784.56,10828.07
23870.68,11784.56,10800.85
23985.5,11784.56,10769.22
24089.21,11784.56,10742.55
24168.02,11784.56,10725.19
24237.25,11784.56,10722.4
24301.02,11784.56,10722.4
24355.83,11784.56,10722.4
24405.66,11784.56,10722.4
24448.66,11784.56,10722.4
24484.85,11784.56,10722.4
24529.16,11784.56,10722.4
24576.93,11784.56,10722.4
24622.28,11784.56,10722.4
24653.12,11784.56,10722.4
24684.43,11784.56,10722.4
24724.0,11784.56,10722.4
24768.06,11784.56,10722.4
24821.98,11784.56,10722.4
24884.66,11784.56,10722.4
24941.98,11784.56,10722.4
24999.2,11784.56,10712.19
25064.79,11784.56,10667.02
25142.11,11784.56,10641.92
25225.760000000002,11784.56,10628.42
25299.11,11784.56,10628.42
25356.99,11784.56,10628.42
25407.3,11784.56,10628.42
25457.16,11784.56,10628.42
25504.56,11784.56,10628.42
25553.4,11784.56,10628.42
25600.45,11784.56,10628.42
25640.63,11784.56,10628.42
25687.03,11784.56,10628.42
25742.97,11784.56,10605.75
25810.440000000002,11784.56,10574.93
25884.31,11784.56,10545.03
25961.850000000002,11784.56,10510.75
26042.09,11784.56,10474.62
26126.52,11784.56,10464.63
26204.93,11784.56,10461.15
26271.77,11784.56,10454.78
26326.88,11784.56,10443.73
26372.670000000002,11784.56,10430.43
26426.83,11784.56,10430.43
26498.19,11784.56,10430.43
26578.85,11784.56,10430.43
26663.0,11784.56,10430.43
26747.670000000002,11784.56,10430.43
26839.72,11784.56,10430.43
26941.45,11784.56,10430.43
27057.71,11784.56,10430.43
27180.06,11784.56,10430.43
27297.29,11784.56,10430.43
27394.18,11784.56,10430.43
27466.59,11784.56,10430.43
27515.15,11784.56,10430.43
27554.24,11784.56,10430.43
27596.88,11784.56,10430.43
27638.89,11784.56,10430.43
27678.57,11784.56,10421.73
27713.14,11784.56,10404.01
27744.0,11784.56,10395.28
27768.68,11784.56,10395.28
27784.08,11784.56,10395.28
27795.09,11784.56,10395.28
27805.8,11784.56,10395.28
27820.41,11784.56,10395.28
27843.9,11784.56,10395.28
27878.06,11784.56,10395.28
27913.66,11784.56,10395.28
27942.96,11784.56,10395.28
27954.77,11784.56,10395.28
27951.12,11784.56,10395.28
27944.73,11784.56,10395.28
27935.35,11784.56,10395.28
27919.4,11784.56,10395.28
27896.72,11784.56,10389.4
27867.99,11784.56,10389.4
27832.09,11784.56,10389.4
27793.9,11784.56,10389.4
27742.73,11784.56,10389.4
27673.13,11784.56,10389.4
27573.63,11784.56,10389.4
27434.73,11784.56,10389.4
27276.81,11784.56,10389.4
27091.1,11784.56,10363.6
26893.26,11784.56,10333.93
26702.57,11784.56,10328.88
26520.39,11784.56,10328.88
26335.07,11784.56,10328.88
26152.07,11784.56,10328.88
25968.83,11784.56,10328.88
25772.15,11784.56,10328.88
25565.43,11784.56,10328.88
25360.39,11784.56,10328.88
25149.52,11784.56,10328.88
24935.68,11784.56,10328.88
24732.760000000002,11784.56,10328.88
24529.760000000002,11784.56,10328.88
24320.74,11784.56,10328.88
24114.34,11784.56,10328.88
23923.68,11784.56,10328.88
23767.63,11784.56,10328.88
23635.77,11784.56,10328.88
23513.420000000002,11784.56,10328.88
23399.420000000002,11784.56,10328.88
23306.33,11784.56,10328.88
23224.81,11784.56,10328.88
23146.3,11784.56,10328.88
23078.68,11784.56,10328.88
23015.18,11784.56,10328.88
22966.0,11784.56,10328.88
22932.22,11784.56,10328.88
22900.46,11784.56,10328.88
22875.43,11784.56,10328.88
22860.02,11784.56,10328.88
22850.39,11784.56,10328.88
22847.98,11784.56,10328.88
22852.79,11784.56,10328.88
22871.61,11784.56,10328.88
22888.39,11784.56,10328.88
22895.68,11784.56,10328.88
22913.98,11784.56,10328.88
22944.25,11784.56,10328.88
22980.26,11784.56,10328.88
23017.29,11784.56,10328.88
23059.09,11784.56,10328.88
23102.57,11784.56,10328.88
23161.77,11784.56,10328.88
23241.0,11784.56,10328.88
23351.74,11784.56,10328.88
23501.46,11784.56,10328.88
23668.16,11784.56,10328.88
23855.85,11784.56,10328.88
24059.99,11784.56,10328.88
24259.55,11784.56,10328.88
24448.45,11784.56,10328.88
24636.64,11784.56,10328.88
24828.86,11784.56,10328.88
25026.11,11784.56,10328.88
25238.63,11784.56,10328.88
25473.33,11784.56,10328.88
25710.51,11784.56,10328.88
25944.81,11784.56,10328.88
26175.94,11784.56,10328.88
26390.8,11784.56,10328.88
26594.670000000002,11784.56,10328.88
26796.670000000002,11784.56,10328.88
27001.2,11784.56,10328.88
27195.53,11784.56,10328.88
27358.43,11784.56,10328.88
27497.9,11784.56,10328.88
27623.83,11784.56,10328.88
27737.87,11784.56,10328.88
27826.06,11784.56,10328.88
27895.55,11784.56,10328.88
27956.78,11784.56,10328.88
27993.43,11784.56,10328.88
28018.39,11784.56,10328.88
28019.0,11784.56,10328.88
27990.91,11784.56,10328.88
27943.48,11784.56,10328.88
27870.48,11784.56,10328.88
27783.16,11784.56,10328.88
27674.37,11784.56,10328.88
27533.61,11784.56,10328.88
27360.71,11784.56,10328.88
27174.54,11784.56,10328.88
26975.61,11784.56,10328.88
26766.39,11784.56,10328.88
26550.56,11784.56,10328.88
26348.35,11784.56,10328.88
26146.65,11784.56,10328.88
25981.28,11784.56,10328.88
25832.5,11784.56,10328.88
25671.44,11784.56,10328.88
25503.12,11784.56,10328.88
25334.61,11784.56,10328.88
25178.15,11784.56,10328.88
25029.93,11784.56,10328.88
24887.07,11784.56,10328.88
24748.29,11784.56,10328.88
24608.27,11784.56,10328.88
24483.89,11784.56,10328.88
24387.81,11784.56,10328.88
24304.66,11784.56,10328.88
24230.96,11784.56,10328.88
24176.25,11784.56,10328.88
24131.06,11784.56,10328.88
24075.56,11784.56,10328.88
24001.53,11784.56,10328.88
23930.99,11784.56,10328.88
23860.33,11784.56,10314.85
23792.38,11784.56,10311.77
23733.96,11784.56,10311.77
23681.95,11784.56,10311.68
23635.47,11784.56,10302.04
23601.89,11784.56,10302.04
23566.88,11784.56,10302.04
23533.81,11784.56,10302.04
23493.43,11784.56,10302.04
23426.83,11784.56,10302.04
23339.04,11784.56,10302.04
23243.24,11784.56,10302.04
23145.7,11784.56,10302.04
23046.89,11784.56,10302.04
22956.86,11784.56,10302.04
22874.07,11784.56,10302.04
22804.81,11784.56,10302.04
22747.66,11784.56,10302.04
22712.75,11784.56,10302.04
22677.3,11784.56,10302.04
22648.09,11784.56,10302.04
22605.36,11784.56,10302.04
22574.54,11784.56,10302.04
22529.04,11784.56,10302.04
22477.4,11784.56,10296.21
22417.21,11784.56,10289.25
22362.8,11784.56,10289.08
22291.239999999998,11784.56,10282.56
22246.42,11784.56,10282.56
22231.26,11784.56,10282.56
22231.84,11784.56,10282.56
22258.45,11784.56,10282.56
22305.22,11784.56,10282.56
22332.92,11784.56,10282.56
22350.07,11784.56,10282.56
22373.04,11784.56,10282.56
22408.98,11784.56,10282.56
22467.54,11784.56,10282.56
22515.51,11784.56,10282.56
22558.0,11784.56,10282.56
22587.79,11784.56,10282.56
22613.1,11784.56,10282.56
22645.0,11784.56,10282.56
22674.13,11784.56,10282.56
22688.28,11784.56,10282.56
22708.67,11784.56,10282.56
22747.36,11784.56,10282.56
22794.1,11784.56,10282.56
22851.34,11784.56,10282.56
22918.489999999998,11784.56,10282.56
22988.71,11784.56,10282.56
23061.6,11784.56,10282.56
23125.04,11784.56,10282.56
23167.78,11784.56,10282.56
23203.489999999998,11784.56,10282.56
23235.45,11784.56,10282.56
23276.76,11784.56,10282.56
23345.34,11784.56,10282.56
23438.46,11784.56,10282.56
23544.87,11784.56,10282.56
23655.73,11784.56,10282.56
23782.32,11784.56,10282.56
23908.05,11784.56,10282.56
24035.68,11784.56,10282.56
24164.43,11784.56,10282.56
24297.96,11784.56,10282.56
24418.38,11784.56,10282.56
24532.079999999998,11784.56,10282.56
24638.76,11784.56,10282.56
24760.85,11784.56,10282.56
24881.82,11784.56,10282.56
25015.35,11784.56,10282.56
25150.98,11784.56,10282.56
25291.61,11784.56,10282.56
25439.47,11784.56,10282.56
25597.09,11784.56,10282.56
25729.31,11784.56,10282.56
25807.96,11784.56,10282.56
25877.99,11784.56,10282.56
25929.93,11784.56,10282.56
25941.59,11784.56,10282.56
25932.55,11784.56,10282.56
25895.01,11784.56,10282.56
25822.53,11784.56,10282.56
25720.52,11784.56,10282.56
25586.12,11784.56,10282.56
25454.99,11784.56,10282.56
25319.69,11784.56,10282.56
25179.67,11784.56,10282.56
25043.54,11784.56,10282.56
24909.2,11784.56,10282.56
24736.22,11784.56,10282.56
24515.74,11784.56,10282.56
24245.36,11784.56,10282.56
23908.86,11784.56,10282.56
23552.32,11784.56,10282.56
23188.72,11784.56,10282.56
22825.38,11784.56,10282.56
22451.13,11784.56,10282.56
22064.57,11784.56,10282.56
21676.18,11784.56,10282.56
21306.45,11784.56,10282.56
20971.22,11784.56,10282.56
20618.27,11784.56,10282.56
20249.7,11784.56,10282.56
19865.68,11784.56,10282.56
19487.47,11784.56,10282.56
19107.31,11784.56,10282.56
18718.46,11784.56,10282.56
18331.85,11784.56,10282.56
17975.93,11784.56,10282.56
17643.69,11784.56,10282.56
17318.08,11784.56,10282.56
17010.89,11784.56,10282.56
16743.95,11784.56,10282.56
16495.78,11784.56,10282.56
16251.99,11784.56,10282.56
16006.99,11784.56,10282.56
15774.01,11784.56,10282.56
15530.49,11784.56,10282.56
15296.76,11784.56,10282.56
15080.46,11784.56,10282.56
14842.59,11784.56,10282.56
14584.07,11784.56,10282.56
14337.7,11784.56,10282.56
14109.77,11784.56,10282.56
13893.24,11784.56,10282.56
13661.86,11784.56,10282.56
13434.32,11784.56,10282.56
13229.94,11784.56,10282.56
13047.71,11784.56,10282.56
12889.42,11784.56,10282.56
12734.94,11784.56,10282.56
12584.03,11784.56,10282.56
12452.51,11784.56,10282.56
12331.46,11784.56,10282.56
12221.17,11784.56,10282.56
12095.46,11784.56,10282.56
11980.95,11784.56,10282.56
11890.59,11784.56,10282.56
11830.56,11784.56,10282.56
11784.56,11784.56,10282.56
11796.22,11796.22,10287.1
11838.25,11838.25,10303.59
11888.45,11888.45,10320.85
11939.01,11939.01,10328.91
12051.44,12051.44,10341.76
12233.68,12233.68,10361.99
12427.39,12327.92,10383.91
12612.18,12327.92,10386.15
12782.01,12327.92,10386.15
12935.12,12327.92,10386.15
13085.93,12327.92,10386.15
13226.45,12327.92,10402.46
13329.62,12327.92,10414.76
13404.67,12327.92,10431.81
13482.78,12327.92,10462.09
13549.64,12327.92,10492.06
13582.86,12327.92,10494.7
13606.92,12327.92,10494.7
13663.27,12327.92,10494.7
13730.08,12327.92,10494.7
13818.99,12327.92,10494.7
13952.98,12327.92,10494.7
14110.72,12327.92,10494.7
14289.97,12327.92,10494.7
14480.82,12327.92,10494.7
14693.32,12327.92,10494.7
14911.83,12327.92,10494.7
15128.73,12327.92,10494.7
15355.02,12327.92,10496.94
15604.33,12327.92,10509.64
15840.39,12327.92,10510.96
16055.74,12327.92,10510.96
16252.31,12327.92,10510.96
16421.08,12327.92,10510.96
16558.14,12327.92,10510.96
16670.14,12327.92,10510.96
16743.66,12327.92,10510.96
16789.91,12327.92,10510.96
16813.18,12327.92,10512.58
16829.89,12327.92,10524.89
16843.65,12327.92,10524.89
16861.29,12327.92,10524.89
16874.48,12327.92,10524.89
16886.68,12327.92,10524.89
16865.4,12327.92,10524.89
16831.66,12327.92,10524.89
16806.31,12327.92,10524.89
16778.85,12327.92,10524.89
16754.64,12327.92,10526.83
16727.84,12327.92,10526.83
16672.74,12327.92,10526.83
16604.46,12327.92,10526.83
16481.48,12327.92,10526.83
16302.6,12327.92,10526.83
16123.36,12327.92,10526.83
15970.26,12327.92,10526.83
15811.39,12327.92,10526.83
15686.15,12327.92,10526.83
15552.7,12327.92,10526.83
15434.02,12327.92,10526.83
15359.07,12327.92,10526.83
15337.04,12327.92,10526.83
15328.42,12327.92,10526.83
15351.54,12327.92,10526.83
15412.23,12327.92,10526.83
15495.82,12327.92,10526.83
15550.73,12327.92,10526.83
15603.15,12327.92,10526.83
15623.72,12327.92,10526.83
15616.72,12327.92,10526.83
15602.78,12327.92,10526.83
15592.42,12327.92,10526.83
15576.9,12327.92,10526.83
15557.87,12327.92,10526.83
15547.18,12327.92,10526.83
15547.89,12327.92,10526.83
15542.78,12327.92,10526.83
15557.84,12327.92,10526.83
15611.15,12327.92,10526.83
15689.3,12327.92,10526.83
15770.96,12327.92,10526.83
15897.85,12327.92,10526.83
16064.09,12327.92,10526.83
16246.89,12327.92,10526.83
16459.28,12327.92,10526.83
16694.37,12327.92,10526.83
16977.28,12327.92,10526.83
17281.97,12327.92,10526.83
17578.16,12327.92,10526.83
17866.05,12327.92,10526.83
18151.15,12327.92,10526.83
18447.46,12327.92,10526.83
18752.04,12327.92,10526.83
19064.28,12327.92,10526.83
19383.81,12327.92,10526.83
19735.28,12327.92,10549.66
20080.93,12327.92,10576.66
20398.64,12327.92,10588.9
20731.91,12327.92,10621.93
21065.71,12327.92,10658.15
21394.8,12327.92,10692.26
21718.07,12327.92,10720.27
22029.739999999998,12327.92,10740.28
22312.65,12327.92,10740.28
22573.329999999998,12327.92,10740.28
22811.76,12327.92,10740.28
23042.98,12327.92,10740.28
23273.86,12327.92,10747.04
23487.19,12327.92,10747.04
23669.35,12327.92,10747.04
23831.95,12327.92,10747.04
23960.17,12327.92,10747.04
24054.25,12327.92,10747.04
24113.739999999998,12327.92,10747.04
24165.11,12327.92,10747.04
24210.19,12327.92,10747.04
24244.489999999998,12327.92,10747.04
24243.92,12327.92,10747.04
24207.39,12327.92,10747.04
24120.87,12327.92,10747.04
23988.05,12327.92,10747.04
23855.15,12327.92,10747.04
23742.4,12327.92,10747.04
23618.6,12327.92,10747.04
23517.11,12327.92,10747.04
23377.69,12327.92,10747.04
23196.32,12327.92,10747.04
22988.91,12327.92,10747.04
22794.5,12327.92,10747.04
22632.99,12327.92,10747.04
22492.11,12327.92,10747.04
22374.65,12327.92,10747.04
22253.21,12327.92,10747.04
22113.63,12327.92,10747.04
21950.35,12327.92,10747.04
21766.17,12327.92,10747.04
21582.35,12327.92,10747.04
21386.37,12327.92,10747.04
21188.97,12327.92,10747.04
21013.41,12327.92,10747.04
20814.33,12327.92,10747.04
20575.42,12327.92,10747.04
20283.63,12327.92,10747.04
19965.23,12327.92,10747.04
19620.51,12327.92,10747.04
19292.24,12327.92,10747.04
18979.28,12327.92,10747.04
18664.18,12327.92,10747.04
18354.96,12327.92,10747.04
18050.67,12327.92,10747.04
17762.37,12327.92,10747.04
17512.33,12327.92,10747.04
17332.09,12327.92,10747.04
17186.37,12327.92,10747.04
17058.73,12327.92,10747.04
16947.47,12327.92,10747.04
16855.01,12327.92,10747.04
16782.03,12327.92,10747.04
16752.94,12327.92,10747.04
16741.41,12327.92,10747.04
16708.7,12327.92,10747.04
16663.14,12327.92,10747.04
16605.7,12327.92,10747.04
16497.95,12327.92,10747.04
16355.55,12327.92,10747.04
16196.86,12327.92,10747.04
16024.2,12327.92,10747.04
15866.26,12327.92,10747.04
15775.08,12327.92,10747.04
15697.55,12327.92,10747.04
15610.74,12327.92,10747.04
15537.94,12327.92,10747.04
15457.63,12327.92,10747.04
15388.08,12327.92,10747.04
15325.45,12327.92,10747.04
15263.31,12327.92,10747.04
15190.38,12327.92,10747.04
15063.039999999999,12327.92,10747.04
14886.17,12327.92,10747.04
14686.16,12327.92,10747.04
14492.619999999999,12327.92,10747.04
14319.59,12327.92,10747.04
14150.58,12327.92,10747.04
13993.94,12327.92,10747.04
13857.82,12327.92,10747.04
13727.01,12327.92,10747.04
13583.72,12327.92,10747.04
13410.85,12327.92,10747.04
13254.94,12327.92,10747.04
13160.56,12327.92,10747.04
13151.289999999999,12327.92,10747.04
13177.45,12327.92,10747.04
13237.82,12327.92,10781.52
13294.5,12327.92,10811.84
13330.66,12327.92,10832.07
13373.539999999999,12327.92,10858.15
13421.289999999999,12327.92,10879.47
13468.21,12327.92,10894.75
13512.31,12327.92,10898.94
13553.91,12327.92,10898.94
13561.98,12327.92,10898.94
13510.38,12327.92,10898.94
13442.72,12327.92,10898.94
13345.93,12327.92,10898.94
13225.58,12327.92,10898.94
13074.84,12327.92,10898.94
12886.61,12327.92,10890.33
12701.67,12327.92,10889.72
12557.44,12327.92,10889.72
12451.84,12327.92,10889.72
12372.539999999999,12327.92,10889.72
12327.92,12327.92,10889.72
12329.26,12329.26,10889.72
12369.2,12338.09,10889.72
12448.37,12338.09,10899.97
12520.8,12338.09,10948.45
12535.86,12338.09,10978.21
12536.92,12338.09,11000.5
12529.41,12338.09,11011.88
12510.23,12338.09,11011.88
12483.14,12338.09,11011.88
12445.43,12338.09,11011.88
12393.91,12338.09,11011.88
12357.35,12338.09,11011.88
12338.09,12338.09,11011.88
12386.67,12386.67,11011.88
12479.25,12479.25,11023.61
12562.6,12562.6,11061.03
12659.36,12659.36,11109.9
12721.41,12721.41,11159.26
12761.91,12729.26,11214.45
12764.17,12729.26,11271.41
12737.19,12729.26,11303.81
12729.26,12729.26,11331.48
12744.04,12744.04,11363.71
12801.69,12801.69,11401.43
12892.24,12892.24,11442.34
12998.93,12998.93,11463.61
13115.81,13115.81,11463.61
13236.39,13236.39,11457.54
13357.51,13357.51,11432.12
13476.65,13457.84,11392.75
13609.07,13457.84,11355.4
13749.05,13457.84,11319.35
13872.84,13457.84,11286.41
14001.1,13457.84,11251.51
14137.960000000001,13457.84,11221.89
14256.42,13457.84,11203.53
14357.8,13457.84,11168.15
14501.49,13457.84,11131.95
14646.44,13457.84,11105.36
14789.36,13417.55,11081.4
14941.91,13371.13,11066.44
15100.68,13338.92,11071.58
15237.31,13325.84,11083.49
15324.02,13299.3,11079.46
15381.02,13273.49,11063.86
15441.98,13265.67,11063.82
15500.68,13248.44,11063.82
15565.880000000001,13210.06,11053.67
15627.86,13135.0,11032.99
15688.12,13011.52,11000.14
15735.12,12859.56,10958.43
15804.01,12676.12,10890.2
15899.9,12474.84,10836.33
15983.960000000001,12312.17,10801.84
16059.81,12113.25,10758.02
16150.87,11924.96,10706.15
16253.6,11788.07,10649.74
16393.3,11692.69,10597.85
16562.36,11617.41,10577.56
16698.2,11526.55,10544.54
16777.49,11403.77,10504.23
16788.48,11317.41,10488.14
16757.93,11240.93,10444.84
16752.41,11164.94,10391.49
16770.72,11050.26,10319.73
16820.24,10921.86,10244.77
16900.97,10831.19,10189.2
17012.41,10752.32,10165.03
17112.01,10647.92,10142.14
17174.01,10568.56,10126.29
17261.48,10501.84,10115.98
17343.18,10464.04,10115.98
17404.47,10454.83,10115.98
17447.87,10454.83,10115.98
17468.67,10454.83,10115.98
17472.74,10454.83,10115.98
17483.41,10454.83,10115.98
17505.39,10454.83,10115.98
17531.61,10454.83,10115.98
17555.07,10454.83,10115.98
17617.61,10454.83,10115.98
17700.76,10454.83,10115.98
17789.42,10454.83,10115.98
17882.21,10454.83,10115.98
17964.54,10454.83,10115.98
18043.45,10454.83,10115.98
18130.93,10454.83,10115.98
18213.19,10454.83,10115.98
18277.48,10454.83,10115.98
18346.01,10454.83,10115.05
18420.81,10454.83,10102.72
18527.0,10454.83,10095.26
18606.97,10454.83,10095.26
18663.01,10454.83,10095.26
18751.82,10454.83,10095.26
18859.09,10454.83,10095.26
18969.55,10454.83,10095.26
19090.3,10454.83,10095.26
19228.09,10454.83,10095.26
19382.99,10454.83,10095.26
19546.47,10454.83,10095.26
19725.67,10454.83,10095.26
19904.72,10454.83,10095.26
20064.84,10454.83,10095.26
20210.85,10454.83,10095.26
20320.43,10454.83,10095.26
20417.52,10454.83,10095.26
20550.0,10454.83,10095.26
20717.67,10454.83,10095.26
20906.81,10454.83,10095.26
21124.19,10454.83,10095.26
21337.03,10454.83,10095.26
21507.07,10454.83,10095.26
21649.03,10454.83,10095.26
21756.35,10454.83,10095.26
21852.8,10454.83,10095.26
21961.02,10454.83,10095.26
22100.13,10454.83,10095.26
22197.08,10454.83,10095.26
22258.38,10454.83,10095.26
22299.41,10454.83,10095.26
22320.77,10454.83,10095.26
22328.67,10454.83,10095.26
22277.94,10454.83,10095.26
22147.48,10454.83,10095.26
21974.12,10454.83,10095.26
21770.23,10454.83,10095.26
21570.55,10454.83,10095.26
21341.82,10454.83,10095.26
21081.38,10454.83,10095.26
20786.11,10454.83,10095.26
20476.76,10454.83,10095.26
20195.91,10454.83,10095.26
19922.3,10454.83,10095.26
19668.48,10454.83,10095.26
19461.08,10454.83,10095.26
19268.12,10454.83,10095.26
19076.98,10454.83,10095.26
18910.77,10454.83,10095.26
18751.04,10454.83,10095.26
18633.63,10454.83,10095.26
18507.72,10454.83,10095.26
18359.05,10454.83,10095.26
18198.39,10454.83,10095.26
18026.54,10454.83,10095.26
17866.76,10454.83,10095.26
17721.29,10454.83,10095.26
17535.53,10454.83,10095.26
17327.38,10454.83,10095.26
17060.91,10454.83,10095.26
16791.05,10454.83,10095.26
16522.54,10454.83,10095.26
16258.26,10454.83,10095.26
15991.41,10454.83,10095.26
15725.64,10454.83,10095.26
15461.92,10454.83,10095.26
15189.99,10454.83,10095.26
14917.44,10454.83,10095.26
14663.94,10454.83,10095.26
14420.53,10454.83,10095.26
14211.35,10454.83,10095.26
14059.2,10454.83,10095.26
13928.43,10454.83,10095.26
13813.3,10454.83,10095.26
13732.15,10454.83,10095.26
13662.25,10454.83,10095.26
13592.65,10454.83,10095.26
13530.91,10454.83,10095.26
13490.57,10454.83,10095.26
13467.67,10454.83,10095.26
13457.84,10454.83,10095.26
13500.22,10454.83,10095.26
13598.77,10454.83,10095.26
13716.96,10454.83,10095.26
13844.93,10454.83,10111.05
13972.47,10454.83,10116.33
14127.71,10454.83,10118.98
14305.74,10454.83,10123.1
14524.98,10454.83,10138.92
14759.36,10454.83,10141.22
14963.74,10454.83,10141.22
15163.68,10454.83,10141.22
15385.37,10454.83,10141.22
15595.52,10454.83,10141.22
15810.55,10454.83,10141.22
16032.43,10454.83,10141.22
16246.99,10454.83,10141.22
16465.68,10454.83,10141.22
16699.28,10454.83,10141.22
16945.93,10454.83,10141.22
17184.48,10454.83,10141.22
17429.42,10454.83,10141.22
17684.16,10454.83,10141.22
17907.57,10454.83,10141.22
18120.53,10454.83,10141.22
18376.23,10454.83,10141.22
18653.45,10454.83,10141.22
18989.06,10454.83,10152.45
19333.01,10454.83,10171.24
19685.88,10454.83,10195.13
20034.9,10454.83,10214.4
20387.95,10454.83,10240.66
20729.25,10454.83,10262.01
21045.86,10454.83,10262.01
21331.42,10454.83,10262.01
21606.39,10454.83,10262.01
21875.89,10454.83,10262.01
22154.04,10454.83,10262.01
22423.61,10454.83,10262.01
22691.12,10454.83,10262.01
22956.57,10454.83,10262.01
23239.13,10454.83,10262.01
23481.4,10454.83,10262.01
23698.38,10454.83,10262.01
23906.69,10454.83,10262.01
24107.52,10454.83,10262.01
24285.93,10454.83,10262.01
24431.94,10454.83,10262.01
24546.48,10454.83,10262.01
24653.15,10454.83,10262.01
24762.98,10454.83,10262.01
24878.23,10454.83,10262.01
25003.13,10454.83,10262.01
25125.98,10454.83,10262.01
25210.93,10454.83,10262.01
25262.43,10454.83,10262.01
25275.39,10454.83,10262.01
25256.59,10454.83,10262.01
25245.81,10454.83,10262.01
25255.32,10454.83,10262.01
25272.739999999998,10454.83,10262.01
25301.39,10454.83,10262.01
25327.94,10454.83,10262.01
25331.91,10454.83,10262.01
25319.69,10454.83,10262.01
25293.74,10454.83,10262.01
25241.51,10454.83,10262.01
25178.08,10454.83,10262.01
25097.36,10454.83,10262.01
25009.84,10454.83,10262.01
24911.36,10454.83,10262.01
24829.9,10454.83,10262.01
24740.1,10454.83,10262.01
24628.83,10454.83,10262.01
24512.55,10454.83,10262.01
24374.55,10454.83,10262.01
24228.06,10454.83,10262.01
24098.98,10454.83,10262.01
23996.51,10454.83,10262.01
23912.78,10454.83,10261.15
23854.12,10454.83,10261.15
23827.27,10454.83,10261.15
23821.62,10454.83,10261.15
23821.16,10454.83,10261.15
23807.11,10454.83,10261.15
23773.42,10454.83,10261.15
23713.38,10454.83,10261.15
23608.1,10454.83,10261.15
23500.19,10454.83,10261.15
23365.82,10454.83,10261.15
23227.32,10454.83,10261.15
23088.28,10454.83,10261.15
22947.7,10454.83,10261.15
22821.920000000002,10454.83,10261.15
22735.91,10454.83,10261.15
22690.11,10454.83,10261.15
22676.95,10454.83,10261.15
22700.75,10454.83,10261.15
22735.99,10454.83,10261.15
22787.79,10454.83,10261.15
22843.760000000002,10454.83,10261.15
22891.35,10454.83,10261.15
22949.670000000002,10454.83,10261.15
23034.97,10454.83,10261.15
23133.760000000002,10454.83,10261.15
23247.44,10454.83,10261.15
23359.38,10454.83,10261.15
23452.07,10454.83,10261.15
23511.760000000002,10454.83,10261.15
23549.66,10454.83,10261.15
23573.98,10454.83,10261.15
23607.09,10454.83,10261.15
23662.71,10454.83,10261.15
23713.21,10454.83,10261.15
23767.670000000002,10454.83,10261.15
23823.43,10454.83,10261.15
23881.61,10454.83,10261.15
23926.44,10454.83,10261.15
23972.53,10454.83,10261.15
24012.14,10454.83,10261.15
24060.89,10454.83,10261.15
24132.510000000002,10454.83,10261.15
24211.71,10454.83,10261.15
24314.53,10454.83,10261.15
24427.35,10454.83,10261.15
24516.65,10454.83,10261.15
24581.98,10454.83,10261.15
24636.96,10454.83,10261.15
24678.54,10454.83,10261.15
24685.27,10454.83,10261.15
24692.95,10454.83,10261.15
24703.1,10454.83,10261.15
24726.9,10454.83,10261.15
24770.14,10454.83,10261.15
24833.61,10454.83,10261.15
24920.14,10454.83,10261.15
25018.97,10454.83,10261.15
25129.43,10454.83,10261.15
25251.27,10454.83,10261.15
25378.96,10454.83,10261.15
25527.91,10454.83,10261.15
25673.28,10454.83,10261.15
25787.58,10454.83,10261.15
25880.07,10454.83,10261.15
25954.04,10454.83,10261.15
26013.82,10454.83,10261.15
26080.11,10454.83,10261.15
26142.14,10454.83,10261.15
26202.07,10454.83,10261.15
26263.43,10454.83,10261.15
26316.0,10454.83,10261.15
26354.33,10454.83,10261.15
26379.29,10454.83,10261.15
26378.93,10454.83,10261.15
26360.35,10454.83,10261.15
26346.06,10454.83,10261.15
26334.31,10454.83,10261.15
26322.04,10454.83,10261.15
26316.88,10454.83,10261.15
26317.04,10454.83,10261.15
26313.64,10454.83,10261.15
26329.36,10454.83,10261.15
26344.26,10454.83,10261.15
26382.21,10454.83,10261.15
26426.01,10454.83,10261.15
26476.02,10454.83,10261.15
26525.09,10454.83,10261.15
26567.079999999998,10454.83,10261.15
26601.63,10454.83,10261.15
26629.81,10454.83,10261.15
26652.44,10454.83,10261.15
26665.75,10454.83,10261.15
26674.89,10454.83,10261.15
26681.37,10454.83,10261.15
26682.489999999998,10454.83,10261.15
26678.8,10454.83,10261.15
26669.56,10454.83,10261.15
26663.81,10454.83,10261.15
26647.93,10454.83,10261.15
26631.59,10454.83,10261.15
26606.0,10454.83,10261.15
26568.28,10454.83,10261.15
26522.77,10454.83,10261.15
26475.1,10454.83,10261.15
26429.74,10454.83,10261.15
26368.68,10454.83,10261.15
26305.56,10454.83,10261.15
26243.74,10454.83,10261.15
26169.54,10454.83,10261.15
26093.11,10454.83,10261.15
26014.5,10454.83,10261.15
25910.22,10454.83,10261.15
25776.84,10454.83,10261.15
25599.47,10454.83,10261.15
25366.29,10454.83,10261.15
25116.77,10454.83,10261.15
24873.45,10454.83,10261.15
24645.65,10454.83,10261.15
24436.82,10454.83,10261.15
24227.14,10454.83,10261.15
24013.48,10454.83,10261.15
23831.09,10454.83,10261.15
23669.75,10454.83,10261.15
23511.46,10454.83,10261.15
23353.06,10454.83,10261.15
23188.55,10454.83,10261.15
23027.27,10454.83,10261.15
22886.65,10454.83,10261.15
22748.37,10454.83,10261.15
22607.36,10454.83,10261.15
22465.66,10454.83,10261.15
22287.05,10454.83,10261.15
22109.33,10454.83,10261.15
21946.16,10454.83,10261.15
21793.82,10454.83,10261.15
21655.69,10454.83,10261.15
21533.84,10454.83,10261.15
21422.2,10454.83,10261.15
21310.9,10454.83,10261.15
21213.84,10454.83,10261.15
21137.04,10454.83,10261.15
21083.37,10454.83,10261.15
21026.86,10454.83,10261.15
20967.45,10454.83,10261.15
20908.49,10454.83,10261.15
20854.66,10454.83,10255.89
20822.66,10454.83,10255.89
20814.8,10454.83,10255.89
20820.75,10454.83,10244.79
20819.670000000002,10454.83,10226.25
20818.670000000002,10454.83,10202.72
20828.83,10454.83,10175.18
20858.11,10454.83,10143.14
20905.510000000002,10454.83,10113.81
20963.79,10454.83,10096.1
21011.36,10454.83,10084.83
21074.34,10454.83,10084.83
21125.89,10454.83,10084.83
21183.29,10454.83,10084.83
21265.7,10454.83,10084.83
21375.51,10454.83,10080.8
21545.41,10454.83,10047.22
21769.33,10454.83,10026.27
21994.44,10454.83,10005.13
22217.57,10454.83,9987.83
22418.73,10454.83,9987.49
22601.47,10454.83,9985.48
22793.58,10454.83,9985.48
22984.61,10454.83,9985.48
23144.23,10454.83,9985.48
23281.42,10454.83,9985.48
23411.76,10454.83,9985.48
23542.04,10454.83,9985.48
23682.73,10454.83,9985.48
23829.56,10454.83,9966.89
23970.72,10454.83,9966.39
24120.93,10454.83,9966.39
24275.27,10454.83,9966.39
24439.11,10454.83,9966.39
24621.56,10454.83,9966.39
24804.89,10454.83,9966.39
24971.47,10454.83,9966.39
25115.74,10454.83,9966.39
25246.71,10454.83,9966.39
25365.93,10454.83,9966.39
25508.89,10454.83,9966.39
25661.8,10454.83,9966.39
25805.75,10454.83,9966.39
25922.69,10454.83,9966.39
26022.9,10454.83,9966.39
26121.19,10454.83,9966.39
26214.91,10454.83,9966.39
26286.78,10454.83,9966.39
26336.32,10454.83,9966.39
26371.0,10454.83,9966.39
26372.8,10454.83,9966.39
26346.57,10454.83,9966.39
26317.95,10454.83,9966.39
26266.79,10454.83,9966.39
26176.49,10454.83,9966.39
26038.54,10454.83,9966.39
25868.45,10454.83,9966.39
25682.0,10454.83,9966.39
25504.67,10454.83,9966.39
25317.61,10454.83,9966.39
25155.74,10454.83,9966.39
25001.68,10454.83,9966.39
24813.329999999998,10454.83,9966.39
24609.47,10454.83,9966.39
24357.74,10454.83,9949.99
24086.06,10454.83,9905.13
23799.69,10454.83,9862.34
23517.63,10454.83,9824.59
23217.99,10454.83,9792.05
22925.66,10454.83,9763.72
22624.03,10454.83,9731.67
22348.77,10454.83,9706.22
22125.89,10454.83,9706.22
21924.13,10454.83,9706.22
21704.5,10454.83,9706.22
21470.25,10454.83,9706.22
21229.28,10454.83,9706.22
20990.57,10454.83,9706.22
20732.1,10454.83,9706.22
20445.38,10454.83,9706.22
20162.43,10454.83,9706.22
19880.21,10454.83,9706.22
19604.92,10454.83,9706.22
19331.21,10454.83,9706.22
19061.7,10454.83,9706.22
18817.97,10454.83,9706.22
18601.61,10454.83,9706.22
18402.6,10454.83,9706.22
18177.329999999998,10454.83,9706.22
17969.14,10454.83,9706.22
17739.9,10454.83,9706.22
17550.4,10454.83,9706.22
17338.04,10454.83,9706.22
17079.28,10454.83,9706.22
16785.42,10454.83,9706.22
16512.14,10454.83,9706.22
16275.85,10454.83,9706.22
16062.98,10454.83,9706.22
15850.06,10454.83,9706.22
15618.94,10454.83,9706.22
15393.31,10454.83,9706.22
15213.27,10454.83,9706.22
15071.48,10454.83,9706.22
14936.02,10454.83,9706.22
14823.06,10454.83,9706.22
14743.58,10454.83,9706.22
14661.83,10454.83,9706.22
14573.59,10454.83,9706.22
14461.78,10454.83,9706.22
14334.91,10454.83,9706.22
14241.51,10454.83,9706.22
14166.619999999999,10454.83,9706.22
14104.07,10454.83,9706.22
14040.81,10454.83,9706.22
13988.15,10454.83,9706.22
13929.53,10454.83,9706.22
13895.74,10454.83,9706.22
13860.72,10454.83,9706.22
13823.67,10454.83,9706.22
13777.039999999999,10454.83,9706.22
13699.99,10454.83,9706.22
13597.73,10454.83,9706.22
13515.68,10454.83,9706.22
13460.2,10454.83,9706.22
13417.55,10454.83,9706.22
13371.13,10454.83,9706.22
13338.92,10454.83,9706.22
13325.84,10454.83,9706.22
13299.3,10454.83,9706.22
13273.49,10454.83,9706.22
13265.67,10454.83,9706.22
13248.44,10454.83,9706.22
13210.06,10454.83,9706.22
13135.0,10454.83,9706.22
13011.52,10454.83,9706.22
12859.56,10454.83,9706.22
12676.119999999999,10454.83,9706.22
12474.84,10454.83,9706.22
12312.17,10454.83,9706.22
12113.25,10454.83,9706.22
11924.96,10454.83,9706.22
11788.07,10454.83,9706.22
11692.69,10454.83,9706.22
11617.41,10454.83,9706.22
11526.55,10454.83,9706.22
11403.77,10454.83,9706.22
11317.41,10454.83,9706.22
11240.93,10454.83,9706.22
11164.94,10454.83,9706.22
11050.26,10454.83,9706.22
10921.86,10454.83,9706.22
10831.19,10454.83,9706.22
10752.32,10454.83,9706.22
10647.92,10454.83,9706.22
10568.56,10454.83,9706.22
10501.84,10454.83,9706.22
10464.04,10454.83,9706.22
10454.83,10454.83,9706.22
10470.49,10470.49,9706.22
10492.87,10492.87,9706.22
10536.86,10536.86,9706.22
10612.57,10612.57,9706.22
10682.95,10682.95,9709.17
10761.619999999999,10761.62,9711.48
10869.58,10869.58,9712.77
10960.11,10960.11,9712.77
11045.75,11045.75,9714.37
11131.56,11131.56,9714.37
11218.97,11218.97,9714.37
11316.960000000001,11316.96,9718.49
11376.62,11376.62,9724.41
11398.29,11398.29,9724.41
11409.45,11409.45,9724.41
11432.54,11426.83,9724.41
11434.710000000001,11426.83,9724.41
11426.83,11426.83,9725.49
11431.66,11431.66,9735.34
11460.22,11460.22,9740.4
11481.16,11481.16,9740.4
11527.75,11527.75,9740.4
11615.3,11615.3,9740.4
11736.0,11736.0,9740.4
11909.97,11909.97,9753.35
12112.43,11994.07,9777.82
12354.99,11994.07,9831.96
12616.27,11994.07,9884.17
12869.5,11994.07,9921.24
13133.23,11994.07,9963.69
13415.82,11994.07,10018.45
13720.05,11994.07,10074.02
14039.88,11994.07,10129.81
14362.66,11994.07,10166.06
14699.0,11994.07,10197.01
15063.73,11994.07,10236.02
15404.0,11994.07,10252.49
15761.84,11994.07,10300.12
16121.5,11994.07,10359.42
16493.29,11994.07,10438.77
16862.35,11994.07,10523.03
17213.69,11994.07,10591.0
17542.75,11994.07,10658.05
17873.45,11994.07,10728.47
18182.4,11994.07,10768.3
18495.93,11994.07,10796.91
18791.08,11994.07,10801.48
19064.88,11994.07,10801.48
19321.85,11994.07,10801.48
19569.71,11994.07,10801.48
19811.94,11994.07,10801.48
20036.55,11994.07,10801.48
20276.56,11994.07,10801.48
20496.87,11994.07,10801.48
20673.920000000002,11994.07,10801.48
20866.13,11994.07,10801.48
21077.84,11994.07,10801.48
21294.1,11994.07,10801.48
21504.14,11994.07,10801.48
21714.61,11994.07,10801.48
21964.08,11994.07,10801.48
22236.86,11994.07,10801.48
22517.9,11994.07,10810.04
22798.52,11994.07,10810.04
23099.48,11994.07,10831.18
23422.26,11994.07,10865.54
23734.25,11994.07,10895.48
24015.21,11994.07,10896.42
24283.09,11994.07,10896.42
24523.12,11994.07,10896.42
24746.31,11994.07,10896.42
24966.84,11994.07,10896.42
25149.51,11994.07,10896.42
25308.09,11994.07,10896.42
25444.84,11994.07,10896.42
25553.79,11994.07,10896.42
25650.12,11994.07,10896.42
25735.58,11994.07,10896.42
25809.63,11994.07,10896.42
25861.92,11994.07,10896.42
25893.82,11994.07,10896.42
25916.37,11994.07,10896.42
25921.03,11994.07,10896.42
25909.239999999998,11994.07,10896.42
25886.51,11994.07,10896.42
25858.96,11994.07,10896.42
25828.8,11994.07,10896.42
25798.78,11994.07,10896.42
25776.78,11994.07,10896.42
25755.7,11994.07,10896.42
25761.95,11994.07,10896.42
25770.079999999998,11994.07,10896.42
25767.77,11994.07,10896.42
25753.6,11994.07,10896.42
25738.78,11994.07,10896.42
25723.809999999998,11994.07,10896.42
25706.25,11994.07,10896.42
25682.14,11994.07,10896.42
25655.19,11994.07,10896.42
25630.95,11994.07,10896.42
25590.87,11994.07,10896.42
25581.11,11994.07,10896.42
25596.92,11994.07,10896.42
25592.94,11994.07,10896.42
25570.03,11994.07,10896.42
25536.65,11994.07,10896.42
25505.239999999998,11994.07,10896.42
25500.89,11994.07,10896.42
25511.2,11994.07,10896.42
25533.71,11994.07,10896.42
25541.18,11994.07,10896.42
25539.03,11994.07,10896.42
25540.71,11994.07,10896.42
25498.92,11994.07,10896.42
25412.23,11994.07,10896.42
25321.72,11994.07,10896.42
25204.489999999998,11994.07,10896.42
25084.41,11994.07,10896.42
24935.73,11994.07,10896.42
24735.88,11994.07,10896.42
24514.06,11994.07,10896.42
24286.61,11994.07,10896.42
24061.51,11994.07,10896.42
23824.47,11994.07,10896.42
23587.329999999998,11994.07,10896.42
23359.81,11994.07,10896.42
23106.77,11994.07,10896.42
22858.22,11994.07,10896.42
22634.85,11994.07,10896.42
22441.06,11994.07,10896.42
22288.57,11994.07,10896.42
22163.05,11994.07,10896.42
22053.83,11994.07,10896.42
21937.63,11994.07,10896.42
21830.39,11994.07,10896.42
21745.94,11994.07,10896.42
21677.95,11994.07,10896.42
21615.62,11994.07,10896.42
21544.05,11994.07,10896.42
21470.31,11994.07,10896.42
21413.59,11994.07,10896.42
21346.88,11994.07,10896.42
21276.21,11994.07,10896.42
21226.12,11994.07,10896.42
21168.62,11994.07,10896.42
21114.05,11994.07,10896.42
21060.06,11994.07,10896.42
20984.53,11994.07,10896.42
20916.36,11994.07,10896.42
20837.78,11994.07,10896.42
20741.3,11994.07,10896.42
20651.35,11994.07,10896.42
20538.65,11994.07,10896.42
20449.96,11994.07,10896.42
20379.58,11994.07,10896.42
20287.34,11994.07,10896.42
20164.43,11994.07,10896.42
20043.32,11994.07,10896.42
19945.19,11994.07,10896.42
19847.29,11994.07,10896.42
19726.99,11994.07,10896.42
19625.63,11994.07,10896.42
19568.94,11994.07,10896.42
19485.65,11994.07,10896.42
19418.31,11994.07,10896.42
19346.3,11994.07,10896.42
19275.13,11994.07,10896.42
19223.98,11994.07,10896.42
19215.08,11994.07,10896.42
19243.61,11994.07,10896.42
19255.73,11994.07,10896.42
19266.44,11994.07,10896.42
19273.63,11994.07,10896.42
19247.49,11994.07,10896.42
19255.31,11994.07,10896.42
19232.08,11994.07,10896.42
19164.77,11994.07,10896.42
19063.04,11994.07,10896.42
18977.5,11994.07,10896.42
18855.05,11994.07,10896.42
18725.54,11994.07,10896.42
18630.02,11994.07,10896.42
18543.17,11994.07,10896.42
18438.62,11994.07,10896.42
18311.85,11994.07,10896.42
18174.3,11994.07,10896.42
18008.73,11994.07,10896.42
17841.47,11994.07,10896.42
17662.64,11994.07,10896.42
17487.46,11994.07,10896.42
17319.86,11994.07,10896.42
17141.32,11994.07,10896.42
16980.23,11994.07,10896.42
16834.34,11994.07,10896.42
16689.72,11994.07,10896.42
16587.09,11994.07,10896.42
16546.99,11994.07,10896.42
16501.08,11994.07,10896.42
16462.15,11994.07,10896.42
16450.79,11994.07,10896.42
16514.81,11994.07,10896.42
16601.54,11994.07,10896.42
16699.26,11994.07,10896.42
16832.06,11994.07,10896.42
17001.68,11994.07,10896.42
17152.2,11994.07,10896.42
17276.87,11994.07,10896.42
17391.07,11994.07,10896.42
17528.54,11994.07,10896.42
17677.8,11994.07,10896.42
17838.12,11994.07,10896.42
18032.44,11994.07,10896.42
18225.03,11994.07,10896.42
18421.64,11994.07,10896.42
18629.62,11994.07,10896.42
18851.21,11994.07,10896.42
19036.87,11994.07,10896.42
19184.45,11994.07,10896.42
19358.26,11994.07,10896.42
19548.21,11994.07,10896.42
19753.44,11994.07,10896.42
19997.73,11994.07,10896.42
20246.31,11994.07,10896.42
20544.51,11994.07,10896.42
20874.44,11994.07,10903.87
21199.51,11994.07,10903.87
21465.15,11994.07,10903.87
21738.88,11994.07,10903.87
22016.78,11994.07,10903.87
22272.69,11994.07,10903.87
22512.6,11994.07,10903.87
22760.96,11994.07,10903.87
23017.4,11994.07,10903.87
23288.68,11994.07,10903.87
23597.08,11994.07,10903.87
23907.32,11994.07,10903.87
24202.95,11994.07,10903.87
24501.96,11994.07,10903.87
24805.64,11994.07,10903.87
25096.19,11994.07,10903.87
25373.99,11994.07,10903.87
25638.4,11994.07,10903.87
25906.54,11994.07,10903.87
26151.8,11994.07,10903.87
26346.76,11994.07,10903.87
26540.4,11994.07,10903.87
26733.83,11994.07,10903.87
26915.04,11994.07,10903.87
27051.91,11994.07,10903.87
27144.56,11994.07,10903.87
27188.37,11994.07,10903.87
27188.74,11994.07,10903.87
27158.89,11994.07,10903.87
27133.78,11994.07,10903.87
27123.61,11994.07,10903.87
27121.9,11994.07,10903.87
27129.73,11994.07,10903.87
27135.67,11994.07,10903.87
27145.49,11994.07,10903.87
27150.04,11994.07,10903.87
27165.2,11994.07,10903.87
27187.23,11994.07,10903.87
27223.57,11994.07,10903.87
27264.17,11994.07,10903.87
27321.16,11994.07,10903.87
27388.28,11994.07,10903.87
27455.06,11994.07,10903.87
27528.72,11994.07,10903.87
27596.579999999998,11994.07,10903.87
27651.38,11994.07,10903.87
27689.77,11994.07,10903.87
27701.18,11994.07,10903.87
27703.44,11994.07,10903.87
27707.79,11994.07,10903.87
27697.42,11994.07,10903.87
27686.03,11994.07,10903.87
27671.26,11994.07,10903.87
27671.989999999998,11994.07,10903.87
27682.02,11994.07,10903.87
27685.75,11994.07,10903.87
27684.73,11994.07,10903.87
27670.88,11994.07,10903.87
27649.88,11994.07,10903.87
27632.52,11994.07,10903.87
27625.26,11994.07,10903.87
27612.44,11994.07,10903.87
27588.51,11994.07,10903.87
27570.27,11994.07,10903.87
27548.79,11994.07,10903.87
27526.68,11994.07,10903.87
27507.27,11994.07,10903.87
27484.33,11994.07,10903.87
27443.72,11994.07,10903.87
27382.96,11994.07,10903.87
27285.94,11994.07,10903.87
27173.7,11994.07,10903.87
27032.32,11994.07,10903.87
26883.36,11994.07,10903.87
26761.07,11994.07,10903.87
26673.81,11994.07,10903.87
26606.06,11994.07,10903.87
26561.35,11994.07,10903.87
26536.28,11994.07,10903.87
26512.2,11994.07,10903.87
26458.64,11994.07,10903.87
26372.99,11994.07,10903.87
26225.0,11994.07,10903.87
26055.58,11994.07,10903.87
25869.42,11994.07,10903.87
25692.77,11994.07,10903.87
25490.04,11994.07,10903.87
25262.53,11994.07,10903.87
25015.3,11994.07,10903.87
24761.45,11994.07,10903.87
24475.72,11994.07,10903.87
24180.89,11994.07,10903.87
23864.53,11994.07,10903.87
23539.35,11994.07,10903.87
23207.95,11994.07,10903.87
22877.329999999998,11994.07,10903.87
22549.84,11994.07,10903.87
22211.83,11994.07,10903.87
21881.95,11994.07,10903.87
21566.32,11994.07,10903.87
21257.98,11994.07,10903.87
20919.84,11994.07,10903.87
20574.49,11994.07,10903.87
20222.78,11994.07,10903.87
19866.46,11994.07,10903.87
19508.38,11994.07,10903.87
19152.53,11994.07,10903.87
18803.04,11994.07,10903.87
18457.92,11994.07,10903.87
18127.63,11994.07,10903.87
17803.95,11994.07,10903.87
17478.11,11994.07,10903.87
17150.51,11994.07,10903.87
16812.82,11994.07,10903.87
16445.89,11994.07,10903.87
16099.18,11994.07,10903.87
15770.22,11994.07,10903.87
15462.92,11994.07,10903.87
15205.6,11994.07,10903.87
14959.74,11994.07,10903.87
14746.57,11994.07,10903.87
14546.57,11994.07,10903.87
14350.86,11994.07,10903.87
14136.53,11994.07,10903.87
13911.09,11994.07,10903.87
13657.18,11994.07,10903.87
13375.13,11994.07,10903.87
13063.01,11994.07,10903.87
12785.56,11994.07,10903.87
12557.13,11994.07,10903.87
12387.23,11994.07,10903.87
12265.93,11994.07,10903.87
12166.74,11994.07,10903.87
12074.21,11994.07,10903.87
12022.09,11994.07,10903.87
12007.03,11994.07,10903.87
11994.07,11994.07,10903.87
12031.52,12031.52,10903.87
12117.49,12117.49,10903.87
12197.54,12197.54,10903.87
12266.13,12266.13,10903.87
12329.75,12329.75,10903.87
12414.82,12414.82,10908.17
12529.55,12529.55,10915.95
12681.67,12681.67,10925.1
12869.22,12869.22,10940.38
13103.28,13103.28,10964.57
13351.22,13351.22,10973.82
13573.82,13573.82,10979.53
13812.87,13812.87,11012.79
14041.19,14041.19,11065.84
14224.96,14224.96,11128.37
14405.81,14405.81,11205.24
14567.97,14567.97,11287.83
14703.82,14703.82,11378.25
14810.88,14787.21,11460.67
14897.37,14787.21,11545.83
14963.38,14787.21,11620.02
15008.46,14787.21,11685.6
15042.210000000001,14787.21,11756.68
15051.77,14787.21,11833.84
15054.84,14787.21,11930.63
15067.72,14787.21,12057.93
15040.31,14787.21,12173.71
15015.57,14787.21,12290.15
14991.75,14787.21,12407.01
14956.27,14787.21,12507.64
14926.74,14787.21,12615.86
14886.65,14787.21,12719.55
14845.9,14787.21,12818.65
14814.93,14787.21,12899.55
14801.15,14787.21,12974.75
14792.41,14787.21,13052.11
14787.210000000001,14787.21,13141.2
14793.99,14793.99,13244.47
14834.94,14834.94,13379.53
14860.36,14860.36,13498.05
14886.380000000001,14886.38,13607.09
14933.380000000001,14933.38,13715.73
14982.59,14982.59,13801.7
15045.8,15045.8,13875.54
15097.69,15097.69,13931.16
15147.95,15147.95,13963.33
15202.5,15202.5,13979.77
15288.57,15288.57,14017.99
15337.43,15337.43,14017.99
15391.75,15391.75,14017.99
15494.3,15494.3,14017.99
15649.2,15649.2,14039.6
15815.43,15815.43,14077.52
15971.12,15971.12,14107.87
16107.06,16107.06,14112.79
16217.12,16217.12,14112.79
16311.69,16311.69,14112.79
16370.87,16370.87,14112.79
16404.33,16404.33,14112.79
16443.63,16443.63,14112.79
16486.86,16486.86,14112.79
16547.47,16547.47,14112.79
16653.24,16653.24,14112.79
16763.34,16763.34,14112.79
16887.88,16887.88,14112.79
17041.86,17041.86,14135.87
17236.23,17236.23,14179.25
17460.36,17460.36,14242.61
17699.02,17699.02,14315.17
17959.6,17959.6,14400.8
18237.18,18237.18,14497.38
18541.75,18541.75,14621.88
18864.25,18864.25,14769.82
19207.92,19141.26,14938.46
19586.13,19141.26,15137.39
19961.16,19141.26,15334.43
20325.77,19141.26,15527.9
20684.85,19141.26,15717.08
21047.44,19141.26,15903.59
21413.62,19141.26,16096.01
21779.32,19141.26,16281.99
22122.98,19141.26,16440.29
22450.05,19141.26,16574.3
22770.53,19141.26,16705.96
23099.15,19141.26,16846.04
23421.18,19141.26,16987.16
23728.329999999998,19141.26,17124.79
24021.4,19141.26,17262.05
24285.72,19141.26,17387.9
24522.52,19141.26,17489.7
24732.04,19141.26,17567.4
24910.45,19141.26,17616.81
25085.0,19141.26,17659.73
25240.96,19141.26,17680.34
25381.21,19141.26,17680.34
25509.91,19141.26,17680.34
25644.63,19141.26,17680.34
25759.01,19141.26,17680.34
25830.3,19141.26,17680.34
25881.82,19141.26,17680.34
25938.5,19141.26,17680.34
25993.95,19141.26,17680.34
26044.15,19141.26,17680.34
26082.26,19141.26,17680.34
26103.46,19141.26,17680.34
26120.9,19141.26,17680.34
26123.55,19141.26,17680.34
26115.43,19141.26,17680.34
26081.28,19141.26,17680.34
26029.23,19141.26,17680.34
25982.15,19141.26,17680.34
25935.93,19141.26,17680.34
25861.84,19141.26,17680.34
25753.0,19141.26,17680.34
25615.95,19141.26,17680.34
25470.02,19141.26,17680.34
25351.25,19141.26,17680.34
25219.95,19141.26,17680.34
25083.96,19141.26,17680.34
24968.16,19141.26,17680.34
24865.97,19141.26,17680.34
24775.45,19141.26,17680.34
24664.91,19141.26,17680.34
24546.02,19141.26,17680.34
24436.08,19141.26,17680.34
24315.58,19141.26,17680.34
24177.08,19141.26,17680.34
24057.67,19141.26,17680.34
23944.33,19141.26,17680.34
23836.31,19141.26,17680.34
23712.46,19141.26,17680.34
23566.61,19141.26,17680.34
23412.02,19141.26,17680.34
23252.37,19141.26,17680.34
23101.510000000002,19141.26,17680.34
22984.77,19141.26,17680.34
22906.99,19141.26,17680.34
22818.420000000002,19141.26,17680.34
22730.2,19141.26,17680.34
22655.33,19141.26,17680.34
22549.13,19141.26,17680.34
22439.7,19141.26,17680.34
22319.71,19141.26,17680.34
22198.97,19141.26,17680.34
22035.48,19141.26,17680.34
21856.35,19141.26,17680.34
21690.53,19141.26,17680.34
21530.15,19141.26,17663.39
21382.02,19141.26,17627.66
21243.77,19141.26,17590.85
21109.26,19141.26,17538.12
20991.54,19141.26,17471.95
20910.61,19141.26,17392.25
20829.36,19141.26,17327.86
20747.25,19141.26,17280.84
20665.27,19141.26,17235.07
20603.49,19141.26,17185.87
20571.27,19141.26,17126.3
20519.47,19141.26,17065.54
20478.72,19141.26,17014.17
20479.1,19141.26,16961.86
20514.95,19141.26,16912.14
20557.5,19141.26,16860.07
20591.58,19141.26,16830.17
20586.86,19141.26,16774.45
20579.03,19141.26,16695.47
20566.25,19141.26,16600.75
20523.87,19141.26,16514.06
20469.14,19141.26,16400.8
20399.12,19141.26,16286.55
20344.34,19141.26,16154.99
20298.22,19141.26,16015.79
20237.02,19141.26,15867.44
20168.09,19141.26,15729.89
20104.5,19141.26,15598.37
20028.54,19141.26,15464.01
19980.28,18847.01,15329.05
19957.9,18512.5,15210.91
19963.24,18190.24,15095.35
19990.74,17881.19,14991.54
20001.9,17553.12,14869.3
20013.66,17230.76,14753.22
20032.58,16911.67,14640.82
20044.55,16570.57,14512.55
20039.83,16201.03,14357.62
20035.61,15855.36,14216.71
20020.56,15557.23,14124.95
19989.45,15316.15,14085.58
19984.56,15099.53,14061.27
19978.75,14915.75,14061.27
19992.4,14737.14,14061.27
20015.37,14583.81,14061.27
20067.66,14484.61,14061.27
20123.02,14429.33,14061.27
20155.31,14385.1,14061.27
20175.32,14338.72,14050.34
20179.22,14267.7,13996.14
20162.38,14158.26,13902.3
20144.13,14052.89,13796.76
20108.66,13974.8,13703.64
20050.83,13905.54,13605.46
20021.51,13808.53,13495.02
20019.18,13705.92,13395.32
20045.44,13619.11,13315.79
20091.5,13532.41,13232.34
20131.32,13451.05,13143.45
20194.93,13380.03,13065.52
20229.9,13295.53,12983.42
20259.34,13221.59,12911.53
20278.23,13163.97,12859.43
20288.79,13130.08,12826.81
20311.12,13119.26,12826.81
20351.25,13119.26,12826.81
20393.82,13119.26,12826.81
20453.66,13119.26,12826.81
20518.89,13119.26,12826.81
20593.44,13119.26,12826.81
20660.94,13119.26,12826.81
20694.0,13119.26,12826.81
20711.85,13119.26,12826.81
20729.3,13119.26,12826.81
20751.12,13119.26,12826.81
20770.25,13119.26,12826.81
20764.32,13119.26,12826.81
20727.79,13119.26,12826.81
20661.35,13119.26,12826.81
20579.63,13119.26,12826.81
20494.32,13119.26,12826.81
20417.05,13119.26,12826.81
20363.34,13119.26,12826.81
20306.19,13119.26,12826.81
20207.14,13119.26,12826.81
20080.56,13119.26,12826.81
19953.66,13119.26,12826.81
19841.08,13119.26,12826.81
19753.2,13119.26,12826.81
19681.25,13119.26,12826.81
19618.04,13119.26,12826.81
19536.03,13119.26,12826.81
19429.81,13119.26,12826.81
19330.99,13119.26,12826.81
19271.07,13119.26,12826.81
19238.94,13119.26,12826.81
19216.2,13119.26,12826.81
19200.44,13119.26,12826.81
19192.13,13119.26,12826.81
19192.77,13119.26,12826.81
19199.18,13119.26,12826.81
19207.25,13119.26,12826.81
19184.49,13119.26,12826.81
19159.1,13119.26,12826.81
19141.26,13119.26,12826.81
19146.55,13119.26,12826.81
19169.1,13119.26,12826.81
19193.03,13119.26,12826.81
19241.15,13119.26,12826.81
19287.44,13119.26,12826.81
19329.74,13119.26,12826.81
19379.99,13119.26,12826.81
19436.79,13119.26,12826.81
19492.06,13119.26,12826.81
19558.78,13119.26,12826.81
19617.17,13119.26,12826.81
19685.15,13119.26,12826.81
19738.13,13119.26,12826.81
19790.0,13119.26,12826.81
19889.5,13119.26,12826.81
20017.87,13119.26,12826.81
20165.07,13119.26,12826.81
20321.3,13119.26,12826.81
20473.89,13119.26,12826.81
20648.85,13119.26,12826.81
20817.8,13119.26,12826.81
20992.37,13119.26,12826.81
21161.6,13119.26,12826.81
21321.6,13119.26,12826.81
21486.49,13119.26,12826.81
21632.22,13119.26,12826.81
21772.56,13119.26,12826.81
21943.05,13119.26,12826.81
22130.98,13119.26,12835.98
22335.63,13119.26,12858.02
22541.88,13119.26,12878.81
22730.77,13119.26,12882.13
22908.4,13119.26,12882.13
23075.93,13119.26,12882.13
23259.35,13119.26,12882.13
23463.37,13119.26,12882.13
23659.0,13119.26,12882.13
23820.98,13119.26,12882.13
23969.57,13119.26,12882.13
24105.59,13119.26,12882.13
24249.22,13119.26,12882.13
24403.89,13119.26,12882.13
24549.17,13119.26,12882.13
24695.16,13119.26,12882.13
24819.09,13119.26,12882.13
24939.64,13119.26,12882.13
25039.86,13119.26,12882.13
25123.3,13119.26,12882.13
25178.96,13119.26,12882.13
25213.06,13119.26,12882.13
25242.65,13119.26,12882.13
25269.12,13119.26,12882.13
25301.89,13119.26,12882.13
25346.76,13119.26,12882.13
25403.8,13119.26,12882.13
25466.46,13119.26,12882.13
25537.97,13119.26,12882.13
25601.63,13119.26,12882.13
25660.79,13119.26,12882.13
25713.32,13119.26,12882.13
25773.07,13119.26,12882.13
25843.47,13119.26,12882.13
25900.61,13119.26,12882.13
25945.31,13119.26,12882.13
25979.87,13119.26,12882.13
26011.99,13119.26,12852.99
26029.0,13119.26,12814.35
26021.65,13119.26,12786.67
25991.13,13119.26,12786.67
25951.84,13119.26,12786.67
25945.23,13119.26,12786.67
25959.78,13119.26,12786.67
25984.1,13119.26,12786.67
26010.16,13119.26,12786.67
26027.61,13119.26,12786.67
26038.53,13119.26,12786.67
26060.87,13119.26,12786.67
26110.5,13119.26,12786.67
26175.7,13119.26,12786.67
26240.07,13119.26,12786.67
26300.61,13119.26,12786.67
26358.49,13119.26,12786.67
26402.65,13119.26,12786.67
26435.38,13119.26,12786.67
26469.49,13119.26,12786.67
26503.13,13119.26,12786.67
26527.98,13119.26,12786.67
26554.7,13119.26,12786.67
26556.84,13119.26,12786.67
26552.39,13119.26,12786.67
26538.19,13119.26,12786.67
26501.14,13119.26,12786.67
26463.89,13119.26,12786.67
26428.17,13119.26,12786.67
26401.53,13119.26,12786.67
26384.92,13119.26,12786.67
26347.48,13119.26,12786.67
26287.36,13119.26,12786.67
26193.21,13119.26,12786.67
26072.63,13119.26,12786.67
25931.579999999998,13119.26,12786.67
25788.69,13119.26,12786.67
25675.64,13119.26,12786.67
25557.38,13119.26,12786.67
25425.89,13119.26,12786.67
25305.9,13119.26,12786.67
25201.91,13119.26,12786.67
25087.1,13119.26,12786.67
24964.41,13119.26,12786.67
24835.71,13119.26,12786.67
24685.68,13119.26,12786.67
24513.36,13119.26,12786.67
24338.57,13119.26,12786.67
24178.579999999998,13119.26,12786.67
24047.3,13119.26,12786.67
23957.64,13119.26,12786.67
23895.6,13119.26,12786.67
23853.56,13119.26,12786.67
23776.14,13119.26,12786.67
23702.65,13119.26,12786.67
23652.44,13119.26,12786.67
23621.69,13119.26,12786.67
23604.85,13119.26,12786.67
23601.77,13119.26,12786.67
23606.01,13119.26,12786.67
23578.97,13119.26,12766.57
23520.42,13119.26,12725.38
23465.13,13119.26,12694.13
23380.89,13119.26,12653.78
23274.82,13119.26,12582.41
23183.29,13119.26,12493.11
23080.65,13119.26,12410.01
22966.56,13119.26,12311.56
22852.24,13119.26,12192.26
22745.08,13119.26,12083.06
22663.44,13119.26,11968.75
22597.29,13119.26,11839.07
22526.69,13119.26,11734.31
22461.06,13119.26,11620.22
22407.52,13119.26,11503.12
22367.82,13119.26,11386.57
22372.8,13119.26,11315.87
22390.64,13119.26,11312.25
22400.57,13119.26,11312.25
22416.13,13119.26,11312.25
22424.94,13119.26,11304.85
22461.21,13119.26,11291.04
22537.08,13119.26,11268.17
22638.2,13119.26,11247.89
22744.95,13119.26,11222.65
22799.17,13119.26,11197.26
22831.12,13119.26,11196.44
22856.12,13119.26,11196.44
22877.7,13119.26,11196.44
22901.29,13119.26,11196.44
22945.32,13119.26,11196.44
22996.95,13119.26,11154.56
23054.71,13119.26,11143.46
23128.64,13119.26,11105.99
23221.6,13119.26,11071.79
23297.12,13119.26,11034.53
23357.37,13119.26,10975.34
23422.83,13119.26,10917.78
23479.37,13119.26,10888.14
23554.65,13116.69,10870.34
23619.82,12899.69,10870.34
23692.08,12787.84,10870.34
23751.65,12695.22,10870.34
23786.47,12657.19,10870.34
23802.37,12642.03,10870.34
23819.3,12642.03,10870.34
23820.68,12642.03,10870.34
23805.27,12642.03,10870.34
23792.76,12642.03,10870.34
23796.96,12642.03,10870.34
23793.49,12642.03,10870.34
23813.17,12642.03,10870.34
23863.36,12642.03,10870.34
23907.88,12642.03,10870.34
23963.51,12642.03,10870.34
24026.36,12642.03,10870.34
24090.9,12642.03,10870.34
24122.22,12642.03,10870.34
24097.65,12642.03,10870.34
24054.78,12642.03,10870.34
24005.95,12642.03,10870.34
23971.66,12642.03,10870.34
23944.48,12642.03,10870.34
23936.82,12642.03,10870.34
23897.26,12642.03,10870.34
23858.69,12642.03,10870.34
23845.99,12642.03,10870.34
23849.21,12642.03,10870.34
23877.93,12642.03,10870.34
23914.18,12642.03,10870.34
23946.34,12642.03,10870.34
23983.26,12642.03,10870.34
24028.03,12642.03,10870.34
24079.86,12642.03,10870.34
24138.36,12642.03,10870.34
24218.28,12642.03,10870.34
24301.91,12642.03,10870.34
24377.04,12642.03,10870.34
24451.86,12642.03,10870.34
24529.61,12642.03,10870.34
24609.06,12642.03,10870.34
24692.55,12642.03,10870.34
24782.59,12642.03,10870.34
24895.920000000002,12642.03,10870.34
25017.07,12642.03,10870.34
25130.74,12642.03,10870.34
25233.47,12642.03,10870.34
25305.85,12642.03,10870.34
25348.16,12642.03,10870.34
25361.38,12642.03,10870.34
25365.22,12642.03,10870.34
25362.98,12642.03,10870.34
25343.59,12642.03,10870.34
25299.5,12642.03,10870.34
25257.43,12642.03,10870.34
25208.670000000002,12642.03,10870.34
25163.98,12642.03,10870.34
25149.98,12642.03,10870.34
25164.34,12642.03,10870.34
25214.13,12642.03,10870.34
25247.16,12642.03,10870.34
25235.25,12642.03,10870.34
25193.85,12642.03,10870.34
25117.16,12642.03,10870.34
25005.61,12642.03,10870.34
24905.420000000002,12642.03,10870.34
24802.88,12642.03,10870.34
24707.5,12642.03,10870.34
24648.59,12642.03,10870.34
24607.21,12642.03,10870.34
24590.74,12642.03,10870.34
24546.94,12642.03,10870.34
24486.5,12642.03,10870.34
24436.25,12642.03,10870.34
24383.98,12642.03,10870.34
24331.010000000002,12642.03,10870.34
24259.63,12642.03,10870.34
24168.1,12642.03,10870.34
24066.37,12642.03,10870.34
23956.97,12642.03,10870.34
23844.3,12642.03,10870.34
23767.4,12642.03,10870.34
23721.2,12642.03,10870.34
23679.19,12642.03,10870.34
23638.510000000002,12642.03,10870.34
23591.0,12642.03,10870.34
23530.02,12642.03,10870.34
23456.84,12642.03,10870.34
23383.13,12642.03,10870.34
23296.37,12642.03,10870.34
23196.04,12642.03,10870.34
23083.36,12642.03,10870.34
22955.78,12642.03,10870.34
22839.62,12642.03,10870.34
22716.54,12642.03,10870.34
22603.54,12642.03,10870.34
22510.18,12642.03,10870.34
22451.56,12642.03,10870.34
22416.62,12642.03,10870.34
22396.69,12642.03,10870.34
22382.09,12642.03,10870.34
22379.86,12642.03,10870.34
22378.86,12642.03,10870.34
22407.63,12642.03,10870.34
22446.27,12642.03,10870.34
22449.69,12642.03,10870.34
22428.82,12642.03,10870.34
22375.33,12642.03,10870.34
22331.83,12642.03,10870.34
22341.25,12642.03,10870.34
22406.22,12642.03,10870.34
22516.85,12642.03,10870.34
22674.41,12642.03,10870.34
22837.8,12642.03,10870.34
23040.65,12642.03,10870.34
23269.73,12642.03,10870.34
23470.54,12642.03,10870.34
23650.95,12642.03,10870.34
23802.98,12642.03,10870.34
23927.77,12642.03,10870.34
24021.36,12642.03,10870.34
24082.55,12642.03,10870.34
24141.07,12642.03,10870.34
24203.96,12642.03,10870.34
24290.31,12642.03,10870.34
24373.27,12642.03,10870.34
24420.81,12642.03,10870.34
24460.26,12642.03,10870.34
24484.07,12642.03,10870.34
24486.46,12642.03,10870.34
24449.46,12642.03,10870.34
24373.9,12642.03,10870.34
24266.4,12642.03,10870.34
24152.62,12642.03,10870.34
24039.829999999998,12642.03,10870.34
23950.91,12642.03,10870.34
23860.44,12642.03,10870.34
23758.42,12642.03,10870.34
23665.4,12642.03,10870.34
23601.37,12642.03,10870.34
23566.36,12642.03,10870.34
23521.87,12642.03,10870.34
23495.91,12642.03,10870.34
23471.94,12642.03,10870.34
23463.86,12642.03,10870.34
23455.65,12642.03,10870.34
23430.45,12642.03,10870.34
23396.18,12642.03,10870.34
23375.25,12642.03,10870.34
23366.33,12642.03,10870.34
23367.83,12642.03,10870.34
23357.62,12642.03,10870.34
23326.66,12642.03,10870.34
23296.96,12642.03,10870.34
23281.61,12642.03,10870.34
23289.64,12642.03,10870.34
23302.61,12642.03,10870.34
23310.67,12642.03,10870.34
23315.98,12642.03,10870.34
23320.3,12642.03,10870.34
23315.89,12642.03,10870.34
23329.57,12642.03,10870.34
23345.73,12642.03,10870.34
23349.31,12642.03,10870.34
23356.56,12642.03,10870.34
23353.74,12642.03,10870.34
23352.49,12642.03,10870.34
23388.51,12642.03,10870.34
23462.010000000002,12642.03,10870.34
23535.03,12642.03,10870.34
23587.93,12642.03,10870.34
23624.91,12642.03,10870.34
23660.72,12642.03,10870.34
23722.05,12642.03,10870.34
23820.98,12642.03,10870.34
23924.92,12642.03,10870.34
24034.28,12642.03,10870.34
24138.2,12642.03,10870.34
24257.1,12642.03,10870.34
24396.85,12642.03,10870.34
24563.43,12642.03,10870.34
24734.89,12642.03,10870.34
24910.73,12642.03,10870.34
25070.98,12642.03,10870.34
25231.81,12642.03,10870.34
25419.58,12642.03,10870.34
25610.64,12642.03,10870.34
25786.41,12642.03,10870.34
25950.43,12642.03,10870.34
26111.93,12642.03,10870.34
26262.34,12642.03,10870.34
26404.34,12642.03,10870.34
26513.04,12642.03,10870.34
26599.77,12642.03,10870.34
26691.57,12642.03,10870.34
26783.89,12642.03,10870.34
26878.54,12642.03,10870.34
26971.24,12642.03,10870.34
27061.45,12642.03,10870.34
27142.82,12642.03,10870.34
27217.71,12642.03,10870.34
27291.49,12642.03,10870.34
27344.13,12642.03,10870.34
27362.84,12642.03,10870.34
27366.37,12642.03,10870.34
27359.58,12642.03,10870.34
27309.8,12642.03,10870.34
27224.32,12642.03,10870.34
27112.31,12642.03,10870.34
26965.79,12642.03,10870.34
26787.0,12642.03,10870.34
26584.02,12642.03,10870.34
26377.52,12642.03,10870.34
26154.62,12642.03,10870.34
25914.72,12642.03,10870.34
25651.53,12642.03,10870.34
25402.7,12642.03,10870.34
25177.28,12642.03,10870.34
24955.73,12642.03,10870.34
24738.83,12642.03,10870.34
24511.27,12642.03,10870.34
24279.07,12642.03,10870.34
24055.95,12642.03,10870.34
23828.27,12642.03,10870.34
23601.58,12642.03,10870.34
23366.7,12642.03,10870.34
23149.89,12642.03,10870.34
22897.89,12642.03,10870.34
22612.79,12642.03,10870.34
22309.21,12642.03,10870.34
22011.07,12642.03,10870.34
21688.48,12642.03,10870.34
21364.08,12642.03,10870.34
21018.49,12642.03,10870.34
20660.73,12642.03,10870.34
20291.2,12642.03,10870.34
19929.75,12642.03,10870.34
19571.6,12642.03,10870.34
19210.06,12642.03,10870.34
18847.01,12642.03,10870.34
18512.5,12642.03,10870.34
18190.24,12642.03,10870.34
17881.19,12642.03,10870.34
17553.12,12642.03,10870.34
17230.76,12642.03,10870.34
16911.67,12642.03,10870.34
16570.57,12642.03,10870.34
16201.03,12642.03,10870.34
15855.36,12642.03,10870.34
15557.23,12642.03,10870.34
15316.15,12642.03,10870.34
15099.53,12642.03,10870.34
14915.75,12642.03,10870.34
14737.14,12642.03,10870.34
14583.81,12642.03,10870.34
14484.61,12642.03,10870.34
14429.33,12642.03,10870.34
14385.1,12642.03,10870.34
14338.72,12642.03,10870.34
14267.7,12642.03,10870.34
14158.26,12642.03,10870.34
14052.89,12642.03,10870.34
13974.8,12642.03,10870.34
13905.54,12642.03,10870.34
13808.53,12642.03,10870.34
13705.92,12642.03,10870.34
13619.11,12642.03,10870.34
13532.41,12642.03,10870.34
13451.05,12642.03,10870.34
13380.03,12642.03,10870.34
13295.53,12642.03,10870.34
13221.59,12642.03,10870.34
13163.97,12642.03,10870.34
13130.08,12642.03,10870.34
13119.26,12642.03,10870.34
13176.69,12642.03,10870.34
13282.15,12642.03,10870.34
13430.06,12642.03,10870.34
13578.26,12642.03,10870.34
13767.85,12642.03,10870.34
13968.32,12642.03,10870.34
14197.64,12642.03,10879.58
14448.34,12642.03,10899.49
14729.62,12642.03,10932.3
15035.49,12642.03,10956.31
15349.7,12642.03,10978.43
15677.29,12642.03,11003.92
16019.2,12642.03,11033.62
16343.61,12642.03,11050.18
16673.19,12642.03,11072.22
16977.69,12642.03,11084.29
17309.41,12642.03,11124.75
17635.38,12642.03,11160.71
17957.36,12642.03,11193.74
18292.82,12642.03,11244.39
18662.03,12642.03,11326.21
19017.8,12642.03,11396.45
19331.49,12642.03,11419.38
19597.2,12642.03,11419.38
19857.96,12642.03,11419.38
20104.13,12642.03,11419.38
20349.71,12642.03,11419.38
20593.9,12642.03,11419.38
20817.35,12642.03,11419.38
21023.79,12642.03,11419.38
21254.36,12642.03,11419.38
21518.65,12642.03,11419.38
21827.38,12642.03,11419.38
22176.56,12642.03,11456.85
22536.62,12642.03,11510.5
22883.16,12642.03,11553.84
23235.52,12642.03,11603.99
23596.19,12642.03,11667.6
23940.010000000002,12642.03,11723.76
24265.61,12642.03,11764.82
24593.76,12642.03,11814.3
24926.42,12642.03,11870.06
25240.39,12642.03,11918.83
25555.62,12642.03,11972.02
25865.44,12642.03,12020.73
26156.44,12642.03,12050.66
26415.73,12642.03,12061.42
26634.65,12642.03,12061.42
26818.41,12642.03,12061.42
26978.61,12642.03,12061.42
27105.47,12642.03,12061.42
27222.5,12642.03,12061.42
27313.33,12642.03,12061.42
27383.920000000002,12642.03,12061.42
27430.89,12642.03,12061.42
27455.04,12642.03,12061.42
27453.96,12642.03,12061.42
27406.58,12642.03,12061.42
27342.75,12642.03,12061.42
27277.09,12642.03,12061.42
27215.79,12642.03,12061.42
27157.69,12642.03,12061.42
27108.170000000002,12642.03,12061.42
27088.69,12642.03,12061.42
27061.98,12642.03,12061.42
27025.9,12642.03,12061.42
26989.85,12642.03,12061.42
26964.94,12642.03,12061.42
26951.29,12642.03,12061.42
26938.16,12642.03,12061.42
26918.8,12642.03,12061.42
26902.55,12642.03,12061.42
26892.170000000002,12642.03,12061.42
26880.98,12642.03,12061.42
26864.04,12642.03,12061.42
26840.86,12642.03,12061.42
26806.4,12642.03,12061.42
26768.87,12642.03,12061.42
26728.29,12642.03,12061.42
26679.26,12642.03,12061.42
26630.61,12642.03,12061.42
26581.18,12642.03,12061.42
26530.79,12642.03,12061.42
26484.2,12642.03,12061.42
26442.07,12642.03,12061.42
26397.15,12642.03,12061.42
26367.25,12642.03,12061.42
26338.47,12642.03,12061.42
26299.27,12642.03,12061.42
26249.43,12642.03,12061.42
26194.83,12642.03,12061.42
26121.44,12642.03,12061.42
26023.19,12642.03,12061.42
25902.47,12642.03,12061.42
25786.93,12642.03,12061.42
25650.54,12642.03,12061.42
25509.72,12642.03,12061.42
25366.69,12642.03,12061.42
25220.61,12642.03,12061.42
25065.12,12642.03,12061.42
24925.19,12642.03,12061.42
24782.21,12642.03,12061.42
24635.37,12642.03,12061.42
24492.13,12642.03,12061.42
24325.08,12642.03,12061.42
24135.4,12642.03,12061.42
23939.77,12642.03,12061.42
23745.41,12642.03,12061.42
23562.23,12642.03,12061.42
23424.55,12642.03,12061.42
23315.87,12642.03,12061.42
23196.23,12642.03,12061.42
23076.25,12642.03,12061.42
22969.9,12642.03,12061.42
22878.97,12642.03,12061.42
22794.27,12642.03,12061.42
22732.59,12642.03,12061.42
22693.49,12642.03,12061.42
22643.62,12642.03,12061.42
22574.23,12642.03,12061.42
22486.95,12642.03,12061.42
22405.04,12642.03,12061.42
22325.56,12642.03,12061.42
22251.03,12642.03,12061.42
22187.39,12642.03,12061.42
22130.95,12642.03,12061.42
22079.61,12642.03,12046.42
22038.9,12642.03,11988.65
21997.7,12642.03,11902.94
21952.6,12642.03,11799.29
21900.63,12642.03,11682.66
21833.24,12642.03,11568.01
21743.12,12642.03,11458.68
21659.81,12642.03,11367.89
21602.62,12642.03,11325.19
21575.1,12642.03,11308.8
21570.73,12642.03,11285.86
21567.77,12642.03,11239.85
21577.05,12642.03,11193.0
21617.62,12642.03,11137.75
21695.86,12642.03,11067.03
21818.52,12642.03,11009.83
21954.08,12642.03,10983.18
22102.73,12642.03,10983.18
22250.88,12642.03,10983.18
22402.27,12642.03,10983.18
22568.7,12642.03,10983.18
22747.76,12642.03,10983.18
22926.79,12642.03,10983.18
23125.31,12642.03,10983.18
23341.13,12642.03,10983.18
23565.07,12642.03,10983.18
23814.52,12642.03,10983.18
24093.3,12642.03,10983.18
24371.56,12642.03,10983.18
24621.45,12642.03,10983.18
24834.56,12642.03,10983.18
24981.95,12642.03,10983.18
25061.32,12642.03,10983.18
25107.78,12642.03,10983.18
25126.37,12642.03,10983.18
25119.329999999998,12642.03,10983.18
25079.14,12642.03,10983.18
24987.02,12642.03,10983.18
24828.69,12642.03,10983.18
24618.07,12642.03,10983.18
24396.54,12642.03,10983.18
24197.77,12642.03,10983.18
23996.45,12642.03,10983.18
23752.73,12642.03,10983.18
23489.22,12642.03,10983.18
23222.48,12642.03,10983.18
22937.68,12642.03,10983.18
22624.47,12642.03,10983.18
22315.19,12642.03,10983.18
21995.89,12642.03,10983.18
21660.99,12642.03,10983.18
21350.35,12642.03,10983.18
21037.65,12642.03,10983.18
20732.66,12642.03,10983.18
20446.15,12642.03,10983.18
20202.88,12642.03,10983.18
19990.19,12642.03,10983.18
19766.39,12642.03,10983.18
19522.14,12642.03,10983.18
19274.13,12642.03,10983.18
19022.14,12642.03,10983.18
18749.02,12642.03,10983.18
18458.23,12642.03,10983.18
18140.05,12642.03,10983.18
17810.04,12642.03,10983.18
17500.61,12642.03,10983.18
17210.43,12642.03,10983.18
16913.86,12642.03,10983.18
16610.22,12642.03,10983.18
16298.47,12642.03,10983.18
15936.25,12642.03,10983.18
15598.55,12642.03,10983.18
15232.59,12642.03,10983.18
14866.94,12642.03,10983.18
14501.49,12642.03,10983.18
14118.72,12642.03,10983.18
13748.67,12642.03,10983.18
13422.87,12642.03,10983.18
13116.69,12642.03,10983.18
12899.69,12642.03,10983.18
12787.84,12642.03,10983.18
12695.22,12642.03,10983.18
12657.19,12642.03,10983.18
12642.03,12642.03,10983.18
12651.71,12651.71,10983.18
12714.04,12714.04,10983.18
12832.39,12832.39,10983.18
12987.42,12987.42,10983.18
13163.87,13163.87,10983.18
13340.36,13340.36,10983.18
13523.92,13523.92,10983.18
13728.61,13728.61,11011.86
13963.91,13963.91,11062.27
14208.37,14208.37,11121.23
14455.27,14455.27,11199.94
14717.68,14717.68,11303.82
14959.68,14959.68,11401.98
15201.52,15201.52,11515.21
15455.68,15455.68,11646.71
15678.48,15658.39,11762.19
15920.71,15658.39,11888.92
16169.49,15658.39,12023.15
16423.92,15658.39,12166.28
16662.74,15658.39,12276.01
16858.8,15658.39,12322.88
17012.7,15658.39,12351.47
17127.23,15658.39,12389.62
17241.87,15658.39,12442.14
17369.65,15658.39,12502.43
17507.71,15658.39,12575.98
17624.64,15658.39,12651.67
17725.86,15658.39,12735.2
17852.3,15658.39,12825.41
17967.11,15658.39,12896.86
18069.38,15658.39,12950.96
18182.39,15658.39,13010.41
18322.73,15658.39,13072.3
18503.27,15658.39,13142.95
18734.97,15658.39,13260.56
18908.46,15658.39,13348.15
19072.34,15658.39,13466.98
19224.51,15658.39,13585.84
19382.4,15658.39,13712.28
19570.23,15658.39,13864.07
19763.38,15658.39,14016.3
19946.46,15658.39,14143.33
20132.47,15658.39,14259.47
20283.53,15658.39,14305.52
20389.03,15658.39,14305.52
20503.53,15658.39,14305.52
20570.95,15658.39,14305.52
20615.36,15658.39,14305.52
20636.72,15658.39,14305.52
20643.28,15658.39,14305.52
20626.14,15658.39,14305.52
20600.54,15658.39,14305.52
20588.73,15658.39,14305.52
20592.32,15658.39,14305.52
20615.05,15658.39,14305.52
20657.22,15658.39,14305.52
20702.65,15658.39,14305.52
20742.42,15658.39,14305.52
20788.37,15658.39,14305.52
20847.36,15658.39,14305.52
20913.87,15658.39,14305.52
20995.12,15658.39,14305.52
21091.25,15658.39,14305.52
21215.5,15658.39,14305.52
21336.43,15658.39,14305.52
21453.68,15658.39,14305.52
21566.13,15658.39,14305.52
21644.47,15658.39,14305.52
21680.34,15658.39,14305.52
21725.85,15658.39,14305.52
21798.61,15658.39,14305.52
21873.92,15658.39,14305.52
21919.79,15658.39,14305.52
21957.1,15658.39,14305.52
22021.59,15658.39,14305.52
22114.36,15658.39,14308.54
22200.81,15658.39,14308.54
22288.61,15658.39,14308.54
22386.82,15658.39,14308.54
22490.53,15658.39,14308.54
22569.81,15658.39,14308.54
22612.53,15658.39,14308.54
22643.3,15658.39,14308.54
22691.62,15658.39,14308.54
22768.41,15658.39,14308.54
22836.94,15658.39,14308.54
22895.04,15658.39,14308.54
22966.49,15658.39,14308.54
23007.53,15658.39,14308.54
23030.9,15658.39,14308.54
23037.98,15658.39,14308.54
23022.67,15658.39,14308.54
22991.51,15658.39,14308.54
22969.8,15658.39,14308.54
22963.21,15658.39,14308.54
22978.47,15658.39,14308.54
23016.14,15658.39,14308.54
23072.79,15658.39,14308.54
23111.29,15658.39,14308.54
23175.46,15658.39,14308.54
23251.67,15658.39,14308.54
23315.31,15658.39,14308.54
23365.66,15658.39,14308.54
23408.35,15658.39,14308.54
23442.989999999998,15658.39,14308.54
23483.48,15658.39,14308.54
23528.27,15658.39,14308.54
23568.0,15658.39,14308.54
23615.8,15658.39,14308.54
23658.54,15658.39,14308.54
23686.61,15658.39,14308.54
23709.0,15658.39,14308.54
23727.81,15658.39,14308.54
23751.24,15658.39,14308.54
23775.19,15658.39,14308.54
23806.89,15658.39,14308.54
23867.96,15658.39,14308.54
23930.66,15658.39,14308.54
24001.55,15658.39,14308.54
24078.63,15658.39,14308.54
24171.59,15658.39,14308.54
24275.54,15658.39,14308.54
24377.32,15658.39,14308.54
24468.47,15658.39,14308.54
24548.06,15658.39,14308.54
24620.58,15658.39,14308.54
24686.05,15658.39,14308.54
24749.64,15658.39,14308.54
24818.34,15658.39,14308.54
24891.41,15658.39,14308.54
24976.5,15658.39,14308.54
25068.69,15658.39,14308.54
25174.61,15658.39,14308.54
25299.86,15658.39,14308.54
25429.72,15658.39,14308.54
25542.98,15658.39,14308.54
25685.97,15658.39,14308.54
25828.9,15658.39,14308.54
25973.55,15658.39,14308.54
26093.95,15658.39,14308.54
26188.36,15658.39,14308.54
26270.91,15658.39,14308.54
26351.63,15658.39,14308.54
26430.32,15658.39,14308.54
26513.02,15658.39,14308.54
26607.36,15658.39,14308.54
26712.04,15658.39,14308.54
26787.02,15658.39,14308.54
26833.739999999998,15658.39,14308.54
26864.51,15658.39,14308.54
26889.94,15658.39,14308.54
26914.31,15658.39,14308.54
26934.9,15658.39,14308.54
26949.74,15658.39,14308.54
26969.47,15658.39,14308.54
26998.48,15658.39,14308.54
27027.97,15658.39,14308.54
27053.49,15658.39,14308.54
27079.5,15658.39,14308.54
27097.27,15658.39,14308.54
27115.36,15658.39,14308.54
27137.04,15658.39,14308.54
27161.3,15658.39,14308.54
27185.47,15658.39,14308.54
27200.04,15658.39,14308.54
27227.35,15658.39,14308.54
27269.12,15658.39,14308.54
27315.13,15658.39,14308.54
27365.12,15658.39,14308.54
27412.64,15658.39,14308.54
27459.52,15658.39,14308.54
27503.35,15658.39,14308.54
27538.489999999998,15658.39,14308.54
27577.48,15658.39,14308.54
27612.18,15658.39,14308.54
27640.5,15658.39,14308.54
27664.11,15658.39,14308.54
27686.26,15658.39,14308.54
27704.62,15658.39,14308.54
27725.42,15658.39,14308.54
27738.89,15658.39,14308.54
27754.29,15658.39,14308.54
27772.59,15658.39,14308.54
27785.73,15658.39,14308.54
27793.989999999998,15658.39,14308.54
27805.75,15658.39,14308.54
27807.01,15658.39,14308.54
27804.07,15658.39,14308.54
27806.079999999998,15658.39,14308.54
27809.15,15658.39,14308.54
27823.88,15658.39,14308.54
27840.81,15658.39,14308.54
27849.22,15658.39,14308.54
27831.33,15658.39,14308.54
27813.57,15658.39,14308.54
27792.33,15658.39,14308.54
27771.36,15658.39,14308.54
27758.19,15658.39,14308.54
27751.1,15658.39,14308.54
27742.68,15658.39,14308.54
27726.03,15658.39,14308.54
27716.28,15658.39,14308.54
27704.46,15658.39,14308.54
27677.53,15658.39,14308.54
27645.329999999998,15658.39,14308.54
27618.82,15658.39,14308.54
27597.75,15658.39,14308.54
27572.44,15658.39,14308.54
27541.84,15658.39,14308.54
27501.16,15658.39,14308.54
27463.19,15658.39,14308.54
27418.87,15658.39,14308.54
27370.04,15658.39,14308.54
27326.35,15658.39,14308.54
27289.51,15658.39,14308.54
27255.83,15658.39,14308.54
27231.44,15658.39,14308.54
27224.94,15658.39,14308.54
27221.5,15658.39,14308.54
27224.41,15658.39,14308.54
27234.31,15658.39,14308.54
27237.46,15658.39,14308.54
27229.01,15658.39,14308.54
27211.52,15658.39,14308.54
27186.62,15658.39,14308.54
27144.27,15658.39,14308.54
27088.25,15658.39,14308.54
27030.75,15658.39,14308.54
26982.37,15658.39,14308.54
26936.27,15658.39,14308.54
26890.45,15658.39,14308.54
26841.14,15658.39,14308.54
26797.77,15658.39,14308.54
26758.88,15658.39,14308.54
26735.05,15658.39,14308.54
26727.25,15658.39,14308.54
26717.44,15658.39,14308.54
26717.2,15658.39,14308.54
26715.02,15658.39,14308.54
26720.37,15658.39,14308.54
26722.47,15658.39,14308.54
26728.62,15658.39,14308.54
26742.91,15658.39,14308.54
26765.1,15658.39,14308.54
26790.43,15658.39,14308.54
26811.4,15658.39,14308.54
26823.920000000002,15658.39,14308.54
26827.44,15658.39,14308.54
26822.95,15658.39,14308.54
26803.08,15658.39,14308.54
26788.55,15658.39,14308.54
26784.2,15658.39,14308.54
26788.7,15658.39,14308.54
26803.24,15658.39,14308.54
26821.39,15658.39,14308.54
26843.1,15658.39,14308.54
26868.81,15658.39,14308.54
26899.19,15658.39,14308.54
26925.63,15658.39,14308.54
26962.260000000002,15658.39,14308.54
27002.1,15658.39,14308.54
27028.19,15658.39,14308.54
27041.47,15658.39,14308.54
27034.48,15658.39,14308.54
27030.260000000002,15658.39,14308.54
27020.7,15658.39,14308.54
27013.93,15658.39,14308.54
27016.34,15658.39,14308.54
27023.12,15658.39,14308.54
27025.77,15658.39,14308.54
27030.11,15658.39,14308.54
27029.260000000002,15658.39,14308.54
27026.94,15658.39,14308.54
27036.5,15658.39,14308.54
27070.6,15658.39,14308.54
27094.16,15658.39,14308.54
27102.32,15658.39,14308.54
27115.670000000002,15658.39,14308.54
27122.57,15658.39,14308.54
27146.2,15658.39,14308.54
27167.2,15658.39,14308.54
27168.96,15658.39,14308.54
27154.65,15658.39,14308.54
27141.53,15658.39,14308.54
27129.98,15658.39,14308.54
27114.36,15658.39,14308.54
27106.77,15658.39,14308.54
27089.74,15658.39,14308.54
27074.44,15658.39,14280.61
27046.45,15658.39,14232.76
26998.86,15658.39,14160.83
26927.98,15658.39,14080.44
26837.36,15658.39,13987.11
26740.87,15658.39,13895.77
26645.38,15658.39,13803.91
26538.49,15658.39,13713.7
26423.170000000002,15658.39,13633.55
26297.62,15658.39,13538.64
26160.04,15658.39,13416.32
26002.97,15658.39,13284.04
25809.1,15658.39,13157.33
25572.33,15658.39,13042.43
25306.11,15658.39,12952.73
25019.94,15658.39,12890.78
24735.36,15658.39,12850.21
24462.7,15658.39,12840.19
24217.15,15658.39,12826.62
24009.010000000002,15658.39,12790.53
23820.7,15658.39,12790.53
23627.74,15658.39,12790.53
23400.21,15658.39,12762.05
23179.41,15658.39,12706.45
22950.170000000002,15658.39,12641.95
22720.25,15658.39,12578.77
22483.01,15658.39,12498.9
22232.68,15658.39,12418.97
21975.76,15658.39,12351.58
21729.71,15658.39,12301.51
21487.56,15658.39,12250.71
21262.09,15658.39,12199.51
21075.22,15658.39,12150.49
20925.9,15658.39,12108.13
20770.34,15542.8,12044.22
20598.38,15284.61,11977.94
20428.56,14991.62,11892.42
20230.82,14674.76,11791.54
20051.29,14342.85,11685.75
19869.38,14018.42,11595.56
19701.62,13710.74,11517.75
19563.02,13424.94,11468.11
19448.31,13188.91,11437.93
19382.37,13091.0,11437.93
19364.42,13036.84,11437.93
19356.19,13017.94,11437.93
19339.989999999998,12995.61,11437.93
19325.29,12995.61,11437.93
19325.37,12995.61,11437.93
19338.23,12995.61,11437.93
19366.4,12995.61,11437.93
19410.68,12995.61,11437.93
19468.49,12995.61,11437.93
19535.739999999998,12995.61,11437.93
19608.76,12995.61,11437.93
19688.37,12995.61,11437.93
19781.29,12995.61,11437.93
19866.95,12995.61,11437.93
19932.26,12995.61,11437.93
19980.02,12995.61,11437.93
20039.71,12995.61,11437.93
20103.9,12995.61,11437.93
20204.81,12995.61,11437.93
20343.0,12995.61,11437.93
20482.93,12995.61,11437.93
20610.81,12995.61,11437.93
20720.81,12995.61,11437.93
20815.35,12995.61,11437.93
20916.52,12995.61,11437.93
21011.82,12995.61,11437.93
21132.27,12995.61,11437.93
21240.23,12995.61,11437.93
21326.39,12995.61,11437.93
21376.66,12995.61,11437.93
21407.49,12995.61,11437.93
21407.69,12995.61,11437.93
21392.84,12995.61,11437.93
21381.29,12995.61,11437.93
21377.95,12995.61,11437.93
21391.4,12995.61,11437.93
21399.22,12995.61,11437.93
21407.7,12995.61,11437.93
21394.15,12995.61,11437.93
21402.09,12995.61,11437.93
21405.8,12995.61,11437.93
21402.38,12995.61,11437.93
21383.12,12995.61,11437.93
21356.82,12995.61,11437.93
21344.69,12995.61,11437.93
21332.55,12995.61,11437.93
21313.85,12995.61,11437.93
21240.62,12995.61,11437.93
21136.91,12995.61,11437.93
21012.84,12995.61,11437.93
20866.23,12995.61,11437.93
20704.29,12995.61,11437.93
20510.84,12995.61,11437.93
20294.77,12995.61,11437.93
20066.57,12995.61,11437.93
19847.91,12995.61,11437.93
19647.22,12995.61,11437.93
19458.7,12995.61,11437.93
19291.15,12995.61,11437.93
19151.11,12995.61,11437.93
19054.67,12995.61,11437.93
18989.27,12995.61,11437.93
18928.56,12995.61,11437.93
18857.69,12995.61,11437.93
18731.93,12995.61,11437.93
18586.87,12995.61,11437.93
18400.2,12995.61,11437.93
18172.71,12995.61,11437.93
17928.329999999998,12995.61,11437.93
17683.98,12995.61,11437.93
17432.38,12995.61,11437.93
17167.12,12995.61,11437.93
16922.74,12995.61,11437.93
16723.04,12995.61,11437.93
16530.75,12995.61,11437.93
16338.53,12995.61,11437.93
16164.76,12995.61,11437.93
16003.949999999999,12995.61,11437.93
15847.25,12995.61,11437.93
15738.369999999999,12995.61,11437.93
15675.89,12995.61,11437.93
15658.39,12995.61,11437.93
15675.0,12995.61,11437.93
15711.18,12995.61,11437.93
15772.49,12995.61,11437.93
15809.89,12995.61,11437.93
15886.15,12995.61,11437.93
15982.98,12995.61,11437.93
16103.98,12995.61,11437.93
16261.25,12995.61,11437.93
16430.34,12995.61,11437.93
16608.42,12995.61,11437.93
16761.67,12995.61,11437.93
16904.2,12995.61,11437.93
17052.02,12995.61,11437.93
17203.77,12995.61,11437.93
17352.02,12995.61,11437.93
17525.05,12995.61,11437.93
17720.97,12995.61,11437.93
17919.27,12995.61,11437.93
18143.37,12995.61,11437.93
18383.94,12995.61,11437.93
18643.5,12995.61,11437.93
18899.16,12995.61,11437.93
19140.45,12995.61,11437.93
19362.04,12995.61,11437.93
19556.86,12995.61,11437.93
19737.73,12995.61,11437.93
19884.15,12995.61,11437.93
20014.36,12995.61,11437.93
20161.86,12995.61,11437.93
20333.3,12995.61,11437.93
20545.64,12995.61,11437.93
20774.06,12995.61,11463.88
20993.48,12995.61,11523.28
21211.24,12995.61,11618.41
21448.89,12995.61,11727.13
21712.78,12995.61,11841.91
21997.78,12995.61,11955.32
22280.03,12995.61,12059.41
22528.23,12995.61,12119.43
22764.66,12995.61,12163.64
23014.91,12995.61,12218.02
23293.07,12995.61,12301.27
23568.670000000002,12995.61,12390.96
23851.37,12995.61,12493.99
24154.57,12995.61,12613.48
24439.28,12995.61,12721.83
24708.22,12995.61,12807.19
24935.77,12995.61,12843.48
25117.760000000002,12995.61,12843.48
25257.29,12995.61,12843.48
25344.05,12995.61,12843.48
25419.97,12995.61,12843.48
25463.76,12995.61,12843.48
25482.28,12995.61,12843.48
25464.37,12995.61,12843.48
25428.22,12995.61,12843.48
25377.37,12995.61,12843.48
25300.36,12995.61,12843.48
25225.88,12995.61,12843.48
25151.96,12995.61,12843.48
25092.89,12995.61,12843.48
25063.54,12995.61,12843.48
25037.15,12995.61,12843.48
25006.1,12995.61,12843.48
24975.06,12995.61,12843.48
24956.670000000002,12995.61,12843.48
24933.07,12995.61,12843.48
24910.88,12995.61,12843.48
24881.45,12995.61,12843.48
24857.09,12995.61,12843.48
24832.38,12995.61,12843.48
24822.63,12995.61,12843.48
24822.81,12995.61,12843.48
24831.03,12995.61,12843.48
24840.02,12995.61,12843.48
24857.78,12995.61,12843.48
24872.54,12995.61,12843.48
24891.11,12995.61,12843.48
24932.31,12995.61,12843.48
24978.7,12995.61,12843.48
25052.58,12995.61,12843.48
25146.96,12995.61,12843.48
25232.17,12995.61,12819.03
25282.51,12995.61,12789.97
25301.57,12995.61,12789.97
25311.7,12995.61,12789.97
25314.35,12995.61,12789.97
25295.9,12995.61,12789.97
25267.7,12995.61,12789.97
25192.6,12995.61,12789.97
25113.44,12995.61,12789.97
25040.66,12995.61,12789.97
24971.68,12995.61,12789.97
24899.78,12995.61,12789.97
24804.31,12995.61,12789.97
24701.96,12995.61,12789.97
24616.09,12995.61,12789.97
24535.75,12995.61,12789.97
24476.41,12995.61,12789.97
24421.69,12995.61,12789.97
24375.03,12995.61,12789.97
24329.81,12995.61,12789.97
24310.22,12995.61,12789.97
24302.65,12995.61,12789.97
24313.08,12995.61,12789.97
24353.94,12995.61,12789.97
24403.05,12995.61,12789.97
24453.75,12995.61,12789.97
24489.57,12995.61,12789.97
24504.16,12995.61,12789.97
24519.57,12995.61,12789.97
24528.7,12995.61,12789.97
24524.93,12995.61,12789.97
24516.16,12995.61,12789.97
24493.54,12995.61,12789.97
24448.14,12995.61,12789.97
24375.1,12995.61,12789.97
24279.11,12995.61,12789.97
24183.06,12995.61,12789.97
24065.62,12995.61,12789.97
23951.23,12995.61,12789.97
23849.06,12995.61,12789.97
23756.19,12995.61,12789.97
23659.01,12995.61,12789.97
23556.62,12995.61,12789.97
23441.31,12995.61,12789.97
23314.43,12995.61,12789.97
23212.68,12995.61,12789.97
23110.920000000002,12995.61,12789.97
23011.48,12995.61,12789.97
22940.91,12995.61,12789.97
22897.09,12995.61,12789.97
22880.36,12995.61,12789.97
22869.23,12995.61,12789.97
22871.08,12995.61,12789.97
22895.79,12995.61,12789.97
22913.79,12995.61,12789.97
22973.36,12995.61,12789.97
23049.29,12995.61,12789.97
23134.93,12995.61,12789.97
23217.58,12995.61,12789.97
23312.1,12995.61,12789.97
23425.72,12995.61,12789.97
23536.11,12995.61,12789.97
23640.82,12995.61,12789.97
23753.14,12995.61,12789.97
23851.45,12995.61,12789.97
23957.97,12995.61,12789.97
24072.85,12995.61,12789.97
24198.38,12995.61,12789.97
24322.83,12995.61,12789.97
24442.55,12995.61,12789.97
24551.25,12995.61,12789.97
24641.59,12995.61,12789.97
24711.36,12995.61,12789.97
24769.63,12995.61,12789.97
24819.05,12995.61,12789.97
24861.87,12995.61,12789.97
24890.5,12995.61,12789.97
24915.13,12995.61,12789.97
24955.28,12995.61,12789.97
25004.15,12995.61,12789.97
25063.85,12995.61,12789.97
25142.85,12995.61,12789.97
25247.84,12995.61,12789.97
25373.61,12995.61,12789.97
25501.75,12995.61,12789.97
25639.43,12995.61,12789.97
25766.39,12995.61,12789.97
25874.25,12995.61,12789.97
25970.5,12995.61,12789.97
26071.6,12995.61,12789.97
26182.420000000002,12995.61,12789.97
26318.4,12995.61,12789.97
26469.71,12995.61,12789.97
26618.84,12995.61,12789.97
26769.6,12995.61,12789.97
26912.44,12995.61,12789.97
27014.49,12995.61,12789.97
27076.39,12995.61,12789.97
27105.43,12995.61,12789.97
27129.4,12995.61,12789.97
27159.36,12995.61,12789.97
27191.31,12995.61,12789.97
27244.28,12995.61,12789.97
27303.47,12995.61,12789.97
27349.920000000002,12995.61,12789.97
27388.99,12995.61,12789.97
27411.08,12995.61,12789.97
27419.0,12995.61,12789.97
27414.88,12995.61,12789.97
27413.57,12995.61,12789.97
27405.83,12995.61,12789.97
27382.63,12995.61,12789.97
27340.31,12995.61,12789.97
27276.64,12995.61,12789.97
27192.920000000002,12995.61,12789.97
27103.71,12995.61,12789.97
27001.18,12995.61,12789.97
26893.51,12995.61,12789.97
26779.25,12995.61,12789.97
26658.54,12995.61,12789.97
26541.59,12995.61,12789.97
26437.87,12995.61,12789.97
26336.01,12995.61,12789.97
26239.85,12995.61,12789.97
26158.27,12995.61,12789.97
26095.36,12995.61,12789.97
26044.53,12995.61,12789.97
25999.91,12995.61,12789.97
25946.39,12995.61,12789.97
25871.36,12995.61,12789.97
25788.32,12995.61,12789.97
25695.33,12995.61,12789.97
25600.86,12995.61,12789.97
25504.9,12995.61,12789.97
25411.56,12995.61,12789.97
25323.4,12995.61,12789.97
25236.24,12995.61,12789.97
25135.91,12995.61,12789.97
25016.54,12995.61,12789.97
24884.1,12995.61,12789.97
24738.32,12995.61,12789.97
24600.56,12995.61,12789.97
24475.01,12995.61,12789.97
24356.42,12995.61,12789.97
24246.73,12995.61,12789.97
24163.3,12995.61,12789.97
24113.54,12995.61,12789.97
24086.94,12995.61,12789.97
24067.09,12995.61,12789.97
24054.01,12995.61,12789.97
24026.9,12995.61,12789.97
23966.37,12995.61,12789.97
23904.71,12995.61,12789.97
23837.26,12995.61,12789.97
23786.18,12995.61,12789.97
23747.7,12995.61,12789.97
23712.77,12995.61,12789.97
23675.51,12995.61,12789.97
23638.18,12995.61,12789.97
23614.19,12995.61,12789.97
23603.36,12995.61,12789.97
23584.92,12995.61,12789.97
23554.58,12995.61,12789.97
23483.94,12995.61,12789.97
23422.49,12995.61,12789.97
23352.68,12995.61,12789.97
23281.23,12995.61,12789.97
23214.45,12995.61,12789.97
23160.97,12995.61,12789.97
23104.28,12995.61,12789.97
23069.96,12995.61,12789.97
23056.51,12995.61,12789.97
23047.94,12995.61,12789.97
23029.84,12995.61,12789.97
22988.65,12995.61,12789.97
22918.16,12995.61,12789.97
22844.59,12995.61,12789.97
22799.579999999998,12995.61,12789.97
22771.18,12995.61,12789.97
22778.41,12995.61,12789.97
22815.6,12995.61,12789.97
22875.72,12995.61,12789.97
22941.35,12995.61,12789.97
23002.13,12995.61,12789.97
23054.65,12995.61,12789.97
23106.91,12995.61,12789.97
23161.89,12995.61,12789.97
23219.56,12995.61,12789.97
23290.97,12995.61,12789.97
23359.35,12995.61,12789.97
23440.42,12995.61,12789.97
23539.42,12995.61,12789.97
23650.07,12995.61,12789.97
23752.44,12995.61,12789.97
23838.14,12995.61,12789.97
23912.52,12995.61,12789.97
23969.43,12995.61,12789.97
24002.94,12995.61,12789.97
24051.64,12995.61,12789.97
24129.18,12995.61,12789.97
24212.74,12995.61,12789.97
24295.21,12995.61,12789.97
24362.75,12995.61,12789.97
24427.82,12995.61,12789.97
24495.34,12995.61,12789.97
24565.21,12995.61,12789.97
24641.41,12995.61,12789.97
24711.61,12995.61,12789.97
24784.94,12995.61,12789.97
24874.98,12995.61,12789.97
24986.21,12995.61,12769.32
25142.69,12995.61,12727.22
25300.75,12995.61,12646.36
25475.42,12995.61,12562.96
25655.04,12995.61,12545.41
25828.09,12995.61,12518.33
25982.0,12995.61,12493.56
26140.85,12995.61,12493.56
26281.78,12995.61,12493.56
26397.78,12995.61,12493.56
26501.27,12995.61,12493.56
26591.6,12995.61,12493.56
26677.85,12995.61,12493.56
26773.12,12995.61,12493.56
26874.86,12995.61,12493.56
26968.07,12995.61,12493.56
27029.53,12995.61,12493.56
27041.81,12995.61,12493.56
27008.61,12995.61,12493.56
26920.8,12995.61,12493.56
26819.94,12995.61,12493.56
26724.07,12995.61,12493.56
26651.55,12995.61,12493.56
26606.52,12995.61,12493.56
26581.42,12995.61,12493.56
26595.66,12995.61,12493.56
26641.67,12995.61,12493.56
26679.64,12995.61,12493.56
26690.06,12995.61,12493.56
26707.23,12995.61,12493.56
26742.17,12995.61,12493.56
26784.11,12995.61,12493.56
26820.6,12995.61,12493.56
26843.27,12995.61,12493.56
26847.51,12995.61,12493.56
26833.02,12995.61,12493.56
26805.57,12995.61,12493.56
26774.61,12995.61,12493.56
26737.7,12995.61,12493.56
26710.21,12995.61,12493.56
26701.52,12995.61,12493.56
26689.12,12995.61,12493.56
26655.38,12995.61,12493.56
26596.67,12995.61,12493.56
26521.98,12995.61,12493.56
26429.01,12995.61,12493.56
26328.57,12995.61,12493.56
26236.37,12995.61,12493.56
26144.57,12995.61,12493.56
26056.13,12995.61,12493.56
25978.63,12995.61,12493.56
25906.29,12995.61,12493.56
25845.09,12995.61,12493.56
25801.52,12995.61,12493.56
25756.3,12995.61,12493.56
25698.27,12995.61,12493.56
25596.6,12995.61,12493.56
25415.89,12995.61,12493.56
25233.96,12995.61,12493.56
25034.96,12995.61,12493.56
24860.96,12995.61,12493.56
24666.58,12995.61,12493.56
24429.88,12995.61,12493.56
24170.26,12995.61,12493.56
23909.53,12995.61,12493.56
23662.25,12995.61,12493.56
23418.4,12995.61,12493.56
23207.78,12995.61,12493.56
22998.53,12995.61,12493.56
22784.7,12995.61,12493.56
22563.47,12995.61,12493.56
22315.39,12995.61,12493.56
22041.57,12995.61,12493.56
21732.04,12995.61,12493.56
21402.38,12995.61,12493.56
21085.88,12995.61,12493.56
20802.65,12995.61,12493.56
20523.71,12995.61,12493.56
20241.81,12995.61,12493.56
19984.75,12995.61,12493.56
19723.95,12995.61,12493.56
19439.84,12995.61,12493.56
19200.09,12995.61,12493.56
18989.98,12995.61,12493.56
18735.85,12995.61,12493.56
18457.21,12995.61,12493.56
18176.1,12995.61,12493.56
17890.18,12995.61,12493.56
17577.66,12995.61,12493.56
17268.04,12995.61,12493.56
16986.17,12995.61,12493.56
16737.95,12995.61,12493.56
16496.02,12995.61,12478.24
16258.93,12995.61,12443.52
16027.13,12995.61,12371.1
15794.59,12995.61,12260.46
15542.8,12995.61,12151.83
15284.61,12995.61,12056.83
14991.62,12995.61,11948.05
14674.76,12995.61,11841.46
14342.85,12995.61,11737.43
14018.42,12995.61,11632.01
13710.74,12995.61,11528.53
13424.94,12995.61,11430.04
13188.91,12995.61,11329.29
13091.0,12995.61,11253.24
13036.84,12995.61,11217.33
13017.94,12995.61,11216.44
12995.61,12995.61,11204.91
13018.71,13018.71,11172.65
13099.14,13099.14,11133.51
13201.72,13201.72,11102.25
13335.98,13335.98,11041.31
13492.0,13492.0,10980.06
13664.76,13664.76,10933.82
13858.35,13858.35,10893.09
14076.16,14076.16,10888.44
14296.29,14296.29,10895.98
14498.02,14498.02,10901.67
14705.41,14705.41,10923.62
14928.18,14928.18,10946.96
15150.27,15150.27,10970.55
15352.800000000001,15352.8,10948.69
15539.12,15206.49,10903.14
15691.17,14823.71,10822.51
15800.800000000001,14417.39,10707.85
15874.97,14023.55,10596.85
15939.08,13613.37,10490.4
16040.24,13257.75,10433.27
16194.78,12951.8,10415.85
16331.970000000001,12681.82,10415.85
16462.99,12453.17,10415.85
16629.34,12243.62,10415.85
16815.9,12029.15,10415.85
17005.52,11851.69,10415.85
17214.33,11727.07,10415.85
17431.18,11620.16,10429.89
17661.36,11551.06,10445.4
17892.63,11525.28,10457.13
18109.91,11525.28,10457.13
18334.99,11525.28,10463.05
18577.16,11525.28,10484.05
18815.61,11525.28,10505.83
19044.66,11525.28,10523.48
19287.42,11525.28,10575.53
19512.62,11525.28,10634.67
19753.5,11525.28,10720.91
19982.17,11525.28,10823.43
20211.44,11525.28,10941.25
20416.74,11525.28,11045.37
20607.62,11525.28,11141.92
20780.48,11525.28,11221.06
20959.16,11525.28,11286.45
21108.28,11525.28,11289.34
21227.29,11525.28,11289.34
21338.36,11525.28,11289.34
21450.69,11525.28,11289.34
21564.37,11525.28,11289.34
21679.3,11525.28,11289.34
21796.53,11525.28,11289.34
21891.61,11525.28,11289.34
21962.36,11525.28,11289.34
22021.07,11525.28,11289.34
22057.34,11525.28,11289.34
22081.04,11525.28,11289.34
22114.81,11525.28,11289.34
22173.23,11525.28,11289.34
22237.37,11525.28,11289.34
22302.18,11525.28,11289.34
22363.57,11525.28,11289.34
22430.64,11525.28,11289.34
22482.29,11525.28,11289.34
22507.16,11525.28,11289.34
22496.239999999998,11525.28,11289.34
22497.73,11525.28,11289.34
22506.18,11525.28,11289.34
22492.75,11525.28,11289.34
22466.14,11525.28,11289.34
22433.489999999998,11525.28,11289.34
22395.55,11525.28,11289.34
22373.39,11525.28,11289.34
22368.97,11525.28,11289.34
22384.27,11525.28,11289.34
22394.34,11525.28,11289.34
22429.34,11525.28,11289.34
22462.9,11525.28,11289.34
22485.52,11525.28,11289.34
22517.9,11525.28,11289.34
22558.45,11525.28,11289.34
22600.2,11525.28,11289.34
22645.0,11525.28,11289.34
22696.58,11525.28,11289.34
22764.73,11525.28,11289.34
22859.49,11525.28,11289.34
22973.98,11525.28,11289.34
23124.71,11525.28,11282.01
23288.17,11525.28,11210.67
23470.25,11525.28,11088.21
23658.25,11525.28,10954.05
23843.03,11525.28,10816.2
24005.51,11525.28,10683.63
24132.42,11525.28,10567.83
24238.78,11525.28,10458.63
24340.2,11525.28,10356.62
24429.97,11525.28,10241.69
24499.12,11525.28,10142.13
24554.02,11525.28,10078.4
24600.87,11525.28,10006.84
24654.53,11525.28,9942.38
24716.94,11525.28,9887.14
24781.69,11525.28,9839.73
24841.68,11525.28,9839.73
24890.96,11525.28,9839.73
24916.72,11525.28,9839.73
24901.76,11525.28,9816.55
24863.76,11525.28,9781.95
24809.57,11525.28,9738.57
24746.07,11525.28,9688.43
24660.53,11525.28,9654.85
24569.79,11525.28,9615.61
24514.72,11525.28,9566.93
24490.24,11525.28,9523.76
24455.25,11525.28,9477.22
24392.48,11525.28,9450.43
24317.16,11525.28,9430.32
24235.05,11525.28,9418.54
24149.04,11525.28,9408.5
24075.92,11525.28,9408.5
24000.35,11525.28,9408.5
23896.9,11525.28,9408.5
23779.52,11525.28,9408.5
23659.51,11525.28,9408.5
23541.08,11525.28,9408.5
23458.49,11525.28,9408.5
23416.72,11525.28,9408.5
23394.53,11525.28,9408.5
23377.82,11525.28,9408.5
23369.35,11525.28,9408.5
23376.23,11525.28,9408.5
23378.58,11525.28,9408.5
23365.71,11525.28,9408.5
23355.85,11524.24,9408.5
23342.66,11524.24,9408.5
23332.23,11524.24,9408.5
23325.32,11524.24,9408.5
23322.71,11524.24,9408.5
23313.7,11524.24,9408.5
23302.88,11524.24,9408.5
23292.04,11524.24,9408.5
23284.12,11524.24,9408.5
23266.78,11524.24,9408.5
23217.67,11524.24,9408.5
23151.46,11524.24,9408.5
23086.83,11524.24,9408.5
23024.97,11524.24,9408.5
22977.86,11524.24,9408.5
22947.72,11524.24,9408.5
22916.69,11524.24,9408.5
22876.68,11524.24,9408.5
22832.170000000002,11524.24,9408.5
22786.32,11524.24,9408.5
22736.97,11524.24,9408.5
22685.8,11524.24,9408.5
22639.32,11524.24,9408.5
22607.59,11524.24,9408.5
22591.48,11524.24,9408.5
22590.4,11524.24,9408.5
22604.48,11524.24,9408.5
22607.56,11524.24,9408.5
22609.71,11524.24,9408.5
22595.45,11524.24,9408.5
22574.62,11524.24,9408.5
22603.5,11524.24,9408.5
22668.61,11524.24,9408.5
22750.02,11524.24,9408.5
22825.01,11524.24,9408.5
22906.73,11524.24,9408.5
23013.14,11524.24,9408.5
23141.17,11524.24,9408.5
23277.96,11524.24,9408.5
23403.69,11524.24,9397.78
23481.53,11524.24,9393.35
23524.1,11524.24,9393.35
23532.25,11524.24,9393.35
23518.79,11524.24,9393.35
23492.64,11524.24,9393.35
23450.5,11524.24,9393.35
23396.71,11524.24,9381.0
23338.9,11524.24,9354.27
23241.16,11524.24,9317.78
23110.75,11524.24,9276.53
22971.55,11524.24,9211.01
22834.26,11524.24,9151.8
22706.22,11524.24,9094.61
22572.47,11524.24,9058.87
22442.18,11524.24,9058.87
22349.12,11524.24,9058.87
22270.6,11524.24,9058.87
22207.41,11524.24,9058.87
22152.21,11524.24,9058.87
22109.01,11524.24,9058.87
22061.39,11524.24,9058.87
22030.08,11524.24,9058.87
22000.88,11524.24,9058.87
21950.54,11524.24,9058.87
21898.85,11524.24,9058.87
21881.12,11524.24,9058.87
21882.05,11524.24,9058.87
21895.37,11524.24,9058.87
21930.11,11524.24,9058.87
21992.72,11524.24,9058.87
22072.94,11524.24,9058.87
22154.35,11524.24,9058.87
22242.16,11524.24,9058.87
22336.4,11524.24,9058.87
22445.32,11524.24,9058.87
22564.6,11524.24,9058.87
22695.27,11524.24,9058.87
22863.22,11524.24,9058.87
23057.09,11524.24,9058.87
23202.6,11524.24,9058.87
23315.32,11524.24,9058.87
23418.08,11524.24,9058.87
23532.66,11524.24,9058.87
23622.91,11524.24,9058.87
23678.35,11524.24,9058.87
23701.87,11524.24,9058.87
23699.91,11524.24,9056.33
23688.08,11524.24,9056.33
23674.77,11524.24,9056.33
23642.86,11524.24,9056.33
23624.0,11524.24,9056.33
23614.51,11524.24,9056.33
23612.95,11524.24,9056.33
23610.72,11524.24,9056.33
23617.02,11524.24,9056.33
23632.31,11524.24,9056.33
23685.85,11524.24,9056.33
23767.55,11524.24,9056.33
23838.36,11524.24,9054.53
23898.51,11524.24,9039.35
23925.42,11524.24,9020.92
23958.329999999998,11524.24,8999.9
23995.17,11524.24,8989.13
24009.99,11524.24,8983.13
24035.43,11524.24,8983.13
24058.14,11524.24,8983.13
24092.27,11524.24,8983.13
24129.79,11524.24,8983.13
24165.31,11524.24,8983.13
24190.66,11524.24,8983.13
24205.18,11524.24,8983.13
24230.96,11524.24,8962.89
24271.14,11524.24,8939.2
24319.95,11524.24,8912.12
24373.11,11524.24,8892.97
24426.78,11524.24,8892.97
24475.81,11524.24,8892.97
24524.16,11524.24,8892.97
24577.5,11524.24,8859.75
24641.28,11524.24,8836.21
24707.63,11524.24,8809.03
24784.84,11524.24,8780.45
24860.5,11524.24,8762.87
24940.73,11524.24,8762.87
25032.11,11524.24,8762.87
25127.16,11386.63,8755.27
25212.329999999998,11161.64,8752.14
25300.56,10928.42,8752.14
25360.5,10734.93,8752.14
25380.1,10665.7,8752.14
25387.68,10627.53,8752.14
25412.5,10627.53,8752.14
25465.7,10625.26,8752.14
25502.32,10624.96,8752.14
25536.67,10624.96,8752.14
25583.86,10624.96,8752.14
25667.85,10624.96,8752.14
25760.18,10624.96,8752.14
25851.86,10624.96,8752.14
25945.26,10624.96,8752.14
26025.02,10624.96,8752.14
26112.72,10624.96,8752.14
26210.489999999998,10624.96,8752.14
26315.579999999998,10624.96,8752.14
26417.53,10624.96,8752.14
26517.01,10624.96,8752.14
26623.8,10624.96,8752.14
26729.17,10624.96,8752.14
26843.46,10624.96,8752.14
26953.7,10624.96,8752.14
27058.06,10624.96,8752.14
27141.12,10624.96,8752.14
27183.6,10624.96,8752.14
27227.71,10624.96,8752.14
27285.239999999998,10624.96,8752.14
27341.55,10624.96,8752.14
27416.06,10624.96,8752.14
27488.9,10624.96,8752.14
27569.6,10624.96,8752.14
27647.46,10624.96,8752.14
27713.53,10624.96,8752.14
27755.29,10624.96,8752.14
27789.75,10624.96,8752.14
27818.82,10624.96,8752.14
27824.07,10624.96,8752.14
27840.57,10624.96,8752.14
27871.45,10624.96,8752.14
27904.79,10624.96,8752.14
27924.06,10624.96,8752.14
27953.12,10624.96,8730.19
27982.78,10624.96,8708.15
28010.68,10624.96,8680.51
28030.54,10624.96,8664.88
28046.02,10624.96,8650.91
28053.17,10624.96,8639.08
28052.55,10624.96,8629.98
28069.61,10624.96,8629.98
28111.72,10624.96,8629.98
28147.04,10624.96,8629.98
28180.17,10624.96,8629.98
28203.94,10624.96,8629.98
28244.63,10624.96,8617.95
28293.1,10624.96,8606.03
28335.56,10624.96,8606.03
28339.05,10624.96,8606.03
28348.4,10624.96,8606.03
28354.24,10624.96,8606.03
28353.6,10624.96,8606.03
28356.46,10624.96,8606.03
28350.8,10624.96,8606.03
28339.71,10624.96,8606.03
28316.45,10624.96,8606.03
28285.42,10624.96,8606.03
28250.71,10624.96,8606.03
28208.55,10624.96,8606.03
28156.05,10624.96,8606.03
28097.12,10624.96,8606.03
28048.04,10624.96,8606.03
28008.5,10624.96,8606.03
27974.11,10624.96,8606.03
27961.16,10624.96,8606.03
27951.95,10624.96,8606.03
27941.63,10624.96,8606.03
27942.04,10624.96,8606.03
27927.84,10624.96,8606.03
27908.38,10624.96,8606.03
27880.71,10624.96,8606.03
27853.17,10624.96,8606.03
27825.94,10624.96,8606.03
27791.73,10624.96,8606.03
27764.44,10624.96,8606.03
27740.06,10624.96,8606.03
27730.52,10624.96,8606.03
27708.35,10624.96,8606.03
27663.66,10624.96,8606.03
27603.64,10624.96,8606.03
27537.0,10624.96,8606.03
27441.09,10624.96,8606.03
27319.49,10624.96,8606.03
27176.64,10624.96,8606.03
27017.28,10624.96,8606.03
26839.65,10624.96,8606.03
26669.77,10624.96,8606.03
26490.61,10624.96,8606.03
26330.5,10624.96,8606.03
26186.85,10624.96,8606.03
26064.13,10624.96,8606.03
25928.26,10624.96,8606.03
25770.69,10624.96,8606.03
25582.63,10624.96,8606.03
25371.48,10624.96,8606.03
25134.83,10624.96,8606.03
24897.97,10624.96,8606.03
24662.06,10624.96,8606.03
24445.78,10624.96,8606.03
24232.29,10624.96,8606.03
24014.54,10624.96,8606.03
23802.4,10624.96,8606.03
23561.63,10624.96,8606.03
23299.69,10624.96,8606.03
23018.98,10624.96,8600.16
22702.99,10624.96,8598.17
22392.27,10624.96,8590.15
22155.06,10624.96,8590.15
21911.24,10624.96,8590.15
21666.33,10624.96,8590.15
21452.39,10624.96,8590.15
21313.59,10624.96,8590.15
21238.32,10624.96,8590.15
21199.69,10624.96,8590.15
21170.08,10624.96,8590.15
21119.38,10624.96,8590.15
21072.18,10624.96,8590.15
21037.96,10624.96,8590.15
20993.87,10624.96,8590.15
20967.89,10624.96,8590.15
20944.72,10624.96,8590.15
20922.25,10624.96,8590.15
20887.18,10624.96,8590.15
20839.72,10624.96,8590.15
20794.31,10624.96,8590.15
20759.43,10624.96,8590.15
20739.89,10624.96,8590.15
20742.65,10624.96,8590.15
20769.89,10624.96,8590.15
20817.11,10624.96,8590.15
20889.36,10624.96,8590.15
20986.44,10624.96,8590.15
21106.57,10624.96,8590.15
21239.23,10624.96,8590.15
21367.95,10624.96,8590.15
21517.91,10624.96,8590.15
21647.78,10624.96,8590.15
21761.24,10624.96,8590.15
21862.71,10624.96,8590.15
21986.59,10624.96,8590.15
22126.8,10624.96,8590.15
22290.72,10624.96,8590.15
22452.18,10624.96,8590.15
22594.99,10624.96,8590.15
22705.11,10624.96,8590.15
22814.2,10624.96,8590.15
22895.579999999998,10624.96,8590.15
22986.04,10624.96,8590.15
23105.21,10624.96,8590.15
23219.95,10624.96,8590.15
23366.86,10624.96,8590.15
23550.46,10624.96,8590.15
23755.19,10624.96,8590.15
24004.76,10624.96,8590.15
24251.95,10624.96,8590.15
24430.04,10624.96,8590.15
24605.45,10624.96,8590.15
24764.01,10624.96,8590.15
24883.88,10624.96,8590.15
24930.99,10624.96,8590.15
24904.51,10624.96,8590.15
24830.18,10624.96,8590.15
24772.37,10624.96,8590.15
24732.39,10624.96,8590.15
24657.43,10624.96,8590.15
24554.15,10624.96,8590.15
24468.74,10624.96,8590.15
24372.7,10624.96,8590.15
24251.12,10624.96,8590.15
24132.16,10624.96,8590.15
24033.87,10624.96,8590.15
23972.56,10624.96,8590.15
23933.98,10624.96,8590.15
23889.46,10624.96,8590.15
23848.19,10624.96,8590.15
23806.61,10624.96,8590.15
23760.23,10624.96,8590.15
23722.61,10624.96,8590.15
23717.14,10624.96,8582.05
23712.72,10624.96,8582.05
23718.79,10624.96,8582.05
23712.89,10624.96,8582.05
23724.47,10624.96,8582.05
23720.8,10624.96,8582.05
23706.06,10624.96,8582.05
23688.07,10624.96,8582.05
23644.72,10624.96,8582.05
23592.72,10624.96,8582.05
23543.1,10624.96,8582.05
23474.12,10624.96,8582.05
23386.66,10624.96,8582.05
23325.05,10624.96,8582.05
23251.19,10624.96,8582.05
23151.83,10624.96,8582.05
23024.8,10624.96,8569.31
22865.86,10624.96,8568.82
22656.01,10624.96,8568.82
22407.1,10624.96,8568.82
22116.3,10624.96,8568.82
21816.96,10624.96,8568.82
21530.58,10624.96,8568.82
21224.4,10624.96,8568.82
20923.84,10624.96,8568.82
20627.56,10624.96,8568.82
20346.73,10624.96,8568.82
20083.43,10624.96,8568.82
19824.57,10624.96,8568.82
19561.21,10624.96,8568.82
19315.33,10624.96,8568.82
19112.99,10624.96,8568.82
18908.59,10624.96,8568.82
18689.59,10624.96,8568.82
18487.69,10624.96,8568.82
18293.670000000002,10624.96,8568.82
18098.53,10624.96,8568.82
17867.62,10624.96,8568.82
17660.03,10624.96,8568.82
17460.38,10624.96,8568.82
17246.41,10624.96,8568.82
17033.91,10624.96,8568.82
16815.65,10624.96,8568.82
16629.94,10624.96,8568.82
16417.75,10624.96,8568.82
16159.74,10624.96,8568.82
15891.81,10624.96,8568.82
15572.77,10624.96,8568.82
15206.49,10624.96,8568.82
14823.710000000001,10624.96,8568.82
14417.39,10624.96,8568.82
14023.55,10624.96,8568.82
13613.37,10624.96,8568.82
13257.75,10624.96,8568.82
12951.8,10624.96,8568.82
12681.82,10624.96,8568.82
12453.17,10624.96,8568.82
12243.619999999999,10624.96,8568.82
12029.15,10624.96,8568.82
11851.69,10624.96,8568.82
11727.07,10624.96,8568.82
11620.16,10624.96,8568.82
11551.06,10624.96,8568.82
11525.28,10624.96,8568.82
11548.31,10624.96,8568.82
11621.94,10624.96,8568.82
11725.67,10624.96,8568.82
11890.14,10624.96,8568.82
12107.98,10624.96,8568.82
12343.2,10624.96,8568.82
12565.77,10624.96,8568.82
12792.56,10624.96,8568.82
13033.63,10624.96,8568.82
13266.45,10624.96,8568.82
13475.52,10624.96,8569.05
13663.48,10624.96,8569.05
13836.11,10624.96,8569.05
14025.21,10624.96,8570.62
14231.59,10624.96,8570.62
14423.99,10624.96,8570.62
14607.09,10624.96,8570.62
14808.11,10624.96,8570.62
15019.4,10624.96,8570.62
15226.49,10624.96,8570.62
15409.8,10624.96,8570.62
15612.66,10624.96,8570.62
15803.039999999999,10624.96,8570.62
15970.1,10624.96,8570.62
16137.89,10624.96,8570.62
16313.36,10624.96,8570.62
16493.28,10624.96,8570.62
16635.16,10624.96,8570.62
16779.41,10624.96,8570.62
16960.0,10624.96,8570.62
17128.74,10624.96,8550.99
17327.97,10624.96,8548.09
17526.04,10624.96,8542.05
17728.55,10624.96,8553.74
17953.53,10624.96,8582.41
18189.89,10624.96,8619.71
18421.829999999998,10624.96,8653.7
18621.82,10624.96,8653.7
18814.42,10624.96,8653.7
18989.78,10624.96,8653.7
19170.39,10624.96,8653.7
19354.27,10624.96,8653.7
19562.22,10624.96,8653.7
19791.06,10624.96,8653.7
20019.87,10624.96,8653.7
20242.829999999998,10624.96,8653.7
20489.13,10624.96,8653.7
20742.96,10624.96,8653.7
20980.82,10624.96,8653.7
21179.39,10624.96,8653.7
21367.65,10624.96,8653.7
21534.32,10624.96,8653.7
21674.83,10624.96,8653.7
21762.39,10624.96,8653.7
21776.0,10624.96,8653.7
21724.99,10624.96,8653.7
21592.15,10624.96,8653.7
21405.98,10624.96,8653.7
21194.16,10624.96,8653.7
20985.18,10624.96,8653.7
20782.47,10624.96,8653.7
20573.36,10624.96,8653.7
20342.98,10624.96,8653.7
20093.09,10624.96,8653.7
19829.23,10624.96,8653.7
19542.42,10624.96,8653.7
19270.69,10624.96,8653.7
19047.23,10624.96,8653.7
18833.46,10624.96,8653.7
18633.0,10624.96,8653.7
18444.97,10624.96,8653.7
18279.73,10624.96,8653.7
18156.66,10624.96,8653.7
18007.75,10624.96,8653.7
17828.54,10624.96,8653.7
17620.9,10624.96,8653.7
17411.29,10624.96,8653.7
17193.93,10624.96,8653.7
16989.36,10624.96,8653.7
16810.6,10624.96,8640.56
16636.3,10624.96,8624.95
16460.4,10624.96,8600.46
16279.11,10624.96,8547.52
16080.29,10624.96,8502.03
15901.26,10624.96,8464.78
15708.29,10624.96,8450.0
15489.6,10624.96,8450.0
15253.12,10624.96,8450.0
15001.53,10624.96,8450.0
14710.04,10624.96,8450.0
14420.52,10624.96,8450.0
14119.83,10624.96,8450.0
13813.18,10624.96,8450.0
13511.16,10624.96,8450.0
13195.57,10624.96,8450.0
12856.789999999999,10624.96,8450.0
12553.369999999999,10624.96,8450.0
12298.41,10624.96,8450.0
12094.07,10624.96,8450.0
11913.74,10624.96,8450.0
11737.01,10624.96,8450.0
11593.7,10624.96,8450.0
11524.24,10624.96,8450.0
11545.27,10624.96,8450.0
11648.61,10624.96,8450.0
11852.77,10624.96,8450.0
12118.31,10624.96,8443.53
12409.57,10624.96,8460.09
12703.51,10624.96,8483.15
13010.619999999999,10624.96,8502.11
13329.21,10624.96,8511.69
13665.619999999999,10624.96,8515.41
14016.51,10624.96,8515.41
14398.13,10624.96,8531.16
14768.16,10624.96,8542.98
15087.5,10624.96,8542.98
15414.15,10624.96,8542.98
15747.55,10624.96,8542.98
16093.41,10624.96,8542.98
16439.8,10624.96,8542.98
16748.31,10624.96,8542.98
17051.57,10624.96,8542.98
17367.47,10624.96,8542.98
17715.96,10624.96,8542.98
18080.3,10624.96,8542.98
18432.37,10624.96,8542.98
18759.329999999998,10624.96,8542.98
19016.65,10624.96,8542.98
19232.78,10624.96,8542.98
19420.239999999998,10624.96,8543.07
19548.63,10624.96,8543.07
19634.239999999998,10624.96,8543.07
19693.0,10624.96,8543.07
19757.39,10624.96,8543.07
19840.01,10624.96,8543.07
19931.6,10624.96,8543.07
19979.71,10624.96,8543.07
20044.29,10624.96,8543.07
20087.89,10624.96,8543.07
20107.03,10624.96,8543.07
20095.329999999998,10624.96,8543.07
20059.59,10624.96,8543.07
20032.739999999998,10624.96,8543.07
20007.39,10624.96,8543.07
19958.25,10624.96,8543.07
19870.91,10624.96,8543.07
19731.46,10624.96,8543.07
19562.86,10624.96,8543.07
19385.01,10624.96,8543.07
19195.75,10624.96,8543.07
18996.989999999998,10624.96,8543.07
18777.44,10624.96,8543.07
18518.45,10624.96,8543.07
18228.36,10624.96,8543.07
17929.22,10624.96,8543.07
17642.82,10624.96,8543.07
17417.92,10624.96,8543.07
17173.31,10624.96,8543.07
16933.76,10624.96,8543.07
16768.81,10624.96,8543.07
16642.2,10624.96,8543.07
16529.42,10624.96,8543.07
16438.65,10624.96,8543.07
16375.1,10624.96,8543.07
16317.81,10624.96,8543.07
16239.58,10624.96,8543.07
16146.88,10624.96,8543.07
16017.449999999999,10624.96,8543.07
15846.46,10624.96,8543.07
15646.91,10624.96,8543.07
15396.44,10624.96,8543.07
15121.6,10624.96,8543.07
14813.78,10624.96,8543.07
14508.09,10624.96,8543.07
14242.43,10624.96,8543.07
14031.36,10624.96,8543.07
13903.44,10624.96,8543.07
13883.97,10624.96,8543.07
13952.22,10624.96,8543.07
14045.5,10624.96,8543.07
14196.4,10624.96,8543.07
14350.89,10624.96,8543.07
14457.09,10624.96,8543.07
14511.43,10624.96,8543.07
14600.92,10624.96,8543.07
14641.7,10624.96,8543.07
14667.83,10624.96,8543.07
14650.0,10624.96,8543.07
14626.88,10624.96,8543.07
14634.36,10624.96,8543.07
14638.41,10624.96,8543.07
14635.96,10624.96,8543.07
14645.13,10624.96,8543.07
14679.72,10624.96,8543.07
14738.46,10624.96,8543.07
14792.48,10624.96,8543.07
14853.32,10624.96,8543.07
14886.78,10624.96,8546.82
14931.67,10624.96,8560.17
14969.87,10624.96,8580.72
15030.26,10624.96,8617.15
15070.73,10624.96,8639.76
15106.26,10624.96,8656.41
15117.77,10624.96,8650.57
15079.74,10624.96,8620.99
15048.15,10624.96,8603.6
14996.14,10624.96,8600.34
14847.19,10624.96,8600.34
14645.52,10624.96,8600.34
14431.0,10624.96,8600.34
14203.97,10624.96,8600.34
13958.07,10624.96,8600.34
13696.5,10624.96,8600.34
13419.39,10624.96,8600.34
13141.84,10624.96,8600.34
12889.98,10624.96,8600.34
12677.3,10624.96,8600.34
12504.63,10624.96,8600.34
12405.5,10624.96,8600.34
12315.87,10624.96,8600.34
12216.96,10624.96,8600.34
12147.04,10624.96,8600.34
12067.53,10624.96,8600.34
11983.83,10624.96,8600.34
11877.91,10624.96,8600.34
11742.03,10624.96,8600.34
11565.68,10624.96,8600.34
11386.63,10624.96,8600.34
11161.64,10624.96,8600.34
10928.42,10624.96,8600.34
10734.93,10624.96,8600.34
10665.7,10624.96,8600.34
10627.53,10624.96,8600.34
10645.77,10624.96,8600.34
10625.26,10624.96,8600.34
10624.96,10624.96,8600.34
10691.06,10691.06,8600.34
10746.75,10746.75,8600.34
10775.27,10775.27,8600.34
10790.39,10790.39,8600.34
10813.04,10813.04,8600.34
10852.8,10852.8,8600.34
10891.71,10891.71,8600.34
10930.75,10930.75,8600.34
10970.09,10970.09,8600.34
11052.36,11052.36,8600.34
11163.45,11163.45,8600.34
11315.07,11315.07,8600.34
11479.79,11479.79,8600.34
11676.22,11676.22,8600.34
11881.16,11881.16,8603.05
12114.77,12114.77,8609.04
12342.74,12203.57,8609.04
12599.34,12203.57,8609.04
12862.69,12203.57,8609.04
13124.86,12203.57,8609.04
13386.68,12203.57,8609.04
13643.48,12203.57,8609.04
13893.15,12203.57,8609.04
14127.84,12203.57,8609.04
14373.4,12203.57,8609.04
14638.34,12203.57,8615.31
14902.55,12203.57,8627.08
15168.06,12203.57,8643.85
15417.42,12203.57,8654.22
15663.35,12203.57,8654.22
15856.02,12203.57,8654.22
16018.8,12203.57,8654.22
16153.84,12203.57,8678.95
16237.6,12203.57,8694.62
16280.52,12203.57,8714.75
16282.65,12203.57,8738.4
16272.93,12203.57,8751.34
16217.210000000001,12203.57,8751.34
16180.89,12203.57,8751.34
16169.86,12203.57,8756.51
16157.12,12203.57,8758.56
16144.78,12203.57,8758.78
16129.21,12203.57,8758.78
16044.92,12203.57,8758.78
15909.16,12203.57,8758.78
15761.0,12203.57,8752.48
15691.32,12203.57,8729.09
15633.09,12203.57,8729.09
15539.52,12203.57,8729.09
15486.48,12203.57,8729.09
15456.38,12203.57,8729.09
15428.06,12203.57,8729.09
15365.76,12203.57,8728.18
15278.9,12203.57,8728.18
15212.06,12203.57,8728.18
15171.54,12203.57,8728.18
15147.31,12203.57,8728.18
15116.39,12203.57,8728.18
15035.5,12203.57,8716.63
14890.8,12203.57,8688.76
14726.47,12203.57,8656.2
14547.93,12203.57,8635.44
14368.57,12143.34,8622.83
14200.22,11948.44,8622.83
14041.77,11848.38,8622.83
13889.74,11802.1,8622.83
13786.42,11712.81,8622.83
13710.52,11657.45,8622.83
13658.47,11653.53,8622.83
13611.32,11629.22,8622.83
13563.46,11622.41,8622.83
13517.29,11612.12,8622.83
13496.38,11612.12,8622.83
13487.94,11612.12,8622.83
13480.36,11612.12,8622.83
13490.96,11612.12,8622.83
13540.34,11612.12,8622.83
13598.41,11612.12,8622.83
13697.46,11612.12,8622.83
13839.34,11612.12,8622.83
14052.53,11612.12,8622.83
14315.11,11612.12,8613.96
14644.4,11596.45,8613.96
15016.13,11456.08,8595.39
15384.96,11295.55,8582.01
15741.529999999999,11139.86,8587.26
16087.56,11003.81,8583.95
16417.239999999998,10887.34,8589.55
16713.54,10814.5,8601.35
16998.87,10814.5,8611.75
17261.46,10814.5,8611.75
17509.0,10814.5,8611.75
17772.739999999998,10814.5,8611.75
18043.65,10814.5,8613.44
18294.51,10814.5,8613.44
18540.93,10814.5,8628.19
18765.0,10814.5,8644.27
18919.59,10814.5,8644.27
19046.81,10814.5,8644.27
19197.87,10814.5,8644.27
19356.25,10814.5,8644.27
19485.8,10814.5,8644.27
19550.22,10814.5,8644.27
19567.59,10814.5,8644.27
19533.86,10814.5,8644.27
19468.22,10814.5,8644.27
19401.97,10814.5,8644.27
19374.71,10814.5,8644.27
19350.65,10814.5,8644.27
19337.38,10814.5,8644.27
19333.36,10814.5,8644.27
19353.88,10814.5,8644.27
19399.99,10814.5,8644.27
19475.51,10814.5,8644.27
19526.97,10814.5,8644.27
19579.41,10814.5,8644.27
19619.01,10814.5,8644.27
19664.85,10814.5,8644.27
19724.2,10814.5,8644.27
19805.76,10814.5,8644.27
19867.86,10814.5,8644.27
19940.56,10814.5,8644.27
20021.76,10814.5,8644.27
20086.85,10814.5,8644.27
20119.13,10814.5,8644.27
20137.51,10814.5,8644.27
20153.25,10814.5,8644.27
20176.03,10814.5,8644.27
20194.42,10814.5,8644.27
20212.39,10814.5,8644.27
20221.34,10814.5,8644.27
20247.09,10814.5,8644.27
20265.66,10814.5,8644.27
20291.54,10814.5,8644.27
20303.33,10814.5,8644.27
20309.58,10814.5,8625.51
20323.56,10814.5,8605.84
20337.08,10814.5,8582.15
20350.24,10814.5,8582.15
20355.06,10814.5,8582.15
20357.84,10814.5,8582.15
20344.98,10814.5,8582.15
20332.57,10814.5,8582.15
20338.02,10814.5,8582.15
20351.81,10814.5,8582.15
20404.23,10814.5,8582.15
20503.48,10814.5,8582.15
20604.56,10814.5,8582.15
20718.87,10814.5,8582.15
20838.02,10814.5,8582.15
20985.36,10814.5,8582.15
21152.61,10814.5,8582.15
21345.29,10814.5,8582.15
21546.56,10814.5,8582.15
21735.07,10814.5,8591.69
21900.49,10814.5,8597.59
22051.19,10814.5,8609.93
22178.88,10814.5,8609.93
22304.96,10814.5,8609.93
22387.99,10814.5,8609.93
22464.12,10814.5,8609.93
22525.74,10814.5,8609.93
22565.27,10814.5,8609.93
22585.920000000002,10814.5,8609.93
22597.73,10814.5,8609.93
22605.19,10814.5,8609.93
22604.84,10814.5,8609.93
22596.55,10814.5,8609.93
22581.170000000002,10814.5,8609.93
22549.31,10814.5,8609.93
22522.37,10814.5,8609.93
22511.92,10814.5,8609.93
22517.94,10814.5,8609.93
22504.1,10814.5,8609.93
22429.3,10814.5,8609.93
22286.89,10814.5,8609.93
22065.45,10814.5,8609.93
21788.93,10814.5,8609.93
21470.4,10814.5,8609.93
21107.25,10814.5,8609.93
20729.72,10814.5,8609.93
20380.5,10814.5,8609.93
20041.99,10814.5,8609.93
19721.05,10814.5,8609.93
19445.58,10814.5,8609.93
19185.53,10814.5,8609.93
18926.69,10814.5,8609.93
18664.35,10814.5,8609.93
18396.45,10814.5,8609.93
18164.07,10814.5,8609.93
17939.57,10814.5,8609.93
17722.75,10814.5,8609.93
17504.5,10814.5,8609.93
17276.08,10814.5,8609.93
17040.26,10814.5,8609.93
16782.66,10814.5,8609.93
16489.4,10814.5,8609.93
16209.45,10814.5,8609.93
15946.64,10814.5,8609.93
15722.16,10814.5,8609.93
15546.72,10814.5,8609.93
15414.15,10814.5,8609.93
15319.72,10814.5,8609.93
15235.42,10814.5,8609.93
15183.18,10814.5,8581.89
15153.16,10814.5,8538.14
15120.79,10814.5,8517.79
15096.62,10814.5,8517.79
15082.28,10814.5,8517.79
15071.82,10814.5,8517.79
15086.460000000001,10814.5,8517.79
15129.99,10814.5,8517.79
15174.25,10814.5,8517.79
15159.68,10814.5,8517.79
15091.0,10814.5,8517.79
14964.55,10814.5,8517.79
14815.52,10814.5,8517.79
14615.84,10814.5,8517.79
14360.2,10814.5,8517.79
14072.17,10814.5,8517.79
13770.94,10814.5,8517.79
13464.67,10814.5,8517.79
13207.46,10814.5,8517.79
13025.09,10814.5,8517.79
12932.98,10814.5,8517.79
12881.8,10814.5,8517.79
12845.97,10814.5,8517.79
12839.59,10814.5,8517.79
12874.01,10814.5,8529.76
12896.09,10814.5,8529.76
12927.47,10814.5,8529.76
12965.67,10814.5,8529.76
12989.41,10814.5,8529.76
12998.67,10814.5,8529.76
13013.57,10814.5,8529.76
13035.12,10814.5,8529.76
13050.97,10814.5,8530.29
13050.17,10814.5,8530.29
13049.38,10814.5,8530.29
13073.52,10814.5,8530.29
13143.68,10814.5,8530.29
13250.75,10814.5,8530.29
13382.8,10814.5,8530.29
13575.199999999999,10814.5,8530.58
13839.83,10814.5,8550.44
14112.9,10814.5,8559.87
14378.68,10814.5,8559.87
14627.18,10814.5,8559.87
14865.9,10814.5,8559.87
15082.66,10814.5,8556.28
15277.94,10814.5,8525.9
15460.09,10814.5,8496.05
15604.01,10814.5,8467.26
15732.15,10814.5,8436.73
15840.199999999999,10814.5,8409.55
15913.07,10814.5,8407.98
15920.26,10814.5,8406.35
15877.88,10814.5,8404.38
15804.88,10814.5,8384.55
15696.029999999999,10814.5,8384.55
15559.03,10814.5,8384.55
15432.789999999999,10814.5,8384.55
15347.039999999999,10814.5,8373.02
15315.119999999999,10814.5,8364.17
15299.49,10814.5,8339.14
15312.41,10660.16,8324.05
15360.52,10477.3,8322.02
15413.0,10364.51,8322.02
15451.34,10319.87,8322.02
15506.07,10293.5,8322.02
15560.32,10293.5,8322.02
15592.45,10293.5,8322.02
15593.89,10293.5,8322.02
15577.5,10293.5,8322.02
15546.8,10293.5,8322.02
15530.8,10293.5,8322.02
15484.13,10293.5,8322.02
15437.51,10293.5,8322.02
15387.83,10293.5,8322.02
15367.94,10293.5,8322.02
15354.36,10293.5,8322.02
15333.52,10293.5,8322.02
15351.75,10293.5,8322.02
15444.24,10293.5,8322.02
15545.789999999999,10293.5,8322.02
15638.11,10293.5,8322.02
15690.69,10293.5,8322.02
15712.21,10293.5,8322.02
15683.71,10293.5,8322.02
15593.88,10293.5,8322.02
15447.49,10293.5,8322.02
15260.55,10293.5,8322.02
15026.27,10293.5,8322.02
14795.05,10293.5,8322.02
14554.84,10293.5,8322.02
14273.75,10293.5,8322.02
13996.39,10293.5,8322.02
13713.52,10293.5,8322.02
13458.63,10293.5,8322.02
13236.789999999999,10293.5,8322.02
13058.19,10293.5,8322.02
12896.14,10293.5,8322.02
12749.54,10293.5,8322.02
12625.87,10293.5,8322.02
12527.82,10293.5,8322.02
12459.07,10293.5,8322.02
12396.99,10293.5,8322.02
12366.86,10293.5,8322.02
12371.86,10293.5,8322.02
12393.14,10293.5,8322.02
12424.86,10293.5,8322.02
12463.88,10293.5,8322.02
12525.82,10293.5,8322.02
12615.16,10293.5,8322.02
12720.99,10293.5,8322.02
12840.89,10293.5,8322.02
12974.26,10293.5,8322.02
13094.43,10293.5,8322.02
13209.74,10293.5,8322.02
13299.2,10293.5,8322.02
13388.42,10293.5,8322.02
13454.81,10293.5,8322.02
13485.53,10293.5,8329.88
13477.51,10293.5,8294.77
13482.25,10293.5,8277.59
13470.82,10293.5,8252.67
13426.77,10293.5,8228.11
13356.31,10293.5,8228.11
13280.17,10293.5,8228.11
13240.24,10293.5,8224.16
13188.6,10293.5,8208.64
13137.67,10293.5,8200.23
13110.76,10293.5,8188.04
13086.83,10293.5,8153.17
13082.01,10293.5,8115.23
13088.34,10293.5,8085.57
13112.49,10293.5,8063.69
13181.18,10293.5,8044.96
13301.42,10293.5,8034.99
13445.63,10293.5,8034.8
13603.24,10293.5,8034.8
13748.37,10293.5,8033.75
13888.54,10293.5,8023.75
14048.92,10293.5,8015.7
14177.7,10293.5,8007.6
14284.19,10293.5,7990.3
14329.33,10293.5,7973.89
14312.07,10293.5,7973.89
14277.49,10293.5,7973.89
14217.53,10293.5,7973.89
14131.92,10251.2,7973.89
14043.4,10197.04,7973.89
13968.54,10164.12,7973.89
13887.52,10147.73,7973.89
13822.23,10046.39,7973.89
13751.74,9904.15,7973.89
13692.74,9756.19,7973.89
13647.15,9610.6,7973.89
13600.81,9481.68,7973.89
13557.460000000001,9386.68,7973.89
13505.77,9318.83,7973.89
13480.28,9301.39,7973.89
13497.86,9301.39,7973.89
13544.460000000001,9301.39,7973.89
13630.72,9301.39,7973.89
13747.69,9301.39,7973.89
13887.8,9301.39,7973.89
14068.67,9301.39,7973.89
14269.6,9301.39,7973.89
14520.25,9301.39,7973.89
14824.43,9301.39,7973.89
15124.98,9301.39,7973.89
15407.72,9301.39,7974.23
15712.11,9301.39,7986.03
16040.2,9301.39,8026.67
16353.24,9301.39,8061.27
16653.62,9301.39,8089.05
16955.39,9301.39,8096.11
17233.6,9301.39,8096.11
17462.69,9301.39,8096.11
17678.63,9301.39,8096.11
17910.59,9301.39,8096.11
18158.99,9301.39,8096.11
18376.34,9301.39,8096.11
18591.82,9301.39,8096.11
18810.75,9301.39,8096.11
19004.39,9301.39,8096.11
19160.48,9301.39,8096.11
19302.45,9301.39,8096.11
19442.53,9301.39,8096.11
19584.61,9301.39,8096.11
19724.71,9301.39,8096.11
19851.64,9301.39,8096.11
19995.97,9301.39,8096.11
20180.02,9301.39,8096.11
20414.73,9301.39,8091.44
20664.45,9301.39,8077.55
20907.48,9301.39,8072.59
21146.9,9301.39,8068.39
21377.11,9301.39,8055.55
21604.65,9301.39,8035.67
21789.53,9301.39,8014.87
21956.04,9301.39,7993.55
22091.69,9301.39,7983.93
22180.79,9301.39,7974.87
22258.36,9301.39,7960.95
22350.09,9301.39,7960.95
22425.61,9301.39,7960.95
22467.04,9301.39,7960.95
22457.29,9301.39,7960.95
22399.62,9301.39,7960.95
22318.88,9301.39,7960.95
22217.68,9301.39,7960.95
22117.22,9301.39,7960.95
22017.17,9301.39,7960.95
21908.04,9301.39,7960.95
21806.34,9301.39,7960.95
21703.64,9301.39,7960.95
21586.49,9301.39,7960.95
21463.57,9301.39,7960.95
21332.12,9301.39,7960.95
21178.15,9301.39,7960.95
21050.13,9301.39,7960.95
20924.3,9301.39,7960.95
20789.5,9301.39,7960.95
20620.72,9301.39,7960.95
20476.94,9301.39,7960.95
20355.96,9301.39,7960.95
20225.16,9301.39,7960.95
20062.28,9301.39,7960.95
19884.04,9301.39,7960.95
19741.87,9301.39,7960.95
19580.81,9301.39,7960.95
19385.989999999998,9301.39,7960.95
19177.99,9301.39,7960.95
18990.55,9301.39,7960.95
18839.4,9301.39,7960.95
18673.41,9301.39,7960.95
18474.04,9301.39,7960.95
18256.4,9301.39,7960.95
18028.43,9301.39,7960.95
17769.82,9301.39,7951.87
17510.67,9301.39,7951.87
17254.48,9301.39,7951.87
16975.27,9301.39,7951.87
16705.96,9301.39,7951.87
16456.55,9301.39,7951.87
16203.67,9301.39,7951.87
15930.72,9301.39,7951.87
15680.78,9301.39,7951.87
15430.42,9301.39,7951.87
15209.52,9301.39,7951.87
15042.97,9301.39,7951.87
14879.95,9301.39,7951.87
14699.16,9301.39,7951.87
14559.24,9301.39,7951.87
14459.11,9301.39,7951.87
14387.33,9301.39,7951.87
14327.06,9301.39,7951.87
14264.56,9301.39,7951.87
14184.5,9301.39,7951.87
14094.39,9301.39,7951.87
13978.77,9301.39,7951.87
13853.49,9301.39,7951.87
13706.1,9301.39,7951.87
13545.7,9301.39,7951.87
13391.52,9301.39,7951.87
13250.619999999999,9301.39,7951.87
13117.67,9301.39,7951.87
13014.6,9301.39,7951.87
12903.82,9301.39,7951.87
12828.98,9301.39,7951.87
12791.88,9301.39,7951.87
12795.95,9301.39,7951.87
12777.0,9301.39,7951.87
12725.81,9301.39,7951.87
12682.26,9301.39,7951.87
12651.84,9301.39,7951.87
12616.4,9301.39,7951.87
12546.12,9301.39,7951.87
12496.95,9301.39,7951.87
12458.41,9301.39,7951.87
12432.52,9301.39,7951.87
12404.41,9301.39,7951.87
12330.76,9301.39,7951.87
12262.81,9301.39,7951.87
12215.81,9301.39,7951.87
12203.57,9301.39,7951.87
12243.41,9301.39,7951.87
12349.58,9301.39,7951.87
12490.37,9301.39,7951.87
12657.92,9301.39,7951.87
12891.73,9301.39,7951.87
13160.41,9301.39,7951.87
13428.710000000001,9301.39,7956.43
13653.56,9301.39,7962.12
13800.130000000001,9301.39,7974.24
13900.45,9301.39,7974.39
14016.91,9301.39,7974.39
14093.99,9301.39,7974.39
14119.960000000001,9301.39,7974.39
14168.23,9301.39,7974.39
14208.58,9301.39,7974.39
14219.07,9301.39,7974.39
14192.960000000001,9301.39,7974.39
14162.3,9301.39,7974.39
14132.460000000001,9301.39,7974.39
14104.12,9301.39,7974.39
14069.6,9301.39,7974.39
14029.32,9301.39,7974.39
13997.64,9301.39,7974.39
13990.07,9301.39,7974.39
13990.85,9301.39,7974.39
14011.57,9301.39,7974.39
14059.53,9301.39,7974.39
14140.67,9301.39,7974.39
14267.12,9301.39,7974.39
14383.45,9301.39,7974.39
14469.94,9301.39,7974.39
14516.8,9301.39,7974.39
14517.17,9301.39,7974.39
14451.15,9301.39,7974.39
14374.79,9301.39,7974.39
14266.99,9301.39,7974.39
14147.4,9301.39,7974.39
14012.94,9301.39,7974.39
13883.28,9301.39,7974.39
13820.06,9301.39,7974.39
13774.57,9301.39,7974.39
13735.67,9301.39,7974.39
13687.35,9301.39,7974.39
13604.85,9301.39,7974.39
13516.82,9301.39,7974.39
13460.53,9301.39,7974.39
13443.07,9301.39,7974.39
13417.43,9301.39,7974.39
13353.77,9301.39,7974.39
13260.6,9301.39,7974.39
13113.95,9301.39,7974.39
12922.1,9301.39,7974.39
12668.0,9301.39,7974.39
12398.97,9301.39,7974.39
12143.34,9301.39,7974.39
11948.44,9301.39,7974.39
11848.380000000001,9301.39,7974.39
11802.1,9301.39,7974.39
11712.81,9301.39,7974.39
11657.45,9301.39,7974.39
11653.53,9301.39,7974.39
11629.22,9301.39,7974.39
11622.41,9301.39,7974.39
11612.12,9301.39,7974.39
11629.18,9301.39,7974.39
11642.02,9301.39,7974.39
11669.46,9301.39,7974.39
11719.04,9301.39,7974.39
11774.45,9301.39,7974.39
11806.83,9301.39,7974.39
11828.91,9301.39,7974.39
11813.38,9301.39,7974.39
11767.76,9301.39,7974.39
11678.37,9301.39,7974.39
11596.45,9301.39,7974.39
11456.08,9301.39,7974.39
11295.55,9301.39,7974.39
11139.86,9301.39,7974.39
11003.81,9301.39,7974.39
10887.34,9301.39,7974.39
10814.5,9301.39,7974.39
10817.4,9301.39,7974.39
10840.72,9301.39,7974.39
10947.8,9301.39,7974.39
11098.23,9301.39,7974.39
11312.11,9301.39,7974.39
11596.3,9301.39,7976.9
11854.57,9301.39,7976.9
12127.5,9301.39,7976.9
12398.41,9301.39,7976.9
12688.25,9301.39,7976.9
13002.82,9301.39,7976.9
13307.42,9301.39,7976.9
13578.71,9301.39,7976.9
13831.87,9301.39,7976.9
14089.23,9301.39,7976.9
14364.71,9301.39,7976.9
14646.44,9301.39,7976.9
14905.19,9301.39,7976.9
15110.06,9301.39,7985.1
15273.51,9301.39,7982.72
15336.76,9301.39,7960.84
15414.85,9301.39,7944.18
15462.66,9301.39,7943.55
15500.39,9301.39,7940.38
15514.28,9301.39,7928.68
15601.86,9301.39,7928.68
15705.58,9301.39,7928.68
15808.87,9301.39,7928.68
15941.09,9301.39,7928.68
16086.3,9301.39,7928.68
16261.06,9301.39,7928.68
16477.78,9301.39,7928.68
16690.72,9301.39,7928.68
16856.47,9301.39,7928.68
16931.670000000002,9301.39,7928.68
16937.04,9301.39,7928.68
16966.420000000002,9301.39,7928.68
17005.1,9301.39,7928.68
17030.89,9301.39,7928.68
17103.29,9301.39,7928.68
17193.44,9301.39,7928.68
17234.75,9301.39,7928.68
17314.35,9301.39,7947.76
17378.02,9301.39,7962.85
17424.03,9301.39,7965.58
17450.06,9301.39,7965.58
17441.05,9301.39,7965.58
17409.65,9301.39,7965.58
17335.22,9301.39,7965.58
17279.23,9301.39,7965.58
17186.6,9301.39,7965.58
17080.46,9301.39,7965.58
16932.06,9301.39,7965.58
16725.94,9301.39,7965.58
16508.56,9301.39,7965.58
16272.26,9301.39,7965.58
16027.98,9301.39,7965.58
15766.23,9301.39,7965.58
15500.51,9301.39,7965.58
15257.8,9301.39,7965.58
15009.83,9301.39,7965.58
14756.92,9301.39,7965.58
14527.99,9301.39,7965.58
14317.42,9301.39,7965.58
14128.28,9301.39,7965.58
13969.63,9301.39,7965.58
13853.68,9301.39,7965.58
13795.85,9301.39,7965.58
13844.16,9301.39,7965.58
13855.48,9301.39,7965.58
13867.97,9301.39,7965.58
13909.52,9301.39,7965.58
13979.07,9301.39,7965.58
14053.97,9301.39,7965.58
14135.43,9301.39,7965.58
14231.74,9301.39,7965.58
14354.07,9301.39,7965.58
14457.41,9301.39,7965.58
14531.9,9301.39,7965.58
14593.4,9301.39,7965.58
14667.62,9301.39,7965.58
14706.35,9301.39,7965.58
14746.710000000001,9301.39,7965.58
14798.210000000001,9301.39,7965.58
14822.19,9301.39,7965.58
14848.34,9301.39,7965.58
14889.89,9301.39,7965.58
14926.22,9301.39,7965.58
14986.06,9301.39,7965.58
15092.59,9301.39,7965.58
15219.67,9301.39,7963.91
15360.630000000001,9301.39,7946.2
15514.82,9301.39,7938.23
15704.53,9301.39,7932.7
15919.93,9301.39,7913.99
16137.48,9301.39,7885.37
16367.15,9301.39,7877.58
16596.96,9301.39,7877.58
16818.04,9301.39,7877.58
17033.4,9301.39,7877.58
17275.9,9301.39,7877.58
17543.87,9301.39,7877.58
17820.85,9301.39,7877.58
18075.9,9301.39,7877.58
18351.66,9301.39,7877.58
18645.64,9301.39,7877.58
18917.85,9301.39,7877.58
19166.45,9301.39,7877.58
19405.45,9301.39,7877.58
19617.03,9301.39,7877.58
19776.54,9301.39,7877.58
19889.25,9301.39,7877.58
19944.11,9301.39,7877.58
19937.05,9301.39,7877.58
19878.14,9301.39,7877.58
19777.4,9301.39,7877.58
19643.02,9301.39,7877.58
19545.96,9301.39,7877.58
19495.47,9301.39,7877.58
19435.15,9301.39,7877.58
19362.7,9301.39,7877.58
19274.9,9301.39,7877.58
19185.06,9301.39,7877.58
19112.69,9301.39,7877.58
19035.03,9301.39,7877.58
18939.28,9301.39,7877.58
18813.91,9301.39,7877.58
18654.7,9301.39,7877.58
18473.23,9301.39,7877.58
18349.57,9301.39,7877.58
18272.63,9301.39,7877.58
18235.27,9301.39,7877.58
18197.02,9301.39,7877.58
18106.36,9301.39,7877.58
18028.21,9301.39,7877.58
17942.27,9301.39,7877.58
17841.25,9301.39,7877.58
17721.27,9301.39,7877.58
17591.95,9301.39,7850.77
17460.51,9301.39,7820.16
17303.34,9301.39,7799.56
17119.73,9301.39,7783.18
16938.59,9301.39,7775.68
16753.51,9301.39,7765.61
16555.0,9301.39,7755.36
16322.42,9301.39,7741.08
16073.5,9301.39,7721.7
15816.19,9301.39,7713.96
15518.96,9301.39,7688.65
15198.71,9301.39,7668.88
14873.11,9301.39,7653.33
14562.28,9301.39,7638.44
14239.36,9301.39,7629.92
13919.48,9301.39,7629.92
13652.95,9301.39,7629.92
13430.86,9301.39,7629.92
13216.77,9301.39,7611.52
13007.4,9301.39,7587.11
12809.210000000001,9301.39,7566.79
12620.94,9301.39,7551.31
12453.29,9301.39,7538.73
12343.43,9301.39,7538.73
12311.73,9301.39,7538.73
12310.36,9301.39,7538.73
12323.32,9301.39,7552.28
12315.35,9301.39,7552.28
12297.43,9301.39,7552.28
12259.84,9301.39,7552.28
12209.56,9301.39,7550.16
12090.69,9301.39,7550.16
11950.14,9301.39,7550.16
11753.46,9301.39,7550.16
11513.97,9301.39,7550.16
11272.17,9301.39,7550.16
11069.99,9301.39,7550.16
10852.460000000001,9301.39,7550.16
10660.16,9301.39,7550.16
10477.3,9260.67,7550.16
10364.51,9151.5,7550.16
10319.87,9056.46,7550.16
10293.5,8988.54,7550.16
10320.54,8923.74,7550.16
10355.84,8850.71,7550.16
10376.49,8801.6,7550.16
10369.130000000001,8801.6,7550.16
10381.67,8801.6,7550.16
10393.94,8801.6,7550.16
10390.67,8801.6,7550.16
10408.22,8801.6,7550.16
10442.89,8801.6,7550.16
10460.68,8801.6,7550.16
10470.59,8801.6,7550.16
10511.710000000001,8801.6,7550.16
10621.64,8801.6,7550.16
10740.53,8801.6,7550.16
10837.5,8801.6,7550.16
10958.380000000001,8801.6,7550.16
11064.72,8801.6,7550.16
11150.83,8801.6,7550.16
11231.72,8801.6,7550.16
11307.83,8801.6,7550.16
11363.51,8801.6,7550.16
11405.66,8801.6,7550.16
11440.89,8801.6,7550.16
11503.02,8801.6,7550.16
11580.23,8801.6,7550.16
11682.4,8801.6,7550.16
11777.41,8801.6,7550.16
11872.24,8801.6,7550.16
11986.2,8801.6,7550.16
12087.74,8801.6,7550.16
12178.89,8801.6,7550.16
12260.67,8801.6,7550.75
12350.92,8801.6,7550.75
12424.27,8801.6,7550.75
12492.14,8801.6,7550.75
12547.19,8801.6,7550.75
12674.970000000001,8801.6,7550.75
12819.23,8801.6,7550.75
12954.970000000001,8801.6,7550.75
13081.94,8801.6,7550.75
13217.54,8801.6,7550.75
13322.94,8801.6,7550.75
13427.710000000001,8801.6,7550.89
13509.48,8801.6,7550.89
13574.5,8801.6,7550.89
13583.49,8801.6,7550.89
13548.970000000001,8801.6,7550.89
13509.57,8801.6,7550.89
13455.52,8801.6,7550.89
13413.86,8801.6,7550.89
13377.6,8801.6,7550.89
13365.550000000001,8801.6,7550.89
13303.4,8801.6,7550.89
13209.18,8801.6,7550.89
13133.08,8801.6,7550.89
13051.02,8801.6,7550.89
12963.98,8801.6,7550.89
12926.99,8801.6,7550.89
12895.06,8801.6,7550.89
12833.45,8801.6,7550.89
12694.28,8801.6,7550.89
12553.16,8801.6,7550.89
12418.28,8801.6,7550.89
12243.91,8801.6,7550.89
12083.15,8801.6,7550.89
11947.95,8801.6,7550.89
11821.11,8801.6,7550.89
11698.16,8801.6,7550.89
11586.12,8801.6,7550.89
11464.87,8801.6,7550.89
11334.8,8801.6,7550.89
11176.16,8801.6,7550.89
11013.66,8801.6,7550.89
10845.68,8801.6,7550.89
10702.67,8801.6,7550.89
10572.210000000001,8801.6,7550.89
10450.41,8801.6,7550.89
10372.63,8801.6,7550.89
10324.19,8801.6,7550.89
10295.47,8801.6,7550.89
10251.2,8801.6,7550.89
10197.04,8801.6,7550.89
10164.12,8801.6,7550.89
10147.73,8801.6,7550.89
10046.39,8801.6,7550.89
9904.15,8801.6,7550.89
9756.19,8801.6,7550.89
9610.6,8801.6,7550.89
9481.68,8801.6,7550.89
9386.68,8801.6,7550.89
9318.83,8801.6,7550.89
9301.39,8801.6,7550.89
9357.45,8801.6,7550.89
9475.19,8801.6,7550.89
9647.94,8801.6,7550.89
9859.29,8801.6,7550.89
10104.47,8801.6,7550.89
10349.43,8801.6,7550.89
10598.24,8801.6,7550.89
10821.45,8801.6,7550.89
11047.64,8801.6,7550.89
11295.27,8801.6,7565.02
11488.62,8801.6,7576.86
11585.82,8801.6,7591.1
11649.9,8801.6,7602.0
11692.81,8801.6,7602.0
11726.42,8801.6,7602.0
11743.78,8801.6,7602.0
11785.51,8801.6,7602.0
11826.630000000001,8801.6,7602.0
11870.54,8801.6,7602.0
11924.56,8801.6,7620.65
11971.42,8801.6,7644.36
12014.24,8801.6,7660.7
12046.32,8801.6,7669.84
12088.68,8801.6,7678.34
12135.68,8801.6,7678.52
12196.77,8801.6,7678.52
12273.28,8801.6,7678.52
12351.27,8801.6,7678.52
12419.09,8801.6,7680.03
12466.8,8801.6,7681.88
12515.17,8801.6,7684.91
12558.12,8801.6,7697.75
12589.16,8801.6,7710.87
12573.62,8801.6,7710.87
12529.57,8801.6,7710.87
12484.79,8801.6,7710.87
12444.7,8801.6,7710.87
12398.86,8801.6,7710.87
12329.630000000001,8801.6,7710.87
12256.42,8801.6,7710.87
12212.37,8801.6,7710.87
12182.58,8801.6,7710.87
12156.710000000001,8801.6,7710.87
12132.210000000001,8801.6,7710.87
12139.14,8801.6,7710.87
12191.12,8801.6,7710.87
12287.86,8801.6,7710.87
12372.01,8801.6,7710.87
12430.27,8801.6,7710.87
12470.42,8801.6,7710.87
12481.42,8801.6,7710.87
12465.73,8801.6,7710.87
12446.4,8801.6,7710.87
12431.7,8801.6,7710.87
12445.15,8801.6,7710.87
12503.16,8801.6,7710.87
12598.7,8801.6,7710.87
12728.08,8801.6,7710.87
12920.59,8801.6,7710.87
13217.13,8801.6,7710.87
13544.49,8801.6,7710.87
13841.98,8801.6,7710.87
14144.6,8801.6,7710.87
14451.29,8801.6,7710.87
14724.82,8801.6,7710.87
14978.69,8801.6,7710.87
15213.24,8801.6,7710.87
15461.22,8801.6,7710.87
15676.56,8801.6,7710.87
15806.18,8801.6,7710.87
15879.76,8801.6,7710.87
15913.35,8801.6,7710.87
15935.18,8801.6,7710.87
15920.8,8801.6,7710.87
15877.09,8801.6,7710.87
15840.43,8801.6,7710.87
15805.5,8801.6,7710.87
15774.12,8801.6,7710.87
15733.74,8801.6,7710.87
15696.62,8801.6,7710.87
15698.32,8801.6,7710.87
15735.2,8801.6,7710.87
15823.9,8801.6,7718.75
15956.9,8801.6,7719.62
16172.27,8801.6,7720.88
16462.15,8801.6,7732.01
16780.47,8801.6,7751.82
17094.57,8801.6,7773.78
17403.22,8801.6,7801.54
17683.39,8801.6,7818.6
17965.44,8801.6,7836.66
18264.49,8801.6,7862.24
18534.52,8801.6,7862.24
18751.52,8801.6,7862.24
18903.24,8801.6,7862.24
19038.7,8801.6,7862.24
19139.39,8801.6,7862.24
19217.91,8801.6,7862.24
19247.52,8801.6,7862.24
19240.75,8801.6,7862.24
19215.75,8801.6,7862.24
19182.06,8801.6,7862.24
19135.54,8801.6,7862.24
19091.71,8801.6,7862.24
19061.92,8801.6,7862.24
19015.8,8801.6,7862.24
18981.43,8801.6,7862.24
18946.9,8801.6,7862.24
18908.04,8801.6,7862.24
18899.23,8801.6,7862.24
18897.16,8801.6,7862.24
18908.73,8801.6,7862.24
18933.16,8801.6,7862.24
18974.97,8801.6,7862.24
19042.25,8801.6,7862.24
19118.39,8801.6,7862.24
19255.59,8801.6,7862.24
19465.79,8801.6,7862.24
19736.0,8801.6,7862.24
20038.26,8801.6,7862.24
20341.51,8801.6,7862.24
20655.66,8801.6,7862.24
20974.29,8801.6,7862.24
21295.05,8801.6,7862.24
21631.68,8801.6,7862.24
21979.9,8801.6,7862.66
22333.59,8801.6,7874.33
22689.22,8801.6,7897.87
23008.36,8801.6,7897.87
23341.22,8801.6,7897.87
23646.74,8801.6,7897.87
23876.7,8801.6,7897.87
24007.26,8801.6,7897.87
24064.01,8801.6,7897.87
24134.2,8801.6,7897.87
24227.3,8801.6,7897.87
24305.41,8801.6,7897.87
24388.19,8801.6,7897.87
24454.12,8801.6,7897.87
24498.27,8801.6,7897.87
24538.43,8801.6,7897.87
24575.86,8801.6,7897.87
24611.18,8801.6,7897.87
24625.21,8801.6,7897.87
24626.47,8801.6,7897.87
24605.01,8801.6,7897.87
24585.75,8801.6,7897.87
24585.18,8801.6,7897.87
24577.13,8801.6,7897.87
24537.65,8801.6,7897.87
24463.39,8801.6,7897.87
24364.02,8801.6,7897.87
24227.079999999998,8801.6,7897.87
24061.42,8801.6,7897.87
23867.1,8801.6,7897.87
23641.07,8801.6,7897.87
23411.2,8801.6,7897.87
23160.96,8801.6,7897.87
22939.98,8801.6,7897.87
22753.12,8801.6,7897.87
22618.71,8801.6,7897.87
22521.84,8801.6,7897.87
22427.36,8801.6,7897.87
22338.55,8801.6,7897.87
22257.739999999998,8801.6,7897.87
22167.3,8801.6,7897.87
22065.17,8801.6,7897.87
21948.55,8801.6,7897.87
21852.329999999998,8801.6,7897.87
21772.3,8801.6,7897.87
21699.329999999998,8801.6,7897.87
21632.329999999998,8801.6,7897.87
21565.77,8801.6,7897.87
21507.03,8801.6,7897.87
21467.28,8801.6,7897.87
21436.2,8801.6,7897.87
21413.75,8801.6,7897.87
21395.36,8801.6,7897.87
21398.489999999998,8801.6,7897.87
21419.63,8801.6,7897.87
21448.37,8801.6,7897.87
21462.77,8801.6,7897.87
21404.38,8801.6,7897.87
21263.67,8801.6,7897.87
21081.87,8801.6,7897.87
20851.29,8801.6,7897.87
20623.3,8801.6,7897.87
20341.7,8801.6,7897.87
20037.97,8801.6,7897.87
19760.16,8801.6,7897.87
19500.41,8801.6,7897.87
19239.64,8801.6,7897.87
18976.13,8801.6,7897.87
18771.48,8801.6,7897.87
18670.29,8801.6,7897.87
18592.1,8801.6,7897.87
18524.5,8801.6,7897.87
18495.04,8801.6,7897.87
18477.39,8801.6,7897.87
18459.79,8801.6,7897.87
18416.0,8801.6,7897.87
18359.1,8801.6,7897.87
18274.64,8801.6,7897.87
18208.65,8801.6,7897.87
18147.05,8801.6,7897.87
18106.51,8801.6,7897.87
18048.23,8801.6,7897.87
17972.58,8801.6,7897.87
17859.65,8801.6,7897.87
17707.19,8801.6,7897.87
17553.59,8801.6,7897.87
17407.44,8801.6,7897.87
17248.39,8801.6,7897.87
17103.9,8801.6,7897.87
16962.7,8801.6,7897.87
16875.68,8801.6,7897.87
16832.78,8801.6,7897.87
16814.59,8801.6,7897.87
16827.86,8801.6,7897.87
16858.18,8801.6,7897.87
16870.35,8801.6,7897.87
16847.7,8801.6,7897.87
16754.0,8801.6,7897.87
16600.89,8801.6,7897.87
16354.96,8801.6,7897.87
16029.77,8801.6,7897.87
15627.869999999999,8801.6,7897.87
15223.47,8801.6,7897.87
14835.43,8801.6,7897.87
14485.53,8801.6,7897.87
14171.13,8801.6,7897.87
13912.89,8801.6,7897.87
13755.55,8801.6,7897.87
13740.43,8801.6,7897.87
13796.24,8801.6,7897.87
13967.26,8801.6,7897.87
14177.07,8801.6,7897.87
14337.1,8801.6,7897.87
14504.26,8801.6,7897.87
14695.19,8801.6,7897.87
14896.42,8801.6,7897.87
15028.72,8801.6,7897.87
15060.88,8801.6,7897.87
15055.44,8801.6,7897.87
15039.83,8801.6,7897.87
14989.69,8801.6,7897.87
14931.97,8801.6,7897.87
14858.22,8801.6,7897.87
14809.49,8801.6,7897.87
14786.25,8801.6,7897.87
14793.51,8801.6,7897.87
14835.74,8801.6,7897.87
14871.13,8801.6,7897.87
14882.22,8801.6,7897.87
14929.8,8801.6,7897.87
15060.45,8801.6,7897.87
15264.5,8801.6,7897.87
15500.83,8801.6,7897.87
15752.94,8801.6,7897.87
15993.369999999999,8801.6,7897.87
16205.88,8801.6,7897.87
16400.7,8801.6,7897.87
16587.76,8801.6,7897.87
16750.57,8801.6,7897.87
16855.18,8801.6,7897.87
16939.67,8801.6,7897.87
16989.72,8801.6,7897.87
17019.91,8801.6,7897.87
17041.33,8801.6,7897.87
17026.17,8801.6,7897.87
17016.96,8801.6,7897.87
17011.32,8801.6,7897.87
17034.66,8801.6,7897.87
17041.32,8801.6,7897.87
17095.03,8801.6,7926.99
17153.56,8801.6,7965.05
17180.68,8801.6,7997.59
17206.22,8801.6,8015.11
17233.66,8801.6,8036.84
17281.93,8801.6,8069.31
17334.13,8801.6,8069.31
17320.17,8801.6,8069.31
17283.54,8801.6,8069.31
17175.4,8801.6,8069.31
17011.12,8801.6,8069.31
16833.37,8801.6,8069.31
16641.18,8801.6,8069.31
16448.44,8801.6,8069.31
16259.03,8801.6,8069.31
16087.51,8801.6,8069.31
15922.91,8801.6,8069.31
15784.31,8801.6,8069.31
15666.38,8801.6,8069.31
15565.06,8801.6,8069.31
15452.8,8801.6,8069.31
15367.37,8801.6,8069.31
15306.62,8801.6,8069.31
15244.38,8801.6,8069.31
15167.97,8801.6,8069.31
15073.94,8801.6,8069.31
14990.48,8801.6,8069.31
14902.2,8801.6,8069.31
14758.98,8801.6,8069.31
14536.76,8801.6,8069.31
14258.43,8801.6,8069.31
13967.16,8801.6,8069.31
13662.0,8801.6,8069.31
13349.82,8801.6,8069.31
13041.96,8801.6,8069.31
12747.77,8801.6,8069.31
12460.38,8801.6,8069.31
12150.76,8801.6,8069.31
11853.46,8801.6,8069.31
11588.6,8801.6,8069.31
11348.74,8801.6,8069.31
11087.02,8801.6,8069.31
10850.53,8801.6,8069.31
10661.69,8801.6,8069.31
10509.86,8801.6,8069.31
10400.58,8801.6,8069.31
10353.23,8801.6,8069.31
10371.68,8801.6,8069.31
10371.1,8801.6,8069.31
10361.29,8801.6,8069.31
10374.99,8801.6,8082.13
10390.47,8801.6,8082.13
10397.93,8801.6,8083.01
10408.61,8801.6,8083.01
10405.34,8801.6,8083.01
10415.9,8801.6,8083.01
10398.34,8801.6,8083.01
10411.82,8801.6,8083.01
10470.04,8801.6,8083.01
10580.07,8801.6,8083.01
10699.7,8801.6,8083.01
10832.07,8801.6,8083.01
10963.21,8801.6,8083.01
11083.92,8801.6,8083.01
11209.26,8801.6,8083.01
11315.03,8801.6,8083.01
11398.31,8801.6,8083.01
11472.79,8801.6,8083.01
11543.93,8801.6,8101.64
11576.97,8801.6,8126.93
11589.31,8801.6,8147.01
11561.33,8801.6,8176.08
11546.13,8801.6,8222.98
11530.77,8801.6,8262.9
11517.43,8801.6,8302.79
11525.42,8801.6,8356.17
11540.4,8801.6,8420.07
11536.2,8801.6,8466.21
11502.98,8801.6,8488.72
11443.16,8801.6,8492.97
11387.55,8801.6,8492.97
11310.85,8801.6,8492.97
11250.02,8801.6,8500.31
11201.1,8801.6,8515.99
11161.15,8801.6,8543.19
11130.66,8801.6,8574.2
11094.53,8801.6,8586.17
11034.76,8801.6,8586.17
10934.79,8801.6,8586.17
10811.01,8801.6,8586.17
10684.44,8801.6,8586.17
10580.83,8801.6,8586.17
10494.6,8801.6,8586.17
10425.36,8801.6,8586.44
10371.5,8801.6,8589.78
10338.43,8801.6,8589.78
10308.57,8801.6,8599.33
10274.01,8801.6,8625.22
10243.57,8801.6,8654.47
10199.1,8801.6,8668.59
10164.62,8801.6,8694.37
10105.57,8801.6,8706.7
10021.22,8801.6,8706.7
9931.75,8801.6,8706.7
9867.61,8801.6,8706.7
9808.4,8801.6,8706.7
9751.03,8801.6,8706.7
9660.59,8801.6,8706.7
9543.0,8801.6,8706.7
9396.5,8801.6,8706.7
9260.67,8801.6,8706.7
9151.5,8801.6,8706.7
9056.460000000001,8801.6,8706.7
8988.54,8801.6,8706.7
8923.74,8801.6,8706.7
8850.710000000001,8801.6,8706.7
8801.6,8801.6,8706.7
8809.11,8809.11,8732.26
8848.06,8848.06,8777.11
8929.18,8929.18,8829.33
9033.3,9033.3,8869.53
9116.37,9116.37,8863.88
9191.06,9191.06,8833.37
9256.89,9256.89,8790.14
9351.64,9351.64,8750.12
9483.73,9483.73,8715.16
9662.43,9662.43,8707.74
9896.85,9896.85,8714.76
10143.66,10143.66,8709.35
10428.87,10428.87,8750.85
10720.63,10720.63,8823.15
11011.1,11011.1,8905.13
11318.91,11318.91,8992.41
11619.77,11619.77,9076.58
11907.2,11907.2,9141.46
12160.68,12160.68,9182.11
12433.45,12433.45,9226.28
12762.68,12762.68,9289.72
13105.02,13105.02,9364.22
13473.88,13473.88,9409.45
13859.25,13859.25,9426.73
14251.98,14251.98,9425.17
14630.98,14630.98,9420.36
14983.85,14950.9,9383.98
15358.72,14648.75,9316.36
15755.02,14333.06,9266.01
16152.82,14010.85,9222.94
16551.42,13674.89,9177.09
16954.66,13325.71,9123.24
17373.39,12978.76,9088.25
17791.76,12642.99,9076.65
18182.97,12305.05,9046.32
18526.52,11959.29,8985.61
18827.85,11633.94,8930.8
19083.32,11310.13,8875.94
19325.65,10981.98,8846.94
19564.79,10663.19,8836.11
19800.43,10356.25,8839.39
20008.28,10086.13,8843.13
20182.4,9844.3,8826.1
20331.63,9624.42,8820.3
20471.41,9408.24,8807.34
20603.35,9219.47,8784.47
20740.41,9040.96,8741.48
20875.62,8876.81,8698.14
20975.91,8744.4,8641.95
21033.05,8647.57,8576.79
21081.17,8601.06,8501.38
21102.87,8584.12,8430.58
21123.47,8584.12,8367.2
21135.79,8584.12,8306.74
21155.31,8584.12,8230.62
21155.38,8584.12,8137.87
21133.72,8584.12,8049.62
21114.329999999998,8584.12,7995.0
21080.11,8584.12,7964.37
21037.41,8584.12,7935.0
20980.96,8584.12,7905.69
20914.57,8584.12,7865.67
20861.6,8584.12,7821.12
20809.2,8584.12,7782.26
20783.46,8555.91,7765.73
20778.63,8504.56,7754.72
20796.65,8497.55,7754.72
20800.01,8497.55,7754.72
20787.02,8497.55,7754.72
20779.41,8497.55,7754.72
20720.94,8497.55,7754.72
20601.27,8497.55,7745.7
20456.59,8497.55,7722.38
20306.4,8497.55,7685.86
20141.41,8497.55,7639.83
19965.6,8497.55,7581.82
19789.64,8497.55,7521.35
19625.31,8497.55,7462.76
19466.670000000002,8497.55,7403.25
19291.06,8497.55,7350.76
19124.95,8497.55,7312.11
18966.89,8497.55,7312.11
18812.47,8497.55,7312.11
18664.58,8497.55,7312.11
18544.24,8497.55,7312.11
18455.14,8497.55,7312.11
18390.46,8497.55,7312.11
18333.48,8497.55,7312.11
18286.75,8497.55,7312.11
18266.78,8497.55,7312.11
18272.83,8497.55,7312.11
18291.69,8497.55,7312.11
18323.16,8497.55,7312.11
18351.76,8497.55,7312.11
18383.59,8497.55,7312.11
18422.8,8497.55,7312.11
18461.25,8497.55,7312.11
18515.62,8497.55,7312.11
18580.94,8497.55,7312.11
18649.64,8497.55,7312.11
18739.19,8497.55,7312.11
18845.12,8497.55,7312.11
18965.87,8497.55,7312.11
19109.26,8497.55,7312.11
19285.15,8497.55,7312.11
19446.95,8497.55,7312.11
19593.1,8497.55,7312.11
19739.62,8497.55,7312.11
19889.81,8497.55,7312.11
20049.51,8497.55,7312.11
20201.6,8497.55,7312.11
20340.6,8497.55,7312.11
20450.77,8497.55,7312.11
20539.45,8497.55,7312.11
20618.35,8497.55,7312.11
20702.45,8497.55,7312.11
20783.53,8497.55,7312.11
20845.26,8497.55,7312.11
20920.55,8497.55,7312.11
21024.18,8497.55,7312.11
21129.920000000002,8497.55,7312.11
21225.33,8497.55,7312.11
21326.62,8497.55,7312.11
21425.22,8497.55,7312.11
21531.09,8497.55,7312.11
21610.47,8497.55,7312.11
21696.4,8497.55,7312.11
21818.28,8497.55,7312.11
21928.34,8497.55,7312.11
22038.34,8497.55,7312.11
22150.21,8497.55,7312.11
22274.09,8497.55,7312.11
22397.39,8497.55,7312.11
22538.11,8497.55,7312.11
22693.7,8497.55,7312.11
22862.91,8497.55,7312.11
23037.79,8497.55,7312.11
23198.64,8497.55,7312.11
23337.3,8497.55,7312.11
23467.2,8497.55,7312.11
23577.05,8497.55,7312.11
23698.04,8497.55,7312.11
23828.83,8497.55,7312.11
23952.36,8497.55,7312.11
24078.85,8497.55,7312.11
24200.7,8497.55,7312.11
24307.65,8497.55,7312.11
24398.5,8497.55,7312.11
24445.29,8497.55,7312.11
24464.1,8497.55,7312.11
24444.39,8497.55,7312.11
24380.5,8497.55,7312.11
24269.01,8497.55,7312.11
24116.86,8497.55,7312.11
23940.39,8497.55,7312.11
23774.3,8497.55,7312.11
23608.25,8497.55,7312.11
23446.45,8497.55,7312.11
23289.7,8497.55,7312.11
23142.75,8497.55,7312.11
22992.0,8497.55,7312.11
22835.71,8497.55,7312.11
22662.49,8497.55,7312.11
22487.81,8497.55,7312.11
22309.43,8497.55,7312.11
22125.79,8497.55,7312.11
21948.57,8497.55,7312.11
21780.32,8497.55,7312.11
21606.29,8497.55,7312.11
21443.04,8497.55,7312.11
21264.28,8497.55,7299.73
21055.66,8497.55,7274.45
20805.53,8497.55,7263.86
20561.38,8497.55,7263.86
20317.38,8497.55,7263.86
20055.9,8497.55,7263.86
19831.13,8497.55,7263.86
19644.46,8497.55,7263.86
19487.24,8497.55,7263.86
19328.64,8497.55,7263.86
19171.53,8497.55,7263.86
19009.63,8497.55,7263.86
18846.98,8497.55,7263.86
18681.11,8497.55,7263.86
18512.14,8497.55,7263.86
18343.72,8497.55,7263.86
18179.47,8497.55,7263.86
18030.02,8497.55,7263.86
17894.76,8497.55,7244.42
17761.13,8497.55,7221.62
17611.42,8497.55,7221.62
17455.3,8497.55,7221.62
17305.95,8497.55,7221.62
17160.69,8497.55,7221.62
17025.2,8497.55,7221.62
16891.49,8497.55,7221.62
16790.55,8497.55,7221.62
16727.18,8497.55,7221.62
16691.66,8497.55,7221.62
16703.49,8497.55,7221.62
16748.87,8497.55,7221.62
16831.07,8497.55,7221.62
16956.62,8497.55,7221.62
17059.46,8497.55,7221.62
17166.24,8497.55,7221.62
17277.99,8497.55,7221.62
17388.55,8497.55,7221.62
17490.0,8497.55,7221.62
17601.51,8497.55,7221.62
17718.65,8497.55,7221.62
17840.11,8497.55,7221.62
17951.93,8497.55,7221.62
18068.2,8497.55,7221.62
18197.82,8497.55,7221.62
18331.39,8497.55,7221.62
18472.48,8497.55,7221.62
18628.8,8497.55,7221.62
18799.68,8497.55,7221.62
18996.73,8497.55,7221.62
19221.91,8497.55,7221.62
19472.22,8497.55,7221.62
19734.02,8497.55,7221.62
19973.28,8497.55,7221.62
20204.48,8497.55,7199.7
20401.98,8497.55,7179.47
20563.46,8497.55,7163.91
20699.88,8497.55,7145.01
20840.13,8497.55,7135.07
20982.89,8497.55,7135.07
21133.64,8497.55,7135.07
21291.1,8497.55,7135.07
21450.74,8497.55,7135.07
21603.78,8497.55,7135.07
21753.39,8497.55,7135.07
21893.37,8497.55,7135.07
22016.31,8497.55,7135.07
22131.83,8497.55,7135.07
22256.74,8497.55,7135.07
22401.16,8497.55,7135.07
22577.44,8497.55,7135.07
22758.829999999998,8497.55,7135.07
22932.32,8497.55,7135.07
23112.03,8497.55,7135.07
23304.67,8497.55,7135.07
23494.78,8497.55,7135.07
23682.45,8497.55,7135.07
23875.57,8497.55,7135.07
24040.65,8497.55,7135.07
24180.12,8497.55,7135.07
24302.36,8497.55,7135.07
24390.28,8497.55,7135.07
24479.3,8497.55,7135.07
24557.23,8497.55,7135.07
24615.07,8497.55,7135.07
24658.12,8497.55,7129.62
24682.84,8497.55,7124.5
24701.89,8497.55,7124.5
24715.38,8497.55,7124.5
24728.52,8497.55,7124.5
24747.69,8497.55,7124.5
24765.57,8497.55,7124.5
24785.65,8497.55,7124.5
24804.19,8497.55,7124.5
24821.14,8497.55,7124.5
24836.99,8497.55,7124.5
24840.93,8497.55,7124.5
24836.6,8497.55,7124.5
24834.98,8497.55,7116.18
24842.01,8497.55,7116.18
24850.2,8497.55,7116.18
24872.01,8497.55,7116.18
24903.739999999998,8497.55,7116.18
24936.54,8497.55,7116.18
24960.62,8497.55,7116.18
24983.41,8497.55,7116.18
25009.89,8497.55,7116.18
25036.13,8497.55,7116.18
25054.33,8497.55,7116.18
25062.27,8497.55,7116.18
25074.74,8497.55,7116.18
25090.45,8497.55,7116.18
25106.12,8497.55,7116.18
25132.329999999998,8497.55,7116.18
25162.51,8497.55,7116.18
25197.11,8497.55,7116.18
25224.98,8497.55,7116.18
25254.989999999998,8497.55,7116.18
25273.21,8497.55,7105.33
25296.02,8497.55,7080.58
25329.7,8497.55,7040.5
25366.03,8497.55,6992.33
25403.65,8497.55,6958.07
25439.66,8497.55,6946.41
25464.52,8497.55,6946.41
25470.55,8497.55,6946.41
25472.29,8497.55,6946.41
25472.69,8497.55,6946.41
25455.99,8497.55,6946.41
25438.51,8497.55,6946.41
25423.72,8497.55,6946.41
25414.77,8497.55,6946.41
25415.77,8497.55,6932.23
25425.78,8497.55,6913.43
25447.92,8497.55,6900.49
25473.28,8497.55,6900.49
25501.96,8497.55,6900.49
25534.04,8497.55,6900.49
25572.98,8497.55,6900.49
25616.74,8497.55,6900.49
25652.21,8497.55,6900.49
25682.1,8497.55,6900.49
25701.67,8497.55,6900.49
25720.83,8497.55,6900.49
25744.01,8497.55,6900.49
25769.12,8497.55,6900.49
25794.62,8497.55,6900.49
25805.75,8497.55,6900.49
25805.33,8497.55,6900.49
25799.24,8497.55,6900.49
25783.28,8497.55,6900.49
25758.0,8497.55,6900.49
25735.13,8497.55,6900.49
25707.21,8497.55,6900.49
25674.28,8497.55,6900.49
25645.04,8497.55,6900.49
25623.84,8497.55,6900.49
25618.5,8497.55,6900.49
25616.54,8497.55,6900.49
25617.57,8497.55,6900.49
25620.95,8497.55,6900.49
25627.05,8497.55,6900.49
25638.72,8497.55,6900.49
25654.010000000002,8497.55,6900.49
25675.61,8497.55,6900.49
25697.95,8497.55,6900.49
25724.66,8497.55,6900.49
25753.07,8497.55,6900.49
25788.73,8497.55,6900.49
25820.7,8497.55,6900.49
25857.23,8497.55,6900.49
25898.03,8497.55,6900.49
25935.11,8497.55,6900.49
25978.03,8497.55,6900.49
26017.0,8497.55,6900.49
26041.43,8497.55,6900.49
26070.11,8497.55,6900.49
26092.579999999998,8497.55,6900.49
26099.88,8497.55,6900.49
26098.38,8497.55,6900.49
26090.21,8497.55,6900.49
26078.38,8497.55,6900.49
26068.37,8497.55,6900.49
26054.31,8497.55,6900.49
26035.35,8497.55,6900.49
26007.19,8497.55,6900.49
25970.02,8497.55,6900.49
25925.2,8497.55,6900.49
25875.55,8497.55,6900.49
25829.8,8497.55,6900.49
25772.329999999998,8497.55,6900.49
25685.239999999998,8497.55,6900.49
25574.55,8497.55,6900.49
25447.3,8497.55,6900.49
25314.41,8497.55,6900.49
25170.34,8497.55,6900.49
25014.19,8497.55,6900.49
24854.06,8497.55,6900.49
24692.27,8497.55,6900.49
24569.77,8497.55,6900.49
24469.94,8497.55,6900.49
24377.55,8497.55,6900.49
24268.579999999998,8497.55,6900.49
24141.65,8497.55,6900.49
24006.57,8497.55,6900.49
23859.84,8497.55,6900.49
23705.19,8497.55,6900.49
23537.76,8497.55,6900.49
23360.57,8497.55,6900.49
23176.47,8497.55,6900.49
22972.32,8497.55,6900.49
22753.8,8497.55,6900.49
22528.72,8497.55,6900.49
22298.27,8497.55,6900.49
22063.55,8497.55,6900.49
21818.489999999998,8497.55,6900.49
21559.89,8497.55,6900.49
21278.31,8497.55,6900.49
20994.25,8497.55,6900.49
20711.579999999998,8497.55,6900.49
20421.76,8497.55,6900.49
20136.23,8497.55,6900.49
19870.28,8497.55,6900.49
19645.17,8497.55,6900.49
19452.6,8497.55,6900.49
19287.68,8497.55,6900.49
19142.58,8497.55,6900.49
19014.88,8497.55,6900.49
18901.49,8497.55,6900.49
18798.78,8497.55,6900.49
18705.52,8497.55,6900.49
18617.829999999998,8497.55,6900.49
18540.54,8497.55,6900.49
18464.24,8497.55,6900.49
18393.7,8497.55,6900.49
18338.25,8497.55,6900.49
18300.8,8497.55,6900.49
18260.12,8497.55,6900.49
18229.6,8497.55,6900.49
18220.32,8497.55,6900.49
18215.3,8497.55,6900.49
18226.43,8497.55,6900.49
18246.37,8497.55,6900.49
18274.16,8497.55,6900.49
18311.52,8497.55,6900.49
18353.54,8497.55,6900.49
18407.12,8497.55,6900.49
18446.07,8497.55,6900.49
18483.84,8497.55,6900.49
18526.4,8497.55,6900.49
18589.02,8497.55,6900.49
18664.77,8497.55,6900.49
18752.8,8497.55,6900.49
18851.45,8497.55,6900.49
18959.13,8497.55,6900.49
19086.45,8497.55,6900.49
19231.44,8497.55,6900.49
19376.3,8497.55,6900.49
19538.46,8497.55,6900.49
19718.53,8497.55,6900.49
19911.3,8497.55,6900.49
20119.92,8497.55,6900.49
20338.61,8497.55,6900.49
20571.72,8497.55,6900.49
20816.95,8497.55,6900.49
21087.14,8497.55,6900.49
21351.54,8497.55,6900.49
21607.24,8497.55,6900.49
21862.59,8497.55,6900.49
22095.68,8497.55,6900.49
22295.32,8497.55,6900.49
22444.2,8497.55,6900.49
22569.79,8497.55,6900.49
22674.25,8497.55,6900.49
22757.829999999998,8497.55,6900.49
22821.13,8497.55,6900.49
22856.13,8497.55,6900.49
22866.54,8497.55,6900.49
22859.89,8497.55,6900.49
22841.39,8497.55,6900.49
22822.65,8497.55,6900.49
22807.11,8497.55,6900.49
22805.53,8497.55,6900.49
22803.44,8497.55,6900.49
22793.89,8497.55,6900.49
22796.82,8497.55,6900.49
22792.08,8497.55,6900.49
22791.46,8497.55,6900.49
22803.85,8497.55,6900.49
22814.18,8497.55,6900.49
22823.56,8497.55,6900.49
22860.63,8497.55,6900.49
22920.29,8497.55,6900.49
22991.64,8497.55,6900.49
23060.18,8497.55,6900.49
23112.76,8497.55,6900.49
23152.66,8497.55,6900.49
23187.37,8497.55,6900.49
23224.03,8497.55,6900.49
23258.81,8497.55,6900.49
23278.89,8497.55,6900.49
23295.47,8497.55,6900.49
23294.75,8497.55,6900.49
23280.48,8497.55,6900.49
23237.57,8497.55,6900.49
23174.74,8497.55,6900.49
23110.34,8497.55,6900.49
23026.2,8497.55,6900.49
22896.85,8497.55,6900.49
22707.46,8497.55,6900.49
22481.26,8497.55,6900.49
22220.94,8497.55,6900.49
21935.05,8497.55,6900.49
21584.63,8497.55,6900.49
21226.04,8497.55,6900.49
20841.37,8497.55,6900.49
20447.34,8497.55,6900.49
20063.61,8497.55,6900.49
19697.96,8497.55,6900.49
19354.72,8497.55,6900.49
19028.9,8497.55,6900.49
18708.04,8497.55,6900.49
18395.24,8497.55,6900.49
18113.98,8497.55,6900.49
17878.98,8497.55,6900.49
17668.63,8497.55,6900.49
17478.96,8497.55,6900.49
17313.81,8497.55,6900.49
17119.38,8497.55,6900.49
16936.17,8497.55,6900.49
16734.15,8497.55,6900.49
16503.1,8497.55,6900.49
16276.26,8497.55,6900.49
16014.53,8497.55,6900.49
15745.85,8497.55,6900.49
15470.19,8497.55,6900.49
15209.73,8497.55,6900.49
14950.9,8497.55,6900.49
14648.75,8497.55,6900.49
14333.06,8497.55,6900.49
14010.85,8497.55,6900.49
13674.89,8497.55,6900.49
13325.710000000001,8497.55,6900.49
12978.76,8497.55,6900.49
12642.99,8497.55,6900.49
12305.05,8497.55,6900.49
11959.29,8497.55,6900.49
11633.94,8497.55,6900.49
11310.130000000001,8497.55,6900.49
10981.98,8497.55,6900.49
10663.19,8497.55,6900.49
10356.25,8497.55,6900.49
10086.130000000001,8497.55,6900.49
9844.3,8497.55,6900.49
9624.42,8497.55,6900.49
9408.24,8497.55,6900.49
9219.47,8497.55,6900.49
9040.960000000001,8497.55,6900.49
8876.81,8497.55,6900.49
8744.4,8497.55,6900.49
8647.57,8497.55,6900.49
8601.06,8497.55,6900.49
8584.12,8497.55,6900.49
8609.460000000001,8497.55,6915.25
8654.2,8497.55,6951.16
8687.14,8497.55,6991.84
8708.81,8497.55,7033.87
8729.92,8497.55,7073.94
8753.06,8497.55,7090.83
8786.14,8497.55,7099.74
8818.46,8497.55,7111.13
8820.95,8497.55,7111.13
8776.32,8497.55,7111.13
8712.63,8497.55,7111.13
8636.96,8497.55,7111.13
8555.91,8497.55,7111.13
8504.56,8497.55,7111.13
8497.55,8497.55,7111.13
8514.98,8514.98,7111.13
8553.53,8553.53,7111.13
8588.94,8588.94,7111.13
8630.39,8630.39,7111.13
8647.74,8646.57,7111.13
8665.66,8646.57,7127.52
8659.22,8646.57,7135.28
8646.57,8646.57,7148.02
8660.51,8660.51,7201.69
8671.34,8671.34,7255.55
8673.3,8673.3,7299.37
8674.97,8674.97,7344.63
8688.47,8688.47,7397.34
8706.22,8706.22,7440.49
8751.210000000001,8751.21,7458.13
8835.73,8835.73,7470.99
8943.82,8943.82,7481.09
9044.13,9044.13,7481.09
9149.21,9149.21,7481.09
9252.12,9252.12,7481.09
9365.95,9365.95,7481.09
9478.53,9478.53,7481.09
9611.22,9611.22,7481.09
9770.98,9770.98,7481.09
9931.68,9931.68,7481.09
10118.39,9982.32,7481.09
10310.24,9982.32,7481.09
10528.88,9982.32,7481.09
10776.76,9982.32,7494.03
11031.67,9982.32,7508.11
11301.78,9982.32,7516.28
11613.91,9982.32,7542.56
11927.78,9982.32,7555.51
12218.49,9982.32,7563.09
12517.4,9982.32,7574.24
12844.71,9982.32,7602.3
13219.43,9982.32,7642.63
13618.119999999999,9982.32,7680.61
13990.5,9982.32,7693.48
14338.86,9982.32,7693.48
14674.49,9982.32,7693.48
15016.32,9982.32,7693.48
15372.37,9982.32,7702.35
15746.91,9982.32,7716.68
16121.66,9982.32,7731.44
16496.39,9982.32,7736.94
16855.44,9982.32,7737.66
17169.68,9982.32,7737.66
17462.92,9982.32,7737.66
17762.68,9982.32,7737.66
18059.35,9982.32,7737.66
18378.97,9982.32,7737.66
18735.94,9982.32,7742.35
19079.54,9982.32,7766.75
19384.44,9982.32,7806.79
19657.41,9982.32,7857.41
19871.61,9982.32,7922.43
20003.71,9982.32,7990.28
20079.89,9982.32,8056.92
20173.16,9982.32,8126.29
20261.36,9982.32,8191.36
20349.98,9982.32,8243.3
20383.21,9982.32,8243.3
20368.6,9982.32,8243.3
20305.45,9982.32,8243.3
20215.72,9982.32,8243.3
20118.28,9982.32,8243.3
20026.6,9982.32,8243.3
19946.97,9982.32,8243.3
19869.47,9982.32,8243.3
19796.68,9982.32,8243.3
19701.07,9982.32,8243.3
19624.16,9982.32,8243.3
19534.07,9982.32,8243.3
19416.329999999998,9982.32,8243.3
19289.46,9982.32,8243.3
19115.55,9982.32,8243.3
18901.28,9982.32,8243.3
18682.54,9982.32,8243.3
18456.9,9982.32,8243.3
18197.97,9982.32,8243.3
17943.73,9982.32,8243.3
17692.38,9982.32,8243.3
17424.38,9982.32,8243.3
17120.01,9982.32,8243.3
16804.68,9982.32,8243.3
16500.37,9982.32,8243.3
16192.32,9982.32,8243.3
15871.65,9982.32,8243.3
15560.25,9982.32,8243.3
15239.95,9982.32,8243.3
14918.94,9982.32,8243.3
14600.98,9982.32,8243.3
14304.34,9982.32,8243.3
14028.4,9982.32,8243.3
13751.369999999999,9982.32,8243.3
13491.16,9982.32,8243.3
13215.63,9982.32,8243.3
12926.84,9982.32,8243.3
12579.81,9982.32,8243.3
12237.8,9982.32,8243.3
11922.289999999999,9982.32,8243.3
11669.94,9982.32,8243.3
11425.49,9982.32,8243.3
11238.36,9982.32,8243.3
11150.83,9982.32,8243.3
11126.88,9982.32,8243.3
11095.32,9982.32,8243.3
11063.13,9982.32,8243.3
11028.82,9982.32,8243.3
11041.91,9982.32,8243.3
11081.93,9982.32,8243.3
11155.28,9982.32,8243.3
11253.57,9982.32,8246.32
11335.29,9982.32,8250.21
11406.8,9982.32,8250.21
11471.44,9982.32,8250.21
11533.85,9982.32,8250.21
11543.07,9982.32,8250.21
11507.57,9982.32,8250.21
11404.22,9982.32,8250.21
11239.38,9982.32,8250.21
11102.45,9982.32,8250.21
11031.56,9982.32,8250.21
11027.47,9982.32,8250.21
11091.74,9982.32,8250.21
11126.06,9982.32,8250.21
11156.09,9982.32,8250.21
11209.78,9982.32,8250.21
11272.9,9982.32,8250.21
11322.9,9982.32,8250.21
11370.36,9982.32,8250.21
11420.82,9982.32,8250.21
11442.32,9982.32,8250.21
11450.98,9982.32,8250.21
11462.08,9982.32,8250.21
11502.51,9982.32,8250.21
11549.23,9982.32,8250.21
11589.02,9982.32,8250.21
11620.99,9982.32,8250.21
11656.87,9982.32,8250.21
11666.85,9982.32,8250.21
11697.62,9982.32,8250.21
11759.77,9982.32,8250.21
11841.31,9982.32,8250.21
11962.96,9982.32,8250.21
12126.29,9982.32,8250.21
12356.35,9982.32,8250.21
12566.68,9982.32,8250.21
12755.23,9982.32,8253.29
12893.210000000001,9982.32,8253.29
13026.44,9982.32,8282.29
13144.37,9982.32,8326.88
13206.880000000001,9982.32,8358.11
13247.41,9982.32,8380.83
13236.3,9982.32,8397.33
13198.9,9982.32,8415.51
13150.63,9982.32,8422.25
13061.4,9982.32,8422.25
12944.56,9982.32,8422.25
12824.960000000001,9982.32,8422.25
12706.06,9982.32,8422.25
12627.09,9982.32,8422.25
12593.47,9982.32,8422.25
12554.98,9982.32,8422.25
12507.11,9982.32,8422.25
12456.76,9982.32,8422.25
12432.61,9982.32,8422.25
12465.4,9982.32,8422.25
12567.64,9982.32,8471.95
12700.460000000001,9982.32,8527.82
12800.69,9982.32,8539.38
12847.05,9982.32,8539.38
12862.49,9982.32,8539.38
12922.75,9982.32,8539.38
13001.14,9982.32,8539.38
13076.91,9982.32,8539.38
13125.68,9982.32,8539.38
13117.87,9982.32,8539.38
13075.21,9982.32,8539.38
13022.99,9982.32,8539.38
12973.54,9982.32,8539.38
12928.78,9982.32,8539.38
12894.91,9982.32,8539.38
12857.65,9982.32,8539.38
12787.73,9982.32,8539.38
12715.39,9982.32,8539.38
12624.44,9982.32,8539.38
12523.9,9982.32,8539.38
12441.33,9982.32,8539.38
12333.54,9982.32,8539.38
12204.82,9982.32,8539.38
12041.65,9982.32,8539.38
11859.7,9982.32,8539.38
11698.32,9982.32,8539.38
11575.47,9982.32,8539.38
11404.18,9982.32,8539.38
11244.86,9982.32,8539.38
11124.18,9982.32,8539.38
11003.43,9982.32,8539.38
10889.039999999999,9982.32,8539.38
10848.83,9982.32,8539.38
10829.08,9982.32,8539.38
10883.25,9982.32,8571.97
10961.7,9982.32,8635.23
11009.05,9982.32,8698.31
11036.49,9982.32,8759.56
11068.08,9982.32,8824.98
11085.36,9982.32,8885.79
11092.34,9982.32,8935.24
11091.09,9982.32,8963.45
11066.22,9982.32,8963.45
11069.24,9982.32,8963.45
11093.52,9982.32,8963.45
11170.0,9982.32,8963.45
11264.64,9982.32,8968.47
11351.82,9982.32,8968.47
11413.01,9982.32,8968.47
11386.51,9982.32,8968.47
11303.46,9982.32,8968.47
11182.869999999999,9982.32,8968.47
11044.53,9982.32,8968.47
10856.5,9982.32,8968.47
10626.44,9982.32,8968.47
10406.99,9982.32,8968.47
10238.16,9982.32,8968.47
10145.76,9982.32,8968.47
10098.83,9982.32,8980.04
10062.06,9982.32,9001.62
10067.84,9982.32,9039.0
10073.5,9982.32,9075.48
10093.289999999999,9982.32,9123.99
10096.44,9982.32,9176.94
10073.44,9982.32,9244.26
10041.56,9982.32,9338.27
10018.9,9982.32,9453.52
10001.96,9982.32,9598.92
9982.32,9982.32,9722.85
9984.02,9984.02,9843.98
10017.85,10017.85,9954.87
10094.26,10094.26,10072.11
10194.9,10194.9,10194.9
10290.71,10290.71,10290.71
10364.73,10364.73,10364.73
10541.48,10541.48,10540.82
10747.18,10747.18,10729.76
10966.06,10966.06,10929.38
11238.11,11238.11,11176.77
11537.78,11537.78,11448.11
11813.49,11813.49,11689.23
12091.289999999999,12091.29,11930.31
12335.82,12335.82,12142.8
12575.99,12575.99,12370.38
12821.49,12821.49,12631.48
13061.34,13061.34,12913.41
13312.63,13312.63,13195.69
13599.84,13599.84,13486.52
13898.23,13898.23,13774.89
14174.4,14174.4,14051.06
14431.42,14431.42,14308.08
14661.0,14661.0,14529.18
14893.16,14893.16,14735.86
15100.47,15100.47,14905.38
15319.82,15319.82,15068.64
15518.67,15518.67,15217.23
15724.630000000001,15724.63,15401.33
15981.55,15981.55,15658.25
16246.17,16246.17,15960.66
16555.78,16555.78,16330.91
16845.37,16845.37,16724.03
