0,10,20,30,40,50,60,70,80,90,100
0.0,0.8021604396822901,3.5279688388776003,6.770526948918149,11.132263897464169,16.05871644912661,19.099052301504674,21.498972105205997,24.740907478836455,26.568365446027357,26.27299093462862
0.0,0.8021604396822901,3.5279688388776003,6.770526948918149,11.132263897464169,16.05871644912661,19.099052301504674,21.498972105205997,24.740907478836455,26.568365446027357,26.27299093462862
0.0,0.8021604396822901,3.5279688388776003,6.770526948918149,11.132263897464169,16.05871644912661,19.099052301504674,21.498972105205997,24.740907478836455,26.568365446027357,26.27299093462862
0.0,0.8021604396822901,3.5279688388776003,6.770526948918149,11.132263897464169,16.05871644912661,19.099052301504674,21.498972105205997,24.740907478836455,26.568365446027357,26.27299093462862
0.0,0.8021604396822901,3.5279688388776003,6.770526948918149,11.132263897464169,16.05871644912661,19.099052301504674,21.498972105205997,24.740907478836455,26.568365446027357,26.27299093462862
0.0,0.8021604396822901,3.5279688388776003,6.770526948918149,11.132263897464169,16.05871644912661,19.099052301504674,21.498972105205997,24.740907478836455,26.568365446027357,26.27299093462862
0.0,0.8021604396822901,3.5279688388776003,6.770526948918149,11.132263897464169,16.05871644912661,19.099052301504674,21.498972105205997,24.740907478836455,26.568365446027357,26.27299093462862
0.0,0.8021604396822901,3.5279688388776003,6.770526948918149,11.132263897464169,16.05871644912661,19.099052301504674,21.498972105205997,24.740907478836455,26.568365446027357,26.27299093462862
0.0,0.8021604396822901,3.5279688388776003,6.770526948918149,11.132263897464169,16.05871644912661,19.099052301504674,21.498972105205997,24.740907478836455,26.568365446027357,26.27299093462862
0.0,0.8021604396822901,3.5279688388776003,6.770526948918149,11.132263897464169,16.05871644912661,19.099052301504674,21.498972105205997,24.740907478836455,26.568365446027357,26.27299093462862
0.0,0.8021604396822901,3.5279688388776003,6.770526948918149,11.132263897464169,16.05871644912661,19.099052301504674,21.498972105205997,24.740907478836455,26.568365446027357,26.27299093462862
0.0,0.8021604396822901,3.5279688388776003,6.770526948918149,11.132263897464169,16.05871644912661,19.099052301504674,21.498972105205997,24.740907478836455,26.568365446027357,26.27299093462862
0.0,0.8021604396822901,3.5279688388776003,6.770526948918149,11.132263897464169,16.05871644912661,19.099052301504674,21.498972105205997,24.740907478836455,26.568365446027357,26.27299093462862
0.0,0.8021604396822901,3.5279688388776003,6.770526948918149,11.132263897464169,16.05871644912661,19.099052301504674,21.498972105205997,24.740907478836455,26.568365446027357,26.27299093462862
0.0,0.8021604396822901,3.5279688388776003,6.770526948918149,11.132263897464169,16.05871644912661,19.099052301504674,21.498972105205997,24.740907478836455,26.568365446027357,26.27299093462862
0.0,0.8021604396822901,3.5279688388776003,6.770526948918149,11.132263897464169,16.05871644912661,19.099052301504674,21.498972105205997,24.740907478836455,26.568365446027357,26.27299093462862
0.0,0.8021604396822901,3.5279688388776003,6.770526948918149,11.132263897464169,16.05871644912661,19.099052301504674,21.498972105205997,24.740907478836455,26.568365446027357,26.27299093462862
0.0,0.8021604396822901,3.5279688388776003,6.770526948918149,11.132263897464169,16.05871644912661,19.099052301504674,21.498972105205997,24.740907478836455,26.568365446027357,26.27299093462862
0.0,0.8021604396822901,3.5279688388776003,6.770526948918149,11.146161551494615,16.05871644912661,19.099052301504674,21.44661668067825,24.740907478836455,26.579559512716365,26.27299093462862
0.0,0.8021604396822901,3.5279688388776003,6.770526948918149,11.146161551494615,16.05871644912661,19.099052301504674,21.44661668067825,24.740907478836455,26.579559512716365,26.27299093462862
0.0,0.8021604396822901,3.5279688388776003,6.770526948918149,11.146161551494615,16.05871644912661,19.099052301504674,21.44661668067825,24.740907478836455,26.579559512716365,26.27299093462862
0.0,0.8021604396822901,3.5279688388776003,6.770526948918149,11.146161551494615,16.05871644912661,19.099052301504674,21.44661668067825,24.740907478836455,26.579559512716365,26.27299093462862
0.0,0.8021604396822901,3.5279688388776003,6.770526948918149,11.146161551494615,16.05871644912661,19.099052301504674,21.44661668067825,24.740907478836455,26.579559512716365,26.27299093462862
0.0,0.8021604396822901,3.5279688388776003,6.770526948918149,11.146161551494615,16.05871644912661,19.099052301504674,21.44661668067825,24.740907478836455,26.579559512716365,26.27299093462862
0.0,0.8021604396822901,3.5279688388776003,6.770526948918149,11.146161551494615,16.05871644912661,19.099052301504674,21.44661668067825,24.740907478836455,26.579559512716365,26.27299093462862
0.0,0.8021604396822901,3.5279688388776003,6.770526948918149,11.146161551494615,16.08754458830669,19.099052301504674,21.44661668067825,24.740907478836455,26.579559512716365,26.27299093462862
0.0,0.8021604396822901,3.5279688388776003,6.770526948918149,11.146161551494615,16.08754458830669,19.099052301504674,21.44661668067825,24.740907478836455,26.579559512716365,26.27299093462862
0.0,0.8021604396822901,3.5279688388776003,6.770526948918149,11.146161551494615,16.08754458830669,19.099052301504674,21.44661668067825,24.740907478836455,26.579559512716365,26.27299093462862
0.0,0.8021604396822901,3.5279688388776003,6.770526948918149,11.146161551494615,16.08754458830669,19.099052301504674,21.44661668067825,24.740907478836455,26.579559512716365,26.27299093462862
0.0,0.8021604396822901,3.5279688388776003,6.770526948918149,11.146161551494615,16.08754458830669,19.099052301504674,21.44661668067825,24.740907478836455,26.579559512716365,26.27299093462862
0.0,0.8021604396822901,3.5279688388776003,6.770526948918149,11.146161551494615,16.08754458830669,19.099052301504674,21.44661668067825,24.740907478836455,26.579559512716365,26.27299093462862
0.0,0.8021604396822901,3.5279688388776003,6.770526948918149,11.146161551494615,16.08754458830669,19.099052301504674,21.44661668067825,24.740907478836455,26.579559512716365,26.27299093462862
0.0,0.8021604396822901,3.5279688388776003,6.770526948918149,11.146161551494615,16.08754458830669,19.099052301504674,21.44661668067825,24.740907478836455,26.579559512716365,26.27299093462862
0.0,0.8021604396822901,3.5279688388776003,6.770526948918149,11.146161551494615,16.08754458830669,19.099052301504674,21.44661668067825,24.740907478836455,26.579559512716365,26.27299093462862
0.0,0.8021604396822901,3.5279688388776003,6.770526948918149,11.112685672278127,16.08754458830669,19.099052301504674,21.63369581149011,24.71532971994329,26.579559512716365,26.27299093462862
0.0,0.8021604396822901,3.5279688388776003,6.770526948918149,11.112685672278127,16.08754458830669,19.099052301504674,21.63369581149011,24.71532971994329,26.579559512716365,26.27299093462862
0.0,0.8021604396822901,3.5279688388776003,6.770526948918149,11.112685672278127,16.08754458830669,19.099052301504674,21.63369581149011,24.71532971994329,26.579559512716365,26.27299093462862
0.0,0.8021604396822901,3.5279688388776003,6.770526948918149,11.112685672278127,16.08754458830669,19.099052301504674,21.63369581149011,24.71532971994329,26.579559512716365,26.27299093462862
0.0,0.8021604396822901,3.5279688388776003,6.770526948918149,11.112685672278127,16.08754458830669,19.099052301504674,21.63369581149011,24.71532971994329,26.579559512716365,26.27299093462862
0.0,0.8021604396822901,3.5279688388776003,6.770526948918149,11.112685672278127,16.08754458830669,19.099052301504674,21.63369581149011,24.71532971994329,26.579559512716365,26.27299093462862
0.0,0.8021604396822901,3.5279688388776003,6.770526948918149,11.112685672278127,16.08754458830669,19.099052301504674,21.63369581149011,24.71532971994329,26.579559512716365,26.27299093462862
0.0,0.8021604396822901,3.5279688388776003,6.770526948918149,11.112685672278127,16.08754458830669,19.099052301504674,21.63369581149011,24.71532971994329,26.579559512716365,26.27299093462862
0.0,0.8021604396822901,3.5279688388776003,6.770526948918149,11.112685672278127,16.08754458830669,19.099052301504674,21.63369581149011,24.71532971994329,26.579559512716365,26.27299093462862
0.0,0.8021604396822901,3.5279688388776003,6.770526948918149,11.112685672278127,16.08754458830669,19.099052301504674,21.63369581149011,24.71532971994329,26.579559512716365,26.27299093462862
0.0,0.8021604396822901,3.5279688388776003,6.770526948918149,11.112685672278127,16.08754458830669,19.099052301504674,21.63369581149011,24.71532971994329,26.579559512716365,26.27299093462862
0.0,0.8021604396822901,3.5279688388776003,6.770526948918149,11.112685672278127,16.08754458830669,19.099052301504674,21.63369581149011,24.71532971994329,26.579559512716365,26.27299093462862
0.0,0.8021604396822901,3.5279688388776003,6.770526948918149,11.112685672278127,16.08754458830669,19.099052301504674,21.63369581149011,24.71532971994329,26.579559512716365,26.27299093462862
0.0,0.8021604396822901,3.5279688388776003,6.770526948918149,11.112685672278127,16.08754458830669,19.099052301504674,21.63369581149011,24.71532971994329,26.579559512716365,26.27299093462862
0.0,0.8021604396822901,3.5279688388776003,6.770526948918149,11.112685672278127,16.08754458830669,19.099052301504674,21.63369581149011,24.71532971994329,26.579559512716365,26.27299093462862
0.0,0.8021604396822901,3.5279688388776003,6.770526948918149,11.112685672278127,16.08754458830669,19.099052301504674,21.63369581149011,24.71532971994329,26.579559512716365,26.27299093462862
0.0,0.8021604396822901,3.5279688388776003,6.770526948918149,11.112685672278127,16.08754458830669,19.099052301504674,21.63369581149011,24.71532971994329,26.579559512716365,26.27299093462862
0.0,0.8021604396822901,3.5279688388776003,6.770526948918149,11.112685672278127,16.08754458830669,19.099052301504674,21.63369581149011,24.71532971994329,26.579559512716365,26.27299093462862
0.0,0.8021604396822901,3.5279688388776003,6.770526948918149,11.112685672278127,16.08754458830669,19.099052301504674,21.63369581149011,24.71532971994329,26.579559512716365,26.27299093462862
0.0,0.8021604396822901,3.5279688388776003,6.770526948918149,11.112685672278127,16.08754458830669,19.099052301504674,21.63369581149011,24.71532971994329,26.579559512716365,26.27299093462862
0.0,0.8021604396822901,3.5279688388776003,6.770526948918149,11.112685672278127,16.08754458830669,19.099052301504674,21.63369581149011,24.71532971994329,26.579559512716365,26.27299093462862
0.0,0.8021604396822901,3.5279688388776003,6.770526948918149,11.112685672278127,16.08754458830669,19.099052301504674,21.63369581149011,24.71532971994329,26.579559512716365,26.27299093462862
0.0,0.8021604396822901,3.5279688388776003,6.770526948918149,11.112685672278127,16.08754458830669,19.099052301504674,21.63369581149011,24.71532971994329,26.579559512716365,26.27299093462862
0.0,0.8021604396822901,3.5279688388776003,6.770526948918149,11.112685672278127,16.08754458830669,19.099052301504674,21.63369581149011,24.71532971994329,26.47809904394773,26.27299093462862
0.0,0.8021604396822901,3.5279688388776003,6.770526948918149,11.112685672278127,16.08754458830669,19.099052301504674,21.63369581149011,24.71532971994329,26.47809904394773,26.27299093462862
0.0,0.8021604396822901,3.5279688388776003,6.770526948918149,11.112685672278127,16.08754458830669,19.099052301504674,21.63369581149011,24.71532971994329,26.47809904394773,26.27299093462862
0.0,0.8021604396822901,3.5279688388776003,6.770526948918149,11.112685672278127,16.08754458830669,19.099052301504674,21.63369581149011,24.71532971994329,26.47809904394773,26.27299093462862
0.0,0.8021604396822901,3.5279688388776003,6.770526948918149,11.112685672278127,16.08754458830669,19.099052301504674,21.63369581149011,24.71532971994329,26.47809904394773,26.27299093462862
0.0,0.8021604396822901,3.5279688388776003,6.770526948918149,11.112685672278127,16.08754458830669,19.099052301504674,21.63369581149011,24.71532971994329,26.47809904394773,26.27299093462862
0.0,0.8021604396822901,3.5279688388776003,6.770526948918149,11.112685672278127,16.08754458830669,19.099052301504674,21.63369581149011,24.71532971994329,26.47809904394773,26.27299093462862
0.0,0.8021604396822901,3.5279688388776003,6.770526948918149,11.112685672278127,16.08754458830669,19.099052301504674,21.63369581149011,24.71532971994329,26.47809904394773,26.27299093462862
0.0,0.8021604396822901,3.5279688388776003,6.860945237927077,11.112685672278127,16.08754458830669,19.099052301504674,21.63369581149011,24.71532971994329,26.47809904394773,26.27299093462862
0.0,0.8021604396822901,3.5279688388776003,6.749520986596737,11.112685672278127,16.08754458830669,19.099052301504674,21.63369581149011,24.71532971994329,26.47809904394773,26.27299093462862
0.0,0.8021604396822901,3.5279688388776003,6.749520986596737,11.112685672278127,16.08754458830669,19.099052301504674,21.63369581149011,24.71532971994329,26.47809904394773,26.27299093462862
0.0,0.8021604396822901,3.5279688388776003,6.749520986596737,11.112685672278127,16.08754458830669,19.099052301504674,21.63369581149011,24.71532971994329,26.47809904394773,26.27299093462862
0.0,0.8021604396822901,3.5279688388776003,6.860945237927077,11.112685672278127,16.08754458830669,19.099052301504674,21.63369581149011,24.71532971994329,26.47809904394773,26.27299093462862
0.0,0.8021604396822901,3.5279688388776003,6.749520986596737,11.112685672278127,16.08754458830669,19.099052301504674,21.63369581149011,24.71532971994329,26.47809904394773,26.27299093462862
0.0,0.8021604396822901,3.5279688388776003,6.749520986596737,11.112685672278127,16.08754458830669,19.018248455120084,21.63369581149011,24.71532971994329,26.47809904394773,26.27299093462862
0.0,0.8021604396822901,3.5279688388776003,6.749520986596737,11.112685672278127,16.08754458830669,19.018248455120084,21.62508382259912,24.71532971994329,26.47809904394773,26.283121792812576
0.0,0.8021604396822901,3.5279688388776003,6.860945237927077,11.112685672278127,16.08754458830669,19.018248455120084,21.62508382259912,24.71532971994329,26.47809904394773,26.283121792812576
0.0,0.8021604396822901,3.5279688388776003,6.860945237927077,11.112685672278127,16.08754458830669,19.018248455120084,21.62508382259912,24.71532971994329,26.47809904394773,26.283121792812576
0.0,0.8021604396822901,3.5279688388776003,6.749520986596737,11.112685672278127,16.08754458830669,19.018248455120084,21.62508382259912,24.71532971994329,26.47809904394773,26.283121792812576
0.0,0.8021604396822901,3.5279688388776003,6.749520986596737,11.112685672278127,16.08754458830669,19.018248455120084,21.62508382259912,24.71532971994329,26.47809904394773,26.283121792812576
0.0,0.8021604396822901,3.5279688388776003,6.749520986596737,11.112685672278127,16.08754458830669,19.018248455120084,21.62508382259912,24.71532971994329,26.47809904394773,26.283121792812576
0.0,0.8021604396822901,3.5279688388776003,6.860945237927077,11.112685672278127,16.08754458830669,19.018248455120084,21.62508382259912,24.71532971994329,26.47809904394773,26.283121792812576
0.0,0.8021604396822901,3.5279688388776003,6.749520986596737,11.112685672278127,16.08754458830669,19.018248455120084,21.62508382259912,24.71532971994329,26.47809904394773,26.283121792812576
0.0,0.8021604396822901,3.5279688388776003,6.749520986596737,11.112685672278127,16.08754458830669,19.018248455120084,21.62508382259912,24.71532971994329,26.47809904394773,26.283121792812576
0.0,0.8021604396822901,3.5279688388776003,6.749520986596737,11.112685672278127,16.08754458830669,19.018248455120084,21.62508382259912,24.71532971994329,26.47809904394773,26.283121792812576
0.0,0.8021604396822901,3.5279688388776003,6.749520986596737,11.112685672278127,16.08754458830669,19.018248455120084,21.62508382259912,24.71532971994329,26.47809904394773,26.283121792812576
0.0,0.8021604396822901,3.5279688388776003,6.749520986596737,11.112685672278127,16.08754458830669,19.018248455120084,21.62508382259912,24.71532971994329,26.47809904394773,26.283121792812576
0.0,0.8021604396822901,3.5279688388776003,6.860945237927077,11.112685672278127,16.08754458830669,19.018248455120084,21.62508382259912,24.71532971994329,26.47809904394773,26.283121792812576
0.0,0.8021604396822901,3.5279688388776003,6.860945237927077,11.112685672278127,16.08754458830669,19.018248455120084,21.62508382259912,24.71532971994329,26.47809904394773,26.283121792812576
0.0,0.8021604396822901,3.5279688388776003,6.749520986596737,11.112685672278127,16.08754458830669,19.018248455120084,21.62508382259912,24.71532971994329,26.47809904394773,26.283121792812576
0.0,0.8021604396822901,3.5279688388776003,6.749520986596737,11.112685672278127,16.08754458830669,19.018248455120084,21.62508382259912,24.71532971994329,26.47809904394773,26.283121792812576
0.0,0.8021604396822901,3.5279688388776003,6.749520986596737,11.112685672278127,16.08754458830669,19.018248455120084,21.62508382259912,24.71532971994329,26.47809904394773,26.283121792812576
0.0,0.8021604396822901,3.5279688388776003,6.749520986596737,11.112685672278127,16.08754458830669,19.018248455120084,21.62508382259912,24.71532971994329,26.47809904394773,26.283121792812576
0.0,0.8021604396822901,3.5279688388776003,6.860945237927077,11.112685672278127,16.08754458830669,19.018248455120084,21.62508382259912,24.71532971994329,26.47809904394773,26.283121792812576
0.0,0.8021604396822901,3.5279688388776003,6.860945237927077,11.112685672278127,16.08754458830669,19.018248455120084,21.609879940976743,24.777466662717618,26.47809904394773,26.283121792812576
0.0,0.8021604396822901,3.5279688388776003,6.860945237927077,11.112685672278127,16.08754458830669,19.018248455120084,21.609879940976743,24.777466662717618,26.47809904394773,26.283121792812576
0.0,0.8021604396822901,3.5279688388776003,6.749520986596737,11.112685672278127,16.08754458830669,19.018248455120084,21.609879940976743,24.777466662717618,26.47809904394773,26.283121792812576
0.0,0.8021604396822901,3.5279688388776003,6.860945237927077,11.112685672278127,16.08754458830669,19.018248455120084,21.609879940976743,24.777466662717618,26.47809904394773,26.283121792812576
0.0,0.8021604396822901,3.5279688388776003,6.860945237927077,11.112685672278127,16.08754458830669,19.018248455120084,21.609879940976743,24.777466662717618,26.47809904394773,26.283121792812576
0.0,0.8021604396822901,3.5279688388776003,6.860945237927077,11.112685672278127,16.08754458830669,19.018248455120084,21.609879940976743,24.777466662717618,26.47809904394773,26.283121792812576
0.0,0.8021604396822901,3.5279688388776003,6.749520986596737,11.112685672278127,16.08754458830669,19.018248455120084,21.609879940976743,24.777466662717618,26.47809904394773,26.283121792812576
0.0,0.8021604396822901,3.5279688388776003,6.749520986596737,11.112685672278127,16.08754458830669,19.018248455120084,21.609879940976743,24.777466662717618,26.47809904394773,26.283121792812576
0.0,0.8021604396822901,3.5279688388776003,6.749520986596737,11.112685672278127,16.08754458830669,19.018248455120084,21.609879940976743,24.777466662717618,26.47809904394773,26.283121792812576
0.0,0.8021604396822901,3.5279688388776003,6.860945237927077,11.112685672278127,16.08754458830669,19.018248455120084,21.609879940976743,24.777466662717618,26.47809904394773,26.283121792812576
0.0,0.8021604396822901,3.5279688388776003,6.860945237927077,11.112685672278127,16.08754458830669,19.018248455120084,21.609879940976743,24.777466662717618,26.47809904394773,26.283121792812576
0.0,0.8021604396822901,3.5279688388776003,6.860945237927077,11.112685672278127,16.08754458830669,19.018248455120084,21.609879940976743,24.777466662717618,26.47809904394773,26.283121792812576
0.0,0.8021604396822901,3.5279688388776003,6.860945237927077,11.112685672278127,16.08754458830669,19.018248455120084,21.609879940976743,24.777466662717618,26.47809904394773,26.283121792812576
0.0,0.8021604396822901,3.5279688388776003,6.860945237927077,11.112685672278127,16.08754458830669,19.018248455120084,21.609879940976743,24.777466662717618,26.47809904394773,26.283121792812576
0.0,0.8021604396822901,3.5279688388776003,6.860945237927077,11.112685672278127,16.08754458830669,19.018248455120084,21.609879940976743,24.777466662717618,26.47809904394773,26.283121792812576
0.0,0.8021604396822901,3.5279688388776003,6.860945237927077,11.112685672278127,16.08754458830669,19.018248455120084,21.609879940976743,24.777466662717618,26.47809904394773,26.283121792812576
0.0,0.8021604396822901,3.5279688388776003,6.749520986596737,11.112685672278127,16.08754458830669,19.018248455120084,21.609879940976743,24.777466662717618,26.47809904394773,26.283121792812576
0.0,0.8021604396822901,3.5279688388776003,6.749520986596737,11.112685672278127,16.08754458830669,19.018248455120084,21.609879940976743,24.777466662717618,26.47809904394773,26.283121792812576
0.0,0.8021604396822901,3.5279688388776003,6.749520986596737,11.112685672278127,16.08754458830669,19.018248455120084,21.609879940976743,24.777466662717618,26.47809904394773,26.283121792812576
0.0,0.8021604396822901,3.5279688388776003,6.749520986596737,11.112685672278127,16.08754458830669,19.018248455120084,21.609879940976743,24.777466662717618,26.47809904394773,26.283121792812576
0.0,0.8021604396822901,3.5279688388776003,6.749520986596737,11.112685672278127,16.08754458830669,19.018248455120084,21.609879940976743,24.777466662717618,26.47809904394773,26.283121792812576
0.0,0.8021604396822901,3.5279688388776003,6.749520986596737,11.112685672278127,16.08754458830669,19.018248455120084,21.609879940976743,24.777466662717618,26.47809904394773,26.283121792812576
0.0,0.8021604396822901,3.5279688388776003,6.860945237927077,11.112685672278127,16.08754458830669,19.018248455120084,21.609879940976743,24.777466662717618,26.47809904394773,26.283121792812576
0.0,0.8021604396822901,3.5279688388776003,6.749520986596737,11.112685672278127,16.08754458830669,19.018248455120084,21.609879940976743,24.934001332048375,26.47809904394773,26.283121792812576
0.0,0.8021604396822901,3.5279688388776003,6.749520986596737,11.112685672278127,16.08754458830669,19.018248455120084,21.609879940976743,24.934001332048375,26.47809904394773,26.283121792812576
0.0,0.8021604396822901,3.5279688388776003,6.749520986596737,11.112685672278127,16.08754458830669,19.018248455120084,21.609879940976743,24.934001332048375,26.47809904394773,26.283121792812576
0.0,0.8021604396822901,3.5279688388776003,6.860945237927077,11.112685672278127,16.08754458830669,19.018248455120084,21.609879940976743,24.934001332048375,26.47809904394773,26.283121792812576
0.0,0.8021604396822901,3.5279688388776003,6.860945237927077,11.112685672278127,16.08754458830669,19.018248455120084,21.609879940976743,24.934001332048375,26.47809904394773,26.283121792812576
0.0,0.8021604396822901,3.5279688388776003,6.749520986596737,11.112685672278127,16.08754458830669,19.018248455120084,21.609879940976743,24.934001332048375,26.47809904394773,26.283121792812576
0.0,0.8021604396822901,3.5279688388776003,6.860945237927077,11.112685672278127,16.08754458830669,19.018248455120084,21.609879940976743,24.934001332048375,26.47809904394773,26.283121792812576
0.0,0.8021604396822901,3.5279688388776003,6.860945237927077,11.112685672278127,16.08754458830669,19.018248455120084,21.609879940976743,24.934001332048375,26.47809904394773,26.283121792812576
0.0,0.8021604396822901,3.5279688388776003,6.860945237927077,11.112685672278127,16.08754458830669,19.018248455120084,21.609879940976743,24.934001332048375,26.47809904394773,26.283121792812576
0.0,0.8021604396822901,3.5279688388776003,6.860945237927077,11.112685672278127,16.08754458830669,19.018248455120084,21.609879940976743,24.934001332048375,26.47809904394773,26.283121792812576
0.0,0.8021604396822901,3.5279688388776003,6.749520986596737,11.112685672278127,16.08754458830669,18.926827712377804,21.647396012512445,24.947488891369723,26.43880589533929,26.207056818621954
0.0,0.8021604396822901,3.5279688388776003,6.749520986596737,11.112685672278127,16.08754458830669,18.926827712377804,21.647396012512445,24.947488891369723,26.43880589533929,26.207056818621954
0.0,0.8021604396822901,3.5279688388776003,6.749520986596737,11.112685672278127,16.08754458830669,18.926827712377804,21.647396012512445,24.947488891369723,26.43880589533929,26.207056818621954
0.0,0.8021604396822901,3.5279688388776003,6.860945237927077,11.112685672278127,16.08754458830669,18.926827712377804,21.647396012512445,24.947488891369723,26.43880589533929,26.207056818621954
0.0,0.8021604396822901,3.5279688388776003,6.749520986596737,11.112685672278127,16.08754458830669,18.926827712377804,21.647396012512445,24.947488891369723,26.43880589533929,26.207056818621954
0.0,0.8021604396822901,3.5279688388776003,6.749520986596737,11.112685672278127,16.08754458830669,18.926827712377804,21.647396012512445,24.947488891369723,26.43880589533929,26.207056818621954
0.0,0.8021604396822901,3.5279688388776003,6.749520986596737,11.112685672278127,16.08754458830669,18.926827712377804,21.647396012512445,24.947488891369723,26.43880589533929,26.207056818621954
0.0,0.8021604396822901,3.5279688388776003,6.860945237927077,11.112685672278127,16.08754458830669,18.926827712377804,21.647396012512445,24.947488891369723,26.43880589533929,26.207056818621954
0.0,0.8021604396822901,3.5279688388776003,6.860945237927077,11.112685672278127,16.08754458830669,18.926827712377804,21.647396012512445,24.947488891369723,26.43880589533929,26.207056818621954
0.0,0.8021604396822901,3.5279688388776003,6.749520986596737,11.112685672278127,16.08754458830669,18.926827712377804,21.647396012512445,24.947488891369723,26.43880589533929,26.207056818621954
0.0,0.8021604396822901,3.5279688388776003,6.749520986596737,11.112685672278127,16.08754458830669,18.926827712377804,21.647396012512445,24.947488891369723,26.43880589533929,26.207056818621954
0.0,0.8021604396822901,3.5279688388776003,6.749520986596737,11.112685672278127,16.08754458830669,18.926827712377804,21.647396012512445,24.947488891369723,26.43880589533929,26.207056818621954
0.0,0.8021604396822901,3.5279688388776003,6.749520986596737,11.112685672278127,16.08754458830669,18.926827712377804,21.647396012512445,24.947488891369723,26.43880589533929,26.207056818621954
0.0,0.8021604396822901,3.5279688388776003,6.749520986596737,11.112685672278127,16.08754458830669,18.926827712377804,21.647396012512445,24.947488891369723,26.43880589533929,26.207056818621954
0.0,0.8021604396822901,3.5279688388776003,6.860945237927077,11.112685672278127,16.08754458830669,18.926827712377804,21.647396012512445,24.947488891369723,26.43880589533929,26.207056818621954
0.0,0.8021604396822901,3.5279688388776003,6.749520986596737,11.112685672278127,16.08754458830669,18.926827712377804,21.647396012512445,24.947488891369723,26.43880589533929,26.207056818621954
0.0,0.8021604396822901,3.5279688388776003,6.860945237927077,11.112685672278127,16.08754458830669,18.926827712377804,21.647396012512445,24.947488891369723,26.43880589533929,26.207056818621954
0.0,0.8021604396822901,3.5279688388776003,6.749520986596737,11.112685672278127,16.08754458830669,18.926827712377804,21.647396012512445,24.947488891369723,26.43880589533929,26.207056818621954
0.0,0.8021604396822901,3.5279688388776003,6.749520986596737,11.112685672278127,16.08754458830669,18.926827712377804,21.647396012512445,24.947488891369723,26.43880589533929,26.207056818621954
0.0,0.8021604396822901,3.5279688388776003,6.860945237927077,11.112685672278127,16.08754458830669,18.926827712377804,21.647396012512445,24.947488891369723,26.43880589533929,26.207056818621954
0.0,0.8021604396822901,3.5279688388776003,6.860945237927077,11.112685672278127,16.08754458830669,18.926827712377804,21.647396012512445,24.947488891369723,26.43880589533929,26.207056818621954
0.0,0.8021604396822901,3.5279688388776003,6.749520986596737,11.112685672278127,16.08754458830669,18.926827712377804,21.647396012512445,24.947488891369723,26.43880589533929,26.207056818621954
0.0,0.8021604396822901,3.5279688388776003,6.749520986596737,11.112685672278127,16.08754458830669,18.926827712377804,21.647396012512445,24.947488891369723,26.43880589533929,26.207056818621954
0.0,0.8021604396822901,3.5279688388776003,6.749520986596737,11.112685672278127,16.08754458830669,18.926827712377804,21.647396012512445,24.947488891369723,26.43880589533929,26.207056818621954
0.0,0.8021604396822901,3.5279688388776003,6.749520986596737,11.112685672278127,16.08754458830669,18.926827712377804,21.647396012512445,24.947488891369723,26.43880589533929,26.207056818621954
0.0,0.8021604396822901,3.5279688388776003,6.749520986596737,11.112685672278127,16.08754458830669,18.926827712377804,21.647396012512445,24.947488891369723,26.43880589533929,26.207056818621954
0.0,0.8021604396822901,3.5279688388776003,6.749520986596737,11.112685672278127,16.08754458830669,18.926827712377804,21.647396012512445,24.947488891369723,26.43880589533929,26.207056818621954
0.0,0.8021604396822901,3.5279688388776003,6.860945237927077,11.112685672278127,16.08754458830669,18.926827712377804,21.647396012512445,24.947488891369723,26.43880589533929,26.207056818621954
0.0,0.8021604396822901,3.5279688388776003,6.749520986596737,11.112685672278127,16.08754458830669,18.926827712377804,21.647396012512445,24.947488891369723,26.43880589533929,26.207056818621954
0.0,0.8021604396822901,3.5279688388776003,6.749520986596737,11.112685672278127,16.08754458830669,18.926827712377804,21.647396012512445,24.947488891369723,26.43880589533929,26.207056818621954
0.0,0.8021604396822901,3.5279688388776003,6.749520986596737,11.112685672278127,16.08754458830669,18.926827712377804,21.647396012512445,24.947488891369723,26.43880589533929,26.207056818621954
0.0,0.8021604396822901,3.5279688388776003,6.749520986596737,11.112685672278127,16.08754458830669,18.926827712377804,21.647396012512445,24.947488891369723,26.43880589533929,26.207056818621954
0.0,0.8021604396822901,3.5279688388776003,6.860945237927077,11.112685672278127,16.08754458830669,18.926827712377804,21.647396012512445,24.947488891369723,26.43880589533929,26.171849428411516
0.0,0.8021604396822901,3.5279688388776003,6.860945237927077,11.112685672278127,16.08754458830669,18.926827712377804,21.647396012512445,24.947488891369723,26.43880589533929,26.171849428411516
0.0,0.8021604396822901,3.5279688388776003,6.860945237927077,11.112685672278127,16.08754458830669,18.926827712377804,21.647396012512445,24.947488891369723,26.43880589533929,26.171849428411516
0.0,0.8021604396822901,3.5279688388776003,6.860945237927077,11.112685672278127,16.08754458830669,18.926827712377804,21.647396012512445,24.947488891369723,26.43880589533929,26.171849428411516
0.0,0.8021604396822901,3.5279688388776003,6.860945237927077,11.112685672278127,16.08754458830669,18.926827712377804,21.647396012512445,24.947488891369723,26.43880589533929,26.171849428411516
0.0,0.8021604396822901,3.5279688388776003,6.860945237927077,11.112685672278127,16.08754458830669,18.926827712377804,21.647396012512445,24.947488891369723,26.43880589533929,26.171849428411516
0.0,0.8021604396822901,3.5279688388776003,6.749520986596737,11.112685672278127,16.08754458830669,18.926827712377804,21.647396012512445,24.947488891369723,26.43880589533929,26.171849428411516
0.0,0.8021604396822901,3.5279688388776003,6.749520986596737,11.112685672278127,16.08754458830669,18.926827712377804,21.647396012512445,24.947488891369723,26.43880589533929,26.171849428411516
0.0,0.8021604396822901,3.5279688388776003,6.860945237927077,11.112685672278127,16.08754458830669,18.926827712377804,21.647396012512445,24.947488891369723,26.43880589533929,26.171849428411516
0.0,0.8021604396822901,3.5279688388776003,6.860945237927077,11.112685672278127,16.08754458830669,18.926827712377804,21.647396012512445,24.947488891369723,26.43880589533929,26.171849428411516
0.0,0.8021604396822901,3.5279688388776003,6.749520986596737,11.112685672278127,16.08754458830669,18.926827712377804,21.647396012512445,24.947488891369723,26.43880589533929,26.171849428411516
0.0,0.8021604396822901,3.5279688388776003,6.860945237927077,11.112685672278127,16.08754458830669,18.926827712377804,21.647396012512445,24.947488891369723,26.43880589533929,26.171849428411516
0.0,0.8021604396822901,3.5279688388776003,6.860945237927077,11.112685672278127,16.08754458830669,18.926827712377804,21.647396012512445,24.947488891369723,26.43880589533929,26.171849428411516
0.0,0.8021604396822901,3.5279688388776003,6.749520986596737,11.112685672278127,16.08754458830669,18.926827712377804,21.647396012512445,24.947488891369723,26.43880589533929,26.171849428411516
0.0,0.8021604396822901,3.5279688388776003,6.749520986596737,11.112685672278127,16.08754458830669,18.926827712377804,21.647396012512445,24.947488891369723,26.43880589533929,26.171849428411516
0.0,0.8021604396822901,3.5279688388776003,6.860945237927077,11.112685672278127,16.08754458830669,18.926827712377804,21.647396012512445,24.947488891369723,26.43880589533929,26.171849428411516
0.0,0.8021604396822901,3.5279688388776003,6.860945237927077,11.112685672278127,16.08754458830669,18.926827712377804,21.647396012512445,24.947488891369723,26.43880589533929,26.171849428411516
0.0,0.8021604396822901,3.5279688388776003,6.749520986596737,11.112685672278127,16.08754458830669,18.926827712377804,21.647396012512445,24.947488891369723,26.43880589533929,26.171849428411516
0.0,0.8021604396822901,3.5279688388776003,6.749520986596737,11.112685672278127,16.08754458830669,18.926827712377804,21.647396012512445,24.947488891369723,26.43880589533929,26.171849428411516
0.0,0.8021604396822901,3.5279688388776003,6.749520986596737,11.112685672278127,16.08754458830669,18.926827712377804,21.647396012512445,24.947488891369723,26.43880589533929,26.171849428411516
0.0,0.8021604396822901,3.5279688388776003,6.749520986596737,11.112685672278127,16.08754458830669,18.926827712377804,21.647396012512445,24.947488891369723,26.43880589533929,26.171849428411516
0.0,0.8021604396822901,3.5279688388776003,6.749520986596737,11.112685672278127,16.08754458830669,18.926827712377804,21.647396012512445,24.947488891369723,26.43880589533929,26.171849428411516
0.0,0.8021604396822901,3.5279688388776003,6.860945237927077,11.112685672278127,16.08754458830669,18.926827712377804,21.647396012512445,24.947488891369723,26.43880589533929,26.171849428411516
0.0,0.8021604396822901,3.5279688388776003,6.860945237927077,11.112685672278127,16.08754458830669,18.926827712377804,21.647396012512445,24.947488891369723,26.43880589533929,26.171849428411516
0.0,0.8021604396822901,3.5279688388776003,6.860945237927077,11.112685672278127,16.08754458830669,18.926827712377804,21.647396012512445,24.947488891369723,26.43880589533929,26.171849428411516
0.0,0.8021604396822901,3.5279688388776003,6.860945237927077,11.112685672278127,16.08754458830669,18.926827712377804,21.647396012512445,24.947488891369723,26.43880589533929,26.171849428411516
0.0,0.8021604396822901,3.5279688388776003,6.860945237927077,11.112685672278127,16.08754458830669,18.926827712377804,21.647396012512445,24.947488891369723,26.43880589533929,26.171849428411516
0.0,0.8021604396822901,3.5279688388776003,6.749520986596737,11.112685672278127,16.08754458830669,18.926827712377804,21.647396012512445,24.947488891369723,26.43880589533929,26.171849428411516
0.0,0.8021604396822901,3.5279688388776003,6.860945237927077,11.112685672278127,16.08754458830669,18.926827712377804,21.647396012512445,24.947488891369723,26.43880589533929,26.171849428411516
0.0,0.8021604396822901,3.5279688388776003,6.749520986596737,11.112685672278127,16.08754458830669,18.926827712377804,21.647396012512445,24.947488891369723,26.43880589533929,26.171849428411516
0.0,0.8021604396822901,3.5279688388776003,6.749520986596737,11.112685672278127,16.08754458830669,18.926827712377804,21.647396012512445,24.947488891369723,26.43880589533929,26.171849428411516
0.0,0.8021604396822901,3.5279688388776003,6.860945237927077,11.112685672278127,16.08754458830669,18.926827712377804,21.647396012512445,24.947488891369723,26.43880589533929,26.171849428411516
0.0,0.8021604396822901,3.5279688388776003,6.860945237927077,11.112685672278127,16.08754458830669,18.926827712377804,21.647396012512445,24.947488891369723,26.43880589533929,26.171849428411516
0.0,0.8021604396822901,3.5279688388776003,6.749520986596737,11.112685672278127,16.08754458830669,18.926827712377804,21.647396012512445,24.947488891369723,26.43880589533929,26.171849428411516
0.0,0.8021604396822901,3.5279688388776003,6.860945237927077,11.112685672278127,16.08754458830669,18.926827712377804,21.647396012512445,24.947488891369723,26.43880589533929,26.171849428411516
0.0,0.8021604396822901,3.5279688388776003,6.860945237927077,11.112685672278127,16.08754458830669,18.926827712377804,21.647396012512445,24.947488891369723,26.43880589533929,26.171849428411516
0.0,0.8021604396822901,3.5279688388776003,6.860945237927077,11.112685672278127,16.08754458830669,18.926827712377804,21.647396012512445,24.947488891369723,26.43880589533929,26.171849428411516
0.0,0.8021604396822901,3.5279688388776003,6.749520986596737,11.112685672278127,16.08754458830669,18.926827712377804,21.647396012512445,24.947488891369723,26.43880589533929,26.171849428411516
0.0,0.8021604396822901,3.5279688388776003,6.749520986596737,11.112685672278127,16.08754458830669,18.926827712377804,21.647396012512445,24.947488891369723,26.43880589533929,26.171849428411516
0.0,0.8021604396822901,3.5279688388776003,6.860945237927077,11.112685672278127,16.08754458830669,18.926827712377804,21.647396012512445,24.947488891369723,26.43880589533929,26.171849428411516
0.0,0.8021604396822901,3.5279688388776003,6.749520986596737,11.112685672278127,16.08754458830669,18.926827712377804,21.647396012512445,24.947488891369723,26.43880589533929,26.171849428411516
0.0,0.8021604396822901,3.5279688388776003,6.860945237927077,11.112685672278127,16.08754458830669,18.926827712377804,21.647396012512445,24.947488891369723,26.43880589533929,26.171849428411516
0.0,0.8021604396822901,3.5279688388776003,6.749520986596737,11.112685672278127,16.08754458830669,18.926827712377804,21.647396012512445,24.947488891369723,26.43880589533929,26.171849428411516
0.0,0.8021604396822901,3.5279688388776003,6.749520986596737,11.112685672278127,16.08754458830669,18.926827712377804,21.647396012512445,24.947488891369723,26.43880589533929,26.171849428411516
0.0,0.8021604396822901,3.5279688388776003,6.749520986596737,11.112685672278127,16.08754458830669,18.926827712377804,21.647396012512445,24.947488891369723,26.43880589533929,26.171849428411516
0.0,0.8021604396822901,3.5279688388776003,6.749520986596737,11.112685672278127,16.08754458830669,18.926827712377804,21.647396012512445,24.947488891369723,26.43880589533929,26.171849428411516
0.0,0.8021604396822901,3.5279688388776003,6.860945237927077,11.112685672278127,16.08754458830669,18.926827712377804,21.647396012512445,24.947488891369723,26.43880589533929,26.171849428411516
0.0,0.8021604396822901,3.5279688388776003,6.749520986596737,11.112685672278127,16.08754458830669,18.926827712377804,21.647396012512445,24.947488891369723,26.43880589533929,26.171849428411516
0.0,0.8021604396822901,3.5279688388776003,6.749520986596737,11.112685672278127,16.08754458830669,18.926827712377804,21.647396012512445,24.947488891369723,26.43880589533929,26.171849428411516
0.0,0.8021604396822901,3.5279688388776003,6.749520986596737,11.112685672278127,16.08754458830669,18.926827712377804,21.647396012512445,24.947488891369723,26.43880589533929,26.171849428411516
0.0,0.8021604396822901,3.5279688388776003,6.749520986596737,11.112685672278127,16.08754458830669,18.926827712377804,21.647396012512445,24.947488891369723,26.43880589533929,26.171849428411516
0.0,0.8021604396822901,3.5279688388776003,6.749520986596737,11.112685672278127,16.08754458830669,18.926827712377804,21.647396012512445,24.947488891369723,26.43880589533929,26.171849428411516
0.0,0.8021604396822901,3.5279688388776003,6.749520986596737,11.112685672278127,16.08754458830669,18.926827712377804,21.647396012512445,24.947488891369723,26.43880589533929,26.171849428411516
0.0,0.8021604396822901,3.5279688388776003,6.749520986596737,11.112685672278127,16.08754458830669,18.926827712377804,21.647396012512445,24.947488891369723,26.43880589533929,26.171849428411516
0.0,0.8021604396822901,3.5279688388776003,6.749520986596737,11.112685672278127,16.08754458830669,18.926827712377804,21.647396012512445,24.947488891369723,26.43880589533929,26.171849428411516
0.0,0.8021604396822901,3.5279688388776003,6.860945237927077,11.112685672278127,16.08754458830669,18.926827712377804,21.647396012512445,24.947488891369723,26.43880589533929,26.171849428411516
0.0,0.8021604396822901,3.5279688388776003,6.749520986596737,11.112685672278127,16.08754458830669,18.926827712377804,21.647396012512445,24.947488891369723,26.43880589533929,26.171849428411516
0.0,0.8021604396822901,3.5279688388776003,6.749520986596737,11.112685672278127,16.08754458830669,18.926827712377804,21.647396012512445,24.947488891369723,26.43880589533929,26.171849428411516
0.0,0.8021604396822901,3.5279688388776003,6.749520986596737,11.112685672278127,16.08754458830669,18.926827712377804,21.647396012512445,24.947488891369723,26.43880589533929,26.171849428411516
0.0,0.8021604396822901,3.5279688388776003,6.860945237927077,11.112685672278127,16.08754458830669,18.926827712377804,21.647396012512445,24.876785525783195,26.43880589533929,26.171849428411516
0.0,0.8021604396822901,3.5279688388776003,6.860945237927077,11.112685672278127,16.08754458830669,18.926827712377804,21.647396012512445,24.876785525783195,26.43880589533929,26.171849428411516
0.0,0.8021604396822901,3.5279688388776003,6.749520986596737,11.112685672278127,16.08754458830669,18.926827712377804,21.647396012512445,24.876785525783195,26.43880589533929,26.171849428411516
0.0,0.8021604396822901,3.5279688388776003,6.860945237927077,11.112685672278127,16.08754458830669,18.926827712377804,21.647396012512445,24.876785525783195,26.43880589533929,26.171849428411516
0.0,0.8021604396822901,3.5279688388776003,6.860945237927077,11.112685672278127,16.08754458830669,18.926827712377804,21.647396012512445,24.876785525783195,26.43880589533929,26.171849428411516
0.0,0.8021604396822901,3.5279688388776003,6.749520986596737,11.112685672278127,16.08754458830669,18.926827712377804,21.647396012512445,24.876785525783195,26.43880589533929,26.171849428411516
0.0,0.8021604396822901,3.5279688388776003,6.749520986596737,11.112685672278127,16.08754458830669,18.926827712377804,21.647396012512445,24.876785525783195,26.43880589533929,26.171849428411516
0.0,0.8021604396822901,3.5279688388776003,6.749520986596737,11.112685672278127,16.08754458830669,18.926827712377804,21.647396012512445,24.876785525783195,26.43880589533929,26.171849428411516
0.0,0.8021604396822901,3.5279688388776003,6.749520986596737,11.112685672278127,16.08754458830669,18.926827712377804,21.647396012512445,24.876785525783195,26.43880589533929,26.171849428411516
0.0,0.8021604396822901,3.5279688388776003,6.860945237927077,11.112685672278127,16.08754458830669,18.926827712377804,21.647396012512445,24.876785525783195,26.43880589533929,26.171849428411516
0.0,0.8021604396822901,3.5279688388776003,6.749520986596737,11.112685672278127,16.08754458830669,18.926827712377804,21.647396012512445,24.876785525783195,26.43880589533929,26.171849428411516
0.0,0.8021604396822901,3.5279688388776003,6.860945237927077,11.112685672278127,16.08754458830669,18.926827712377804,21.647396012512445,24.876785525783195,26.43880589533929,26.171849428411516
0.0,0.8021604396822901,3.5279688388776003,6.860945237927077,11.112685672278127,16.08754458830669,18.926827712377804,21.647396012512445,24.877651281280162,26.43880589533929,26.171849428411516
0.0,0.8021604396822901,3.5279688388776003,6.860945237927077,11.112685672278127,16.08754458830669,18.926827712377804,21.647396012512445,24.877651281280162,26.43880589533929,26.171849428411516
0.0,0.8021604396822901,3.5279688388776003,6.860945237927077,11.112685672278127,16.08754458830669,18.926827712377804,21.647396012512445,24.877651281280162,26.43880589533929,26.171849428411516
0.0,0.8021604396822901,3.5279688388776003,6.749520986596737,11.112685672278127,16.08754458830669,18.926827712377804,21.647396012512445,24.877651281280162,26.43880589533929,26.171849428411516
0.0,0.8021604396822901,3.5279688388776003,6.749520986596737,11.112685672278127,16.08754458830669,18.926827712377804,21.647396012512445,24.877651281280162,26.43880589533929,26.171849428411516
0.0,0.8021604396822901,3.5279688388776003,6.749520986596737,11.112685672278127,16.08754458830669,18.926827712377804,21.647396012512445,24.877651281280162,26.43880589533929,26.171849428411516
0.0,0.8021604396822901,3.5279688388776003,6.749520986596737,11.112685672278127,16.08754458830669,18.926827712377804,21.647396012512445,24.877651281280162,26.43880589533929,26.171849428411516
0.0,0.8021604396822901,3.5279688388776003,6.860945237927077,11.112685672278127,16.08754458830669,18.926827712377804,21.647396012512445,24.906084514444064,26.382455844571073,26.28590132361864
0.0,0.8021604396822901,3.5279688388776003,6.860945237927077,11.112685672278127,16.08754458830669,18.926827712377804,21.647396012512445,24.906084514444064,26.382455844571073,26.28590132361864
0.0,0.8021604396822901,3.5279688388776003,6.860945237927077,11.112685672278127,16.08754458830669,18.926827712377804,21.647396012512445,24.906084514444064,26.382455844571073,26.28590132361864
0.0,0.8021604396822901,3.5279688388776003,6.749520986596737,11.112685672278127,16.08754458830669,18.926827712377804,21.647396012512445,24.906084514444064,26.382455844571073,26.28590132361864
0.0,0.8021604396822901,3.5279688388776003,6.860945237927077,11.112685672278127,16.08754458830669,18.926827712377804,21.647396012512445,24.906084514444064,26.382455844571073,26.28590132361864
0.0,0.8021604396822901,3.5279688388776003,6.749520986596737,11.112685672278127,16.08754458830669,18.926827712377804,21.647396012512445,24.906084514444064,26.382455844571073,26.28590132361864
0.0,0.8021604396822901,3.5279688388776003,6.860945237927077,11.112685672278127,16.08754458830669,18.926827712377804,21.647396012512445,24.906084514444064,26.382455844571073,26.28590132361864
0.0,0.8021604396822901,3.5279688388776003,6.749520986596737,11.112685672278127,16.08754458830669,18.926827712377804,21.647396012512445,24.906084514444064,26.382455844571073,26.28590132361864
0.0,0.8021604396822901,3.5279688388776003,6.749520986596737,11.112685672278127,16.08754458830669,18.926827712377804,21.647396012512445,24.906084514444064,26.382455844571073,26.28590132361864
0.0,0.8021604396822901,3.5279688388776003,6.749520986596737,11.112685672278127,16.08754458830669,18.926827712377804,21.647396012512445,24.906084514444064,26.382455844571073,26.28590132361864
0.0,0.8021604396822901,3.5279688388776003,6.749520986596737,11.112685672278127,16.08754458830669,18.926827712377804,21.647396012512445,24.906084514444064,26.382455844571073,26.28590132361864
0.0,0.8021604396822901,3.5279688388776003,6.749520986596737,11.112685672278127,16.08754458830669,18.926827712377804,21.647396012512445,24.906084514444064,26.382455844571073,26.28590132361864
0.0,0.8021604396822901,3.5279688388776003,6.749520986596737,11.112685672278127,16.08754458830669,18.926827712377804,21.647396012512445,24.906084514444064,26.382455844571073,26.28590132361864
0.0,0.8021604396822901,3.5279688388776003,6.860945237927077,11.112685672278127,16.08754458830669,18.926827712377804,21.647396012512445,24.906084514444064,26.382455844571073,26.28590132361864
0.0,0.8021604396822901,3.5279688388776003,6.860945237927077,11.112685672278127,16.08754458830669,18.926827712377804,21.647396012512445,24.906084514444064,26.382455844571073,26.28590132361864
0.0,0.8021604396822901,3.5279688388776003,6.749520986596737,11.112685672278127,16.08754458830669,18.926827712377804,21.647396012512445,24.906084514444064,26.382455844571073,26.28590132361864
0.0,0.8021604396822901,3.5279688388776003,6.860945237927077,11.112685672278127,16.08754458830669,18.926827712377804,21.647396012512445,24.906084514444064,26.382455844571073,26.28590132361864
0.0,0.8021604396822901,3.5279688388776003,6.749520986596737,11.112685672278127,16.08754458830669,18.926827712377804,21.647396012512445,24.906084514444064,26.382455844571073,26.28590132361864
0.0,0.8021604396822901,3.5279688388776003,6.749520986596737,11.112685672278127,16.08754458830669,18.926827712377804,21.647396012512445,24.906084514444064,26.382455844571073,26.28590132361864
0.0,0.8021604396822901,3.5279688388776003,6.860945237927077,11.112685672278127,16.08754458830669,18.796554293122032,21.647396012512445,24.906084514444064,26.382455844571073,26.28590132361864
0.0,0.8021604396822901,3.5279688388776003,6.860945237927077,11.112685672278127,16.08754458830669,18.796554293122032,21.647396012512445,24.906084514444064,26.382455844571073,26.28590132361864
0.0,0.8021604396822901,3.5279688388776003,6.860945237927077,11.112685672278127,16.08754458830669,18.796554293122032,21.647396012512445,24.906084514444064,26.382455844571073,26.28590132361864
0.0,0.8021604396822901,3.5279688388776003,6.860945237927077,11.112685672278127,16.08754458830669,18.796554293122032,21.647396012512445,24.906084514444064,26.382455844571073,26.28590132361864
0.0,0.8021604396822901,3.5279688388776003,6.749520986596737,11.112685672278127,16.08754458830669,18.796554293122032,21.647396012512445,24.906084514444064,26.382455844571073,26.28590132361864
0.0,0.8021604396822901,3.5279688388776003,6.860945237927077,11.112685672278127,16.08754458830669,18.796554293122032,21.647396012512445,24.906084514444064,26.382455844571073,26.28590132361864
0.0,0.8021604396822901,3.5279688388776003,6.860945237927077,11.112685672278127,16.08754458830669,18.796554293122032,21.647396012512445,24.906084514444064,26.382455844571073,26.28590132361864
0.0,0.8021604396822901,3.5279688388776003,6.860945237927077,11.112685672278127,16.08754458830669,18.796554293122032,21.647396012512445,24.906084514444064,26.382455844571073,26.28590132361864
0.0,0.8021604396822901,3.5279688388776003,6.860945237927077,11.112685672278127,16.08754458830669,18.796554293122032,21.647396012512445,24.906084514444064,26.382455844571073,26.28590132361864
0.0,0.8021604396822901,3.5279688388776003,6.749520986596737,11.112685672278127,16.08754458830669,18.796554293122032,21.647396012512445,24.906084514444064,26.382455844571073,26.28590132361864
0.0,0.8021604396822901,3.5279688388776003,6.860945237927077,11.112685672278127,16.08754458830669,18.796554293122032,21.647396012512445,24.906084514444064,26.382455844571073,26.28590132361864
0.0,0.8021604396822901,3.5279688388776003,6.860945237927077,11.112685672278127,16.08754458830669,18.796554293122032,21.647396012512445,24.906084514444064,26.382455844571073,26.28590132361864
0.0,0.8021604396822901,3.5279688388776003,6.749520986596737,11.112685672278127,16.08754458830669,18.796554293122032,21.647396012512445,24.906084514444064,26.382455844571073,26.28590132361864
0.0,0.8021604396822901,3.5279688388776003,6.860945237927077,11.112685672278127,16.08754458830669,18.796554293122032,21.647396012512445,24.906084514444064,26.382455844571073,26.28590132361864
0.0,0.8021604396822901,3.5279688388776003,6.860945237927077,11.112685672278127,16.08754458830669,18.796554293122032,21.647396012512445,24.906084514444064,26.382455844571073,26.28590132361864
0.0,0.8021604396822901,3.5279688388776003,6.860945237927077,11.112685672278127,16.08754458830669,18.796554293122032,21.647396012512445,24.906084514444064,26.382455844571073,26.28590132361864
0.0,0.8021604396822901,3.5279688388776003,6.749520986596737,11.112685672278127,16.08754458830669,18.796554293122032,21.647396012512445,24.906084514444064,26.382455844571073,26.28590132361864
0.0,0.8021604396822901,3.5279688388776003,6.749520986596737,11.112685672278127,16.08754458830669,18.796554293122032,21.647396012512445,24.906084514444064,26.382455844571073,26.28590132361864
0.0,0.8021604396822901,3.5279688388776003,6.860945237927077,11.112685672278127,16.08754458830669,18.796554293122032,21.647396012512445,24.906084514444064,26.382455844571073,26.28590132361864
0.0,0.8021604396822901,3.5279688388776003,6.860945237927077,11.112685672278127,16.08754458830669,18.796554293122032,21.647396012512445,24.906084514444064,26.382455844571073,26.28590132361864
0.0,0.8021604396822901,3.5279688388776003,6.860945237927077,11.112685672278127,15.95394484529937,18.796554293122032,21.859460543193237,24.906084514444064,26.382455844571073,26.28590132361864
0.0,0.8021604396822901,3.5279688388776003,6.749520986596737,11.112685672278127,15.95394484529937,18.796554293122032,21.859460543193237,24.906084514444064,26.382455844571073,26.28590132361864
0.0,0.8021604396822901,3.5279688388776003,6.860945237927077,11.112685672278127,15.95394484529937,18.796554293122032,21.859460543193237,24.795844981162222,26.40443388323997,26.308335023075426
0.0,0.8021604396822901,3.5279688388776003,6.749520986596737,11.112685672278127,15.95394484529937,18.796554293122032,21.859460543193237,24.795844981162222,26.40443388323997,26.308335023075426
0.0,0.8021604396822901,3.5279688388776003,6.749520986596737,11.112685672278127,15.95394484529937,18.796554293122032,21.859460543193237,24.795844981162222,26.40443388323997,26.308335023075426
0.0,0.8021604396822901,3.5279688388776003,6.860945237927077,11.112685672278127,15.95394484529937,18.796554293122032,21.859460543193237,24.795844981162222,26.40443388323997,26.308335023075426
0.0,0.8021604396822901,3.5279688388776003,6.860945237927077,11.112685672278127,15.95394484529937,18.796554293122032,21.859460543193237,24.795844981162222,26.40443388323997,26.308335023075426
0.0,0.8021604396822901,3.5279688388776003,6.860945237927077,11.112685672278127,15.95394484529937,18.796554293122032,21.859460543193237,24.795844981162222,26.40443388323997,26.308335023075426
0.0,0.8021604396822901,3.5279688388776003,6.749520986596737,11.112685672278127,15.95394484529937,18.796554293122032,21.859460543193237,24.795844981162222,26.37416281823159,26.40908162327637
0.0,0.8021604396822901,3.5279688388776003,6.860945237927077,11.112685672278127,15.95394484529937,18.796554293122032,21.859460543193237,24.795844981162222,26.37416281823159,26.40908162327637
0.0,0.8021604396822901,3.5279688388776003,6.749520986596737,11.112685672278127,15.95394484529937,18.796554293122032,21.859460543193237,24.795844981162222,26.37416281823159,26.40908162327637
0.0,0.8021604396822901,3.5279688388776003,6.749520986596737,11.112685672278127,15.95394484529937,18.796554293122032,21.859460543193237,24.795844981162222,26.37416281823159,26.40908162327637
0.0,0.8021604396822901,3.5279688388776003,6.749520986596737,11.112685672278127,15.95394484529937,18.796554293122032,21.859460543193237,24.795844981162222,26.37416281823159,26.40908162327637
0.0,0.8021604396822901,3.5279688388776003,6.749520986596737,11.112685672278127,15.95394484529937,18.796554293122032,21.859460543193237,24.795844981162222,26.37416281823159,26.40908162327637
0.0,0.8021604396822901,3.5279688388776003,6.749520986596737,11.112685672278127,15.95394484529937,18.796554293122032,21.859460543193237,24.795844981162222,26.37416281823159,26.40908162327637
0.0,0.8021604396822901,3.5279688388776003,6.749520986596737,11.112685672278127,15.95394484529937,18.796554293122032,21.859460543193237,24.795844981162222,26.37416281823159,26.40908162327637
0.0,0.8021604396822901,3.5279688388776003,6.749520986596737,11.112685672278127,15.95394484529937,18.796554293122032,21.859460543193237,24.795844981162222,26.37416281823159,26.40908162327637
0.0,0.8021604396822901,3.5279688388776003,6.749520986596737,11.112685672278127,15.95394484529937,18.796554293122032,21.859460543193237,24.795844981162222,26.37416281823159,26.40908162327637
0.0,0.8021604396822901,3.5279688388776003,6.749520986596737,11.112685672278127,15.95394484529937,18.796554293122032,21.859460543193237,24.795844981162222,26.37416281823159,26.40908162327637
0.0,0.8021604396822901,3.5279688388776003,6.860945237927077,11.112685672278127,15.95394484529937,18.796554293122032,21.859460543193237,24.795844981162222,26.37416281823159,26.40908162327637
0.0,0.8021604396822901,3.5279688388776003,6.860945237927077,11.112685672278127,15.95394484529937,18.796554293122032,21.859460543193237,24.795844981162222,26.37416281823159,26.40908162327637
0.0,0.8021604396822901,3.5279688388776003,6.860945237927077,11.112685672278127,15.95394484529937,18.796554293122032,21.859460543193237,24.795844981162222,26.37416281823159,26.40908162327637
0.0,0.8021604396822901,3.5279688388776003,6.749520986596737,11.112685672278127,15.95394484529937,18.796554293122032,21.859460543193237,24.795844981162222,26.37416281823159,26.40908162327637
0.0,0.8021604396822901,3.5279688388776003,6.749520986596737,11.112685672278127,15.95394484529937,18.796554293122032,21.859460543193237,24.795844981162222,26.37416281823159,26.40908162327637
0.0,0.8021604396822901,3.5279688388776003,6.860945237927077,11.112685672278127,15.95394484529937,18.64538123239536,21.859460543193237,24.795844981162222,26.37416281823159,26.40908162327637
0.0,0.8021604396822901,3.5279688388776003,6.860945237927077,11.112685672278127,15.95394484529937,18.64538123239536,21.859460543193237,24.795844981162222,26.37416281823159,26.40908162327637
0.0,0.8021604396822901,3.5279688388776003,6.749520986596737,11.112685672278127,15.95394484529937,18.64538123239536,21.859460543193237,24.795844981162222,26.37416281823159,26.40908162327637
0.0,0.8021604396822901,3.5279688388776003,6.749520986596737,11.112685672278127,15.95394484529937,18.64538123239536,21.859460543193237,24.795844981162222,26.37416281823159,26.40908162327637
0.0,0.8021604396822901,3.5279688388776003,6.860945237927077,11.112685672278127,15.95394484529937,18.64538123239536,21.604655030609013,24.724610011323175,26.37416281823159,26.40908162327637
0.0,0.8021604396822901,3.5279688388776003,6.860945237927077,11.112685672278127,15.95394484529937,18.64538123239536,21.604655030609013,24.724610011323175,26.37416281823159,26.40908162327637
0.0,0.8021604396822901,3.5279688388776003,6.860945237927077,11.112685672278127,15.95394484529937,18.64538123239536,21.604655030609013,24.724610011323175,26.37416281823159,26.40908162327637
0.0,0.8021604396822901,3.5279688388776003,6.749520986596737,11.112685672278127,15.95394484529937,18.64538123239536,21.604655030609013,24.724610011323175,26.37416281823159,26.40908162327637
0.0,0.8021604396822901,3.5279688388776003,6.860945237927077,11.112685672278127,15.95394484529937,18.64538123239536,21.604655030609013,24.724610011323175,26.37416281823159,26.40908162327637
0.0,0.8021604396822901,3.5279688388776003,6.749520986596737,11.112685672278127,15.95394484529937,18.64538123239536,21.604655030609013,24.724610011323175,26.37416281823159,26.40908162327637
0.0,0.8021604396822901,3.5279688388776003,6.860945237927077,11.112685672278127,15.95394484529937,18.64538123239536,21.604655030609013,24.724610011323175,26.37416281823159,26.40908162327637
0.0,0.8021604396822901,3.5279688388776003,6.749520986596737,11.112685672278127,15.95394484529937,18.64538123239536,21.604655030609013,24.724610011323175,26.37416281823159,26.40908162327637
0.0,0.8021604396822901,3.5279688388776003,6.860945237927077,11.112685672278127,15.95394484529937,18.64538123239536,21.604655030609013,24.724610011323175,26.37416281823159,26.40908162327637
0.0,0.8021604396822901,3.5279688388776003,6.749520986596737,11.112685672278127,15.95394484529937,18.64538123239536,21.604655030609013,24.724610011323175,26.37416281823159,26.40908162327637
0.0,0.8021604396822901,3.5279688388776003,6.860945237927077,11.112685672278127,15.95394484529937,18.64538123239536,21.604655030609013,24.724610011323175,26.37416281823159,26.40908162327637
0.0,0.8021604396822901,3.5279688388776003,6.860945237927077,11.112685672278127,15.95394484529937,18.64538123239536,21.604655030609013,24.724610011323175,26.37416281823159,26.40908162327637
0.0,0.8021604396822901,3.5279688388776003,6.749520986596737,11.112685672278127,15.95394484529937,18.64538123239536,21.604655030609013,24.724610011323175,26.37416281823159,26.40908162327637
0.0,0.8021604396822901,3.5279688388776003,6.749520986596737,11.112685672278127,15.95394484529937,18.64538123239536,21.604655030609013,24.724610011323175,26.37416281823159,26.40908162327637
0.0,0.8021604396822901,3.5279688388776003,6.860945237927077,11.112685672278127,15.95394484529937,18.64538123239536,21.604655030609013,24.724610011323175,26.37416281823159,26.40908162327637
0.0,0.8021604396822901,3.5279688388776003,6.860945237927077,11.112685672278127,15.95394484529937,18.64538123239536,21.604655030609013,24.724610011323175,26.37416281823159,26.40908162327637
0.0,0.8021604396822901,3.5279688388776003,6.749520986596737,11.112685672278127,15.95394484529937,18.64538123239536,21.604655030609013,24.724610011323175,26.37416281823159,26.40908162327637
0.0,0.8021604396822901,3.5279688388776003,6.749520986596737,11.112685672278127,15.95394484529937,18.64538123239536,21.604655030609013,24.724610011323175,26.37416281823159,26.40908162327637
0.0,0.8021604396822901,3.5279688388776003,6.860945237927077,11.112685672278127,15.95394484529937,18.64538123239536,21.604655030609013,24.724610011323175,26.37416281823159,26.40908162327637
0.0,0.8021604396822901,3.5279688388776003,6.860945237927077,11.112685672278127,15.95394484529937,18.64538123239536,21.604655030609013,24.724610011323175,26.37416281823159,26.40908162327637
0.0,0.8021604396822901,3.5279688388776003,6.860945237927077,11.112685672278127,15.818385760904155,18.546366143188365,21.67083216570257,24.733495396686905,26.37416281823159,26.40908162327637
0.0,0.8021604396822901,3.5279688388776003,6.860945237927077,11.112685672278127,15.818385760904155,18.546366143188365,21.67083216570257,24.733495396686905,26.37416281823159,26.40908162327637
0.0,0.8021604396822901,3.5279688388776003,6.860945237927077,11.112685672278127,15.818385760904155,18.546366143188365,21.67083216570257,24.733495396686905,26.37416281823159,26.40908162327637
0.0,0.8021604396822901,3.5279688388776003,6.860945237927077,11.112685672278127,15.818385760904155,18.546366143188365,21.67083216570257,24.733495396686905,26.37416281823159,26.40908162327637
0.0,0.8021604396822901,3.5279688388776003,6.749520986596737,11.112685672278127,15.818385760904155,18.546366143188365,21.67083216570257,24.733495396686905,26.37416281823159,26.40908162327637
0.0,0.8021604396822901,3.5279688388776003,6.749520986596737,11.112685672278127,15.818385760904155,18.546366143188365,21.67083216570257,24.733495396686905,26.37416281823159,26.40908162327637
0.0,0.8021604396822901,3.5279688388776003,6.749520986596737,11.112685672278127,15.818385760904155,18.546366143188365,21.67083216570257,24.733495396686905,26.37416281823159,26.40908162327637
0.0,0.8021604396822901,3.5279688388776003,6.749520986596737,11.112685672278127,15.818385760904155,18.546366143188365,21.67083216570257,24.733495396686905,26.37416281823159,26.40908162327637
0.0,0.8021604396822901,3.5279688388776003,6.749520986596737,11.112685672278127,15.818385760904155,18.546366143188365,21.67083216570257,24.733495396686905,26.37416281823159,26.40908162327637
0.0,0.8021604396822901,3.5279688388776003,6.749520986596737,11.112685672278127,15.818385760904155,18.546366143188365,21.67083216570257,24.733495396686905,26.37416281823159,26.40908162327637
0.0,0.8021604396822901,3.5279688388776003,6.860945237927077,11.112685672278127,15.818385760904155,18.546366143188365,21.67083216570257,24.733495396686905,26.37416281823159,26.40908162327637
0.0,0.8021604396822901,3.5279688388776003,6.749520986596737,11.112685672278127,15.818385760904155,18.546366143188365,21.67083216570257,24.733495396686905,26.37416281823159,26.40908162327637
0.0,0.8021604396822901,3.5279688388776003,6.860945237927077,11.112685672278127,15.818385760904155,18.546366143188365,21.67083216570257,24.733495396686905,26.37416281823159,26.40908162327637
0.0,0.8021604396822901,3.5279688388776003,6.860945237927077,11.112685672278127,15.818385760904155,18.546366143188365,21.67083216570257,24.733495396686905,26.37416281823159,26.40908162327637
0.0,0.8021604396822901,3.5279688388776003,6.860945237927077,11.112685672278127,15.818385760904155,18.546366143188365,21.67083216570257,24.733495396686905,26.37416281823159,26.40908162327637
0.0,0.8021604396822901,3.5279688388776003,6.749520986596737,11.112685672278127,15.818385760904155,18.546366143188365,21.67083216570257,24.733495396686905,26.37416281823159,26.40908162327637
0.0,0.8021604396822901,3.5279688388776003,6.749520986596737,11.112685672278127,15.818385760904155,18.546366143188365,21.67083216570257,24.733495396686905,26.37416281823159,26.40908162327637
0.0,0.8021604396822901,3.5279688388776003,6.860945237927077,11.112685672278127,15.818385760904155,18.546366143188365,21.67083216570257,24.733495396686905,26.37416281823159,26.40908162327637
0.0,0.8021604396822901,3.5279688388776003,6.860945237927077,11.112685672278127,15.818385760904155,18.546366143188365,21.67083216570257,24.733495396686905,26.37416281823159,26.40908162327637
0.0,0.8021604396822901,3.5279688388776003,6.860945237927077,11.112685672278127,15.818385760904155,18.546366143188365,21.67083216570257,24.733495396686905,26.37416281823159,26.40908162327637
0.0,0.8021604396822901,3.5279688388776003,6.749520986596737,11.112685672278127,15.818385760904155,18.546366143188365,21.67083216570257,24.733495396686905,26.37416281823159,26.40908162327637
0.0,0.8021604396822901,3.5279688388776003,6.749520986596737,11.112685672278127,15.818385760904155,18.546366143188365,21.67083216570257,24.733495396686905,26.37416281823159,26.40908162327637
0.0,0.8021604396822901,3.5279688388776003,6.749520986596737,11.112685672278127,15.818385760904155,18.546366143188365,21.67083216570257,24.733495396686905,26.37416281823159,26.40908162327637
0.0,0.8021604396822901,3.5279688388776003,6.860945237927077,11.112685672278127,15.818385760904155,18.546366143188365,21.67083216570257,24.733495396686905,26.37416281823159,26.40908162327637
0.0,0.8021604396822901,3.5279688388776003,6.860945237927077,11.112685672278127,15.818385760904155,18.546366143188365,21.67083216570257,24.733495396686905,26.37416281823159,26.40908162327637
0.0,0.8021604396822901,3.5279688388776003,6.749520986596737,11.112685672278127,15.818385760904155,18.546366143188365,21.67083216570257,24.733495396686905,26.37416281823159,26.40908162327637
0.0,0.8021604396822901,3.5279688388776003,6.749520986596737,11.112685672278127,15.818385760904155,18.546366143188365,21.67083216570257,24.733495396686905,26.37416281823159,26.40908162327637
0.0,0.8021604396822901,3.5279688388776003,6.749520986596737,11.112685672278127,15.818385760904155,18.546366143188365,21.67083216570257,24.733495396686905,26.37416281823159,26.40908162327637
0.0,0.8021604396822901,3.5279688388776003,6.749520986596737,11.112685672278127,15.818385760904155,18.546366143188365,21.67083216570257,24.733495396686905,26.37416281823159,26.40908162327637
0.0,0.8021604396822901,3.5279688388776003,6.749520986596737,11.112685672278127,15.818385760904155,18.546366143188365,21.67083216570257,24.733495396686905,26.37416281823159,26.40908162327637
0.0,0.8021604396822901,3.5279688388776003,6.860945237927077,11.112685672278127,15.818385760904155,18.546366143188365,21.67083216570257,24.733495396686905,26.37416281823159,26.40908162327637
0.0,0.8021604396822901,3.5279688388776003,6.749520986596737,11.112685672278127,15.818385760904155,18.546366143188365,21.67083216570257,24.733495396686905,26.37416281823159,26.40908162327637
0.0,0.8021604396822901,3.5279688388776003,6.860945237927077,11.112685672278127,15.818385760904155,18.546366143188365,21.67083216570257,24.733495396686905,26.37416281823159,26.40908162327637
0.0,0.8021604396822901,3.5279688388776003,6.860945237927077,11.112685672278127,15.818385760904155,18.546366143188365,21.67083216570257,24.733495396686905,26.37416281823159,26.40908162327637
0.0,0.8021604396822901,3.5279688388776003,6.860945237927077,11.112685672278127,15.818385760904155,18.546366143188365,21.67083216570257,24.733495396686905,26.37416281823159,26.40908162327637
0.0,0.8021604396822901,3.5279688388776003,6.860945237927077,11.112685672278127,15.818385760904155,18.546366143188365,21.67083216570257,24.733495396686905,26.37416281823159,26.40908162327637
0.0,0.8021604396822901,3.5279688388776003,6.749520986596737,11.112685672278127,15.818385760904155,18.546366143188365,21.67083216570257,24.733495396686905,26.37416281823159,26.40908162327637
0.0,0.8021604396822901,3.5279688388776003,6.749520986596737,11.112685672278127,15.818385760904155,18.546366143188365,21.67083216570257,24.733495396686905,26.37416281823159,26.40908162327637
0.0,0.8021604396822901,3.5279688388776003,6.749520986596737,11.112685672278127,15.818385760904155,18.546366143188365,21.67083216570257,24.733495396686905,26.37416281823159,26.40908162327637
0.0,0.8021604396822901,3.5279688388776003,6.860945237927077,11.112685672278127,15.818385760904155,18.546366143188365,21.67083216570257,24.733495396686905,26.37416281823159,26.40908162327637
0.0,0.8021604396822901,3.5279688388776003,6.860945237927077,11.112685672278127,15.818385760904155,18.546366143188365,21.67083216570257,24.733495396686905,26.37416281823159,26.40908162327637
0.0,0.8021604396822901,3.5279688388776003,6.860945237927077,11.112685672278127,15.818385760904155,18.546366143188365,21.67083216570257,24.733495396686905,26.37416281823159,26.40908162327637
0.0,0.8021604396822901,3.5279688388776003,6.860945237927077,11.112685672278127,15.818385760904155,18.546366143188365,21.67083216570257,24.733495396686905,26.37416281823159,26.40908162327637
0.0,0.8021604396822901,3.5279688388776003,6.860945237927077,11.112685672278127,15.818385760904155,18.546366143188365,21.67083216570257,24.733495396686905,26.37416281823159,26.40908162327637
0.0,0.8021604396822901,3.5279688388776003,6.749520986596737,11.112685672278127,15.818385760904155,18.546366143188365,21.67083216570257,24.733495396686905,26.37416281823159,26.40908162327637
0.0,0.8021604396822901,3.5279688388776003,6.749520986596737,11.112685672278127,15.818385760904155,18.546366143188365,21.67083216570257,24.733495396686905,26.312694177946188,26.40908162327637
0.0,0.8021604396822901,3.5279688388776003,6.860945237927077,11.112685672278127,15.818385760904155,18.546366143188365,21.67083216570257,24.733495396686905,26.312694177946188,26.40908162327637
0.0,0.8021604396822901,3.5279688388776003,6.860945237927077,11.112685672278127,15.818385760904155,18.546366143188365,21.67083216570257,24.733495396686905,26.312694177946188,26.40908162327637
0.0,0.8021604396822901,3.5279688388776003,6.860945237927077,11.112685672278127,15.818385760904155,18.546366143188365,21.67083216570257,24.733495396686905,26.312694177946188,26.40908162327637
0.0,0.8021604396822901,3.5279688388776003,6.749520986596737,11.112685672278127,15.818385760904155,18.546366143188365,21.67083216570257,24.733495396686905,26.312694177946188,26.40908162327637
0.0,0.8021604396822901,3.5279688388776003,6.749520986596737,11.112685672278127,15.818385760904155,18.546366143188365,21.67083216570257,24.733495396686905,26.312694177946188,26.40908162327637
0.0,0.8021604396822901,3.5279688388776003,6.860945237927077,11.112685672278127,15.818385760904155,18.546366143188365,21.67083216570257,24.733495396686905,26.312694177946188,26.40908162327637
0.0,0.8021604396822901,3.5279688388776003,6.860945237927077,11.112685672278127,15.818385760904155,18.32572000100247,21.539024688460934,24.688339412607675,26.312694177946188,26.40908162327637
0.0,0.8021604396822901,3.5279688388776003,6.860945237927077,11.112685672278127,15.818385760904155,18.32572000100247,21.539024688460934,24.688339412607675,26.312694177946188,26.40908162327637
0.0,0.8021604396822901,3.5279688388776003,6.749520986596737,11.112685672278127,15.818385760904155,18.32572000100247,21.539024688460934,24.688339412607675,26.312694177946188,26.40908162327637
0.0,0.8021604396822901,3.5279688388776003,6.749520986596737,11.112685672278127,15.818385760904155,18.32572000100247,21.539024688460934,24.688339412607675,26.312694177946188,26.40908162327637
0.0,0.8021604396822901,3.5279688388776003,6.749520986596737,11.112685672278127,15.818385760904155,18.32572000100247,21.539024688460934,24.688339412607675,26.312694177946188,26.40908162327637
0.0,0.8021604396822901,3.5279688388776003,6.749520986596737,11.112685672278127,15.818385760904155,18.32572000100247,21.539024688460934,24.688339412607675,26.312694177946188,26.40908162327637
0.0,0.8021604396822901,3.5279688388776003,6.749520986596737,11.112685672278127,15.818385760904155,18.32572000100247,21.539024688460934,24.688339412607675,26.312694177946188,26.40908162327637
0.0,0.8021604396822901,3.5279688388776003,6.749520986596737,11.112685672278127,15.818385760904155,18.32572000100247,21.539024688460934,24.688339412607675,26.312694177946188,26.40908162327637
0.0,0.8021604396822901,3.5279688388776003,6.749520986596737,11.112685672278127,15.818385760904155,18.32572000100247,21.539024688460934,24.688339412607675,26.312694177946188,26.40908162327637
0.0,0.8021604396822901,3.5279688388776003,6.860945237927077,11.112685672278127,15.818385760904155,18.32572000100247,21.539024688460934,24.688339412607675,26.312694177946188,26.40908162327637
0.0,0.8021604396822901,3.5279688388776003,6.749520986596737,11.112685672278127,15.818385760904155,18.32572000100247,21.539024688460934,24.688339412607675,26.312694177946188,26.40908162327637
0.0,0.8021604396822901,3.5279688388776003,6.749520986596737,11.112685672278127,15.818385760904155,18.32572000100247,21.249680088155184,24.6232862407909,26.17386952457113,26.381924240318533
0.0,0.8021604396822901,3.5279688388776003,6.749520986596737,11.112685672278127,15.818385760904155,18.32572000100247,21.249680088155184,24.6232862407909,26.17386952457113,26.381924240318533
0.0,0.8021604396822901,3.5279688388776003,6.860945237927077,11.112685672278127,15.818385760904155,18.32572000100247,21.249680088155184,24.65670136523566,26.17386952457113,26.381924240318533
0.0,0.8021604396822901,3.5279688388776003,6.749520986596737,11.112685672278127,15.818385760904155,18.32572000100247,21.249680088155184,24.6232862407909,26.17386952457113,26.381924240318533
0.0,0.8021604396822901,3.5279688388776003,6.749520986596737,11.112685672278127,15.818385760904155,18.32572000100247,21.249680088155184,24.65670136523566,26.17386952457113,26.381924240318533
0.0,0.8021604396822901,3.5279688388776003,6.860945237927077,11.112685672278127,15.818385760904155,18.32572000100247,21.249680088155184,24.6232862407909,26.17386952457113,26.381924240318533
0.0,0.8021604396822901,3.5279688388776003,6.860945237927077,11.112685672278127,15.818385760904155,18.32572000100247,21.249680088155184,24.65670136523566,26.17386952457113,26.381924240318533
0.0,0.8021604396822901,3.5279688388776003,6.860945237927077,11.112685672278127,15.818385760904155,18.32572000100247,21.249680088155184,24.6232862407909,26.17386952457113,26.381924240318533
0.0,0.8021604396822901,3.5279688388776003,6.860945237927077,11.112685672278127,15.818385760904155,18.32572000100247,21.249680088155184,24.6232862407909,26.17386952457113,26.381924240318533
0.0,0.8021604396822901,3.5279688388776003,6.749520986596737,11.112685672278127,15.818385760904155,18.32572000100247,21.249680088155184,24.6232862407909,26.17386952457113,26.381924240318533
0.0,0.8021604396822901,3.5279688388776003,6.860945237927077,11.112685672278127,15.818385760904155,18.32572000100247,21.249680088155184,24.65670136523566,26.17386952457113,26.479845743634606
0.0,0.8021604396822901,3.5279688388776003,6.749520986596737,11.112685672278127,15.818385760904155,18.32572000100247,21.249680088155184,24.6232862407909,26.17386952457113,26.479845743634606
0.0,0.8021604396822901,3.5279688388776003,6.749520986596737,11.112685672278127,15.862265894777295,18.3054127185558,21.249680088155184,24.65670136523566,26.214939750252338,26.479845743634606
0.0,0.8021604396822901,3.5279688388776003,6.860945237927077,11.112685672278127,15.862265894777295,18.3054127185558,21.249680088155184,24.65670136523566,26.214939750252338,26.479845743634606
0.0,0.8021604396822901,3.5279688388776003,6.749520986596737,11.112685672278127,15.862265894777295,18.3054127185558,21.249680088155184,24.65670136523566,26.214939750252338,26.479845743634606
0.0,0.8021604396822901,3.5279688388776003,6.749520986596737,11.112685672278127,15.862265894777295,18.3054127185558,21.249680088155184,24.65670136523566,26.214939750252338,26.479845743634606
0.0,0.8021604396822901,3.5279688388776003,6.860945237927077,11.112685672278127,15.862265894777295,18.3054127185558,21.249680088155184,24.65670136523566,26.214939750252338,26.479845743634606
0.0,0.8021604396822901,3.5279688388776003,6.749520986596737,11.112685672278127,15.862265894777295,18.3054127185558,21.249680088155184,24.6232862407909,26.214939750252338,26.479845743634606
0.0,0.8021604396822901,3.5279688388776003,6.860945237927077,11.112685672278127,15.862265894777295,18.3054127185558,21.249680088155184,24.65670136523566,26.214939750252338,26.479845743634606
0.0,0.8021604396822901,3.5279688388776003,6.860945237927077,11.112685672278127,15.862265894777295,18.3054127185558,21.249680088155184,24.6232862407909,26.214939750252338,26.479845743634606
0.0,0.8021604396822901,3.5279688388776003,6.860945237927077,11.112685672278127,15.862265894777295,18.3054127185558,21.249680088155184,24.65670136523566,26.214939750252338,26.479845743634606
0.0,0.8021604396822901,3.5279688388776003,6.860945237927077,11.112685672278127,15.862265894777295,18.3054127185558,21.249680088155184,24.65670136523566,26.214939750252338,26.479845743634606
0.0,0.8021604396822901,3.5279688388776003,6.749520986596737,11.112685672278127,15.862265894777295,18.3054127185558,21.249680088155184,24.6232862407909,26.214939750252338,26.479845743634606
0.0,0.8021604396822901,3.5279688388776003,6.860945237927077,11.112685672278127,15.862265894777295,18.3054127185558,21.249680088155184,24.6232862407909,26.214939750252338,26.479845743634606
0.0,0.8021604396822901,3.5279688388776003,6.860945237927077,11.112685672278127,15.862265894777295,18.3054127185558,21.249680088155184,24.6232862407909,26.214939750252338,26.479845743634606
0.0,0.8021604396822901,3.5279688388776003,6.860945237927077,11.112685672278127,15.862265894777295,18.3054127185558,21.249680088155184,24.65670136523566,26.214939750252338,26.479845743634606
0.0,0.8021604396822901,3.5279688388776003,6.749520986596737,11.112685672278127,15.66696968109061,18.3054127185558,21.249680088155184,24.6232862407909,26.214939750252338,26.479845743634606
0.0,0.8021604396822901,3.5279688388776003,6.749520986596737,11.112685672278127,15.66696968109061,18.3054127185558,21.249680088155184,24.6232862407909,26.214939750252338,26.479845743634606
0.0,0.8021604396822901,3.5279688388776003,6.749520986596737,11.112685672278127,15.66696968109061,18.3054127185558,21.249680088155184,24.65670136523566,26.214939750252338,26.479845743634606
0.0,0.8021604396822901,3.5279688388776003,6.860945237927077,11.112685672278127,15.66696968109061,18.3054127185558,21.249680088155184,24.6232862407909,26.214939750252338,26.479845743634606
0.0,0.8021604396822901,3.5279688388776003,6.749520986596737,11.112685672278127,15.66696968109061,18.3054127185558,21.249680088155184,24.65670136523566,26.214939750252338,26.479845743634606
0.0,0.8021604396822901,3.5279688388776003,6.860945237927077,11.112685672278127,15.66696968109061,18.3054127185558,21.249680088155184,24.65670136523566,26.214939750252338,26.479845743634606
0.0,0.8021604396822901,3.5279688388776003,6.749520986596737,11.112685672278127,15.66696968109061,18.3054127185558,21.249680088155184,24.6232862407909,26.214939750252338,26.479845743634606
0.0,0.8021604396822901,3.5279688388776003,6.860945237927077,11.112685672278127,15.66696968109061,18.3054127185558,21.249680088155184,24.65670136523566,26.214939750252338,26.479845743634606
0.0,0.8021604396822901,3.5279688388776003,6.860945237927077,11.112685672278127,15.66696968109061,18.3054127185558,21.249680088155184,24.6232862407909,26.214939750252338,26.479845743634606
0.0,0.8021604396822901,3.5279688388776003,6.749520986596737,11.112685672278127,15.66696968109061,18.3054127185558,21.249680088155184,24.65670136523566,26.214939750252338,26.479845743634606
0.0,0.8021604396822901,3.5279688388776003,6.749520986596737,11.112685672278127,15.66696968109061,18.3054127185558,21.249680088155184,24.6232862407909,26.214939750252338,26.479845743634606
0.0,0.8021604396822901,3.5279688388776003,6.860945237927077,11.112685672278127,15.66696968109061,18.3054127185558,21.249680088155184,24.65670136523566,26.214939750252338,26.479845743634606
0.0,0.8021604396822901,3.5279688388776003,6.860945237927077,11.112685672278127,15.66696968109061,18.3054127185558,21.249680088155184,24.65670136523566,26.214939750252338,26.479845743634606
0.0,0.8021604396822901,3.5279688388776003,6.749520986596737,11.112685672278127,15.66696968109061,18.3054127185558,21.249680088155184,24.65670136523566,26.214939750252338,26.479845743634606
0.0,0.8021604396822901,3.5279688388776003,6.860945237927077,11.112685672278127,15.66696968109061,18.3054127185558,21.249680088155184,24.6232862407909,26.214939750252338,26.479845743634606
0.0,0.8021604396822901,3.5279688388776003,6.749520986596737,11.112685672278127,15.66696968109061,18.3054127185558,21.249680088155184,24.65670136523566,26.214939750252338,26.479845743634606
0.0,0.8021604396822901,3.5279688388776003,6.860945237927077,11.112685672278127,15.66696968109061,18.3054127185558,21.249680088155184,24.6232862407909,26.214939750252338,26.479845743634606
0.0,0.8021604396822901,3.5279688388776003,6.749520986596737,11.112685672278127,15.66696968109061,18.3054127185558,21.249680088155184,24.6232862407909,26.214939750252338,26.479845743634606
0.0,0.8021604396822901,3.5279688388776003,6.749520986596737,11.112685672278127,15.66696968109061,18.3054127185558,21.249680088155184,24.6232862407909,26.214939750252338,26.479845743634606
0.0,0.8021604396822901,3.5279688388776003,6.860945237927077,11.112685672278127,15.66696968109061,18.3054127185558,21.249680088155184,24.6232862407909,26.214939750252338,26.479845743634606
0.0,0.8021604396822901,3.5279688388776003,6.749520986596737,11.112685672278127,15.66696968109061,18.3054127185558,21.210569203861887,24.6232862407909,26.214939750252338,26.479845743634606
0.0,0.8021604396822901,3.5279688388776003,6.860945237927077,11.112685672278127,15.66696968109061,18.3054127185558,21.210569203861887,24.65670136523566,26.214939750252338,26.479845743634606
0.0,0.8021604396822901,3.5279688388776003,6.749520986596737,11.112685672278127,15.66696968109061,18.3054127185558,21.210569203861887,24.65670136523566,26.214939750252338,26.479845743634606
0.0,0.8021604396822901,3.5279688388776003,6.749520986596737,11.112685672278127,15.66696968109061,18.3054127185558,21.210569203861887,24.6232862407909,26.214939750252338,26.479845743634606
0.0,0.8021604396822901,3.5279688388776003,6.749520986596737,11.112685672278127,15.66696968109061,18.3054127185558,21.210569203861887,24.65670136523566,26.214939750252338,26.479845743634606
0.0,0.8021604396822901,3.5279688388776003,6.860945237927077,10.923464935763215,15.66696968109061,18.3054127185558,21.210569203861887,24.6232862407909,26.214939750252338,26.479845743634606
0.0,0.8021604396822901,3.5279688388776003,6.860945237927077,10.923464935763215,15.66696968109061,18.3054127185558,21.210569203861887,24.65670136523566,26.214939750252338,26.479845743634606
0.0,0.8021604396822901,3.5279688388776003,6.860945237927077,10.923464935763215,15.66696968109061,18.3054127185558,21.210569203861887,24.6232862407909,26.214939750252338,26.479845743634606
0.0,0.8021604396822901,3.5279688388776003,6.749520986596737,10.923464935763215,15.66696968109061,18.3054127185558,21.210569203861887,24.6232862407909,26.214939750252338,26.479845743634606
0.0,0.8021604396822901,3.5279688388776003,6.749520986596737,10.923464935763215,15.66696968109061,18.3054127185558,21.210569203861887,24.65670136523566,26.214939750252338,26.479845743634606
0.0,0.8021604396822901,3.5279688388776003,6.749520986596737,10.923464935763215,15.66696968109061,18.3054127185558,21.210569203861887,24.65670136523566,26.214939750252338,26.479845743634606
0.0,0.8021604396822901,3.5279688388776003,6.749520986596737,10.923464935763215,15.66696968109061,18.3054127185558,21.210569203861887,24.65670136523566,26.214939750252338,26.479845743634606
0.0,0.8021604396822901,3.5279688388776003,6.749520986596737,10.923464935763215,15.66696968109061,18.3054127185558,21.210569203861887,24.65670136523566,26.214939750252338,26.479845743634606
0.0,0.8021604396822901,3.5279688388776003,6.749520986596737,10.923464935763215,15.66696968109061,18.3054127185558,21.210569203861887,24.65670136523566,26.214939750252338,26.479845743634606
0.0,0.8021604396822901,3.5279688388776003,6.749520986596737,10.923464935763215,15.66696968109061,18.3054127185558,21.210569203861887,24.6232862407909,26.214939750252338,26.479845743634606
0.0,0.8021604396822901,3.5279688388776003,6.749520986596737,10.923464935763215,15.66696968109061,18.3054127185558,21.210569203861887,24.6232862407909,26.214939750252338,26.479845743634606
0.0,0.8021604396822901,3.5279688388776003,6.860945237927077,10.923464935763215,15.66696968109061,18.3054127185558,21.210569203861887,24.6232862407909,26.214939750252338,26.479845743634606
0.0,0.8021604396822901,3.5279688388776003,6.860945237927077,10.923464935763215,15.66696968109061,18.3054127185558,21.210569203861887,24.65670136523566,26.214939750252338,26.479845743634606
0.0,0.8021604396822901,3.5279688388776003,6.860945237927077,10.923464935763215,15.66696968109061,18.3054127185558,21.210569203861887,24.6232862407909,26.214939750252338,26.479845743634606
0.0,0.8021604396822901,3.5279688388776003,6.860945237927077,10.923464935763215,15.66696968109061,18.3054127185558,21.210569203861887,24.65670136523566,26.214939750252338,26.479845743634606
0.0,0.8021604396822901,3.5279688388776003,6.860945237927077,10.923464935763215,15.66696968109061,18.3054127185558,21.210569203861887,24.6232862407909,26.214939750252338,26.479845743634606
0.0,0.8021604396822901,3.5279688388776003,6.749520986596737,10.923464935763215,15.66696968109061,18.3054127185558,21.210569203861887,24.6232862407909,26.214939750252338,26.479845743634606
0.0,0.8021604396822901,3.5279688388776003,6.860945237927077,10.923464935763215,15.66696968109061,18.3054127185558,21.210569203861887,24.65670136523566,26.214939750252338,26.479845743634606
0.0,0.8021604396822901,3.5279688388776003,6.860945237927077,10.923464935763215,15.66696968109061,18.3054127185558,21.210569203861887,24.65670136523566,26.214939750252338,26.479845743634606
0.0,0.8021604396822901,3.5279688388776003,6.860945237927077,10.923464935763215,15.66696968109061,18.3054127185558,21.210569203861887,24.65670136523566,26.214939750252338,26.479845743634606
0.0,0.8021604396822901,3.5279688388776003,6.749520986596737,10.923464935763215,15.66696968109061,18.3054127185558,21.210569203861887,24.6232862407909,26.214939750252338,26.479845743634606
0.0,0.8021604396822901,3.5279688388776003,6.860945237927077,10.923464935763215,15.66696968109061,18.3054127185558,21.210569203861887,24.6232862407909,26.214939750252338,26.479845743634606
0.0,0.8021604396822901,3.5279688388776003,6.860945237927077,10.923464935763215,15.66696968109061,18.3054127185558,21.210569203861887,24.65670136523566,26.214939750252338,26.479845743634606
0.0,0.8021604396822901,3.5279688388776003,6.860945237927077,10.923464935763215,15.66696968109061,18.3054127185558,21.210569203861887,24.65670136523566,26.214939750252338,26.479845743634606
0.0,0.8021604396822901,3.5279688388776003,6.749520986596737,10.923464935763215,15.66696968109061,18.3054127185558,21.210569203861887,24.6232862407909,26.214939750252338,26.479845743634606
0.0,0.8021604396822901,3.5279688388776003,6.749520986596737,10.923464935763215,15.66696968109061,18.3054127185558,21.210569203861887,24.6232862407909,26.214939750252338,26.479845743634606
0.0,0.8021604396822901,3.5279688388776003,6.860945237927077,10.923464935763215,15.66696968109061,18.3054127185558,21.210569203861887,24.65670136523566,26.214939750252338,26.479845743634606
0.0,0.8021604396822901,3.5279688388776003,6.860945237927077,10.923464935763215,15.66696968109061,18.3054127185558,21.210569203861887,24.65670136523566,26.214939750252338,26.479845743634606
0.0,0.8021604396822901,3.5279688388776003,6.860945237927077,10.923464935763215,15.66696968109061,18.3054127185558,21.210569203861887,24.65670136523566,26.214939750252338,26.479845743634606
0.0,0.8021604396822901,3.5279688388776003,6.749520986596737,10.923464935763215,15.66696968109061,18.3054127185558,21.210569203861887,24.6232862407909,26.214939750252338,26.479845743634606
0.0,0.8021604396822901,3.5279688388776003,6.749520986596737,10.923464935763215,15.66696968109061,18.3054127185558,21.210569203861887,24.6232862407909,26.214939750252338,26.479845743634606
0.0,0.8021604396822901,3.5279688388776003,6.749520986596737,10.923464935763215,15.66696968109061,18.3054127185558,21.210569203861887,24.65670136523566,26.214939750252338,26.479845743634606
0.0,0.8021604396822901,3.5279688388776003,6.749520986596737,10.923464935763215,15.66696968109061,18.3054127185558,21.210569203861887,24.65670136523566,26.214939750252338,26.479845743634606
0.0,0.8021604396822901,3.5279688388776003,6.860945237927077,10.923464935763215,15.66696968109061,18.3054127185558,21.210569203861887,24.6232862407909,26.214939750252338,26.479845743634606
0.0,0.8021604396822901,3.5279688388776003,6.860945237927077,10.923464935763215,15.66696968109061,18.3054127185558,21.210569203861887,24.6232862407909,26.214939750252338,26.479845743634606
0.0,0.8021604396822901,3.5279688388776003,6.860945237927077,10.923464935763215,15.66696968109061,18.3054127185558,21.210569203861887,24.65670136523566,26.214939750252338,26.479845743634606
0.0,0.8021604396822901,3.5279688388776003,6.860945237927077,10.923464935763215,15.66696968109061,18.3054127185558,21.210569203861887,24.6232862407909,26.214939750252338,26.479845743634606
0.0,0.8021604396822901,3.5279688388776003,6.749520986596737,10.923464935763215,15.66696968109061,18.3054127185558,21.210569203861887,24.6232862407909,26.214939750252338,26.479845743634606
0.0,0.8021604396822901,3.5279688388776003,6.860945237927077,10.923464935763215,15.66696968109061,18.3054127185558,21.210569203861887,24.65670136523566,26.214939750252338,26.479845743634606
0.0,0.8021604396822901,3.5279688388776003,6.749520986596737,10.923464935763215,15.66696968109061,18.3054127185558,21.210569203861887,24.6232862407909,26.214939750252338,26.479845743634606
0.0,0.8021604396822901,3.5279688388776003,6.749520986596737,10.923464935763215,15.66696968109061,18.295524879458743,21.210569203861887,24.6232862407909,26.214939750252338,26.479845743634606
0.0,0.8021604396822901,3.5279688388776003,6.860945237927077,10.923464935763215,15.66696968109061,18.295524879458743,21.210569203861887,24.65670136523566,26.214939750252338,26.479845743634606
0.0,0.8021604396822901,3.5279688388776003,6.749520986596737,10.923464935763215,15.66696968109061,18.295524879458743,21.210569203861887,24.6232862407909,26.214939750252338,26.479845743634606
0.0,0.8021604396822901,3.5279688388776003,6.860945237927077,10.923464935763215,15.66696968109061,18.295524879458743,21.210569203861887,24.6232862407909,26.214939750252338,26.479845743634606
0.0,0.8021604396822901,3.5279688388776003,6.749520986596737,10.923464935763215,15.66696968109061,18.295524879458743,21.210569203861887,24.6232862407909,26.214939750252338,26.479845743634606
0.0,0.8021604396822901,3.5279688388776003,6.749520986596737,10.923464935763215,15.66696968109061,18.295524879458743,21.210569203861887,24.6232862407909,26.214939750252338,26.479845743634606
0.0,0.8021604396822901,3.5279688388776003,6.749520986596737,10.923464935763215,15.66696968109061,18.295524879458743,21.210569203861887,24.6232862407909,26.214939750252338,26.479845743634606
0.0,0.8021604396822901,3.5279688388776003,6.860945237927077,10.923464935763215,15.66696968109061,18.295524879458743,21.210569203861887,24.65670136523566,26.214939750252338,26.479845743634606
0.0,0.8021604396822901,3.5279688388776003,6.860945237927077,10.923464935763215,15.66696968109061,18.295524879458743,21.210569203861887,24.6232862407909,26.214939750252338,26.479845743634606
0.0,0.8021604396822901,3.5279688388776003,6.749520986596737,10.923464935763215,15.66696968109061,18.295524879458743,21.210569203861887,24.6232862407909,26.214939750252338,26.479845743634606
0.0,0.8021604396822901,3.5279688388776003,6.749520986596737,10.923464935763215,15.66696968109061,18.295524879458743,21.210569203861887,24.65670136523566,26.214939750252338,26.479845743634606
0.0,0.8021604396822901,3.5279688388776003,6.860945237927077,10.923464935763215,15.66696968109061,18.295524879458743,21.210569203861887,24.65670136523566,26.214939750252338,26.479845743634606
0.0,0.8021604396822901,3.5279688388776003,6.860945237927077,10.923464935763215,15.66696968109061,18.295524879458743,21.210569203861887,24.6232862407909,26.214939750252338,26.479845743634606
0.0,0.8021604396822901,3.5279688388776003,6.749520986596737,10.923464935763215,15.66696968109061,18.295524879458743,21.210569203861887,24.6232862407909,26.214939750252338,26.479845743634606
0.0,0.8021604396822901,3.5279688388776003,6.860945237927077,10.923464935763215,15.66696968109061,18.295524879458743,21.210569203861887,24.65670136523566,26.214939750252338,26.479845743634606
0.0,0.8021604396822901,3.5279688388776003,6.749520986596737,10.923464935763215,15.66696968109061,18.295524879458743,21.210569203861887,24.6232862407909,26.214939750252338,26.479845743634606
0.0,0.8021604396822901,3.5279688388776003,6.749520986596737,10.923464935763215,15.66696968109061,18.295524879458743,21.210569203861887,24.65670136523566,26.214939750252338,26.479845743634606
0.0,0.8021604396822901,3.5279688388776003,6.860945237927077,10.923464935763215,15.66696968109061,18.295524879458743,21.210569203861887,24.6232862407909,26.214939750252338,26.479845743634606
0.0,0.8021604396822901,3.5279688388776003,6.749520986596737,10.923464935763215,15.66696968109061,18.295524879458743,21.210569203861887,24.6232862407909,26.214939750252338,26.479845743634606
0.0,0.8021604396822901,3.5279688388776003,6.860945237927077,10.923464935763215,15.66696968109061,18.295524879458743,21.210569203861887,24.6232862407909,26.214939750252338,26.479845743634606
0.0,0.8021604396822901,3.5279688388776003,6.860945237927077,10.923464935763215,15.66696968109061,18.295524879458743,21.210569203861887,24.6232862407909,26.214939750252338,26.479845743634606
0.0,0.8021604396822901,3.5279688388776003,6.860945237927077,10.923464935763215,15.66696968109061,18.295524879458743,21.210569203861887,24.6232862407909,26.214939750252338,26.479845743634606
0.0,0.8021604396822901,3.5279688388776003,6.860945237927077,10.923464935763215,15.66696968109061,18.295524879458743,21.210569203861887,24.65670136523566,26.214939750252338,26.479845743634606
0.0,0.8021604396822901,3.5279688388776003,6.749520986596737,10.923464935763215,15.66696968109061,18.295524879458743,21.210569203861887,24.6232862407909,26.214939750252338,26.407805773070304
0.0,0.8021604396822901,3.5279688388776003,6.749520986596737,10.923464935763215,15.66696968109061,18.295524879458743,21.210569203861887,24.6232862407909,26.214939750252338,26.407805773070304
0.0,0.8021604396822901,3.5279688388776003,6.749520986596737,10.923464935763215,15.66696968109061,18.295524879458743,21.210569203861887,24.65670136523566,26.214939750252338,26.407805773070304
0.0,0.8021604396822901,3.5279688388776003,6.749520986596737,10.923464935763215,15.66696968109061,18.295524879458743,21.210569203861887,24.6232862407909,26.214939750252338,26.407805773070304
0.0,0.8021604396822901,3.5279688388776003,6.860945237927077,10.923464935763215,15.66696968109061,18.295524879458743,21.210569203861887,24.6232862407909,26.214939750252338,26.407805773070304
0.0,0.8021604396822901,3.5279688388776003,6.860945237927077,10.923464935763215,15.66696968109061,18.295524879458743,21.210569203861887,24.6232862407909,26.214939750252338,26.407805773070304
0.0,0.8021604396822901,3.5279688388776003,6.860945237927077,10.923464935763215,15.66696968109061,18.295524879458743,21.210569203861887,24.65670136523566,26.214939750252338,26.407805773070304
0.0,0.8021604396822901,3.5279688388776003,6.860945237927077,10.923464935763215,15.66696968109061,18.295524879458743,21.210569203861887,24.6232862407909,26.214939750252338,26.407805773070304
0.0,0.8021604396822901,3.5279688388776003,6.860945237927077,10.923464935763215,15.66696968109061,18.295524879458743,21.210569203861887,24.6232862407909,26.214939750252338,26.407805773070304
0.0,0.8021604396822901,3.5279688388776003,6.749520986596737,10.923464935763215,15.66696968109061,18.295524879458743,21.210569203861887,24.65670136523566,26.214939750252338,26.407805773070304
0.0,0.8021604396822901,3.5279688388776003,6.749520986596737,10.923464935763215,15.66696968109061,18.295524879458743,21.210569203861887,24.65670136523566,26.214939750252338,26.407805773070304
0.0,0.8021604396822901,3.5279688388776003,6.749520986596737,10.923464935763215,15.66696968109061,18.295524879458743,21.210569203861887,24.6232862407909,26.214939750252338,26.407805773070304
0.0,0.8021604396822901,3.5279688388776003,6.749520986596737,10.923464935763215,15.66696968109061,18.295524879458743,21.210569203861887,24.6232862407909,26.214939750252338,26.407805773070304
0.0,0.8021604396822901,3.5279688388776003,6.860945237927077,10.923464935763215,15.66696968109061,18.295524879458743,21.210569203861887,24.65670136523566,26.214939750252338,26.407805773070304
0.0,0.8021604396822901,3.5279688388776003,6.860945237927077,10.923464935763215,15.66696968109061,18.295524879458743,21.210569203861887,24.65670136523566,26.214939750252338,26.407805773070304
0.0,0.8021604396822901,3.5279688388776003,6.860945237927077,10.923464935763215,15.66696968109061,18.295524879458743,21.210569203861887,24.65670136523566,26.214939750252338,26.407805773070304
0.0,0.8021604396822901,3.5279688388776003,6.860945237927077,10.923464935763215,15.66696968109061,18.295524879458743,21.210569203861887,24.65670136523566,26.214939750252338,26.407805773070304
0.0,0.8021604396822901,3.5279688388776003,6.749520986596737,10.923464935763215,15.66696968109061,18.295524879458743,21.210569203861887,24.6232862407909,26.214939750252338,26.407805773070304
0.0,0.8021604396822901,3.5279688388776003,6.749520986596737,10.923464935763215,15.66696968109061,18.295524879458743,21.210569203861887,24.65670136523566,26.214939750252338,26.407805773070304
0.0,0.8021604396822901,3.5279688388776003,6.860945237927077,10.923464935763215,15.66696968109061,18.144245497881556,21.210569203861887,24.6232862407909,26.214939750252338,26.407805773070304
0.0,0.8021604396822901,3.5279688388776003,6.749520986596737,10.923464935763215,15.66696968109061,18.144245497881556,21.210569203861887,24.6232862407909,26.214939750252338,26.407805773070304
0.0,0.8021604396822901,3.5279688388776003,6.749520986596737,10.923464935763215,15.66696968109061,18.144245497881556,21.210569203861887,24.6232862407909,26.214939750252338,26.407805773070304
0.0,0.8021604396822901,3.5279688388776003,6.749520986596737,10.923464935763215,15.66696968109061,18.144245497881556,21.210569203861887,24.6232862407909,26.214939750252338,26.407805773070304
0.0,0.8021604396822901,3.5279688388776003,6.860945237927077,10.923464935763215,15.66696968109061,18.144245497881556,21.210569203861887,24.65670136523566,26.214939750252338,26.407805773070304
0.0,0.8021604396822901,3.5279688388776003,6.860945237927077,10.923464935763215,15.66696968109061,18.144245497881556,21.210569203861887,24.6232862407909,26.214939750252338,26.407805773070304
0.0,0.8021604396822901,3.5279688388776003,6.860945237927077,10.923464935763215,15.66696968109061,18.144245497881556,21.210569203861887,24.65670136523566,26.214939750252338,26.407805773070304
0.0,0.8021604396822901,3.5279688388776003,6.749520986596737,10.923464935763215,15.66696968109061,18.144245497881556,21.210569203861887,24.6232862407909,26.214939750252338,26.407805773070304
0.0,0.8021604396822901,3.5279688388776003,6.749520986596737,10.923464935763215,15.66696968109061,18.144245497881556,21.210569203861887,24.6232862407909,26.214939750252338,26.407805773070304
0.0,0.8021604396822901,3.5279688388776003,6.749520986596737,10.923464935763215,15.66696968109061,18.144245497881556,21.210569203861887,24.6232862407909,26.214939750252338,26.407805773070304
0.0,0.8021604396822901,3.5279688388776003,6.749520986596737,10.923464935763215,15.66696968109061,18.144245497881556,21.210569203861887,24.65670136523566,26.214939750252338,26.407805773070304
0.0,0.8021604396822901,3.5279688388776003,6.749520986596737,10.923464935763215,15.66696968109061,18.144245497881556,21.210569203861887,24.6232862407909,26.214939750252338,26.407805773070304
0.0,0.8021604396822901,3.5279688388776003,6.860945237927077,10.923464935763215,15.66696968109061,18.144245497881556,21.210569203861887,24.65670136523566,26.214939750252338,26.407805773070304
0.0,0.8021604396822901,3.5279688388776003,6.749520986596737,10.923464935763215,15.66696968109061,18.144245497881556,21.210569203861887,24.65670136523566,26.214939750252338,26.407805773070304
0.0,0.8021604396822901,3.5279688388776003,6.749520986596737,10.923464935763215,15.66696968109061,18.144245497881556,21.210569203861887,24.65670136523566,26.214939750252338,26.407805773070304
0.0,0.8021604396822901,3.5279688388776003,6.749520986596737,10.923464935763215,15.66696968109061,18.144245497881556,21.210569203861887,24.65670136523566,26.214939750252338,26.407805773070304
0.0,0.8021604396822901,3.5279688388776003,6.749520986596737,10.923464935763215,15.66696968109061,18.144245497881556,21.210569203861887,24.65670136523566,26.214939750252338,26.407805773070304
0.0,0.8021604396822901,3.5279688388776003,6.749520986596737,10.923464935763215,15.66696968109061,18.144245497881556,21.210569203861887,24.65670136523566,26.214939750252338,26.407805773070304
0.0,0.8021604396822901,3.5279688388776003,6.749520986596737,10.923464935763215,15.66696968109061,18.144245497881556,21.210569203861887,24.65670136523566,26.214939750252338,26.407805773070304
0.0,0.8021604396822901,3.5279688388776003,6.860945237927077,10.923464935763215,15.66696968109061,18.144245497881556,21.210569203861887,24.65670136523566,26.214939750252338,26.407805773070304
0.0,0.8021604396822901,3.5279688388776003,6.860945237927077,10.923464935763215,15.66696968109061,18.144245497881556,21.210569203861887,24.65670136523566,26.214939750252338,26.407805773070304
0.0,0.8021604396822901,3.5279688388776003,6.749520986596737,10.923464935763215,15.66696968109061,18.144245497881556,21.210569203861887,24.6232862407909,26.214939750252338,26.407805773070304
0.0,0.8021604396822901,3.5279688388776003,6.860945237927077,10.923464935763215,15.66696968109061,18.144245497881556,21.210569203861887,24.65670136523566,26.214939750252338,26.407805773070304
0.0,0.8021604396822901,3.5279688388776003,6.860945237927077,10.923464935763215,15.66696968109061,18.144245497881556,21.210569203861887,24.6232862407909,26.214939750252338,26.407805773070304
0.0,0.8021604396822901,3.5279688388776003,6.860945237927077,10.923464935763215,15.66696968109061,18.144245497881556,21.210569203861887,24.6232862407909,26.214939750252338,26.407805773070304
0.0,0.8021604396822901,3.5279688388776003,6.749520986596737,10.923464935763215,15.66696968109061,18.144245497881556,21.210569203861887,24.6232862407909,26.214939750252338,26.407805773070304
0.0,0.8021604396822901,3.5279688388776003,6.749520986596737,10.923464935763215,15.66696968109061,18.144245497881556,21.210569203861887,24.65670136523566,26.214939750252338,26.407805773070304
0.0,0.8021604396822901,3.5279688388776003,6.860945237927077,10.923464935763215,15.66696968109061,18.144245497881556,21.210569203861887,24.6232862407909,26.214939750252338,26.407805773070304
0.0,0.8021604396822901,3.5279688388776003,6.749520986596737,10.923464935763215,15.66696968109061,18.144245497881556,21.210569203861887,24.65670136523566,26.214939750252338,26.407805773070304
0.0,0.8021604396822901,3.5279688388776003,6.860945237927077,10.923464935763215,15.66696968109061,18.144245497881556,21.210569203861887,24.6232862407909,26.214939750252338,26.407805773070304
0.0,0.8021604396822901,3.5279688388776003,6.749520986596737,10.923464935763215,15.66696968109061,18.144245497881556,21.210569203861887,24.6232862407909,26.214939750252338,26.407805773070304
0.0,0.8021604396822901,3.5279688388776003,6.749520986596737,10.923464935763215,15.66696968109061,18.144245497881556,21.210569203861887,24.6232862407909,26.214939750252338,26.407805773070304
0.0,0.8021604396822901,3.5279688388776003,6.749520986596737,10.923464935763215,15.66696968109061,18.144245497881556,21.210569203861887,24.6232862407909,26.148671483001202,26.407805773070304
0.0,0.8021604396822901,3.5279688388776003,6.749520986596737,10.923464935763215,15.66696968109061,18.144245497881556,21.210569203861887,24.6232862407909,26.148671483001202,26.407805773070304
0.0,0.8021604396822901,3.5279688388776003,6.860945237927077,10.923464935763215,15.66696968109061,18.144245497881556,21.210569203861887,24.65670136523566,26.148671483001202,26.407805773070304
0.0,0.8021604396822901,3.5279688388776003,6.860945237927077,10.923464935763215,15.66696968109061,18.144245497881556,21.210569203861887,24.6232862407909,26.148671483001202,26.407805773070304
0.0,0.8021604396822901,3.5279688388776003,6.860945237927077,10.923464935763215,15.66696968109061,18.144245497881556,21.210569203861887,24.6232862407909,26.148671483001202,26.407805773070304
0.0,0.8021604396822901,3.5279688388776003,6.749520986596737,10.923464935763215,15.66696968109061,18.144245497881556,21.210569203861887,24.6232862407909,26.148671483001202,26.407805773070304
0.0,0.8021604396822901,3.5279688388776003,6.749520986596737,10.923464935763215,15.66696968109061,18.144245497881556,21.210569203861887,24.6232862407909,26.148671483001202,26.407805773070304
0.0,0.8021604396822901,3.5279688388776003,6.749520986596737,10.923464935763215,15.66696968109061,18.144245497881556,21.210569203861887,24.6232862407909,26.148671483001202,26.407805773070304
0.0,0.8021604396822901,3.5279688388776003,6.749520986596737,10.923464935763215,15.66696968109061,18.144245497881556,21.210569203861887,24.6232862407909,26.148671483001202,26.407805773070304
0.0,0.8021604396822901,3.5279688388776003,6.749520986596737,10.923464935763215,15.66696968109061,18.144245497881556,21.210569203861887,24.65670136523566,26.148671483001202,26.407805773070304
0.0,0.8021604396822901,3.5279688388776003,6.749520986596737,10.923464935763215,15.66696968109061,18.144245497881556,21.210569203861887,24.6232862407909,26.148671483001202,26.407805773070304
0.0,0.8021604396822901,3.5279688388776003,6.749520986596737,10.923464935763215,15.66696968109061,18.144245497881556,21.072306532125236,24.6232862407909,26.148671483001202,26.407805773070304
0.0,0.8021604396822901,3.5279688388776003,6.749520986596737,10.923464935763215,15.66696968109061,18.144245497881556,21.072306532125236,24.65670136523566,26.148671483001202,26.407805773070304
0.0,0.8021604396822901,3.5279688388776003,6.749520986596737,10.923464935763215,15.66696968109061,18.144245497881556,21.072306532125236,24.65670136523566,26.148671483001202,26.407805773070304
0.0,0.8021604396822901,3.5279688388776003,6.749520986596737,10.923464935763215,15.66696968109061,18.144245497881556,21.072306532125236,24.65670136523566,26.148671483001202,26.407805773070304
0.0,0.8021604396822901,3.5279688388776003,6.749520986596737,10.923464935763215,15.66696968109061,18.144245497881556,21.072306532125236,24.6232862407909,26.148671483001202,26.407805773070304
0.0,0.8021604396822901,3.5279688388776003,6.860945237927077,10.923464935763215,15.66696968109061,18.144245497881556,21.072306532125236,24.6232862407909,26.148671483001202,26.407805773070304
0.0,0.8021604396822901,3.5279688388776003,6.860945237927077,10.923464935763215,15.66696968109061,18.144245497881556,21.072306532125236,24.6232862407909,26.148671483001202,26.407805773070304
0.0,0.8021604396822901,3.5279688388776003,6.860945237927077,10.923464935763215,15.66696968109061,18.144245497881556,21.072306532125236,24.6232862407909,26.148671483001202,26.407805773070304
0.0,0.8021604396822901,3.5279688388776003,6.860945237927077,10.923464935763215,15.66696968109061,18.144245497881556,21.072306532125236,24.6232862407909,26.148671483001202,26.407805773070304
0.0,0.8021604396822901,3.5279688388776003,6.860945237927077,10.923464935763215,15.66696968109061,18.144245497881556,21.072306532125236,24.6232862407909,26.148671483001202,26.407805773070304
0.0,0.8021604396822901,3.5279688388776003,6.860945237927077,10.923464935763215,15.66696968109061,18.144245497881556,21.072306532125236,24.65670136523566,26.148671483001202,26.407805773070304
0.0,0.8021604396822901,3.5279688388776003,6.749520986596737,10.923464935763215,15.66696968109061,18.144245497881556,21.072306532125236,24.65670136523566,26.148671483001202,26.407805773070304
0.0,0.8021604396822901,3.5279688388776003,6.749520986596737,10.923464935763215,15.66696968109061,18.144245497881556,21.072306532125236,24.65670136523566,26.148671483001202,26.407805773070304
0.0,0.8021604396822901,3.5279688388776003,6.749520986596737,10.923464935763215,15.66696968109061,18.144245497881556,21.072306532125236,24.6232862407909,26.148671483001202,26.407805773070304
0.0,0.8021604396822901,3.5279688388776003,6.749520986596737,10.923464935763215,15.66696968109061,18.144245497881556,21.072306532125236,24.65670136523566,26.148671483001202,26.407805773070304
0.0,0.8021604396822901,3.5279688388776003,6.860945237927077,10.923464935763215,15.66696968109061,18.144245497881556,21.072306532125236,24.65670136523566,26.148671483001202,26.407805773070304
0.0,0.8021604396822901,3.5279688388776003,6.860945237927077,10.923464935763215,15.66696968109061,18.144245497881556,21.072306532125236,24.65670136523566,26.148671483001202,26.407805773070304
0.0,0.8021604396822901,3.5279688388776003,6.860945237927077,10.923464935763215,15.66696968109061,18.144245497881556,21.072306532125236,24.6232862407909,26.148671483001202,26.407805773070304
0.0,0.8021604396822901,3.5279688388776003,6.749520986596737,10.923464935763215,15.66696968109061,18.144245497881556,21.072306532125236,24.6232862407909,26.148671483001202,26.407805773070304
0.0,0.8021604396822901,3.5279688388776003,6.860945237927077,10.923464935763215,15.66696968109061,18.144245497881556,21.072306532125236,24.65670136523566,26.148671483001202,26.407805773070304
0.0,0.8021604396822901,3.5279688388776003,6.860945237927077,10.923464935763215,15.66696968109061,18.144245497881556,21.072306532125236,24.65670136523566,26.148671483001202,26.407805773070304
0.0,0.8021604396822901,3.5279688388776003,6.860945237927077,10.923464935763215,15.66696968109061,18.144245497881556,21.072306532125236,24.65670136523566,26.148671483001202,26.407805773070304
0.0,0.8021604396822901,3.5279688388776003,6.860945237927077,10.923464935763215,15.66696968109061,18.144245497881556,21.072306532125236,24.65670136523566,26.148671483001202,26.407805773070304
0.0,0.8021604396822901,3.5279688388776003,6.749520986596737,10.923464935763215,15.66696968109061,18.144245497881556,21.072306532125236,24.65670136523566,26.148671483001202,26.407805773070304
0.0,0.8021604396822901,3.5279688388776003,6.749520986596737,10.923464935763215,15.66696968109061,18.144245497881556,21.072306532125236,24.65670136523566,26.148671483001202,26.407805773070304
0.0,0.8021604396822901,3.5279688388776003,6.749520986596737,10.923464935763215,15.66696968109061,18.144245497881556,21.072306532125236,24.6232862407909,26.148671483001202,26.407805773070304
0.0,0.8021604396822901,3.5279688388776003,6.749520986596737,10.923464935763215,15.66696968109061,18.144245497881556,21.072306532125236,24.65670136523566,26.148671483001202,26.407805773070304
0.0,0.8021604396822901,3.5279688388776003,6.860945237927077,10.923464935763215,15.66696968109061,18.144245497881556,21.072306532125236,24.6232862407909,26.148671483001202,26.407805773070304
0.0,0.8021604396822901,3.5279688388776003,6.749520986596737,10.923464935763215,15.66696968109061,18.144245497881556,21.072306532125236,24.6232862407909,26.148671483001202,26.407805773070304
0.0,0.8021604396822901,3.5279688388776003,6.860945237927077,10.923464935763215,15.66696968109061,18.144245497881556,21.072306532125236,24.65670136523566,26.148671483001202,26.407805773070304
0.0,0.8021604396822901,3.5279688388776003,6.749520986596737,10.923464935763215,15.66696968109061,18.144245497881556,21.072306532125236,24.65670136523566,26.148671483001202,26.407805773070304
0.0,0.8021604396822901,3.5279688388776003,6.749520986596737,10.923464935763215,15.66696968109061,18.144245497881556,21.072306532125236,24.6232862407909,26.148671483001202,26.407805773070304
0.0,0.8021604396822901,3.5279688388776003,6.860945237927077,10.923464935763215,15.66696968109061,18.144245497881556,21.072306532125236,24.6232862407909,26.148671483001202,26.407805773070304
0.0,0.8021604396822901,3.5279688388776003,6.860945237927077,10.923464935763215,15.66696968109061,18.144245497881556,21.072306532125236,24.6232862407909,26.148671483001202,26.407805773070304
0.0,0.8021604396822901,3.5279688388776003,6.860945237927077,10.923464935763215,15.66696968109061,18.144245497881556,21.072306532125236,24.65670136523566,26.148671483001202,26.407805773070304
0.0,0.8021604396822901,3.5279688388776003,6.749520986596737,10.923464935763215,15.66696968109061,18.144245497881556,21.072306532125236,24.6232862407909,26.148671483001202,26.407805773070304
0.0,0.8021604396822901,3.5279688388776003,6.749520986596737,10.923464935763215,15.66696968109061,18.144245497881556,21.072306532125236,24.65670136523566,26.148671483001202,26.407805773070304
0.0,0.8021604396822901,3.5279688388776003,6.860945237927077,10.923464935763215,15.66696968109061,18.144245497881556,21.072306532125236,24.65670136523566,26.148671483001202,26.407805773070304
0.0,0.8021604396822901,3.5279688388776003,6.749520986596737,10.923464935763215,15.66696968109061,18.144245497881556,21.072306532125236,24.6232862407909,26.148671483001202,26.407805773070304
0.0,0.8021604396822901,3.5279688388776003,6.860945237927077,10.923464935763215,15.66696968109061,18.144245497881556,21.072306532125236,24.6232862407909,26.148671483001202,26.407805773070304
0.0,0.8021604396822901,3.5279688388776003,6.749520986596737,10.923464935763215,15.66696968109061,18.144245497881556,21.072306532125236,24.65670136523566,26.148671483001202,26.407805773070304
0.0,0.8021604396822901,3.5279688388776003,6.749520986596737,10.923464935763215,15.66696968109061,18.144245497881556,21.072306532125236,24.65670136523566,26.148671483001202,26.407805773070304
0.0,0.8021604396822901,3.5279688388776003,6.749520986596737,10.923464935763215,15.66696968109061,18.144245497881556,21.072306532125236,24.65670136523566,26.148671483001202,26.407805773070304
0.0,0.8021604396822901,3.5279688388776003,6.860945237927077,10.923464935763215,15.66696968109061,18.144245497881556,21.072306532125236,24.6232862407909,26.148671483001202,26.407805773070304
0.0,0.8021604396822901,3.5279688388776003,6.860945237927077,10.923464935763215,15.66696968109061,18.144245497881556,21.072306532125236,24.6232862407909,26.148671483001202,26.407805773070304
0.0,0.8021604396822901,3.5279688388776003,6.749520986596737,10.923464935763215,15.66696968109061,18.144245497881556,21.072306532125236,24.65670136523566,26.148671483001202,26.407805773070304
0.0,0.8021604396822901,3.5279688388776003,6.860945237927077,10.923464935763215,15.66696968109061,18.144245497881556,21.072306532125236,24.6232862407909,26.148671483001202,26.407805773070304
0.0,0.8021604396822901,3.5279688388776003,6.860945237927077,10.923464935763215,15.66696968109061,18.144245497881556,21.072306532125236,24.6232862407909,26.148671483001202,26.407805773070304
0.0,0.8021604396822901,3.5279688388776003,6.860945237927077,10.923464935763215,15.66696968109061,18.144245497881556,21.072306532125236,24.65670136523566,26.148671483001202,26.407805773070304
0.0,0.8021604396822901,3.5279688388776003,6.860945237927077,10.923464935763215,15.66696968109061,18.144245497881556,21.072306532125236,24.6232862407909,26.148671483001202,26.407805773070304
0.0,0.8021604396822901,3.5279688388776003,6.749520986596737,10.923464935763215,15.66696968109061,18.144245497881556,21.072306532125236,24.65670136523566,26.148671483001202,26.407805773070304
0.0,0.8021604396822901,3.5279688388776003,6.749520986596737,10.923464935763215,15.66696968109061,18.144245497881556,21.072306532125236,24.6232862407909,26.148671483001202,26.407805773070304
0.0,0.8021604396822901,3.5279688388776003,6.749520986596737,10.923464935763215,15.66696968109061,18.144245497881556,21.072306532125236,24.6232862407909,26.148671483001202,26.407805773070304
0.0,0.8021604396822901,3.5279688388776003,6.860945237927077,10.923464935763215,15.66696968109061,18.144245497881556,21.072306532125236,24.6232862407909,26.148671483001202,26.407805773070304
0.0,0.8021604396822901,3.5279688388776003,6.860945237927077,10.923464935763215,15.66696968109061,18.144245497881556,21.072306532125236,24.6232862407909,26.148671483001202,26.407805773070304
0.0,0.8021604396822901,3.5279688388776003,6.860945237927077,10.923464935763215,15.66696968109061,18.144245497881556,21.072306532125236,24.65670136523566,26.148671483001202,26.407805773070304
0.0,0.8021604396822901,3.5279688388776003,6.860945237927077,10.923464935763215,15.66696968109061,18.144245497881556,21.072306532125236,24.65670136523566,26.148671483001202,26.407805773070304
0.0,0.8021604396822901,3.5279688388776003,6.860945237927077,10.923464935763215,15.66696968109061,18.144245497881556,21.072306532125236,24.6232862407909,26.148671483001202,26.407805773070304
0.0,0.8021604396822901,3.5279688388776003,6.860945237927077,10.923464935763215,15.66696968109061,18.144245497881556,21.072306532125236,24.6232862407909,26.148671483001202,26.407805773070304
0.0,0.8021604396822901,3.5279688388776003,6.860945237927077,10.923464935763215,15.66696968109061,18.144245497881556,21.072306532125236,24.65670136523566,26.148671483001202,26.407805773070304
0.0,0.8021604396822901,3.5279688388776003,6.749520986596737,10.923464935763215,15.66696968109061,18.144245497881556,21.072306532125236,24.63680417749811,26.11815739890597,26.40786652784201
0.0,0.8021604396822901,3.5279688388776003,6.749520986596737,10.923464935763215,15.66696968109061,18.144245497881556,21.072306532125236,24.63680417749811,26.11815739890597,26.40786652784201
0.0,0.8021604396822901,3.5279688388776003,6.860945237927077,10.923464935763215,15.66696968109061,18.144245497881556,21.072306532125236,24.63680417749811,26.11815739890597,26.40786652784201
0.0,0.8021604396822901,3.5279688388776003,6.860945237927077,10.923464935763215,15.66696968109061,18.144245497881556,21.072306532125236,24.63680417749811,26.11815739890597,26.40786652784201
0.0,0.8021604396822901,3.5279688388776003,6.860945237927077,10.923464935763215,15.66696968109061,18.144245497881556,21.072306532125236,24.63680417749811,26.11815739890597,26.40786652784201
0.0,0.8021604396822901,3.5279688388776003,6.860945237927077,10.923464935763215,15.66696968109061,18.144245497881556,21.072306532125236,24.63680417749811,26.11815739890597,26.40786652784201
0.0,0.8021604396822901,3.5279688388776003,6.749520986596737,10.923464935763215,15.66696968109061,18.144245497881556,21.072306532125236,24.63680417749811,26.11815739890597,26.40786652784201
0.0,0.8021604396822901,3.5279688388776003,6.860945237927077,10.923464935763215,15.66696968109061,18.144245497881556,21.072306532125236,24.63680417749811,26.11815739890597,26.40786652784201
0.0,0.8021604396822901,3.5279688388776003,6.749520986596737,10.923464935763215,15.66696968109061,18.144245497881556,21.072306532125236,24.63680417749811,26.11815739890597,26.40786652784201
0.0,0.8021604396822901,3.5279688388776003,6.749520986596737,10.923464935763215,15.66696968109061,18.144245497881556,21.072306532125236,24.63680417749811,26.11815739890597,26.40786652784201
0.0,0.8021604396822901,3.5279688388776003,6.860945237927077,10.923464935763215,15.66696968109061,18.144245497881556,21.072306532125236,24.63680417749811,26.11815739890597,26.40786652784201
0.0,0.8021604396822901,3.5279688388776003,6.860945237927077,10.923464935763215,15.66696968109061,18.144245497881556,21.072306532125236,24.63680417749811,26.11815739890597,26.40786652784201
0.0,0.8021604396822901,3.5279688388776003,6.860945237927077,10.923464935763215,15.66696968109061,18.144245497881556,21.072306532125236,24.63680417749811,26.11815739890597,26.40786652784201
0.0,0.8021604396822901,3.5279688388776003,6.749520986596737,10.923464935763215,15.66696968109061,18.144245497881556,21.072306532125236,24.63680417749811,26.11815739890597,26.40786652784201
0.0,0.8021604396822901,3.5279688388776003,6.749520986596737,10.923464935763215,15.66696968109061,18.144245497881556,21.072306532125236,24.63680417749811,26.11815739890597,26.40786652784201
0.0,0.8021604396822901,3.5279688388776003,6.860945237927077,10.923464935763215,15.66696968109061,18.144245497881556,21.072306532125236,24.63680417749811,26.11815739890597,26.40786652784201
0.0,0.8021604396822901,3.5279688388776003,6.749520986596737,10.923464935763215,15.66696968109061,18.144245497881556,21.072306532125236,24.63680417749811,26.11815739890597,26.40786652784201
0.0,0.8021604396822901,3.5279688388776003,6.860945237927077,10.923464935763215,15.66696968109061,18.144245497881556,21.072306532125236,24.63680417749811,26.11815739890597,26.40786652784201
0.0,0.8021604396822901,3.5279688388776003,6.860945237927077,10.923464935763215,15.66696968109061,18.144245497881556,21.072306532125236,24.63680417749811,26.11815739890597,26.40786652784201
0.0,0.8021604396822901,3.5279688388776003,6.860945237927077,10.923464935763215,15.66696968109061,18.144245497881556,21.072306532125236,24.63680417749811,26.11815739890597,26.40786652784201
0.0,0.8021604396822901,3.5279688388776003,6.860945237927077,10.923464935763215,15.66696968109061,18.144245497881556,21.072306532125236,24.63680417749811,26.11815739890597,26.40786652784201
0.0,0.8021604396822901,3.5279688388776003,6.749520986596737,10.923464935763215,15.66696968109061,18.144245497881556,21.072306532125236,24.63680417749811,26.11815739890597,26.40786652784201
0.0,0.8021604396822901,3.5279688388776003,6.860945237927077,10.923464935763215,15.66696968109061,18.144245497881556,21.072306532125236,24.63680417749811,26.11815739890597,26.40786652784201
0.0,0.8021604396822901,3.5279688388776003,6.860945237927077,10.923464935763215,15.66696968109061,18.144245497881556,21.072306532125236,24.63680417749811,26.11815739890597,26.40786652784201
0.0,0.8021604396822901,3.5279688388776003,6.749520986596737,10.923464935763215,15.66696968109061,18.144245497881556,21.072306532125236,24.63680417749811,26.11815739890597,26.40786652784201
0.0,0.8021604396822901,3.5279688388776003,6.860945237927077,10.923464935763215,15.66696968109061,18.144245497881556,21.072306532125236,24.63680417749811,26.11815739890597,26.40786652784201
0.0,0.8021604396822901,3.5279688388776003,6.749520986596737,10.923464935763215,15.66696968109061,18.144245497881556,21.072306532125236,24.63680417749811,26.11815739890597,26.40786652784201
0.0,0.8021604396822901,3.5279688388776003,6.860945237927077,10.923464935763215,15.66696968109061,18.144245497881556,21.072306532125236,24.63680417749811,26.11815739890597,26.40786652784201
0.0,0.8021604396822901,3.5279688388776003,6.749520986596737,10.923464935763215,15.66696968109061,18.144245497881556,21.072306532125236,24.63680417749811,26.11815739890597,26.40786652784201
0.0,0.8021604396822901,3.5279688388776003,6.860945237927077,10.923464935763215,15.66696968109061,18.144245497881556,21.072306532125236,24.63680417749811,26.11815739890597,26.40786652784201
0.0,0.8021604396822901,3.5279688388776003,6.860945237927077,10.923464935763215,15.66696968109061,18.144245497881556,21.072306532125236,24.63680417749811,26.11815739890597,26.40786652784201
0.0,0.8021604396822901,3.5279688388776003,6.860945237927077,10.923464935763215,15.66696968109061,18.144245497881556,21.072306532125236,24.63680417749811,26.11815739890597,26.40786652784201
0.0,0.8021604396822901,3.5279688388776003,6.860945237927077,10.923464935763215,15.66696968109061,18.144245497881556,21.072306532125236,24.63680417749811,26.11815739890597,26.40786652784201
0.0,0.8021604396822901,3.5279688388776003,6.860945237927077,10.923464935763215,15.66696968109061,18.144245497881556,21.072306532125236,24.63680417749811,26.11815739890597,26.40786652784201
0.0,0.8021604396822901,3.5279688388776003,6.860945237927077,10.923464935763215,15.66696968109061,18.144245497881556,21.072306532125236,24.63680417749811,26.11815739890597,26.40786652784201
0.0,0.8021604396822901,3.5279688388776003,6.749520986596737,10.923464935763215,15.66696968109061,18.144245497881556,21.072306532125236,24.63680417749811,26.11815739890597,26.40786652784201
0.0,0.8021604396822901,3.5279688388776003,6.860945237927077,10.923464935763215,15.66696968109061,18.144245497881556,21.072306532125236,24.63680417749811,26.11815739890597,26.40786652784201
0.0,0.8021604396822901,3.5279688388776003,6.860945237927077,10.923464935763215,15.66696968109061,18.144245497881556,21.072306532125236,24.63680417749811,26.11815739890597,26.40786652784201
0.0,0.8021604396822901,3.5279688388776003,6.749520986596737,10.923464935763215,15.66696968109061,18.144245497881556,21.072306532125236,24.63680417749811,26.11815739890597,26.40786652784201
0.0,0.8021604396822901,3.5279688388776003,6.749520986596737,10.923464935763215,15.66696968109061,18.144245497881556,21.072306532125236,24.63680417749811,26.11815739890597,26.40786652784201
0.0,0.8021604396822901,3.5279688388776003,6.860945237927077,10.923464935763215,15.66696968109061,18.144245497881556,21.072306532125236,24.63680417749811,26.11815739890597,26.40786652784201
0.0,0.8021604396822901,3.5279688388776003,6.749520986596737,10.923464935763215,15.66696968109061,18.144245497881556,21.072306532125236,24.63680417749811,26.11815739890597,26.40786652784201
0.0,0.8021604396822901,3.5279688388776003,6.860945237927077,10.923464935763215,15.66696968109061,18.144245497881556,21.072306532125236,24.63680417749811,26.11815739890597,26.40786652784201
0.0,0.8021604396822901,3.5279688388776003,6.860945237927077,10.923464935763215,15.66696968109061,18.144245497881556,21.072306532125236,24.63680417749811,26.11815739890597,26.40786652784201
0.0,0.8021604396822901,3.5279688388776003,6.860945237927077,10.923464935763215,15.66696968109061,18.144245497881556,21.072306532125236,24.63680417749811,26.11815739890597,26.40786652784201
0.0,0.8021604396822901,3.5279688388776003,6.860945237927077,10.923464935763215,15.66696968109061,18.144245497881556,21.072306532125236,24.63680417749811,26.11815739890597,26.40786652784201
0.0,0.8021604396822901,3.5279688388776003,6.860945237927077,10.923464935763215,15.66696968109061,18.144245497881556,21.072306532125236,24.63680417749811,26.11815739890597,26.40786652784201
0.0,0.8021604396822901,3.5279688388776003,6.860945237927077,10.923464935763215,15.66696968109061,18.144245497881556,21.072306532125236,24.63680417749811,26.11815739890597,26.40786652784201
0.0,0.8021604396822901,3.5279688388776003,6.749520986596737,10.923464935763215,15.66696968109061,18.144245497881556,21.072306532125236,24.63680417749811,26.11815739890597,26.40786652784201
0.0,0.8021604396822901,3.5279688388776003,6.860945237927077,10.923464935763215,15.66696968109061,18.144245497881556,21.072306532125236,24.63680417749811,26.11815739890597,26.40786652784201
0.0,0.8021604396822901,3.5279688388776003,6.860945237927077,10.923464935763215,15.66696968109061,18.144245497881556,21.072306532125236,24.63680417749811,26.11815739890597,26.40786652784201
0.0,0.8021604396822901,3.5279688388776003,6.860945237927077,10.923464935763215,15.66696968109061,18.144245497881556,21.072306532125236,24.63680417749811,26.11815739890597,26.40786652784201
0.0,0.8021604396822901,3.5279688388776003,6.860945237927077,10.923464935763215,15.66696968109061,18.144245497881556,21.072306532125236,24.63680417749811,26.11815739890597,26.40786652784201
0.0,0.8021604396822901,3.5279688388776003,6.860945237927077,10.923464935763215,15.66696968109061,18.144245497881556,21.072306532125236,24.63680417749811,26.11815739890597,26.40786652784201
0.0,0.8021604396822901,3.5279688388776003,6.860945237927077,10.923464935763215,15.66696968109061,18.144245497881556,21.072306532125236,24.63680417749811,26.11815739890597,26.40786652784201
0.0,0.8021604396822901,3.5279688388776003,6.749520986596737,10.923464935763215,15.66696968109061,18.144245497881556,21.072306532125236,24.63680417749811,26.11815739890597,26.40786652784201
0.0,0.8021604396822901,3.5279688388776003,6.860945237927077,10.923464935763215,15.66696968109061,18.144245497881556,21.072306532125236,24.63680417749811,26.11815739890597,26.40786652784201
0.0,0.8021604396822901,3.5279688388776003,6.749520986596737,10.923464935763215,15.66696968109061,18.144245497881556,21.072306532125236,24.63680417749811,26.11815739890597,26.40786652784201
0.0,0.8021604396822901,3.5279688388776003,6.749520986596737,10.923464935763215,15.66696968109061,18.144245497881556,21.072306532125236,24.63680417749811,26.11815739890597,26.40786652784201
0.0,0.8021604396822901,3.5279688388776003,6.860945237927077,10.923464935763215,15.66696968109061,18.144245497881556,21.072306532125236,24.63680417749811,26.11815739890597,26.40786652784201
0.0,0.8021604396822901,3.5279688388776003,6.860945237927077,10.923464935763215,15.66696968109061,18.144245497881556,21.072306532125236,24.63680417749811,26.11815739890597,26.40786652784201
0.0,0.8021604396822901,3.5279688388776003,6.860945237927077,10.923464935763215,15.66696968109061,18.144245497881556,20.942944434445238,24.539566165363862,26.071983772400475,26.303596150881447
0.0,0.8021604396822901,3.5279688388776003,6.860945237927077,10.923464935763215,15.66696968109061,18.144245497881556,20.942944434445238,24.539566165363862,26.071983772400475,26.303596150881447
0.0,0.8021604396822901,3.5279688388776003,6.860945237927077,10.923464935763215,15.66696968109061,18.144245497881556,20.942944434445238,24.539566165363862,26.071983772400475,26.303596150881447
0.0,0.8021604396822901,3.5279688388776003,6.860945237927077,10.923464935763215,15.66696968109061,18.144245497881556,20.942944434445238,24.539566165363862,26.071983772400475,26.303596150881447
0.0,0.8021604396822901,3.5279688388776003,6.860945237927077,10.923464935763215,15.66696968109061,18.144245497881556,20.942944434445238,24.539566165363862,26.071983772400475,26.303596150881447
0.0,0.8021604396822901,3.5279688388776003,6.860945237927077,10.923464935763215,15.66696968109061,18.144245497881556,20.942944434445238,24.539566165363862,26.071983772400475,26.303596150881447
0.0,0.8021604396822901,3.5279688388776003,6.860945237927077,10.923464935763215,15.66696968109061,18.144245497881556,20.942944434445238,24.539566165363862,26.071983772400475,26.303596150881447
0.0,0.8021604396822901,3.5279688388776003,6.749520986596737,10.923464935763215,15.66696968109061,18.144245497881556,20.942944434445238,24.539566165363862,26.071983772400475,26.303596150881447
0.0,0.8021604396822901,3.5279688388776003,6.749520986596737,10.923464935763215,15.66696968109061,18.144245497881556,20.942944434445238,24.539566165363862,26.071983772400475,26.303596150881447
0.0,0.8021604396822901,3.5279688388776003,6.749520986596737,10.923464935763215,15.66696968109061,18.144245497881556,20.942944434445238,24.539566165363862,26.071983772400475,26.303596150881447
0.0,0.8021604396822901,3.5279688388776003,6.749520986596737,10.923464935763215,15.66696968109061,18.144245497881556,20.942944434445238,24.539566165363862,26.071983772400475,26.303596150881447
0.0,0.8021604396822901,3.5279688388776003,6.749520986596737,10.923464935763215,15.66696968109061,18.144245497881556,20.942944434445238,24.539566165363862,26.071983772400475,26.303596150881447
0.0,0.8021604396822901,3.5279688388776003,6.860945237927077,10.923464935763215,15.66696968109061,18.144245497881556,20.942944434445238,24.539566165363862,26.071983772400475,26.303596150881447
0.0,0.8021604396822901,3.5279688388776003,6.860945237927077,10.923464935763215,15.66696968109061,18.144245497881556,20.942944434445238,24.539566165363862,26.071983772400475,26.303596150881447
0.0,0.8021604396822901,3.5279688388776003,6.860945237927077,10.923464935763215,15.66696968109061,18.144245497881556,20.942944434445238,24.539566165363862,26.071983772400475,26.303596150881447
0.0,0.8021604396822901,3.5279688388776003,6.749520986596737,10.923464935763215,15.66696968109061,18.144245497881556,20.942944434445238,24.539566165363862,26.071983772400475,26.303596150881447
0.0,0.8021604396822901,3.5279688388776003,6.860945237927077,10.923464935763215,15.66696968109061,18.144245497881556,20.942944434445238,24.539566165363862,26.071983772400475,26.303596150881447
0.0,0.8021604396822901,3.5279688388776003,6.749520986596737,10.923464935763215,15.66696968109061,18.144245497881556,20.942944434445238,24.539566165363862,26.071983772400475,26.303596150881447
0.0,0.8021604396822901,3.5279688388776003,6.749520986596737,10.923464935763215,15.66696968109061,18.144245497881556,20.942944434445238,24.539566165363862,26.071983772400475,26.303596150881447
0.0,0.8021604396822901,3.5279688388776003,6.860945237927077,10.923464935763215,15.66696968109061,18.144245497881556,20.942944434445238,24.539566165363862,26.071983772400475,26.303596150881447
0.0,0.8021604396822901,3.5279688388776003,6.860945237927077,10.923464935763215,15.66696968109061,18.144245497881556,20.942944434445238,24.539566165363862,26.071983772400475,26.303596150881447
0.0,0.8021604396822901,3.5279688388776003,6.860945237927077,10.923464935763215,15.66696968109061,18.144245497881556,20.942944434445238,24.539566165363862,26.071983772400475,26.303596150881447
0.0,0.8021604396822901,3.5279688388776003,6.860945237927077,10.923464935763215,15.66696968109061,18.144245497881556,20.942944434445238,24.539566165363862,26.071983772400475,26.303596150881447
0.0,0.8021604396822901,3.5279688388776003,6.860945237927077,10.923464935763215,15.66696968109061,18.144245497881556,20.942944434445238,24.539566165363862,26.071983772400475,26.303596150881447
0.0,0.8021604396822901,3.5279688388776003,6.860945237927077,10.923464935763215,15.66696968109061,18.144245497881556,20.942944434445238,24.539566165363862,26.071983772400475,26.303596150881447
0.0,0.8021604396822901,3.5279688388776003,6.860945237927077,10.923464935763215,15.66696968109061,18.144245497881556,20.942944434445238,24.539566165363862,26.071983772400475,26.303596150881447
0.0,0.8021604396822901,3.5279688388776003,6.860945237927077,10.923464935763215,15.66696968109061,18.144245497881556,20.942944434445238,24.539566165363862,26.071983772400475,26.303596150881447
0.0,0.8021604396822901,3.5279688388776003,6.749520986596737,10.923464935763215,15.66696968109061,18.144245497881556,20.942944434445238,24.539566165363862,26.071983772400475,26.303596150881447
0.0,0.8021604396822901,3.5279688388776003,6.749520986596737,10.923464935763215,15.66696968109061,18.144245497881556,20.942944434445238,24.539566165363862,26.071983772400475,26.303596150881447
0.0,0.8021604396822901,3.5279688388776003,6.860945237927077,10.923464935763215,15.66696968109061,18.144245497881556,20.942944434445238,24.539566165363862,26.071983772400475,26.303596150881447
0.0,0.8021604396822901,3.5279688388776003,6.749520986596737,10.923464935763215,15.66696968109061,18.144245497881556,20.942944434445238,24.539566165363862,26.071983772400475,26.303596150881447
0.0,0.8021604396822901,3.5279688388776003,6.860945237927077,10.923464935763215,15.66696968109061,18.144245497881556,20.942944434445238,24.539566165363862,26.071983772400475,26.303596150881447
0.0,0.8021604396822901,3.5279688388776003,6.860945237927077,10.923464935763215,15.66696968109061,18.144245497881556,20.942944434445238,24.539566165363862,26.071983772400475,26.303596150881447
0.0,0.8021604396822901,3.5279688388776003,6.749520986596737,10.923464935763215,15.66696968109061,18.144245497881556,20.942944434445238,24.539566165363862,26.071983772400475,26.303596150881447
0.0,0.8021604396822901,3.5279688388776003,6.860945237927077,10.923464935763215,15.66696968109061,18.144245497881556,20.942944434445238,24.539566165363862,26.071983772400475,26.303596150881447
0.0,0.8021604396822901,3.5279688388776003,6.860945237927077,10.923464935763215,15.66696968109061,18.144245497881556,20.942944434445238,24.539566165363862,26.071983772400475,26.303596150881447
0.0,0.8021604396822901,3.5279688388776003,6.860945237927077,10.923464935763215,15.66696968109061,18.144245497881556,20.942944434445238,24.539566165363862,26.071983772400475,26.303596150881447
0.0,0.8021604396822901,3.5279688388776003,6.860945237927077,10.923464935763215,15.66696968109061,18.144245497881556,20.942944434445238,24.539566165363862,26.071983772400475,26.303596150881447
0.0,0.8021604396822901,3.5279688388776003,6.749520986596737,10.923464935763215,15.66696968109061,18.144245497881556,20.942944434445238,24.539566165363862,26.071983772400475,26.303596150881447
0.0,0.8021604396822901,3.5279688388776003,6.749520986596737,10.923464935763215,15.66696968109061,18.144245497881556,20.942944434445238,24.539566165363862,26.071983772400475,26.303596150881447
0.0,0.8021604396822901,3.5279688388776003,6.860945237927077,10.923464935763215,15.66696968109061,18.144245497881556,20.942944434445238,24.539566165363862,26.071983772400475,26.303596150881447
0.0,0.8021604396822901,3.5279688388776003,6.860945237927077,10.923464935763215,15.66696968109061,18.05381202017971,20.942944434445238,24.415580864980868,26.071983772400475,26.303596150881447
0.0,0.8021604396822901,3.5279688388776003,6.860945237927077,10.923464935763215,15.66696968109061,18.05381202017971,20.942944434445238,24.415580864980868,26.071983772400475,26.303596150881447
0.0,0.8021604396822901,3.5279688388776003,6.860945237927077,10.923464935763215,15.66696968109061,18.05381202017971,20.942944434445238,24.415580864980868,26.071983772400475,26.303596150881447
0.0,0.8021604396822901,3.5279688388776003,6.860945237927077,10.923464935763215,15.66696968109061,18.05381202017971,20.942944434445238,24.415580864980868,26.071983772400475,26.303596150881447
0.0,0.8021604396822901,3.5279688388776003,6.860945237927077,10.923464935763215,15.66696968109061,18.05381202017971,20.942944434445238,24.415580864980868,26.071983772400475,26.303596150881447
0.0,0.8021604396822901,3.5279688388776003,6.749520986596737,10.923464935763215,15.66696968109061,18.05381202017971,20.942944434445238,24.415580864980868,26.071983772400475,26.303596150881447
0.0,0.8021604396822901,3.5279688388776003,6.860945237927077,10.923464935763215,15.66696968109061,18.05381202017971,20.942944434445238,24.415580864980868,26.071983772400475,26.303596150881447
0.0,0.8021604396822901,3.5279688388776003,6.860945237927077,10.923464935763215,15.66696968109061,18.05381202017971,21.001086750979113,24.415580864980868,26.071983772400475,26.303596150881447
0.0,0.8021604396822901,3.5279688388776003,6.749520986596737,10.923464935763215,15.66696968109061,18.05381202017971,21.001086750979113,24.415580864980868,26.071983772400475,26.303596150881447
0.0,0.8021604396822901,3.5279688388776003,6.749520986596737,10.923464935763215,15.66696968109061,18.05381202017971,21.001086750979113,24.415580864980868,26.071983772400475,26.303596150881447
0.0,0.8021604396822901,3.5279688388776003,6.749520986596737,10.923464935763215,15.66696968109061,18.05381202017971,21.001086750979113,24.415580864980868,26.071983772400475,26.303596150881447
0.0,0.8021604396822901,3.5279688388776003,6.860945237927077,10.923464935763215,15.66696968109061,18.05381202017971,21.001086750979113,24.415580864980868,26.071983772400475,26.303596150881447
0.0,0.8021604396822901,3.5279688388776003,6.860945237927077,10.923464935763215,15.66696968109061,18.05381202017971,21.001086750979113,24.415580864980868,26.071983772400475,26.303596150881447
0.0,0.8021604396822901,3.5279688388776003,6.749520986596737,10.923464935763215,15.66696968109061,18.05381202017971,21.001086750979113,24.415580864980868,25.82296515182238,26.35554148070011
0.0,0.8021604396822901,3.5279688388776003,6.860945237927077,10.923464935763215,15.66696968109061,18.05381202017971,21.001086750979113,24.415580864980868,25.82296515182238,26.35554148070011
0.0,0.8021604396822901,3.5279688388776003,6.860945237927077,10.923464935763215,15.66696968109061,18.05381202017971,21.001086750979113,24.415580864980868,25.969277830811638,26.35554148070011
0.0,0.8021604396822901,3.5279688388776003,6.860945237927077,10.923464935763215,15.66696968109061,18.05381202017971,21.001086750979113,24.415580864980868,25.969277830811638,26.35554148070011
0.0,0.8021604396822901,3.5279688388776003,6.749520986596737,10.923464935763215,15.66696968109061,18.05381202017971,21.001086750979113,24.415580864980868,25.82296515182238,26.35554148070011
0.0,0.8021604396822901,3.5279688388776003,6.749520986596737,10.923464935763215,15.66696968109061,18.05381202017971,21.001086750979113,24.415580864980868,25.82296515182238,26.35554148070011
0.0,0.8021604396822901,3.5279688388776003,6.749520986596737,10.923464935763215,15.66696968109061,18.05381202017971,21.001086750979113,24.415580864980868,25.82296515182238,26.35554148070011
0.0,0.8021604396822901,3.5279688388776003,6.749520986596737,10.923464935763215,15.66696968109061,18.05381202017971,21.001086750979113,24.415580864980868,25.969277830811638,26.35554148070011
0.0,0.8021604396822901,3.5279688388776003,6.860945237927077,10.923464935763215,15.66696968109061,18.05381202017971,21.001086750979113,24.415580864980868,25.82296515182238,26.35554148070011
0.0,0.8021604396822901,3.5279688388776003,6.860945237927077,10.923464935763215,15.66696968109061,18.05381202017971,21.001086750979113,24.415580864980868,25.969277830811638,26.35554148070011
0.0,0.8021604396822901,3.5279688388776003,6.749520986596737,10.923464935763215,15.66696968109061,18.05381202017971,21.001086750979113,24.415580864980868,25.82296515182238,26.35554148070011
0.0,0.8021604396822901,3.5279688388776003,6.860945237927077,10.923464935763215,15.66696968109061,18.05381202017971,21.001086750979113,24.415580864980868,25.969277830811638,26.35554148070011
0.0,0.8021604396822901,3.5279688388776003,6.749520986596737,10.923464935763215,15.66696968109061,18.05381202017971,21.001086750979113,24.415580864980868,25.969277830811638,26.35554148070011
0.0,0.8021604396822901,3.5279688388776003,6.749520986596737,10.923464935763215,15.66696968109061,18.05381202017971,21.001086750979113,24.415580864980868,25.969277830811638,26.35554148070011
0.0,0.8021604396822901,3.5279688388776003,6.749520986596737,10.923464935763215,15.66696968109061,18.05381202017971,21.001086750979113,24.415580864980868,25.82296515182238,26.35554148070011
0.0,0.8021604396822901,3.5279688388776003,6.860945237927077,10.923464935763215,15.66696968109061,18.05381202017971,21.001086750979113,24.415580864980868,25.969277830811638,26.35554148070011
0.0,0.8021604396822901,3.5279688388776003,6.860945237927077,10.923464935763215,15.66696968109061,18.05381202017971,21.001086750979113,24.415580864980868,25.82296515182238,26.35554148070011
0.0,0.8021604396822901,3.5279688388776003,6.749520986596737,10.923464935763215,15.66696968109061,18.05381202017971,21.001086750979113,24.415580864980868,25.969277830811638,26.35554148070011
0.0,0.8021604396822901,3.5279688388776003,6.749520986596737,10.923464935763215,15.66696968109061,18.05381202017971,21.001086750979113,24.415580864980868,25.82296515182238,26.35554148070011
0.0,0.8021604396822901,3.5279688388776003,6.860945237927077,10.923464935763215,15.66696968109061,18.05381202017971,21.001086750979113,24.415580864980868,25.969277830811638,26.35554148070011
0.0,0.8021604396822901,3.5279688388776003,6.860945237927077,10.923464935763215,15.66696968109061,18.05381202017971,21.001086750979113,24.415580864980868,25.82296515182238,26.35554148070011
0.0,0.8021604396822901,3.5279688388776003,6.860945237927077,10.923464935763215,15.66696968109061,18.05381202017971,21.001086750979113,24.415580864980868,25.969277830811638,26.35554148070011
0.0,0.8021604396822901,3.5279688388776003,6.749520986596737,10.923464935763215,15.66696968109061,18.05381202017971,21.001086750979113,24.415580864980868,25.969277830811638,26.35554148070011
0.0,0.8021604396822901,3.5279688388776003,6.749520986596737,10.923464935763215,15.66696968109061,18.05381202017971,21.001086750979113,24.415580864980868,25.969277830811638,26.35554148070011
0.0,0.8021604396822901,3.5279688388776003,6.860945237927077,10.923464935763215,15.66696968109061,17.876544785000252,21.001086750979113,24.415580864980868,25.969277830811638,26.35554148070011
0.0,0.8021604396822901,3.5279688388776003,6.860945237927077,10.923464935763215,15.66696968109061,17.876544785000252,21.001086750979113,24.415580864980868,25.969277830811638,26.35554148070011
0.0,0.8021604396822901,3.5279688388776003,6.749520986596737,10.923464935763215,15.66696968109061,17.876544785000252,21.001086750979113,24.415580864980868,25.969277830811638,26.35554148070011
0.0,0.8021604396822901,3.5279688388776003,6.749520986596737,10.923464935763215,15.66696968109061,17.90607160405508,21.001086750979113,24.415580864980868,25.82296515182238,26.35554148070011
0.0,0.8021604396822901,3.5279688388776003,6.860945237927077,10.923464935763215,15.66696968109061,17.90607160405508,21.001086750979113,24.415580864980868,25.969277830811638,26.35554148070011
0.0,0.8021604396822901,3.5279688388776003,6.860945237927077,10.923464935763215,15.66696968109061,17.90607160405508,21.001086750979113,24.415580864980868,25.82296515182238,26.35554148070011
0.0,0.8021604396822901,3.5279688388776003,6.749520986596737,10.923464935763215,15.66696968109061,17.876544785000252,21.001086750979113,24.415580864980868,25.969277830811638,26.35554148070011
0.0,0.8021604396822901,3.5279688388776003,6.749520986596737,10.923464935763215,15.66696968109061,17.90607160405508,21.001086750979113,24.415580864980868,25.969277830811638,26.35554148070011
0.0,0.8021604396822901,3.5279688388776003,6.860945237927077,10.923464935763215,15.66696968109061,17.90607160405508,21.001086750979113,24.415580864980868,25.82296515182238,26.35554148070011
0.0,0.8021604396822901,3.5279688388776003,6.749520986596737,10.923464935763215,15.66696968109061,17.90607160405508,21.001086750979113,24.415580864980868,25.969277830811638,26.35554148070011
0.0,0.8021604396822901,3.5279688388776003,6.860945237927077,10.923464935763215,15.66696968109061,17.90607160405508,21.001086750979113,24.415580864980868,25.969277830811638,26.35554148070011
0.0,0.8021604396822901,3.5279688388776003,6.860945237927077,10.923464935763215,15.66696968109061,17.876544785000252,21.001086750979113,24.415580864980868,25.82296515182238,26.35554148070011
0.0,0.8021604396822901,3.5279688388776003,6.860945237927077,10.923464935763215,15.66696968109061,17.90607160405508,21.001086750979113,24.415580864980868,25.969277830811638,26.35554148070011
0.0,0.8021604396822901,3.5279688388776003,6.749520986596737,10.923464935763215,15.66696968109061,17.90607160405508,21.001086750979113,24.415580864980868,25.969277830811638,26.35554148070011
0.0,0.8021604396822901,3.5279688388776003,6.749520986596737,10.923464935763215,15.66696968109061,17.876544785000252,21.001086750979113,24.415580864980868,25.969277830811638,26.35554148070011
0.0,0.8021604396822901,3.5279688388776003,6.749520986596737,10.923464935763215,15.66696968109061,17.90607160405508,21.001086750979113,24.415580864980868,25.969277830811638,26.35554148070011
0.0,0.8021604396822901,3.5279688388776003,6.749520986596737,10.923464935763215,15.66696968109061,17.876544785000252,21.001086750979113,24.415580864980868,25.969277830811638,26.35554148070011
0.0,0.8021604396822901,3.5279688388776003,6.749520986596737,10.923464935763215,15.66696968109061,17.876544785000252,21.001086750979113,24.415580864980868,25.82296515182238,26.35554148070011
0.0,0.8021604396822901,3.5279688388776003,6.860945237927077,10.923464935763215,15.66696968109061,17.90607160405508,21.001086750979113,24.415580864980868,25.969277830811638,26.35554148070011
0.0,0.8021604396822901,3.5279688388776003,6.860945237927077,10.923464935763215,15.66696968109061,17.90607160405508,21.001086750979113,24.415580864980868,25.969277830811638,26.35554148070011
0.0,0.8021604396822901,3.5279688388776003,6.860945237927077,10.923464935763215,15.66696968109061,17.876544785000252,20.82096404152892,24.415580864980868,25.82296515182238,26.35554148070011
0.0,0.8021604396822901,3.5279688388776003,6.860945237927077,10.923464935763215,15.66696968109061,17.90607160405508,20.82096404152892,24.415580864980868,25.969277830811638,26.35554148070011
0.0,0.8021604396822901,3.5279688388776003,6.860945237927077,10.923464935763215,15.66696968109061,17.876544785000252,20.82096404152892,24.415580864980868,25.82296515182238,26.35554148070011
0.0,0.8021604396822901,3.5279688388776003,6.860945237927077,10.923464935763215,15.66696968109061,17.876544785000252,20.82096404152892,24.415580864980868,25.969277830811638,26.35554148070011
0.0,0.8021604396822901,3.5279688388776003,6.749520986596737,10.923464935763215,15.66696968109061,17.876544785000252,20.82096404152892,24.415580864980868,25.969277830811638,26.35554148070011
0.0,0.8021604396822901,3.5279688388776003,6.860945237927077,10.923464935763215,15.66696968109061,17.876544785000252,20.82096404152892,24.415580864980868,25.969277830811638,26.35554148070011
0.0,0.8021604396822901,3.5279688388776003,6.749520986596737,10.923464935763215,15.66696968109061,17.876544785000252,20.82096404152892,24.415580864980868,25.969277830811638,26.35554148070011
0.0,0.8021604396822901,3.5279688388776003,6.749520986596737,10.923464935763215,15.66696968109061,17.90607160405508,20.82096404152892,24.415580864980868,25.969277830811638,26.35554148070011
0.0,0.8021604396822901,3.5279688388776003,6.860945237927077,10.923464935763215,15.66696968109061,17.90607160405508,20.82096404152892,24.415580864980868,25.82296515182238,26.35554148070011
0.0,0.8021604396822901,3.5279688388776003,6.860945237927077,10.923464935763215,15.66696968109061,17.90607160405508,20.82096404152892,24.415580864980868,25.969277830811638,26.35554148070011
0.0,0.8021604396822901,3.5279688388776003,6.860945237927077,10.923464935763215,15.66696968109061,17.90607160405508,20.82096404152892,24.415580864980868,25.969277830811638,26.35554148070011
0.0,0.8021604396822901,3.5279688388776003,6.860945237927077,10.923464935763215,15.66696968109061,17.876544785000252,20.82096404152892,24.415580864980868,25.82296515182238,26.35554148070011
0.0,0.8021604396822901,3.5279688388776003,6.860945237927077,10.923464935763215,15.66696968109061,17.876544785000252,20.82096404152892,24.415580864980868,25.969277830811638,26.35554148070011
0.0,0.8021604396822901,3.5279688388776003,6.860945237927077,10.923464935763215,15.66696968109061,17.876544785000252,20.82096404152892,24.415580864980868,25.969277830811638,26.35554148070011
0.0,0.8021604396822901,3.5279688388776003,6.860945237927077,10.923464935763215,15.66696968109061,17.90607160405508,20.82096404152892,24.415580864980868,25.82296515182238,26.35554148070011
0.0,0.8021604396822901,3.5279688388776003,6.749520986596737,10.923464935763215,15.66696968109061,17.876544785000252,20.82096404152892,24.415580864980868,25.82296515182238,26.35554148070011
0.0,0.8021604396822901,3.5279688388776003,6.749520986596737,10.923464935763215,15.66696968109061,17.876544785000252,20.82096404152892,24.415580864980868,25.969277830811638,26.35554148070011
0.0,0.8021604396822901,3.5279688388776003,6.749520986596737,10.923464935763215,15.66696968109061,17.876544785000252,20.82096404152892,24.415580864980868,25.969277830811638,26.35554148070011
0.0,0.8021604396822901,3.5279688388776003,6.749520986596737,10.923464935763215,15.66696968109061,17.90607160405508,20.82096404152892,24.415580864980868,25.969277830811638,26.35554148070011
0.0,0.8021604396822901,3.5279688388776003,6.749520986596737,10.923464935763215,15.66696968109061,17.876544785000252,20.82096404152892,24.415580864980868,25.82296515182238,26.35554148070011
0.0,0.8021604396822901,3.5279688388776003,6.749520986596737,10.923464935763215,15.66696968109061,17.876544785000252,20.82096404152892,24.415580864980868,25.969277830811638,26.35554148070011
0.0,0.8021604396822901,3.5279688388776003,6.860945237927077,10.923464935763215,15.66696968109061,17.876544785000252,20.82096404152892,24.415580864980868,25.82296515182238,26.35554148070011
0.0,0.8021604396822901,3.5279688388776003,6.749520986596737,10.923464935763215,15.66696968109061,17.90607160405508,20.82096404152892,24.415580864980868,25.82296515182238,26.35554148070011
0.0,0.8021604396822901,3.5279688388776003,6.860945237927077,10.923464935763215,15.66696968109061,17.876544785000252,20.82096404152892,24.415580864980868,25.82296515182238,26.35554148070011
0.0,0.8021604396822901,3.5279688388776003,6.860945237927077,10.923464935763215,15.66696968109061,17.876544785000252,20.82096404152892,24.415580864980868,25.969277830811638,26.35554148070011
0.0,0.8021604396822901,3.5279688388776003,6.749520986596737,10.923464935763215,15.66696968109061,17.90607160405508,20.82096404152892,24.415580864980868,25.969277830811638,26.35554148070011
0.0,0.8021604396822901,3.5279688388776003,6.749520986596737,10.923464935763215,15.66696968109061,17.876544785000252,20.82096404152892,24.415580864980868,25.82296515182238,26.35554148070011
0.0,0.8021604396822901,3.5279688388776003,6.749520986596737,10.923464935763215,15.66696968109061,17.876544785000252,20.82096404152892,24.415580864980868,25.969277830811638,26.35554148070011
0.0,0.8021604396822901,3.5279688388776003,6.860945237927077,10.923464935763215,15.66696968109061,17.876544785000252,20.82096404152892,24.415580864980868,25.82296515182238,26.35554148070011
0.0,0.8021604396822901,3.5279688388776003,6.749520986596737,10.923464935763215,15.66696968109061,17.90607160405508,20.82096404152892,24.415580864980868,25.82296515182238,26.35554148070011
0.0,0.8021604396822901,3.5279688388776003,6.860945237927077,10.923464935763215,15.66696968109061,17.90607160405508,20.82096404152892,24.415580864980868,25.82296515182238,26.35554148070011
0.0,0.8021604396822901,3.5279688388776003,6.749520986596737,10.923464935763215,15.66696968109061,17.90607160405508,20.82096404152892,24.415580864980868,25.82296515182238,26.35554148070011
0.0,0.8021604396822901,3.5279688388776003,6.749520986596737,10.923464935763215,15.66696968109061,17.876544785000252,20.82096404152892,24.415580864980868,25.969277830811638,26.35554148070011
0.0,0.8021604396822901,3.5279688388776003,6.749520986596737,10.923464935763215,15.66696968109061,17.90607160405508,20.82096404152892,24.415580864980868,25.82296515182238,26.35554148070011
0.0,0.8021604396822901,3.5279688388776003,6.749520986596737,10.923464935763215,15.66696968109061,17.876544785000252,20.82096404152892,24.415580864980868,25.969277830811638,26.35554148070011
0.0,0.8021604396822901,3.5279688388776003,6.860945237927077,10.923464935763215,15.66696968109061,17.876544785000252,20.82096404152892,24.415580864980868,25.82296515182238,26.35554148070011
0.0,0.8021604396822901,3.5279688388776003,6.860945237927077,10.923464935763215,15.66696968109061,17.876544785000252,20.82096404152892,24.415580864980868,25.969277830811638,26.35554148070011
0.0,0.8021604396822901,3.5279688388776003,6.860945237927077,10.923464935763215,15.66696968109061,17.876544785000252,20.82096404152892,24.415580864980868,25.969277830811638,26.35554148070011
0.0,0.8021604396822901,3.5279688388776003,6.860945237927077,10.923464935763215,15.66696968109061,17.90607160405508,20.82096404152892,24.415580864980868,25.82296515182238,26.35554148070011
0.0,0.8021604396822901,3.5279688388776003,6.860945237927077,10.923464935763215,15.66696968109061,17.876544785000252,20.82096404152892,24.415580864980868,25.969277830811638,26.35554148070011
0.0,0.8021604396822901,3.5279688388776003,6.860945237927077,10.923464935763215,15.66696968109061,17.90607160405508,20.82096404152892,24.415580864980868,25.969277830811638,26.35554148070011
0.0,0.8021604396822901,3.5279688388776003,6.860945237927077,10.923464935763215,15.66696968109061,17.876544785000252,20.82096404152892,24.415580864980868,25.82296515182238,26.35554148070011
0.0,0.8021604396822901,3.5279688388776003,6.860945237927077,10.923464935763215,15.66696968109061,17.876544785000252,20.82096404152892,24.415580864980868,25.969277830811638,26.35554148070011
0.0,0.8021604396822901,3.5279688388776003,6.860945237927077,10.923464935763215,15.66696968109061,17.90607160405508,20.82096404152892,24.415580864980868,25.82296515182238,26.35554148070011
0.0,0.8021604396822901,3.5279688388776003,6.749520986596737,10.923464935763215,15.66696968109061,17.90607160405508,20.82096404152892,24.415580864980868,25.969277830811638,26.35554148070011
0.0,0.8021604396822901,3.5279688388776003,6.749520986596737,10.923464935763215,15.66696968109061,17.90607160405508,20.82096404152892,24.415580864980868,25.969277830811638,26.35554148070011
0.0,0.8021604396822901,3.5279688388776003,6.749520986596737,10.923464935763215,15.66696968109061,17.90607160405508,20.82096404152892,24.415580864980868,25.969277830811638,26.35554148070011
0.0,0.8021604396822901,3.5279688388776003,6.749520986596737,10.923464935763215,15.66696968109061,17.90607160405508,20.82096404152892,24.415580864980868,25.969277830811638,26.35554148070011
0.0,0.8021604396822901,3.5279688388776003,6.749520986596737,10.923464935763215,15.66696968109061,17.876544785000252,20.82096404152892,24.415580864980868,25.969277830811638,26.35554148070011
0.0,0.8021604396822901,3.5279688388776003,6.860945237927077,10.923464935763215,15.66696968109061,17.90607160405508,20.82096404152892,24.415580864980868,25.969277830811638,26.35554148070011
0.0,0.8021604396822901,3.5279688388776003,6.749520986596737,10.923464935763215,15.66696968109061,17.90607160405508,20.82096404152892,24.415580864980868,25.82296515182238,26.35554148070011
0.0,0.8021604396822901,3.5279688388776003,6.860945237927077,10.923464935763215,15.66696968109061,17.876544785000252,20.82096404152892,24.415580864980868,25.82296515182238,26.35554148070011
0.0,0.8021604396822901,3.5279688388776003,6.749520986596737,10.923464935763215,15.66696968109061,17.90607160405508,20.82096404152892,24.415580864980868,25.969277830811638,26.35554148070011
0.0,0.8021604396822901,3.5279688388776003,6.749520986596737,10.923464935763215,15.66696968109061,17.90607160405508,20.82096404152892,24.415580864980868,25.82296515182238,26.35554148070011
0.0,0.8021604396822901,3.5279688388776003,6.749520986596737,10.923464935763215,15.66696968109061,17.876544785000252,20.82096404152892,24.415580864980868,25.969277830811638,26.35554148070011
0.0,0.8021604396822901,3.5279688388776003,6.860945237927077,10.923464935763215,15.66696968109061,17.90607160405508,20.82096404152892,24.415580864980868,25.82296515182238,26.35554148070011
0.0,0.8021604396822901,3.5279688388776003,6.860945237927077,10.923464935763215,15.66696968109061,17.876544785000252,20.82096404152892,24.415580864980868,25.969277830811638,26.35554148070011
0.0,0.8021604396822901,3.5279688388776003,6.749520986596737,10.923464935763215,15.66696968109061,17.876544785000252,20.82096404152892,24.415580864980868,25.969277830811638,26.35554148070011
0.0,0.8021604396822901,3.5279688388776003,6.860945237927077,10.923464935763215,15.66696968109061,17.90607160405508,20.82096404152892,24.415580864980868,25.969277830811638,26.35554148070011
0.0,0.8021604396822901,3.5279688388776003,6.749520986596737,10.923464935763215,15.66696968109061,17.876544785000252,20.82096404152892,24.415580864980868,25.82296515182238,26.35554148070011
0.0,0.8021604396822901,3.5279688388776003,6.749520986596737,10.923464935763215,15.66696968109061,17.876544785000252,20.82096404152892,24.415580864980868,25.969277830811638,26.35554148070011
0.0,0.8021604396822901,3.5279688388776003,6.860945237927077,10.923464935763215,15.66696968109061,17.876544785000252,20.82096404152892,24.415580864980868,25.969277830811638,26.35554148070011
0.0,0.8021604396822901,3.5279688388776003,6.749520986596737,10.923464935763215,15.66696968109061,17.876544785000252,20.82096404152892,24.415580864980868,25.82296515182238,26.35554148070011
0.0,0.8021604396822901,3.5279688388776003,6.860945237927077,10.923464935763215,15.66696968109061,17.90607160405508,20.82096404152892,24.415580864980868,25.82296515182238,26.35554148070011
0.0,0.8021604396822901,3.5279688388776003,6.749520986596737,10.923464935763215,15.66696968109061,17.876544785000252,20.82096404152892,24.415580864980868,25.969277830811638,26.35554148070011
0.0,0.8021604396822901,3.5279688388776003,6.749520986596737,10.923464935763215,15.66696968109061,17.90607160405508,20.82096404152892,24.415580864980868,25.82296515182238,26.35554148070011
0.0,0.8021604396822901,3.5279688388776003,6.749520986596737,10.923464935763215,15.66696968109061,17.876544785000252,20.82096404152892,24.415580864980868,25.969277830811638,26.35554148070011
0.0,0.8021604396822901,3.5279688388776003,6.860945237927077,10.923464935763215,15.66696968109061,17.876544785000252,20.82096404152892,24.415580864980868,25.82296515182238,26.35554148070011
0.0,0.8021604396822901,3.5279688388776003,6.749520986596737,10.923464935763215,15.66696968109061,17.876544785000252,20.82096404152892,24.415580864980868,25.82296515182238,26.35554148070011
0.0,0.8021604396822901,3.5279688388776003,6.860945237927077,10.923464935763215,15.66696968109061,17.90607160405508,20.82096404152892,24.415580864980868,25.82296515182238,26.35554148070011
0.0,0.8021604396822901,3.5279688388776003,6.860945237927077,10.923464935763215,15.66696968109061,17.90607160405508,20.82096404152892,24.415580864980868,25.82296515182238,26.35554148070011
0.0,0.8021604396822901,3.5279688388776003,6.860945237927077,10.923464935763215,15.66696968109061,17.876544785000252,20.82096404152892,24.415580864980868,25.969277830811638,26.35554148070011
0.0,0.8021604396822901,3.5279688388776003,6.749520986596737,10.923464935763215,15.66696968109061,17.90607160405508,20.82096404152892,24.415580864980868,25.82296515182238,26.35554148070011
0.0,0.8021604396822901,3.5279688388776003,6.749520986596737,10.923464935763215,15.66696968109061,17.90607160405508,20.82096404152892,24.415580864980868,25.969277830811638,26.35554148070011
0.0,0.8021604396822901,3.5279688388776003,6.749520986596737,10.923464935763215,15.66696968109061,17.876544785000252,20.82096404152892,24.415580864980868,25.969277830811638,26.35554148070011
0.0,0.8021604396822901,3.5279688388776003,6.749520986596737,10.923464935763215,15.66696968109061,17.876544785000252,20.82096404152892,24.415580864980868,25.969277830811638,26.35554148070011
0.0,0.8021604396822901,3.5279688388776003,6.749520986596737,10.923464935763215,15.66696968109061,17.90607160405508,20.82096404152892,24.415580864980868,25.969277830811638,26.35554148070011
0.0,0.8021604396822901,3.5279688388776003,6.860945237927077,10.923464935763215,15.66696968109061,17.90607160405508,20.82096404152892,24.415580864980868,25.82296515182238,26.35554148070011
0.0,0.8021604396822901,3.5279688388776003,6.860945237927077,10.923464935763215,15.66696968109061,17.876544785000252,20.82096404152892,24.415580864980868,25.82296515182238,26.35554148070011
0.0,0.8021604396822901,3.5279688388776003,6.860945237927077,10.923464935763215,15.66696968109061,17.90607160405508,20.82096404152892,24.415580864980868,25.969277830811638,26.35554148070011
0.0,0.8021604396822901,3.5279688388776003,6.749520986596737,10.923464935763215,15.66696968109061,17.90607160405508,20.82096404152892,24.415580864980868,25.82296515182238,26.35554148070011
0.0,0.8021604396822901,3.5279688388776003,6.860945237927077,10.923464935763215,15.66696968109061,17.876544785000252,20.82096404152892,24.415580864980868,25.969277830811638,26.35554148070011
0.0,0.8021604396822901,3.5279688388776003,6.749520986596737,10.923464935763215,15.66696968109061,17.876544785000252,20.82096404152892,24.415580864980868,25.969277830811638,26.35554148070011
0.0,0.8021604396822901,3.5279688388776003,6.860945237927077,10.923464935763215,15.66696968109061,17.876544785000252,20.82096404152892,24.415580864980868,25.969277830811638,26.35554148070011
0.0,0.8021604396822901,3.5279688388776003,6.860945237927077,10.923464935763215,15.66696968109061,17.90607160405508,20.82096404152892,24.415580864980868,25.82296515182238,26.35554148070011
0.0,0.8021604396822901,3.5279688388776003,6.749520986596737,10.923464935763215,15.66696968109061,17.876544785000252,20.82096404152892,24.415580864980868,25.82296515182238,26.35554148070011
0.0,0.8021604396822901,3.5279688388776003,6.860945237927077,10.923464935763215,15.494243865097065,17.84803560837172,20.73628707844732,24.415580864980868,25.969277830811638,26.35554148070011
0.0,0.8021604396822901,3.5279688388776003,6.749520986596737,10.923464935763215,15.494243865097065,17.84803560837172,20.73628707844732,24.415580864980868,25.969277830811638,26.35554148070011
0.0,0.8021604396822901,3.5279688388776003,6.749520986596737,10.923464935763215,15.494243865097065,17.84803560837172,20.73628707844732,24.415580864980868,25.82296515182238,26.35554148070011
0.0,0.8021604396822901,3.5279688388776003,6.749520986596737,10.923464935763215,15.494243865097065,17.84803560837172,20.73628707844732,24.415580864980868,25.82296515182238,26.35554148070011
0.0,0.8021604396822901,3.5279688388776003,6.749520986596737,10.923464935763215,15.494243865097065,17.84803560837172,20.73628707844732,24.415580864980868,25.969277830811638,26.35554148070011
0.0,0.8021604396822901,3.5279688388776003,6.749520986596737,10.923464935763215,15.494243865097065,17.84803560837172,20.73628707844732,24.415580864980868,25.82296515182238,26.35554148070011
0.0,0.8021604396822901,3.5279688388776003,6.749520986596737,10.923464935763215,15.494243865097065,17.84803560837172,20.73628707844732,24.415580864980868,25.82296515182238,26.35554148070011
0.0,0.8021604396822901,3.5279688388776003,6.860945237927077,10.923464935763215,15.494243865097065,17.84803560837172,20.73628707844732,24.415580864980868,25.82296515182238,26.35554148070011
0.0,0.8021604396822901,3.5279688388776003,6.749520986596737,10.923464935763215,15.494243865097065,17.84803560837172,20.73628707844732,24.415580864980868,25.83036204527901,26.35554148070011
0.0,0.8021604396822901,3.5279688388776003,6.749520986596737,10.923464935763215,15.494243865097065,17.84803560837172,20.73628707844732,24.415580864980868,25.83036204527901,26.35554148070011
0.0,0.8021604396822901,3.5279688388776003,6.749520986596737,10.923464935763215,15.494243865097065,17.84803560837172,20.73628707844732,24.415580864980868,25.83036204527901,26.35554148070011
0.0,0.8021604396822901,3.5279688388776003,6.860945237927077,10.923464935763215,15.494243865097065,17.84803560837172,20.73628707844732,24.415580864980868,25.83036204527901,26.35554148070011
0.0,0.8021604396822901,3.5279688388776003,6.749520986596737,10.923464935763215,15.494243865097065,17.84803560837172,20.73628707844732,24.415580864980868,25.83036204527901,26.35554148070011
0.0,0.8021604396822901,3.5279688388776003,6.749520986596737,10.923464935763215,15.494243865097065,17.84803560837172,20.73628707844732,24.415580864980868,25.83036204527901,26.35554148070011
0.0,0.8021604396822901,3.5279688388776003,6.749520986596737,10.923464935763215,15.494243865097065,17.84803560837172,20.73628707844732,24.415580864980868,25.83036204527901,26.35554148070011
0.0,0.8021604396822901,3.5279688388776003,6.749520986596737,10.923464935763215,15.494243865097065,17.84803560837172,20.73628707844732,24.415580864980868,25.83036204527901,26.35554148070011
0.0,0.8021604396822901,3.5279688388776003,6.749520986596737,10.923464935763215,15.494243865097065,17.84803560837172,20.73628707844732,24.415580864980868,25.83036204527901,26.35554148070011
0.0,0.8021604396822901,3.5279688388776003,6.860945237927077,10.923464935763215,15.494243865097065,17.84803560837172,20.73628707844732,24.415580864980868,25.83036204527901,26.35554148070011
0.0,0.8021604396822901,3.5279688388776003,6.860945237927077,10.923464935763215,15.494243865097065,17.84803560837172,20.73628707844732,24.415580864980868,25.83036204527901,26.35554148070011
0.0,0.8021604396822901,3.5279688388776003,6.749520986596737,10.923464935763215,15.346807222831046,17.84803560837172,20.73628707844732,24.415580864980868,25.83036204527901,26.35554148070011
0.0,0.8021604396822901,3.5279688388776003,6.860945237927077,10.923464935763215,15.346807222831046,17.84803560837172,20.73628707844732,24.415580864980868,25.83036204527901,26.35554148070011
0.0,0.8021604396822901,3.5279688388776003,6.749520986596737,10.923464935763215,15.346807222831046,17.84803560837172,20.73628707844732,24.415580864980868,25.83036204527901,26.35554148070011
0.0,0.8021604396822901,3.5279688388776003,6.749520986596737,10.923464935763215,15.346807222831046,17.84803560837172,20.73628707844732,24.415580864980868,25.83036204527901,26.35554148070011
0.0,0.8021604396822901,3.5279688388776003,6.860945237927077,10.923464935763215,15.346807222831046,17.84803560837172,20.73628707844732,24.415580864980868,25.83036204527901,26.35554148070011
0.0,0.8021604396822901,3.5279688388776003,6.860945237927077,10.923464935763215,15.346807222831046,17.84803560837172,20.73628707844732,24.415580864980868,25.83036204527901,26.35554148070011
0.0,0.8021604396822901,3.5279688388776003,6.860945237927077,10.923464935763215,15.346807222831046,17.84803560837172,20.73628707844732,24.415580864980868,25.83036204527901,26.35554148070011
0.0,0.8021604396822901,3.5279688388776003,6.749520986596737,10.923464935763215,15.346807222831046,17.84803560837172,20.73628707844732,24.415580864980868,25.83036204527901,26.35554148070011
0.0,0.8021604396822901,3.5279688388776003,6.749520986596737,10.923464935763215,15.346807222831046,17.84803560837172,20.73628707844732,24.415580864980868,25.83036204527901,26.35554148070011
0.0,0.8021604396822901,3.5279688388776003,6.860945237927077,10.923464935763215,15.346807222831046,17.84803560837172,20.73628707844732,24.415580864980868,25.83036204527901,26.35554148070011
0.0,0.8021604396822901,3.5279688388776003,6.860945237927077,10.923464935763215,15.346807222831046,17.84803560837172,20.73628707844732,24.329202768291175,25.83036204527901,26.218357206161457
0.0,0.8021604396822901,3.5279688388776003,6.749520986596737,10.923464935763215,15.346807222831046,17.84803560837172,20.73628707844732,24.329202768291175,25.83036204527901,26.218357206161457
0.0,0.8021604396822901,3.5279688388776003,6.749520986596737,10.923464935763215,15.346807222831046,17.84803560837172,20.73628707844732,24.329202768291175,25.83036204527901,26.218357206161457
0.0,0.8021604396822901,3.5279688388776003,6.749520986596737,10.923464935763215,15.346807222831046,17.84803560837172,20.73628707844732,24.329202768291175,25.83036204527901,26.218357206161457
0.0,0.8021604396822901,3.5279688388776003,6.749520986596737,10.923464935763215,15.346807222831046,17.84803560837172,20.73628707844732,24.329202768291175,25.83036204527901,26.218357206161457
0.0,0.8021604396822901,3.5279688388776003,6.860945237927077,10.923464935763215,15.346807222831046,17.84803560837172,20.73628707844732,24.329202768291175,25.83036204527901,26.218357206161457
0.0,0.8021604396822901,3.5279688388776003,6.749520986596737,10.923464935763215,15.346807222831046,17.84803560837172,20.73628707844732,24.329202768291175,25.83036204527901,26.218357206161457
0.0,0.8021604396822901,3.5279688388776003,6.749520986596737,10.923464935763215,15.346807222831046,17.84803560837172,20.73628707844732,24.329202768291175,25.83036204527901,26.218357206161457
0.0,0.8021604396822901,3.5279688388776003,6.749520986596737,10.923464935763215,15.346807222831046,17.84803560837172,20.73628707844732,24.329202768291175,25.83036204527901,26.218357206161457
0.0,0.8021604396822901,3.5279688388776003,6.749520986596737,10.923464935763215,15.346807222831046,17.84803560837172,20.73628707844732,24.329202768291175,25.83036204527901,26.218357206161457
0.0,0.8021604396822901,3.5279688388776003,6.749520986596737,10.923464935763215,15.346807222831046,17.84803560837172,20.73628707844732,24.329202768291175,25.83036204527901,26.218357206161457
0.0,0.8021604396822901,3.5279688388776003,6.860945237927077,10.923464935763215,15.346807222831046,17.84803560837172,20.73628707844732,24.329202768291175,25.83036204527901,26.218357206161457
0.0,0.8021604396822901,3.5279688388776003,6.860945237927077,10.923464935763215,15.346807222831046,17.84803560837172,20.73628707844732,24.329202768291175,25.83036204527901,26.218357206161457
0.0,0.8021604396822901,3.5279688388776003,6.860945237927077,10.923464935763215,15.346807222831046,17.84803560837172,20.73628707844732,24.329202768291175,25.83036204527901,26.386435282118576
0.0,0.8021604396822901,3.5279688388776003,6.860945237927077,10.923464935763215,15.346807222831046,17.84803560837172,20.494422332238997,24.329202768291175,25.83036204527901,26.386435282118576
0.0,0.8021604396822901,3.5279688388776003,6.860945237927077,10.923464935763215,15.346807222831046,17.84803560837172,20.494422332238997,24.329202768291175,25.83036204527901,26.386435282118576
0.0,0.8021604396822901,3.5279688388776003,6.749520986596737,10.923464935763215,15.346807222831046,17.84803560837172,20.494422332238997,24.329202768291175,25.83036204527901,26.386435282118576
0.0,0.8021604396822901,3.5279688388776003,6.749520986596737,10.923464935763215,15.346807222831046,17.84803560837172,20.494422332238997,24.329202768291175,25.83036204527901,26.386435282118576
0.0,0.8021604396822901,3.5279688388776003,6.860945237927077,10.923464935763215,15.346807222831046,17.84803560837172,20.494422332238997,24.329202768291175,25.83036204527901,26.386435282118576
0.0,0.8021604396822901,3.5279688388776003,6.749520986596737,10.923464935763215,15.346807222831046,17.84803560837172,20.494422332238997,24.329202768291175,25.83036204527901,26.386435282118576
0.0,0.8021604396822901,3.5279688388776003,6.749520986596737,10.923464935763215,15.346807222831046,17.84803560837172,20.494422332238997,24.329202768291175,25.83036204527901,26.386435282118576
0.0,0.8021604396822901,3.5279688388776003,6.749520986596737,10.923464935763215,15.346807222831046,17.84803560837172,20.494422332238997,24.329202768291175,25.83036204527901,26.386435282118576
0.0,0.8021604396822901,3.5279688388776003,6.749520986596737,10.923464935763215,15.365762711606976,17.60966426153715,20.56564211338512,24.57884412527938,25.801306075705018,26.386435282118576
0.0,0.8021604396822901,3.5279688388776003,6.749520986596737,10.923464935763215,15.365762711606976,17.60966426153715,20.56564211338512,24.57884412527938,25.801306075705018,26.386435282118576
0.0,0.8021604396822901,3.5279688388776003,6.860945237927077,10.923464935763215,15.365762711606976,17.60966426153715,20.56564211338512,24.57884412527938,25.801306075705018,26.386435282118576
0.0,0.8021604396822901,3.5279688388776003,6.860945237927077,10.923464935763215,15.365762711606976,17.60966426153715,20.56564211338512,24.57884412527938,25.801306075705018,26.386435282118576
0.0,0.8021604396822901,3.5279688388776003,6.749520986596737,10.923464935763215,15.365762711606976,17.60966426153715,20.56564211338512,24.57884412527938,25.801306075705018,26.386435282118576
0.0,0.8021604396822901,3.5279688388776003,6.749520986596737,10.923464935763215,15.365762711606976,17.60966426153715,20.56564211338512,24.57884412527938,25.801306075705018,26.386435282118576
0.0,0.8021604396822901,3.5279688388776003,6.749520986596737,10.923464935763215,15.365762711606976,17.60966426153715,20.56564211338512,24.57884412527938,25.801306075705018,26.386435282118576
0.0,0.8021604396822901,3.5279688388776003,6.860945237927077,10.923464935763215,15.365762711606976,17.60966426153715,20.56564211338512,24.57884412527938,25.801306075705018,26.386435282118576
0.0,0.8021604396822901,3.5279688388776003,6.749520986596737,10.923464935763215,15.365762711606976,17.60966426153715,20.56564211338512,24.57884412527938,25.801306075705018,26.386435282118576
0.0,0.8021604396822901,3.5279688388776003,6.860945237927077,10.923464935763215,15.365762711606976,17.60966426153715,20.56564211338512,24.57884412527938,25.801306075705018,26.386435282118576
0.0,0.8021604396822901,3.5279688388776003,6.749520986596737,10.923464935763215,15.365762711606976,17.60966426153715,20.56564211338512,24.57884412527938,25.801306075705018,26.386435282118576
0.0,0.8021604396822901,3.5279688388776003,6.749520986596737,10.923464935763215,15.365762711606976,17.60966426153715,20.56564211338512,24.57884412527938,25.801306075705018,26.386435282118576
0.0,0.8021604396822901,3.5279688388776003,6.860945237927077,10.923464935763215,15.365762711606976,17.60966426153715,20.56564211338512,24.57884412527938,25.801306075705018,26.386435282118576
0.0,0.8021604396822901,3.5279688388776003,6.860945237927077,10.923464935763215,15.365762711606976,17.60966426153715,20.56564211338512,24.57884412527938,25.801306075705018,26.386435282118576
0.0,0.8021604396822901,3.5279688388776003,6.860945237927077,10.923464935763215,15.365762711606976,17.60966426153715,20.56564211338512,24.57884412527938,25.801306075705018,26.386435282118576
0.0,0.8021604396822901,3.5279688388776003,6.749520986596737,10.923464935763215,15.365762711606976,17.60966426153715,20.56564211338512,24.57884412527938,25.801306075705018,26.386435282118576
0.0,0.8021604396822901,3.5279688388776003,6.860945237927077,10.923464935763215,15.365762711606976,17.60966426153715,20.56564211338512,24.57884412527938,25.801306075705018,26.386435282118576
0.0,0.8021604396822901,3.5279688388776003,6.860945237927077,10.923464935763215,15.365762711606976,17.60966426153715,20.56564211338512,24.57884412527938,25.801306075705018,26.386435282118576
0.0,0.8021604396822901,3.5279688388776003,6.749520986596737,10.923464935763215,15.365762711606976,17.60966426153715,20.56564211338512,24.57884412527938,25.801306075705018,26.386435282118576
0.0,0.8021604396822901,3.5279688388776003,6.749520986596737,10.923464935763215,15.365762711606976,17.60966426153715,20.56564211338512,24.57884412527938,25.801306075705018,26.386435282118576
0.0,0.8021604396822901,3.5279688388776003,6.860945237927077,10.923464935763215,15.365762711606976,17.60966426153715,20.56564211338512,24.57884412527938,25.801306075705018,26.386435282118576
0.0,0.8021604396822901,3.5279688388776003,6.749520986596737,10.923464935763215,15.365762711606976,17.60966426153715,20.56564211338512,24.57884412527938,25.801306075705018,26.386435282118576
0.0,0.8021604396822901,3.5279688388776003,6.749520986596737,10.923464935763215,15.365762711606976,17.60966426153715,20.56564211338512,24.57884412527938,25.801306075705018,26.386435282118576
0.0,0.8021604396822901,3.5279688388776003,6.860945237927077,10.923464935763215,15.365762711606976,17.60966426153715,20.56564211338512,24.57884412527938,25.801306075705018,26.386435282118576
0.0,0.8021604396822901,3.5279688388776003,6.860945237927077,10.923464935763215,15.365762711606976,17.60966426153715,20.56564211338512,24.57884412527938,25.801306075705018,26.386435282118576
0.0,0.8021604396822901,3.5279688388776003,6.860945237927077,10.923464935763215,15.365762711606976,17.60966426153715,20.56564211338512,24.57884412527938,25.801306075705018,26.386435282118576
0.0,0.8021604396822901,3.5279688388776003,6.860945237927077,10.923464935763215,15.365762711606976,17.60966426153715,20.56564211338512,24.57884412527938,25.801306075705018,26.386435282118576
0.0,0.8021604396822901,3.5279688388776003,6.860945237927077,10.923464935763215,15.365762711606976,17.60966426153715,20.56564211338512,24.57884412527938,25.801306075705018,26.386435282118576
0.0,0.8021604396822901,3.5279688388776003,6.749520986596737,10.923464935763215,15.365762711606976,17.60966426153715,20.56564211338512,24.57884412527938,25.801306075705018,26.386435282118576
0.0,0.8021604396822901,3.5279688388776003,6.860945237927077,10.923464935763215,15.365762711606976,17.60966426153715,20.56564211338512,24.57884412527938,25.801306075705018,26.386435282118576
0.0,0.8021604396822901,3.5279688388776003,6.749520986596737,10.923464935763215,15.365762711606976,17.60966426153715,20.56564211338512,24.57884412527938,25.801306075705018,26.386435282118576
0.0,0.8021604396822901,3.5279688388776003,6.860945237927077,10.923464935763215,15.365762711606976,17.60966426153715,20.56564211338512,24.57884412527938,25.801306075705018,26.386435282118576
0.0,0.8021604396822901,3.5279688388776003,6.860945237927077,10.923464935763215,15.365762711606976,17.60966426153715,20.56564211338512,24.57884412527938,25.801306075705018,26.386435282118576
0.0,0.8021604396822901,3.5279688388776003,6.749520986596737,10.923464935763215,15.365762711606976,17.60966426153715,20.56564211338512,24.57884412527938,25.801306075705018,26.386435282118576
0.0,0.8021604396822901,3.5279688388776003,6.749520986596737,10.923464935763215,15.365762711606976,17.60966426153715,20.56564211338512,24.57884412527938,25.801306075705018,26.386435282118576
0.0,0.8021604396822901,3.5279688388776003,6.860945237927077,10.923464935763215,15.365762711606976,17.60966426153715,20.56564211338512,24.57884412527938,25.801306075705018,26.386435282118576
0.0,0.8021604396822901,3.5279688388776003,6.749520986596737,10.923464935763215,15.365762711606976,17.60966426153715,20.56564211338512,24.57884412527938,25.801306075705018,26.386435282118576
0.0,0.8021604396822901,3.5279688388776003,6.860945237927077,10.923464935763215,15.365762711606976,17.60966426153715,20.56564211338512,24.563321281105495,25.732592428892243,26.386435282118576
0.0,0.8021604396822901,3.5279688388776003,6.860945237927077,10.923464935763215,15.365762711606976,17.60966426153715,20.56564211338512,24.563321281105495,25.732592428892243,26.386435282118576
0.0,0.8021604396822901,3.5279688388776003,6.860945237927077,10.923464935763215,15.365762711606976,17.60966426153715,20.56564211338512,24.563321281105495,25.732592428892243,26.386435282118576
0.0,0.8021604396822901,3.5279688388776003,6.860945237927077,10.923464935763215,15.365762711606976,17.60966426153715,20.56564211338512,24.563321281105495,25.732592428892243,26.386435282118576
0.0,0.8021604396822901,3.5279688388776003,6.860945237927077,10.923464935763215,15.365762711606976,17.60966426153715,20.56564211338512,24.563321281105495,25.732592428892243,26.386435282118576
0.0,0.8021604396822901,3.5279688388776003,6.860945237927077,10.923464935763215,15.365762711606976,17.60966426153715,20.56564211338512,24.563321281105495,25.732592428892243,26.386435282118576
0.0,0.8021604396822901,3.5279688388776003,6.749520986596737,10.923464935763215,15.365762711606976,17.60966426153715,20.56564211338512,24.563321281105495,25.732592428892243,26.386435282118576
0.0,0.8021604396822901,3.5279688388776003,6.749520986596737,10.923464935763215,15.365762711606976,17.60966426153715,20.56564211338512,24.563321281105495,25.732592428892243,26.386435282118576
0.0,0.8021604396822901,3.5279688388776003,6.860945237927077,10.923464935763215,15.365762711606976,17.60966426153715,20.56564211338512,24.563321281105495,25.732592428892243,26.386435282118576
0.0,0.8021604396822901,3.5279688388776003,6.860945237927077,10.923464935763215,15.365762711606976,17.60966426153715,20.56564211338512,24.563321281105495,25.732592428892243,26.386435282118576
0.0,0.8021604396822901,3.5279688388776003,6.860945237927077,10.923464935763215,15.365762711606976,17.60966426153715,20.56564211338512,24.563321281105495,25.522456862213488,26.386435282118576
0.0,0.8021604396822901,3.5279688388776003,6.749520986596737,10.923464935763215,15.365762711606976,17.60966426153715,20.56564211338512,24.563321281105495,25.522456862213488,26.386435282118576
0.0,0.8021604396822901,3.5279688388776003,6.749520986596737,10.923464935763215,15.365762711606976,17.60966426153715,20.56564211338512,24.563321281105495,25.522456862213488,26.386435282118576
0.0,0.8021604396822901,3.5279688388776003,6.749520986596737,10.923464935763215,15.365762711606976,17.60966426153715,20.56564211338512,24.563321281105495,25.522456862213488,26.386435282118576
0.0,0.8021604396822901,3.5279688388776003,6.749520986596737,10.923464935763215,15.365762711606976,17.60966426153715,20.56564211338512,24.563321281105495,25.522456862213488,26.386435282118576
0.0,0.8021604396822901,3.5279688388776003,6.749520986596737,10.923464935763215,15.365762711606976,17.60966426153715,20.56564211338512,24.563321281105495,25.522456862213488,26.386435282118576
0.0,0.8021604396822901,3.5279688388776003,6.749520986596737,10.923464935763215,15.365762711606976,17.60966426153715,20.56564211338512,24.563321281105495,25.522456862213488,26.386435282118576
0.0,0.8021604396822901,3.5279688388776003,6.749520986596737,10.923464935763215,15.365762711606976,17.60966426153715,20.56564211338512,24.563321281105495,25.522456862213488,26.386435282118576
0.0,0.8021604396822901,3.5279688388776003,6.749520986596737,10.923464935763215,15.365762711606976,17.60966426153715,20.56564211338512,24.563321281105495,25.522456862213488,26.386435282118576
0.0,0.8021604396822901,3.5279688388776003,6.749520986596737,10.923464935763215,15.365762711606976,17.60966426153715,20.56564211338512,24.563321281105495,25.522456862213488,26.386435282118576
0.0,0.8021604396822901,3.5279688388776003,6.860945237927077,10.923464935763215,15.365762711606976,17.60966426153715,20.56564211338512,24.563321281105495,25.522456862213488,26.386435282118576
0.0,0.8021604396822901,3.5279688388776003,6.860945237927077,10.923464935763215,15.365762711606976,17.60966426153715,20.56564211338512,24.563321281105495,25.522456862213488,26.386435282118576
0.0,0.8021604396822901,3.5279688388776003,6.860945237927077,10.923464935763215,15.365762711606976,17.60966426153715,20.56564211338512,24.563321281105495,25.522456862213488,26.386435282118576
0.0,0.8021604396822901,3.5279688388776003,6.749520986596737,10.923464935763215,15.365762711606976,17.60966426153715,20.56564211338512,24.563321281105495,25.522456862213488,26.386435282118576
0.0,0.8021604396822901,3.5279688388776003,6.860945237927077,10.923464935763215,15.365762711606976,17.60966426153715,20.56564211338512,24.563321281105495,25.522456862213488,26.386435282118576
0.0,0.8021604396822901,3.5279688388776003,6.860945237927077,10.923464935763215,15.365762711606976,17.60966426153715,20.56564211338512,24.563321281105495,25.522456862213488,26.386435282118576
0.0,0.8021604396822901,3.5279688388776003,6.749520986596737,10.923464935763215,15.365762711606976,17.60966426153715,20.56564211338512,24.563321281105495,25.522456862213488,26.386435282118576
0.0,0.8021604396822901,3.5279688388776003,6.749520986596737,10.923464935763215,15.365762711606976,17.60966426153715,20.56564211338512,24.563321281105495,25.522456862213488,26.386435282118576
0.0,0.8021604396822901,3.5279688388776003,6.860945237927077,10.923464935763215,15.365762711606976,17.60966426153715,20.56564211338512,24.563321281105495,25.522456862213488,26.386435282118576
0.0,0.8021604396822901,3.5279688388776003,6.749520986596737,10.923464935763215,15.365762711606976,17.60966426153715,20.56564211338512,24.563321281105495,25.522456862213488,26.386435282118576
0.0,0.8021604396822901,3.5279688388776003,6.749520986596737,10.923464935763215,15.365762711606976,17.60966426153715,20.56564211338512,24.563321281105495,25.522456862213488,26.386435282118576
0.0,0.8021604396822901,3.5279688388776003,6.860945237927077,10.923464935763215,15.365762711606976,17.60966426153715,20.56564211338512,24.563321281105495,25.522456862213488,26.386435282118576
0.0,0.8021604396822901,3.5279688388776003,6.749520986596737,10.923464935763215,15.365762711606976,17.60966426153715,20.56564211338512,24.563321281105495,25.522456862213488,26.386435282118576
0.0,0.8021604396822901,3.5279688388776003,6.860945237927077,10.923464935763215,15.365762711606976,17.60966426153715,20.56564211338512,24.563321281105495,25.522456862213488,26.386435282118576
0.0,0.8021604396822901,3.5279688388776003,6.860945237927077,10.923464935763215,15.365762711606976,17.60966426153715,20.56564211338512,24.563321281105495,25.522456862213488,26.386435282118576
0.0,0.8021604396822901,3.5279688388776003,6.860945237927077,10.923464935763215,15.365762711606976,17.60966426153715,20.56564211338512,24.563321281105495,25.522456862213488,26.386435282118576
0.0,0.8021604396822901,3.5279688388776003,6.749520986596737,10.923464935763215,15.365762711606976,17.60966426153715,20.56564211338512,24.563321281105495,25.522456862213488,26.386435282118576
0.0,0.8021604396822901,3.5279688388776003,6.749520986596737,10.923464935763215,15.365762711606976,17.60966426153715,20.56564211338512,24.563321281105495,25.522456862213488,26.386435282118576
0.0,0.8021604396822901,3.5279688388776003,6.749520986596737,10.923464935763215,15.365762711606976,17.60966426153715,20.56564211338512,24.563321281105495,25.522456862213488,26.386435282118576
0.0,0.8021604396822901,3.5279688388776003,6.749520986596737,10.923464935763215,15.365762711606976,17.60966426153715,20.56564211338512,24.563321281105495,25.522456862213488,26.386435282118576
0.0,0.8021604396822901,3.5279688388776003,6.749520986596737,10.923464935763215,15.365762711606976,17.60966426153715,20.56564211338512,24.563321281105495,25.522456862213488,26.386435282118576
0.0,0.8021604396822901,3.5279688388776003,6.860945237927077,10.923464935763215,15.365762711606976,17.60966426153715,20.56564211338512,24.563321281105495,25.522456862213488,26.386435282118576
0.0,0.8021604396822901,3.5279688388776003,6.860945237927077,10.923464935763215,15.365762711606976,17.60966426153715,20.56564211338512,24.563321281105495,25.522456862213488,26.386435282118576
0.0,0.8021604396822901,3.5279688388776003,6.860945237927077,10.923464935763215,15.365762711606976,17.60966426153715,20.56564211338512,24.563321281105495,25.522456862213488,26.386435282118576
0.0,0.8021604396822901,3.5279688388776003,6.749520986596737,10.923464935763215,15.365762711606976,17.60966426153715,20.56564211338512,24.563321281105495,25.522456862213488,26.386435282118576
0.0,0.8021604396822901,3.5279688388776003,6.860945237927077,10.923464935763215,15.365762711606976,17.60966426153715,20.56564211338512,24.563321281105495,25.522456862213488,26.386435282118576
0.0,0.8021604396822901,3.5279688388776003,6.860945237927077,10.923464935763215,15.365762711606976,17.60966426153715,20.56564211338512,24.563321281105495,25.522456862213488,26.386435282118576
0.0,0.8021604396822901,3.5279688388776003,6.860945237927077,10.923464935763215,15.365762711606976,17.60966426153715,20.56564211338512,24.563321281105495,25.522456862213488,26.386435282118576
0.0,0.8021604396822901,3.5279688388776003,6.749520986596737,10.923464935763215,15.365762711606976,17.60966426153715,20.56564211338512,24.563321281105495,25.522456862213488,26.386435282118576
0.0,0.8021604396822901,3.5279688388776003,6.860945237927077,10.923464935763215,15.365762711606976,17.60966426153715,20.56564211338512,24.563321281105495,25.522456862213488,26.386435282118576
0.0,0.8021604396822901,3.5279688388776003,6.749520986596737,10.923464935763215,15.365762711606976,17.60966426153715,20.56564211338512,24.563321281105495,25.522456862213488,26.386435282118576
0.0,0.8021604396822901,3.5279688388776003,6.860945237927077,10.923464935763215,15.365762711606976,17.60966426153715,20.56564211338512,24.563321281105495,25.522456862213488,26.386435282118576
0.0,0.8021604396822901,3.5279688388776003,6.749520986596737,10.923464935763215,15.365762711606976,17.60966426153715,20.56564211338512,24.563321281105495,25.522456862213488,26.386435282118576
0.0,0.8021604396822901,3.5279688388776003,6.860945237927077,10.923464935763215,15.365762711606976,17.60966426153715,20.56564211338512,24.563321281105495,25.522456862213488,26.386435282118576
0.0,0.8021604396822901,3.5279688388776003,6.749520986596737,10.923464935763215,15.365762711606976,17.60966426153715,20.56564211338512,24.563321281105495,25.522456862213488,26.386435282118576
0.0,0.8021604396822901,3.5279688388776003,6.749520986596737,10.923464935763215,15.365762711606976,17.60966426153715,20.56564211338512,24.563321281105495,25.522456862213488,26.386435282118576
0.0,0.8021604396822901,3.5279688388776003,6.749520986596737,10.923464935763215,15.365762711606976,17.60966426153715,20.56564211338512,24.563321281105495,25.522456862213488,26.386435282118576
0.0,0.8021604396822901,3.5279688388776003,6.749520986596737,10.923464935763215,15.365762711606976,17.60966426153715,20.56564211338512,24.563321281105495,25.522456862213488,26.386435282118576
0.0,0.8021604396822901,3.5279688388776003,6.749520986596737,10.923464935763215,15.365762711606976,17.60966426153715,20.56564211338512,24.563321281105495,25.522456862213488,26.386435282118576
0.0,0.8021604396822901,3.5279688388776003,6.749520986596737,10.923464935763215,15.365762711606976,17.60966426153715,20.56564211338512,24.563321281105495,25.522456862213488,26.386435282118576
0.0,0.8021604396822901,3.5279688388776003,6.749520986596737,10.923464935763215,15.365762711606976,17.60966426153715,20.56564211338512,24.563321281105495,25.522456862213488,26.386435282118576
0.0,0.8021604396822901,3.5279688388776003,6.860945237927077,10.923464935763215,15.365762711606976,17.60966426153715,20.56564211338512,24.563321281105495,25.522456862213488,26.386435282118576
0.0,0.8021604396822901,3.5279688388776003,6.860945237927077,10.923464935763215,15.365762711606976,17.60966426153715,20.56564211338512,24.563321281105495,25.522456862213488,26.386435282118576
0.0,0.8021604396822901,3.5279688388776003,6.860945237927077,10.923464935763215,15.365762711606976,17.60966426153715,20.56564211338512,24.563321281105495,25.522456862213488,26.386435282118576
0.0,0.8021604396822901,3.5279688388776003,6.860945237927077,10.923464935763215,15.365762711606976,17.60966426153715,20.56564211338512,24.563321281105495,25.522456862213488,26.386435282118576
0.0,0.8021604396822901,3.5279688388776003,6.749520986596737,10.923464935763215,15.365762711606976,17.60966426153715,20.56564211338512,24.563321281105495,25.522456862213488,26.386435282118576
0.0,0.8021604396822901,3.5279688388776003,6.860945237927077,10.923464935763215,15.365762711606976,17.60966426153715,20.56564211338512,24.563321281105495,25.522456862213488,26.386435282118576
0.0,0.8021604396822901,3.5279688388776003,6.860945237927077,10.923464935763215,15.365762711606976,17.60966426153715,20.56564211338512,24.563321281105495,25.522456862213488,26.386435282118576
0.0,0.8021604396822901,3.5279688388776003,6.860945237927077,10.923464935763215,15.365762711606976,17.60966426153715,20.56564211338512,24.563321281105495,25.522456862213488,26.386435282118576
0.0,0.8021604396822901,3.5279688388776003,6.860945237927077,10.923464935763215,15.365762711606976,17.60966426153715,20.56564211338512,24.563321281105495,25.522456862213488,26.386435282118576
0.0,0.8021604396822901,3.5279688388776003,6.749520986596737,10.923464935763215,15.365762711606976,17.60966426153715,20.56564211338512,24.563321281105495,25.522456862213488,26.386435282118576
0.0,0.8021604396822901,3.5279688388776003,6.749520986596737,10.923464935763215,15.365762711606976,17.60966426153715,20.56564211338512,24.563321281105495,25.522456862213488,26.386435282118576
0.0,0.8021604396822901,3.5279688388776003,6.749520986596737,10.923464935763215,15.365762711606976,17.60966426153715,20.56564211338512,24.563321281105495,25.522456862213488,26.386435282118576
0.0,0.8021604396822901,3.5279688388776003,6.749520986596737,10.923464935763215,15.365762711606976,17.60966426153715,20.56564211338512,24.563321281105495,25.522456862213488,26.386435282118576
0.0,0.8021604396822901,3.5279688388776003,6.860945237927077,10.923464935763215,15.365762711606976,17.60966426153715,20.56564211338512,24.563321281105495,25.522456862213488,26.386435282118576
0.0,0.8021604396822901,3.5279688388776003,6.749520986596737,10.923464935763215,15.365762711606976,17.60966426153715,20.56564211338512,24.563321281105495,25.522456862213488,26.386435282118576
0.0,0.8021604396822901,3.5279688388776003,6.749520986596737,10.923464935763215,15.365762711606976,17.60966426153715,20.56564211338512,24.563321281105495,25.522456862213488,26.386435282118576
0.0,0.8021604396822901,3.5279688388776003,6.749520986596737,10.923464935763215,15.365762711606976,17.60966426153715,20.56564211338512,24.563321281105495,25.522456862213488,26.386435282118576
0.0,0.8021604396822901,3.5279688388776003,6.860945237927077,10.923464935763215,15.365762711606976,17.60966426153715,20.56564211338512,24.563321281105495,25.522456862213488,26.386435282118576
0.0,0.8021604396822901,3.5279688388776003,6.749520986596737,10.923464935763215,15.365762711606976,17.60966426153715,20.56564211338512,24.563321281105495,25.522456862213488,26.386435282118576
0.0,0.8021604396822901,3.5279688388776003,6.860945237927077,10.923464935763215,15.365762711606976,17.60966426153715,20.56564211338512,24.563321281105495,25.522456862213488,26.386435282118576
0.0,0.8021604396822901,3.5279688388776003,6.749520986596737,10.923464935763215,15.365762711606976,17.60966426153715,20.56564211338512,24.563321281105495,25.522456862213488,26.386435282118576
0.0,0.8021604396822901,3.5279688388776003,6.860945237927077,10.923464935763215,15.365762711606976,17.60966426153715,20.56564211338512,24.563321281105495,25.522456862213488,26.386435282118576
0.0,0.8021604396822901,3.5279688388776003,6.860945237927077,10.923464935763215,15.365762711606976,17.60966426153715,20.56564211338512,24.563321281105495,25.522456862213488,26.386435282118576
0.0,0.8021604396822901,3.5279688388776003,6.860945237927077,10.923464935763215,15.365762711606976,17.60966426153715,20.56564211338512,24.563321281105495,25.522456862213488,26.386435282118576
0.0,0.8021604396822901,3.5279688388776003,6.860945237927077,10.923464935763215,15.365762711606976,17.60966426153715,20.56564211338512,24.563321281105495,25.522456862213488,26.386435282118576
0.0,0.8021604396822901,3.5279688388776003,6.860945237927077,10.923464935763215,15.365762711606976,17.60966426153715,20.56564211338512,24.563321281105495,25.522456862213488,26.386435282118576
0.0,0.8021604396822901,3.5279688388776003,6.860945237927077,10.923464935763215,15.365762711606976,17.60966426153715,20.56564211338512,24.563321281105495,25.522456862213488,26.386435282118576
0.0,0.8021604396822901,3.5279688388776003,6.749520986596737,10.923464935763215,15.365762711606976,17.60966426153715,20.56564211338512,24.563321281105495,25.522456862213488,26.386435282118576
0.0,0.8021604396822901,3.5279688388776003,6.749520986596737,10.923464935763215,15.365762711606976,17.60966426153715,20.56564211338512,24.563321281105495,25.522456862213488,26.386435282118576
0.0,0.8021604396822901,3.5279688388776003,6.860945237927077,10.923464935763215,15.365762711606976,17.60966426153715,20.56564211338512,24.563321281105495,25.522456862213488,26.386435282118576
0.0,0.8021604396822901,3.5279688388776003,6.749520986596737,10.923464935763215,15.365762711606976,17.60966426153715,20.56564211338512,24.563321281105495,25.522456862213488,26.386435282118576
0.0,0.8021604396822901,3.5279688388776003,6.749520986596737,10.923464935763215,15.365762711606976,17.60966426153715,20.56564211338512,24.563321281105495,25.522456862213488,26.386435282118576
0.0,0.8021604396822901,3.5279688388776003,6.860945237927077,10.923464935763215,15.365762711606976,17.60966426153715,20.56564211338512,24.563321281105495,25.522456862213488,26.386435282118576
0.0,0.8021604396822901,3.5279688388776003,6.749520986596737,10.923464935763215,15.365762711606976,17.60966426153715,20.56564211338512,24.563321281105495,25.522456862213488,26.386435282118576
0.0,0.8021604396822901,3.5279688388776003,6.749520986596737,10.923464935763215,15.365762711606976,17.60966426153715,20.56564211338512,24.563321281105495,25.522456862213488,26.386435282118576
0.0,0.8021604396822901,3.5279688388776003,6.860945237927077,10.923464935763215,15.365762711606976,17.60966426153715,20.56564211338512,24.563321281105495,25.522456862213488,26.386435282118576
0.0,0.8021604396822901,3.5279688388776003,6.749520986596737,10.923464935763215,15.365762711606976,17.60966426153715,20.56564211338512,24.563321281105495,25.522456862213488,26.386435282118576
0.0,0.8021604396822901,3.5279688388776003,6.860945237927077,10.923464935763215,15.365762711606976,17.60966426153715,20.56564211338512,24.563321281105495,25.522456862213488,26.386435282118576
0.0,0.8021604396822901,3.5279688388776003,6.860945237927077,10.923464935763215,15.365762711606976,17.60966426153715,20.56564211338512,24.563321281105495,25.522456862213488,26.386435282118576
0.0,0.8021604396822901,3.5279688388776003,6.749520986596737,10.923464935763215,15.365762711606976,17.60966426153715,20.56564211338512,24.563321281105495,25.522456862213488,26.386435282118576
0.0,0.8021604396822901,3.5279688388776003,6.860945237927077,10.923464935763215,15.365762711606976,17.60966426153715,20.56564211338512,24.563321281105495,25.522456862213488,26.386435282118576
0.0,0.8021604396822901,3.5279688388776003,6.860945237927077,10.923464935763215,15.365762711606976,17.60966426153715,20.56564211338512,24.563321281105495,25.522456862213488,26.386435282118576
0.0,0.8021604396822901,3.5279688388776003,6.749520986596737,10.923464935763215,15.365762711606976,17.60966426153715,20.56564211338512,24.563321281105495,25.522456862213488,26.386435282118576
0.0,0.8021604396822901,3.5279688388776003,6.860945237927077,10.923464935763215,15.365762711606976,17.60966426153715,20.56564211338512,24.563321281105495,25.522456862213488,26.386435282118576
0.0,0.8021604396822901,3.5279688388776003,6.749520986596737,10.923464935763215,15.365762711606976,17.60966426153715,20.56564211338512,24.563321281105495,25.522456862213488,26.386435282118576
0.0,0.8021604396822901,3.5279688388776003,6.860945237927077,10.923464935763215,15.365762711606976,17.60966426153715,20.56564211338512,24.563321281105495,25.522456862213488,26.386435282118576
0.0,0.8021604396822901,3.5279688388776003,6.749520986596737,10.923464935763215,15.365762711606976,17.60966426153715,20.56564211338512,24.563321281105495,25.522456862213488,26.386435282118576
0.0,0.8021604396822901,3.5279688388776003,6.749520986596737,10.923464935763215,15.365762711606976,17.60966426153715,20.56564211338512,24.563321281105495,25.522456862213488,26.386435282118576
0.0,0.8021604396822901,3.5279688388776003,6.860945237927077,10.923464935763215,15.365762711606976,17.60966426153715,20.56564211338512,24.563321281105495,25.522456862213488,26.386435282118576
0.0,0.8021604396822901,3.5279688388776003,6.860945237927077,10.923464935763215,15.365762711606976,17.60966426153715,20.56564211338512,24.563321281105495,25.522456862213488,26.386435282118576
0.0,0.8021604396822901,3.5279688388776003,6.860945237927077,10.923464935763215,15.365762711606976,17.60966426153715,20.56564211338512,24.563321281105495,25.522456862213488,26.386435282118576
0.0,0.8021604396822901,3.5279688388776003,6.749520986596737,10.923464935763215,15.365762711606976,17.60966426153715,20.56564211338512,24.563321281105495,25.522456862213488,26.386435282118576
0.0,0.8021604396822901,3.5279688388776003,6.749520986596737,10.923464935763215,15.365762711606976,17.60966426153715,20.56564211338512,24.563321281105495,25.522456862213488,26.386435282118576
0.0,0.8021604396822901,3.5279688388776003,6.749520986596737,10.923464935763215,15.365762711606976,17.60966426153715,20.56564211338512,24.563321281105495,25.522456862213488,26.386435282118576
0.0,0.8021604396822901,3.5279688388776003,6.860945237927077,10.923464935763215,15.365762711606976,17.60966426153715,20.56564211338512,24.563321281105495,25.522456862213488,26.386435282118576
0.0,0.8021604396822901,3.5279688388776003,6.860945237927077,10.923464935763215,15.365762711606976,17.60966426153715,20.56564211338512,24.563321281105495,25.522456862213488,26.386435282118576
0.0,0.8021604396822901,3.5279688388776003,6.749520986596737,10.923464935763215,15.365762711606976,17.60966426153715,20.56564211338512,24.563321281105495,25.522456862213488,26.386435282118576
0.0,0.8021604396822901,3.5279688388776003,6.749520986596737,10.923464935763215,15.365762711606976,17.60966426153715,20.56564211338512,24.563321281105495,25.522456862213488,26.386435282118576
0.0,0.8021604396822901,3.5279688388776003,6.749520986596737,10.923464935763215,15.365762711606976,17.60966426153715,20.56564211338512,24.563321281105495,25.522456862213488,26.386435282118576
0.0,0.8021604396822901,3.5279688388776003,6.860945237927077,10.923464935763215,15.365762711606976,17.60966426153715,20.56564211338512,24.563321281105495,25.522456862213488,26.386435282118576
0.0,0.8021604396822901,3.5279688388776003,6.749520986596737,10.923464935763215,15.365762711606976,17.60966426153715,20.56564211338512,24.563321281105495,25.522456862213488,26.386435282118576
0.0,0.8021604396822901,3.5279688388776003,6.749520986596737,10.923464935763215,15.365762711606976,17.60966426153715,20.56564211338512,24.563321281105495,25.522456862213488,26.386435282118576
0.0,0.8021604396822901,3.5279688388776003,6.749520986596737,10.923464935763215,15.365762711606976,17.60966426153715,20.56564211338512,24.563321281105495,25.522456862213488,26.386435282118576
0.0,0.8021604396822901,3.5279688388776003,6.860945237927077,10.923464935763215,15.365762711606976,17.60966426153715,20.56564211338512,24.563321281105495,25.522456862213488,26.386435282118576
0.0,0.8021604396822901,3.5279688388776003,6.860945237927077,10.923464935763215,15.365762711606976,17.60966426153715,20.56564211338512,24.563321281105495,25.522456862213488,26.386435282118576
0.0,0.8021604396822901,3.5279688388776003,6.749520986596737,10.923464935763215,15.365762711606976,17.60966426153715,20.56564211338512,24.563321281105495,25.522456862213488,26.386435282118576
0.0,0.8021604396822901,3.5279688388776003,6.749520986596737,10.923464935763215,15.365762711606976,17.60966426153715,20.56564211338512,24.563321281105495,25.522456862213488,26.386435282118576
0.0,0.8021604396822901,3.5279688388776003,6.860945237927077,10.923464935763215,15.365762711606976,17.60966426153715,20.56564211338512,24.563321281105495,25.522456862213488,26.386435282118576
0.0,0.8021604396822901,3.5279688388776003,6.749520986596737,10.923464935763215,15.365762711606976,17.60966426153715,20.56564211338512,24.563321281105495,25.522456862213488,26.386435282118576
0.0,0.8021604396822901,3.5279688388776003,6.749520986596737,10.923464935763215,15.365762711606976,17.60966426153715,20.56564211338512,24.563321281105495,25.522456862213488,26.386435282118576
0.0,0.8021604396822901,3.5279688388776003,6.749520986596737,10.923464935763215,15.365762711606976,17.60966426153715,20.56564211338512,24.563321281105495,25.522456862213488,26.386435282118576
0.0,0.8021604396822901,3.5279688388776003,6.749520986596737,10.923464935763215,15.365762711606976,17.60966426153715,20.56564211338512,24.563321281105495,25.522456862213488,26.386435282118576
0.0,0.8021604396822901,3.5279688388776003,6.749520986596737,10.923464935763215,15.365762711606976,17.60966426153715,20.56564211338512,24.563321281105495,25.522456862213488,26.386435282118576
0.0,0.8021604396822901,3.5279688388776003,6.749520986596737,10.923464935763215,15.365762711606976,17.60966426153715,20.56564211338512,24.563321281105495,25.522456862213488,26.386435282118576
0.0,0.8021604396822901,3.5279688388776003,6.860945237927077,10.923464935763215,15.365762711606976,17.60966426153715,20.56564211338512,24.563321281105495,25.522456862213488,26.386435282118576
0.0,0.8021604396822901,3.5279688388776003,6.860945237927077,10.923464935763215,15.365762711606976,17.60966426153715,20.56564211338512,24.563321281105495,25.522456862213488,26.386435282118576
0.0,0.8021604396822901,3.5279688388776003,6.860945237927077,10.923464935763215,15.365762711606976,17.60966426153715,20.56564211338512,24.563321281105495,25.522456862213488,26.386435282118576
0.0,0.8021604396822901,3.5279688388776003,6.749520986596737,10.923464935763215,15.365762711606976,17.60966426153715,20.56564211338512,24.563321281105495,25.522456862213488,26.386435282118576
0.0,0.8021604396822901,3.5279688388776003,6.749520986596737,10.923464935763215,15.365762711606976,17.60966426153715,20.56564211338512,24.563321281105495,25.522456862213488,26.386435282118576
0.0,0.8021604396822901,3.5279688388776003,6.860945237927077,10.923464935763215,15.365762711606976,17.60966426153715,20.56564211338512,24.563321281105495,25.522456862213488,26.386435282118576
0.0,0.8021604396822901,3.5279688388776003,6.749520986596737,10.923464935763215,15.365762711606976,17.60966426153715,20.56564211338512,24.563321281105495,25.522456862213488,26.386435282118576
0.0,0.8021604396822901,3.5279688388776003,6.749520986596737,10.923464935763215,15.365762711606976,17.60966426153715,20.56564211338512,24.563321281105495,25.522456862213488,26.386435282118576
0.0,0.8021604396822901,3.5279688388776003,6.860945237927077,10.923464935763215,15.365762711606976,17.60966426153715,20.56564211338512,24.563321281105495,25.522456862213488,26.386435282118576
0.0,0.8021604396822901,3.5279688388776003,6.749520986596737,10.923464935763215,15.365762711606976,17.60966426153715,20.56564211338512,24.563321281105495,25.522456862213488,26.386435282118576
0.0,0.8021604396822901,3.5279688388776003,6.860945237927077,10.923464935763215,15.365762711606976,17.60966426153715,20.56564211338512,24.563321281105495,25.522456862213488,26.386435282118576
0.0,0.8021604396822901,3.5279688388776003,6.749520986596737,10.923464935763215,15.365762711606976,17.60966426153715,20.56564211338512,24.563321281105495,25.522456862213488,26.386435282118576
0.0,0.8021604396822901,3.5279688388776003,6.749520986596737,10.923464935763215,15.365762711606976,17.60966426153715,20.56564211338512,24.563321281105495,25.522456862213488,26.386435282118576
0.0,0.8021604396822901,3.5279688388776003,6.860945237927077,10.923464935763215,15.365762711606976,17.60966426153715,20.56564211338512,24.563321281105495,25.522456862213488,26.386435282118576
0.0,0.8021604396822901,3.5279688388776003,6.749520986596737,10.923464935763215,15.365762711606976,17.60966426153715,20.56564211338512,24.563321281105495,25.522456862213488,26.386435282118576
0.0,0.8021604396822901,3.5279688388776003,6.860945237927077,10.923464935763215,15.365762711606976,17.60966426153715,20.56564211338512,24.563321281105495,25.522456862213488,26.386435282118576
0.0,0.8021604396822901,3.5279688388776003,6.860945237927077,10.923464935763215,15.365762711606976,17.60966426153715,20.56564211338512,24.563321281105495,25.522456862213488,26.386435282118576
0.0,0.8021604396822901,3.5279688388776003,6.749520986596737,10.923464935763215,15.365762711606976,17.60966426153715,20.56564211338512,24.563321281105495,25.522456862213488,26.386435282118576
0.0,0.8021604396822901,3.5279688388776003,6.860945237927077,10.923464935763215,15.365762711606976,17.60966426153715,20.56564211338512,24.563321281105495,25.522456862213488,26.386435282118576
0.0,0.8021604396822901,3.5279688388776003,6.749520986596737,10.923464935763215,15.365762711606976,17.60966426153715,20.56564211338512,24.563321281105495,25.522456862213488,26.386435282118576
0.0,0.8021604396822901,3.5279688388776003,6.860945237927077,10.923464935763215,15.365762711606976,17.60966426153715,20.56564211338512,24.563321281105495,25.522456862213488,26.386435282118576
0.0,0.8021604396822901,3.5279688388776003,6.860945237927077,10.923464935763215,15.365762711606976,17.60966426153715,20.56564211338512,24.563321281105495,25.522456862213488,26.386435282118576
0.0,0.8021604396822901,3.5279688388776003,6.860945237927077,10.923464935763215,15.365762711606976,17.60966426153715,20.56564211338512,24.563321281105495,25.522456862213488,26.386435282118576
0.0,0.8021604396822901,3.5279688388776003,6.860945237927077,10.923464935763215,15.365762711606976,17.60966426153715,20.56564211338512,24.563321281105495,25.522456862213488,26.386435282118576
0.0,0.8021604396822901,3.5279688388776003,6.749520986596737,10.923464935763215,15.365762711606976,17.60966426153715,20.56564211338512,24.563321281105495,25.522456862213488,26.386435282118576
0.0,0.8021604396822901,3.5279688388776003,6.860945237927077,10.923464935763215,15.365762711606976,17.60966426153715,20.56564211338512,24.563321281105495,25.522456862213488,26.386435282118576
0.0,0.8021604396822901,3.5279688388776003,6.749520986596737,10.923464935763215,15.365762711606976,17.60966426153715,20.56564211338512,24.563321281105495,25.522456862213488,26.386435282118576
0.0,0.8021604396822901,3.5279688388776003,6.749520986596737,10.923464935763215,15.365762711606976,17.60966426153715,20.56564211338512,24.563321281105495,25.522456862213488,26.386435282118576
0.0,0.8021604396822901,3.5279688388776003,6.860945237927077,10.923464935763215,15.365762711606976,17.60966426153715,20.56564211338512,24.563321281105495,25.522456862213488,26.386435282118576
0.0,0.8021604396822901,3.5279688388776003,6.749520986596737,10.923464935763215,15.365762711606976,17.60966426153715,20.56564211338512,24.563321281105495,25.522456862213488,26.386435282118576
0.0,0.8021604396822901,3.5279688388776003,6.749520986596737,10.923464935763215,15.365762711606976,17.60966426153715,20.56564211338512,24.563321281105495,25.522456862213488,26.386435282118576
0.0,0.8021604396822901,3.5279688388776003,6.749520986596737,10.923464935763215,15.365762711606976,17.60966426153715,20.56564211338512,24.563321281105495,25.522456862213488,26.386435282118576
0.0,0.8021604396822901,3.5279688388776003,6.749520986596737,10.923464935763215,15.365762711606976,17.60966426153715,20.56564211338512,24.563321281105495,25.522456862213488,26.386435282118576
0.0,0.8021604396822901,3.5279688388776003,6.860945237927077,10.923464935763215,15.365762711606976,17.60966426153715,20.56564211338512,24.563321281105495,25.522456862213488,26.386435282118576
0.0,0.8021604396822901,3.5279688388776003,6.749520986596737,10.923464935763215,15.365762711606976,17.60966426153715,20.56564211338512,24.563321281105495,25.522456862213488,26.386435282118576
0.0,0.8021604396822901,3.5279688388776003,6.860945237927077,10.923464935763215,15.365762711606976,17.60966426153715,20.56564211338512,24.563321281105495,25.522456862213488,26.386435282118576
0.0,0.8021604396822901,3.5279688388776003,6.860945237927077,10.923464935763215,15.365762711606976,17.60966426153715,20.56564211338512,24.563321281105495,25.522456862213488,26.386435282118576
0.0,0.8021604396822901,3.5279688388776003,6.749520986596737,10.923464935763215,15.365762711606976,17.60966426153715,20.56564211338512,24.563321281105495,25.522456862213488,26.386435282118576
0.0,0.8021604396822901,3.5279688388776003,6.749520986596737,10.923464935763215,15.365762711606976,17.60966426153715,20.56564211338512,24.563321281105495,25.522456862213488,26.386435282118576
0.0,0.8021604396822901,3.5279688388776003,6.749520986596737,10.923464935763215,15.365762711606976,17.60966426153715,20.56564211338512,24.563321281105495,25.522456862213488,26.386435282118576
0.0,0.8021604396822901,3.5279688388776003,6.860945237927077,10.923464935763215,15.365762711606976,17.60966426153715,20.56564211338512,24.563321281105495,25.522456862213488,26.386435282118576
0.0,0.8021604396822901,3.5279688388776003,6.860945237927077,10.923464935763215,15.365762711606976,17.60966426153715,20.56564211338512,24.563321281105495,25.522456862213488,26.386435282118576
0.0,0.8021604396822901,3.5279688388776003,6.749520986596737,10.923464935763215,15.365762711606976,17.60966426153715,20.56564211338512,24.563321281105495,25.522456862213488,26.386435282118576
0.0,0.8021604396822901,3.5279688388776003,6.749520986596737,10.923464935763215,15.365762711606976,17.60966426153715,20.56564211338512,24.563321281105495,25.522456862213488,26.386435282118576
0.0,0.8021604396822901,3.5279688388776003,6.749520986596737,10.923464935763215,15.365762711606976,17.60966426153715,20.56564211338512,24.563321281105495,25.522456862213488,26.386435282118576
0.0,0.8021604396822901,3.5279688388776003,6.860945237927077,10.923464935763215,15.365762711606976,17.60966426153715,20.56564211338512,24.563321281105495,25.522456862213488,26.386435282118576
0.0,0.8021604396822901,3.5279688388776003,6.749520986596737,10.923464935763215,15.365762711606976,17.60966426153715,20.56564211338512,24.563321281105495,25.522456862213488,26.386435282118576
0.0,0.8021604396822901,3.5279688388776003,6.749520986596737,10.923464935763215,15.365762711606976,17.60966426153715,20.56564211338512,24.563321281105495,25.522456862213488,26.386435282118576
0.0,0.8021604396822901,3.5279688388776003,6.860945237927077,10.923464935763215,15.365762711606976,17.60966426153715,20.56564211338512,24.563321281105495,25.522456862213488,26.386435282118576
0.0,0.8021604396822901,3.5279688388776003,6.749520986596737,10.923464935763215,15.365762711606976,17.60966426153715,20.56564211338512,24.563321281105495,25.522456862213488,26.386435282118576
0.0,0.8021604396822901,3.5279688388776003,6.749520986596737,10.923464935763215,15.365762711606976,17.60966426153715,20.56564211338512,24.563321281105495,25.522456862213488,26.386435282118576
0.0,0.8021604396822901,3.5279688388776003,6.749520986596737,10.923464935763215,15.365762711606976,17.60966426153715,20.56564211338512,24.563321281105495,25.522456862213488,26.386435282118576
0.0,0.8021604396822901,3.5279688388776003,6.749520986596737,10.923464935763215,15.365762711606976,17.60966426153715,20.56564211338512,24.563321281105495,25.522456862213488,26.386435282118576
0.0,0.8021604396822901,3.5279688388776003,6.860945237927077,10.923464935763215,15.365762711606976,17.60966426153715,20.56564211338512,24.563321281105495,25.522456862213488,26.386435282118576
0.0,0.8021604396822901,3.5279688388776003,6.860945237927077,10.923464935763215,15.365762711606976,17.60966426153715,20.56564211338512,24.563321281105495,25.522456862213488,26.386435282118576
0.0,0.8021604396822901,3.5279688388776003,6.860945237927077,10.923464935763215,15.365762711606976,17.60966426153715,20.56564211338512,24.563321281105495,25.522456862213488,26.386435282118576
0.0,0.8021604396822901,3.5279688388776003,6.749520986596737,10.923464935763215,15.365762711606976,17.60966426153715,20.56564211338512,24.563321281105495,25.522456862213488,26.386435282118576
0.0,0.8021604396822901,3.5279688388776003,6.749520986596737,10.923464935763215,15.365762711606976,17.60966426153715,20.56564211338512,24.563321281105495,25.522456862213488,26.386435282118576
0.0,0.8021604396822901,3.5279688388776003,6.749520986596737,10.923464935763215,15.365762711606976,17.60966426153715,20.56564211338512,24.563321281105495,25.522456862213488,26.386435282118576
0.0,0.8021604396822901,3.5279688388776003,6.860945237927077,10.923464935763215,15.365762711606976,17.60966426153715,20.56564211338512,24.563321281105495,25.522456862213488,26.386435282118576
0.0,0.8021604396822901,3.5279688388776003,6.860945237927077,10.923464935763215,15.365762711606976,17.60966426153715,20.56564211338512,24.563321281105495,25.522456862213488,26.386435282118576
0.0,0.8021604396822901,3.5279688388776003,6.860945237927077,10.923464935763215,15.365762711606976,17.60966426153715,20.56564211338512,24.563321281105495,25.522456862213488,26.386435282118576
0.0,0.8021604396822901,3.5279688388776003,6.860945237927077,10.923464935763215,15.365762711606976,17.60966426153715,20.56564211338512,24.563321281105495,25.522456862213488,26.386435282118576
0.0,0.8021604396822901,3.5279688388776003,6.860945237927077,10.923464935763215,15.365762711606976,17.60966426153715,20.56564211338512,24.563321281105495,25.522456862213488,26.386435282118576
0.0,0.8021604396822901,3.5279688388776003,6.860945237927077,10.923464935763215,15.365762711606976,17.60966426153715,20.56564211338512,24.563321281105495,25.522456862213488,26.386435282118576
0.0,0.8021604396822901,3.5279688388776003,6.860945237927077,10.923464935763215,15.365762711606976,17.60966426153715,20.56564211338512,24.563321281105495,25.522456862213488,26.386435282118576
0.0,0.8021604396822901,3.5279688388776003,6.860945237927077,10.923464935763215,15.365762711606976,17.60966426153715,20.56564211338512,24.563321281105495,25.522456862213488,26.386435282118576
0.0,0.8021604396822901,3.5279688388776003,6.749520986596737,10.923464935763215,15.365762711606976,17.60966426153715,20.56564211338512,24.563321281105495,25.522456862213488,26.386435282118576
0.0,0.8021604396822901,3.5279688388776003,6.749520986596737,10.923464935763215,15.365762711606976,17.60966426153715,20.56564211338512,24.563321281105495,25.522456862213488,26.386435282118576
0.0,0.8021604396822901,3.5279688388776003,6.860945237927077,10.923464935763215,15.365762711606976,17.60966426153715,20.56564211338512,24.563321281105495,25.522456862213488,26.386435282118576
0.0,0.8021604396822901,3.5279688388776003,6.860945237927077,10.923464935763215,15.365762711606976,17.60966426153715,20.56564211338512,24.563321281105495,25.522456862213488,26.386435282118576
0.0,0.8021604396822901,3.5279688388776003,6.860945237927077,10.923464935763215,15.365762711606976,17.60966426153715,20.56564211338512,24.563321281105495,25.522456862213488,26.386435282118576
0.0,0.8021604396822901,3.5279688388776003,6.860945237927077,10.923464935763215,15.365762711606976,17.60966426153715,20.56564211338512,24.563321281105495,25.522456862213488,26.386435282118576
0.0,0.8021604396822901,3.5279688388776003,6.749520986596737,10.923464935763215,15.365762711606976,17.60966426153715,20.465108154885183,24.563321281105495,25.522456862213488,26.386435282118576
0.0,0.8021604396822901,3.5279688388776003,6.860945237927077,10.923464935763215,15.365762711606976,17.60966426153715,20.465108154885183,24.563321281105495,25.522456862213488,26.386435282118576
0.0,0.8021604396822901,3.5279688388776003,6.860945237927077,10.923464935763215,15.365762711606976,17.60966426153715,20.465108154885183,24.563321281105495,25.522456862213488,26.386435282118576
0.0,0.8021604396822901,3.5279688388776003,6.749520986596737,10.884399617548727,15.365762711606976,17.60966426153715,20.465108154885183,24.563321281105495,25.522456862213488,26.386435282118576
0.0,0.8021604396822901,3.5279688388776003,6.749520986596737,10.884399617548727,15.365762711606976,17.60966426153715,20.465108154885183,24.563321281105495,25.522456862213488,26.386435282118576
0.0,0.8021604396822901,3.5279688388776003,6.749520986596737,10.884399617548727,15.365762711606976,17.60966426153715,20.465108154885183,24.563321281105495,25.522456862213488,26.386435282118576
0.0,0.8021604396822901,3.5279688388776003,6.860945237927077,10.884399617548727,15.365762711606976,17.60966426153715,20.465108154885183,24.563321281105495,25.522456862213488,26.386435282118576
0.0,0.8021604396822901,3.5279688388776003,6.860945237927077,10.884399617548727,15.365762711606976,17.60966426153715,20.465108154885183,24.563321281105495,25.522456862213488,26.386435282118576
0.0,0.8021604396822901,3.5279688388776003,6.860945237927077,10.884399617548727,15.365762711606976,17.60966426153715,20.465108154885183,24.563321281105495,25.522456862213488,26.386435282118576
0.0,0.8021604396822901,3.5279688388776003,6.860945237927077,10.884399617548727,15.365762711606976,17.60966426153715,20.465108154885183,24.563321281105495,25.522456862213488,26.386435282118576
0.0,0.8021604396822901,3.5279688388776003,6.749520986596737,10.884399617548727,15.365762711606976,17.60966426153715,20.465108154885183,24.563321281105495,25.522456862213488,26.386435282118576
0.0,0.8021604396822901,3.5279688388776003,6.860945237927077,10.884399617548727,15.365762711606976,17.60966426153715,20.465108154885183,24.563321281105495,25.522456862213488,26.386435282118576
0.0,0.8021604396822901,3.5279688388776003,6.860945237927077,10.884399617548727,15.365762711606976,17.60966426153715,20.465108154885183,24.563321281105495,25.522456862213488,26.386435282118576
0.0,0.8021604396822901,3.5279688388776003,6.749520986596737,10.884399617548727,15.365762711606976,17.60966426153715,20.465108154885183,24.563321281105495,25.522456862213488,26.386435282118576
0.0,0.8021604396822901,3.5279688388776003,6.749520986596737,10.884399617548727,15.365762711606976,17.60966426153715,20.465108154885183,24.563321281105495,25.522456862213488,26.386435282118576
0.0,0.8021604396822901,3.5279688388776003,6.860945237927077,10.884399617548727,15.365762711606976,17.60966426153715,20.465108154885183,24.563321281105495,25.522456862213488,26.386435282118576
0.0,0.8021604396822901,3.5279688388776003,6.860945237927077,10.884399617548727,15.365762711606976,17.60966426153715,20.465108154885183,24.563321281105495,25.522456862213488,26.386435282118576
0.0,0.8021604396822901,3.5279688388776003,6.749520986596737,10.884399617548727,15.365762711606976,17.60966426153715,20.465108154885183,24.563321281105495,25.522456862213488,26.386435282118576
0.0,0.8021604396822901,3.5279688388776003,6.749520986596737,10.884399617548727,15.365762711606976,17.60966426153715,20.465108154885183,24.563321281105495,25.522456862213488,26.541602969085698
0.0,0.8021604396822901,3.5279688388776003,6.860945237927077,10.884399617548727,15.365762711606976,17.60966426153715,20.465108154885183,24.563321281105495,25.522456862213488,26.541602969085698
0.0,0.8021604396822901,3.5279688388776003,6.749520986596737,10.884399617548727,15.365762711606976,17.60966426153715,20.465108154885183,24.563321281105495,25.522456862213488,26.541602969085698
0.0,0.8021604396822901,3.5279688388776003,6.749520986596737,10.884399617548727,15.365762711606976,17.60966426153715,20.465108154885183,24.563321281105495,25.522456862213488,26.541602969085698
0.0,0.8021604396822901,3.5279688388776003,6.749520986596737,10.884399617548727,15.365762711606976,17.60966426153715,20.465108154885183,24.563321281105495,25.522456862213488,26.541602969085698
0.0,0.8021604396822901,3.5279688388776003,6.749520986596737,10.884399617548727,15.365762711606976,17.60966426153715,20.465108154885183,24.563321281105495,25.522456862213488,26.541602969085698
0.0,0.8021604396822901,3.5279688388776003,6.860945237927077,10.810202852588425,15.365762711606976,17.60966426153715,20.465108154885183,24.563321281105495,25.522456862213488,26.541602969085698
0.0,0.8021604396822901,3.5279688388776003,6.749520986596737,10.810202852588425,15.365762711606976,17.60966426153715,20.465108154885183,24.563321281105495,25.522456862213488,26.541602969085698
0.0,0.8021604396822901,3.5279688388776003,6.860945237927077,10.810202852588425,15.365762711606976,17.60966426153715,20.465108154885183,24.563321281105495,25.522456862213488,26.541602969085698
0.0,0.8021604396822901,3.5279688388776003,6.749520986596737,10.810202852588425,15.365762711606976,17.60966426153715,20.465108154885183,24.563321281105495,25.522456862213488,26.541602969085698
0.0,0.8021604396822901,3.5279688388776003,6.860945237927077,10.810202852588425,15.365762711606976,17.60966426153715,20.465108154885183,24.563321281105495,25.522456862213488,26.541602969085698
0.0,0.8021604396822901,3.5279688388776003,6.749520986596737,10.810202852588425,15.365762711606976,17.60966426153715,20.465108154885183,24.707477165698773,25.522456862213488,26.541602969085698
0.0,0.8021604396822901,3.5279688388776003,6.860945237927077,10.810202852588425,15.365762711606976,17.60966426153715,20.465108154885183,24.707477165698773,25.522456862213488,26.541602969085698
0.0,0.8021604396822901,3.5279688388776003,6.860945237927077,10.810202852588425,15.365762711606976,17.60966426153715,20.465108154885183,24.707477165698773,25.535184986888364,26.541602969085698
0.0,0.8021604396822901,3.5279688388776003,6.860945237927077,10.810202852588425,15.365762711606976,17.60966426153715,20.465108154885183,24.707477165698773,25.535184986888364,26.541602969085698
0.0,0.8021604396822901,3.5279688388776003,6.860945237927077,10.810202852588425,15.365762711606976,17.60966426153715,20.465108154885183,24.707477165698773,25.535184986888364,26.541602969085698
0.0,0.8021604396822901,3.5279688388776003,6.860945237927077,10.810202852588425,15.365762711606976,17.60966426153715,20.465108154885183,24.707477165698773,25.535184986888364,26.541602969085698
0.0,0.8021604396822901,3.5279688388776003,6.749520986596737,10.810202852588425,15.365762711606976,17.60966426153715,20.465108154885183,24.707477165698773,25.535184986888364,26.541602969085698
0.0,0.8021604396822901,3.5279688388776003,6.860945237927077,10.810202852588425,15.365762711606976,17.60966426153715,20.465108154885183,24.707477165698773,25.535184986888364,26.541602969085698
0.0,0.8021604396822901,3.5279688388776003,6.749520986596737,10.810202852588425,15.365762711606976,17.60966426153715,20.465108154885183,24.707477165698773,25.535184986888364,26.541602969085698
0.0,0.8021604396822901,3.5279688388776003,6.860945237927077,10.810202852588425,15.365762711606976,17.60966426153715,20.465108154885183,24.707477165698773,25.535184986888364,26.541602969085698
0.0,0.8021604396822901,3.5279688388776003,6.860945237927077,10.810202852588425,15.365762711606976,17.60966426153715,20.465108154885183,24.707477165698773,25.535184986888364,26.541602969085698
0.0,0.8021604396822901,3.5279688388776003,6.860945237927077,10.810202852588425,15.365762711606976,17.60966426153715,20.465108154885183,24.707477165698773,25.535184986888364,26.541602969085698
0.0,0.8021604396822901,3.5279688388776003,6.860945237927077,10.810202852588425,15.365762711606976,17.60966426153715,20.465108154885183,24.707477165698773,25.535184986888364,26.541602969085698
0.0,0.8021604396822901,3.5279688388776003,6.860945237927077,10.810202852588425,15.365762711606976,17.60966426153715,20.465108154885183,24.707477165698773,25.535184986888364,26.541602969085698
0.0,0.8021604396822901,3.5279688388776003,6.749520986596737,10.810202852588425,15.365762711606976,17.60966426153715,20.465108154885183,24.707477165698773,25.535184986888364,26.541602969085698
0.0,0.8021604396822901,3.5279688388776003,6.860945237927077,10.810202852588425,15.365762711606976,17.60966426153715,20.465108154885183,24.707477165698773,25.535184986888364,26.541602969085698
0.0,0.8021604396822901,3.5279688388776003,6.749520986596737,10.810202852588425,15.365762711606976,17.60966426153715,20.465108154885183,24.707477165698773,25.535184986888364,26.541602969085698
0.0,0.8021604396822901,3.5279688388776003,6.749520986596737,10.810202852588425,15.365762711606976,17.60966426153715,20.465108154885183,24.707477165698773,25.535184986888364,26.541602969085698
0.0,0.8021604396822901,3.5279688388776003,6.860945237927077,10.810202852588425,15.365762711606976,17.60966426153715,20.465108154885183,24.707477165698773,25.535184986888364,26.541602969085698
0.0,0.8021604396822901,3.5279688388776003,6.860945237927077,10.810202852588425,15.365762711606976,17.60966426153715,20.465108154885183,24.707477165698773,25.535184986888364,26.541602969085698
0.0,0.8021604396822901,3.5279688388776003,6.860945237927077,10.810202852588425,15.365762711606976,17.60966426153715,20.465108154885183,24.707477165698773,25.535184986888364,26.541602969085698
0.0,0.8021604396822901,3.5279688388776003,6.860945237927077,10.810202852588425,15.365762711606976,17.60966426153715,20.465108154885183,24.707477165698773,25.535184986888364,26.541602969085698
0.0,0.8021604396822901,3.5279688388776003,6.860945237927077,10.810202852588425,15.365762711606976,17.60966426153715,20.465108154885183,24.707477165698773,25.535184986888364,26.541602969085698
0.0,0.8021604396822901,3.5279688388776003,6.860945237927077,10.810202852588425,15.365762711606976,17.60966426153715,20.465108154885183,24.707477165698773,25.535184986888364,26.541602969085698
0.0,0.8021604396822901,3.5279688388776003,6.860945237927077,10.810202852588425,15.365762711606976,17.60966426153715,20.465108154885183,24.707477165698773,25.535184986888364,26.541602969085698
0.0,0.8021604396822901,3.5279688388776003,6.860945237927077,10.810202852588425,15.365762711606976,17.60966426153715,20.465108154885183,24.707477165698773,25.535184986888364,26.541602969085698
0.0,0.8021604396822901,3.5279688388776003,6.749520986596737,10.810202852588425,15.365762711606976,17.60966426153715,20.465108154885183,24.707477165698773,25.535184986888364,26.541602969085698
0.0,0.8021604396822901,3.5279688388776003,6.860945237927077,10.810202852588425,15.365762711606976,17.60966426153715,20.465108154885183,24.707477165698773,25.535184986888364,26.541602969085698
0.0,0.8021604396822901,3.5279688388776003,6.749520986596737,10.810202852588425,15.365762711606976,17.60966426153715,20.465108154885183,24.707477165698773,25.535184986888364,26.541602969085698
0.0,0.8021604396822901,3.5279688388776003,6.749520986596737,10.810202852588425,15.365762711606976,17.60966426153715,20.465108154885183,24.707477165698773,25.535184986888364,26.541602969085698
0.0,0.8021604396822901,3.5279688388776003,6.749520986596737,10.810202852588425,15.365762711606976,17.60966426153715,20.465108154885183,24.707477165698773,25.535184986888364,26.541602969085698
0.0,0.8021604396822901,3.5279688388776003,6.749520986596737,10.810202852588425,15.365762711606976,17.60966426153715,20.465108154885183,24.707477165698773,25.535184986888364,26.541602969085698
0.0,0.8021604396822901,3.5279688388776003,6.860945237927077,10.810202852588425,15.365762711606976,17.60966426153715,20.465108154885183,24.707477165698773,25.535184986888364,26.541602969085698
0.0,0.8021604396822901,3.5279688388776003,6.749520986596737,10.810202852588425,15.365762711606976,17.60966426153715,20.465108154885183,24.707477165698773,25.535184986888364,26.541602969085698
0.0,0.8021604396822901,3.5279688388776003,6.749520986596737,10.810202852588425,15.365762711606976,17.60966426153715,20.465108154885183,24.707477165698773,25.535184986888364,26.541602969085698
0.0,0.8021604396822901,3.5279688388776003,6.860945237927077,10.810202852588425,15.365762711606976,17.60966426153715,20.465108154885183,24.707477165698773,25.535184986888364,26.541602969085698
0.0,0.8021604396822901,3.5279688388776003,6.860945237927077,10.810202852588425,15.365762711606976,17.60966426153715,20.465108154885183,24.707477165698773,25.535184986888364,26.541602969085698
0.0,0.8021604396822901,3.5279688388776003,6.749520986596737,10.810202852588425,15.365762711606976,17.60966426153715,20.465108154885183,24.707477165698773,25.535184986888364,26.541602969085698
0.0,0.8021604396822901,3.5279688388776003,6.749520986596737,10.810202852588425,15.365762711606976,17.60966426153715,20.465108154885183,24.707477165698773,25.535184986888364,26.541602969085698
0.0,0.8021604396822901,3.5279688388776003,6.749520986596737,10.810202852588425,15.365762711606976,17.60966426153715,20.465108154885183,24.707477165698773,25.535184986888364,26.541602969085698
0.0,0.8021604396822901,3.5279688388776003,6.860945237927077,10.810202852588425,15.365762711606976,17.60966426153715,20.465108154885183,24.707477165698773,25.535184986888364,26.541602969085698
0.0,0.8021604396822901,3.5279688388776003,6.860945237927077,10.810202852588425,15.365762711606976,17.60966426153715,20.465108154885183,24.707477165698773,25.535184986888364,26.541602969085698
0.0,0.8021604396822901,3.5279688388776003,6.749520986596737,10.810202852588425,15.365762711606976,17.60966426153715,20.465108154885183,24.707477165698773,25.535184986888364,26.541602969085698
0.0,0.8021604396822901,3.5279688388776003,6.749520986596737,10.810202852588425,15.365762711606976,17.60966426153715,20.465108154885183,24.707477165698773,25.535184986888364,26.541602969085698
0.0,0.8021604396822901,3.5279688388776003,6.860945237927077,10.810202852588425,15.365762711606976,17.60966426153715,20.465108154885183,24.707477165698773,25.535184986888364,26.541602969085698
0.0,0.8021604396822901,3.5279688388776003,6.749520986596737,10.810202852588425,15.365762711606976,17.60966426153715,20.465108154885183,24.707477165698773,25.535184986888364,26.541602969085698
0.0,0.8021604396822901,3.5279688388776003,6.749520986596737,10.810202852588425,15.365762711606976,17.60966426153715,20.465108154885183,24.784666103166156,25.350611990409856,26.541602969085698
0.0,0.8021604396822901,3.5279688388776003,6.860945237927077,10.810202852588425,15.365762711606976,17.60966426153715,20.465108154885183,24.784666103166156,25.350611990409856,26.541602969085698
0.0,0.8021604396822901,3.5279688388776003,6.860945237927077,10.810202852588425,15.365762711606976,17.60966426153715,20.465108154885183,24.784666103166156,25.350611990409856,26.541602969085698
0.0,0.8021604396822901,3.5279688388776003,6.860945237927077,10.810202852588425,15.365762711606976,17.60966426153715,20.465108154885183,24.784666103166156,25.350611990409856,26.541602969085698
0.0,0.8021604396822901,3.5279688388776003,6.860945237927077,10.810202852588425,15.365762711606976,17.60966426153715,20.465108154885183,24.784666103166156,25.350611990409856,26.541602969085698
0.0,0.8021604396822901,3.5279688388776003,6.749520986596737,10.810202852588425,15.365762711606976,17.60966426153715,20.465108154885183,24.784666103166156,25.350611990409856,26.541602969085698
0.0,0.8021604396822901,3.5279688388776003,6.860945237927077,10.810202852588425,15.365762711606976,17.60966426153715,20.465108154885183,24.784666103166156,25.350611990409856,26.541602969085698
0.0,0.8021604396822901,3.5279688388776003,6.860945237927077,10.810202852588425,15.365762711606976,17.60966426153715,20.465108154885183,24.784666103166156,25.350611990409856,26.541602969085698
0.0,0.8021604396822901,3.5279688388776003,6.860945237927077,10.810202852588425,15.365762711606976,17.60966426153715,20.465108154885183,24.784666103166156,25.350611990409856,26.541602969085698
0.0,0.8021604396822901,3.5279688388776003,6.749520986596737,10.810202852588425,15.365762711606976,17.60966426153715,20.465108154885183,24.784666103166156,25.350611990409856,26.541602969085698
0.0,0.8021604396822901,3.5279688388776003,6.749520986596737,10.810202852588425,15.365762711606976,17.60966426153715,20.465108154885183,24.784666103166156,25.350611990409856,26.541602969085698
0.0,0.8021604396822901,3.5279688388776003,6.860945237927077,10.810202852588425,15.365762711606976,17.60966426153715,20.465108154885183,24.784666103166156,25.350611990409856,26.541602969085698
0.0,0.8021604396822901,3.5279688388776003,6.749520986596737,10.810202852588425,15.365762711606976,17.60966426153715,20.465108154885183,24.784666103166156,25.350611990409856,26.541602969085698
0.0,0.8021604396822901,3.5279688388776003,6.860945237927077,10.810202852588425,15.365762711606976,17.60966426153715,20.465108154885183,24.784666103166156,25.350611990409856,26.541602969085698
0.0,0.8021604396822901,3.5279688388776003,6.860945237927077,10.810202852588425,15.365762711606976,17.60966426153715,20.465108154885183,24.784666103166156,25.350611990409856,26.541602969085698
0.0,0.8021604396822901,3.5279688388776003,6.749520986596737,10.810202852588425,15.365762711606976,17.60966426153715,20.465108154885183,24.784666103166156,25.350611990409856,26.541602969085698
0.0,0.8021604396822901,3.5279688388776003,6.860945237927077,10.810202852588425,15.365762711606976,17.60966426153715,20.465108154885183,24.784666103166156,25.350611990409856,26.541602969085698
0.0,0.8021604396822901,3.5279688388776003,6.749520986596737,10.810202852588425,15.365762711606976,17.60966426153715,20.465108154885183,24.784666103166156,25.350611990409856,26.541602969085698
0.0,0.8021604396822901,3.5279688388776003,6.749520986596737,10.810202852588425,15.365762711606976,17.60966426153715,20.465108154885183,24.784666103166156,25.350611990409856,26.541602969085698
0.0,0.8021604396822901,3.5279688388776003,6.860945237927077,10.810202852588425,15.365762711606976,17.60966426153715,20.465108154885183,24.652782682459883,25.288702878029483,26.541602969085698
0.0,0.8021604396822901,3.5279688388776003,6.860945237927077,10.810202852588425,15.365762711606976,17.60966426153715,20.465108154885183,24.652782682459883,25.288702878029483,26.541602969085698
0.0,0.8021604396822901,3.5279688388776003,6.749520986596737,10.810202852588425,15.365762711606976,17.60966426153715,20.465108154885183,24.652782682459883,25.172220791953638,26.44951392385452
0.0,0.8021604396822901,3.5279688388776003,6.860945237927077,10.810202852588425,15.365762711606976,17.60966426153715,20.465108154885183,24.652782682459883,25.172220791953638,26.44951392385452
0.0,0.8021604396822901,3.5279688388776003,6.860945237927077,10.810202852588425,15.365762711606976,17.60966426153715,20.465108154885183,24.652782682459883,25.172220791953638,26.44951392385452
0.0,0.8021604396822901,3.5279688388776003,6.749520986596737,10.810202852588425,15.365762711606976,17.60966426153715,20.465108154885183,24.652782682459883,25.172220791953638,26.44951392385452
0.0,0.8021604396822901,3.5279688388776003,6.860945237927077,10.810202852588425,15.365762711606976,17.60966426153715,20.465108154885183,24.652782682459883,25.172220791953638,26.44951392385452
0.0,0.8021604396822901,3.5279688388776003,6.749520986596737,10.810202852588425,15.365762711606976,17.60966426153715,20.465108154885183,24.652782682459883,25.172220791953638,26.44951392385452
0.0,0.8021604396822901,3.5279688388776003,6.860945237927077,10.810202852588425,15.365762711606976,17.60966426153715,20.465108154885183,24.652782682459883,25.172220791953638,26.44951392385452
0.0,0.8021604396822901,3.5279688388776003,6.749520986596737,10.810202852588425,15.365762711606976,17.60966426153715,20.465108154885183,24.652782682459883,25.172220791953638,26.44951392385452
0.0,0.8021604396822901,3.5279688388776003,6.860945237927077,10.810202852588425,15.365762711606976,17.60966426153715,20.465108154885183,24.652782682459883,25.172220791953638,26.44951392385452
0.0,0.8021604396822901,3.5279688388776003,6.749520986596737,10.810202852588425,15.365762711606976,17.60966426153715,20.465108154885183,24.652782682459883,25.172220791953638,26.44951392385452
0.0,0.8021604396822901,3.5279688388776003,6.749520986596737,10.810202852588425,15.365762711606976,17.60966426153715,20.465108154885183,24.652782682459883,25.172220791953638,26.44951392385452
0.0,0.8021604396822901,3.5279688388776003,6.749520986596737,10.810202852588425,15.365762711606976,17.60966426153715,20.465108154885183,24.652782682459883,25.172220791953638,26.44951392385452
0.0,0.8021604396822901,3.5279688388776003,6.749520986596737,10.810202852588425,15.365762711606976,17.60966426153715,20.465108154885183,24.652782682459883,25.172220791953638,26.44951392385452
0.0,0.8021604396822901,3.5279688388776003,6.749520986596737,10.810202852588425,15.365762711606976,17.60966426153715,20.465108154885183,24.652782682459883,25.172220791953638,26.44951392385452
0.0,0.8021604396822901,3.5279688388776003,6.860945237927077,10.810202852588425,15.365762711606976,17.60966426153715,20.465108154885183,24.652782682459883,25.172220791953638,26.44951392385452
0.0,0.8021604396822901,3.5279688388776003,6.749520986596737,10.810202852588425,15.365762711606976,17.60966426153715,20.465108154885183,24.652782682459883,25.172220791953638,26.44951392385452
0.0,0.8021604396822901,3.5279688388776003,6.749520986596737,10.810202852588425,15.365762711606976,17.60966426153715,20.465108154885183,24.652782682459883,25.172220791953638,26.44951392385452
0.0,0.8021604396822901,3.5279688388776003,6.749520986596737,10.810202852588425,15.365762711606976,17.60966426153715,20.465108154885183,24.652782682459883,25.172220791953638,26.44951392385452
0.0,0.8021604396822901,3.5279688388776003,6.860945237927077,10.810202852588425,15.365762711606976,17.60966426153715,20.465108154885183,24.652782682459883,25.172220791953638,26.44951392385452
0.0,0.8021604396822901,3.5279688388776003,6.860945237927077,10.810202852588425,15.365762711606976,17.60966426153715,20.465108154885183,24.652782682459883,25.172220791953638,26.44951392385452
0.0,0.8021604396822901,3.5279688388776003,6.860945237927077,10.810202852588425,15.365762711606976,17.60966426153715,20.465108154885183,24.652782682459883,25.172220791953638,26.44951392385452
0.0,0.8021604396822901,3.5279688388776003,6.860945237927077,10.810202852588425,15.365762711606976,17.60966426153715,20.465108154885183,24.652782682459883,25.172220791953638,26.44951392385452
0.0,0.8021604396822901,3.5279688388776003,6.860945237927077,10.810202852588425,15.365762711606976,17.60966426153715,20.465108154885183,24.652782682459883,25.172220791953638,26.44951392385452
0.0,0.8021604396822901,3.5279688388776003,6.749520986596737,10.810202852588425,15.365762711606976,17.60966426153715,20.465108154885183,24.652782682459883,25.172220791953638,26.44951392385452
0.0,0.8021604396822901,3.5279688388776003,6.749520986596737,10.810202852588425,15.365762711606976,17.60966426153715,20.465108154885183,24.652782682459883,25.172220791953638,26.44951392385452
0.0,0.8021604396822901,3.5279688388776003,6.860945237927077,10.810202852588425,15.365762711606976,17.60966426153715,20.465108154885183,24.652782682459883,25.172220791953638,26.44951392385452
0.0,0.8021604396822901,3.5279688388776003,6.749520986596737,10.810202852588425,15.365762711606976,17.60966426153715,20.465108154885183,24.652782682459883,25.172220791953638,26.44951392385452
0.0,0.8021604396822901,3.5279688388776003,6.749520986596737,10.810202852588425,15.365762711606976,17.60966426153715,20.465108154885183,24.652782682459883,25.172220791953638,26.44951392385452
0.0,0.8021604396822901,3.5279688388776003,6.860945237927077,10.810202852588425,15.365762711606976,17.60966426153715,20.465108154885183,24.652782682459883,25.172220791953638,26.44951392385452
0.0,0.8021604396822901,3.5279688388776003,6.860945237927077,10.810202852588425,15.365762711606976,17.60966426153715,20.465108154885183,24.652782682459883,25.172220791953638,26.44951392385452
0.0,0.8021604396822901,3.5279688388776003,6.749520986596737,10.810202852588425,15.365762711606976,17.60966426153715,20.465108154885183,24.652782682459883,25.172220791953638,26.44951392385452
0.0,0.8021604396822901,3.5279688388776003,6.860945237927077,10.810202852588425,15.365762711606976,17.60966426153715,20.465108154885183,24.652782682459883,25.172220791953638,26.44951392385452
0.0,0.8021604396822901,3.5279688388776003,6.749520986596737,10.810202852588425,15.365762711606976,17.60966426153715,20.465108154885183,24.652782682459883,25.172220791953638,26.44951392385452
0.0,0.8021604396822901,3.5279688388776003,6.860945237927077,10.810202852588425,15.365762711606976,17.60966426153715,20.465108154885183,24.652782682459883,25.172220791953638,26.44951392385452
0.0,0.8021604396822901,3.5279688388776003,6.749520986596737,10.810202852588425,15.365762711606976,17.60966426153715,20.465108154885183,24.652782682459883,25.172220791953638,26.44951392385452
0.0,0.8021604396822901,3.5279688388776003,6.860945237927077,10.810202852588425,15.365762711606976,17.60966426153715,20.465108154885183,24.652782682459883,25.172220791953638,26.44951392385452
0.0,0.8021604396822901,3.5279688388776003,6.749520986596737,10.810202852588425,15.365762711606976,17.60966426153715,20.465108154885183,24.652782682459883,25.172220791953638,26.44951392385452
0.0,0.8021604396822901,3.5279688388776003,6.860945237927077,10.810202852588425,15.365762711606976,17.60966426153715,20.465108154885183,24.652782682459883,25.172220791953638,26.44951392385452
0.0,0.8021604396822901,3.5279688388776003,6.749520986596737,10.810202852588425,15.365762711606976,17.60966426153715,20.465108154885183,24.652782682459883,25.172220791953638,26.44951392385452
0.0,0.8021604396822901,3.5279688388776003,6.749520986596737,10.810202852588425,15.365762711606976,17.60966426153715,20.465108154885183,24.652782682459883,25.172220791953638,26.44951392385452
0.0,0.8021604396822901,3.5279688388776003,6.749520986596737,10.810202852588425,15.365762711606976,17.60966426153715,20.465108154885183,24.652782682459883,25.172220791953638,26.44951392385452
0.0,0.8021604396822901,3.5279688388776003,6.860945237927077,10.810202852588425,15.365762711606976,17.60966426153715,20.465108154885183,24.652782682459883,25.172220791953638,26.44951392385452
0.0,0.8021604396822901,3.5279688388776003,6.749520986596737,10.810202852588425,15.365762711606976,17.60966426153715,20.465108154885183,24.652782682459883,25.172220791953638,26.44951392385452
0.0,0.8021604396822901,3.5279688388776003,6.749520986596737,10.810202852588425,15.365762711606976,17.60966426153715,20.465108154885183,24.652782682459883,25.172220791953638,26.44951392385452
0.0,0.8021604396822901,3.5279688388776003,6.749520986596737,10.810202852588425,15.365762711606976,17.60966426153715,20.465108154885183,24.652782682459883,25.172220791953638,26.44951392385452
0.0,0.8021604396822901,3.5279688388776003,6.749520986596737,10.810202852588425,15.365762711606976,17.60966426153715,20.465108154885183,24.652782682459883,25.172220791953638,26.44951392385452
0.0,0.8021604396822901,3.5279688388776003,6.860945237927077,10.810202852588425,15.365762711606976,17.60966426153715,20.465108154885183,24.652782682459883,25.172220791953638,26.44951392385452
0.0,0.8021604396822901,3.5279688388776003,6.860945237927077,10.810202852588425,15.365762711606976,17.60966426153715,20.465108154885183,24.652782682459883,25.172220791953638,26.44951392385452
0.0,0.8021604396822901,3.5279688388776003,6.749520986596737,10.810202852588425,15.365762711606976,17.60966426153715,20.465108154885183,24.652782682459883,25.172220791953638,26.44951392385452
0.0,0.8021604396822901,3.5279688388776003,6.749520986596737,10.810202852588425,15.365762711606976,17.60966426153715,20.465108154885183,24.652782682459883,25.172220791953638,26.44951392385452
0.0,0.8021604396822901,3.5279688388776003,6.749520986596737,10.810202852588425,15.365762711606976,17.60966426153715,20.465108154885183,24.652782682459883,25.172220791953638,26.44951392385452
0.0,0.8021604396822901,3.5279688388776003,6.860945237927077,10.810202852588425,15.365762711606976,17.60966426153715,20.465108154885183,24.652782682459883,25.172220791953638,26.44951392385452
0.0,0.8021604396822901,3.5279688388776003,6.860945237927077,10.810202852588425,15.365762711606976,17.60966426153715,20.465108154885183,24.652782682459883,25.172220791953638,26.44951392385452
0.0,0.8021604396822901,3.5279688388776003,6.749520986596737,10.810202852588425,15.365762711606976,17.60966426153715,20.465108154885183,24.652782682459883,25.172220791953638,26.44951392385452
0.0,0.8021604396822901,3.5279688388776003,6.860945237927077,10.810202852588425,15.365762711606976,17.60966426153715,20.465108154885183,24.652782682459883,25.172220791953638,26.44951392385452
0.0,0.8021604396822901,3.5279688388776003,6.749520986596737,10.810202852588425,15.365762711606976,17.60966426153715,20.465108154885183,24.552127214416508,25.037922369071573,26.301576054721824
0.0,0.8021604396822901,3.5279688388776003,6.860945237927077,10.810202852588425,15.365762711606976,17.60966426153715,20.465108154885183,24.552127214416508,25.037922369071573,26.301576054721824
0.0,0.8021604396822901,3.5279688388776003,6.860945237927077,10.810202852588425,15.365762711606976,17.532900607471774,20.465108154885183,24.552127214416508,25.037922369071573,26.301576054721824
0.0,0.8021604396822901,3.5279688388776003,6.749520986596737,10.810202852588425,15.365762711606976,17.532900607471774,20.465108154885183,24.552127214416508,25.037922369071573,26.301576054721824
0.0,0.8021604396822901,3.5279688388776003,6.860945237927077,10.810202852588425,15.365762711606976,17.532900607471774,20.465108154885183,24.552127214416508,25.037922369071573,26.301576054721824
0.0,0.8021604396822901,3.5279688388776003,6.749520986596737,10.810202852588425,15.365762711606976,17.532900607471774,20.465108154885183,24.552127214416508,25.037922369071573,26.301576054721824
0.0,0.8021604396822901,3.5279688388776003,6.749520986596737,10.810202852588425,15.365762711606976,17.532900607471774,20.465108154885183,24.552127214416508,25.037922369071573,26.301576054721824
0.0,0.8021604396822901,3.5279688388776003,6.749520986596737,10.810202852588425,15.365762711606976,17.532900607471774,20.465108154885183,24.552127214416508,25.037922369071573,26.301576054721824
0.0,0.8021604396822901,3.5279688388776003,6.749520986596737,10.810202852588425,15.365762711606976,17.532900607471774,20.465108154885183,24.552127214416508,25.037922369071573,26.301576054721824
0.0,0.8021604396822901,3.5279688388776003,6.749520986596737,10.810202852588425,15.365762711606976,17.532900607471774,20.465108154885183,24.552127214416508,25.037922369071573,26.301576054721824
0.0,0.8021604396822901,3.5279688388776003,6.749520986596737,10.810202852588425,15.365762711606976,17.532900607471774,20.465108154885183,24.552127214416508,25.037922369071573,26.301576054721824
0.0,0.8021604396822901,3.5279688388776003,6.860945237927077,10.810202852588425,15.365762711606976,17.532900607471774,20.465108154885183,24.552127214416508,25.037922369071573,26.301576054721824
0.0,0.8021604396822901,3.5279688388776003,6.860945237927077,10.810202852588425,15.365762711606976,17.532900607471774,20.465108154885183,24.552127214416508,25.037922369071573,26.301576054721824
0.0,0.8021604396822901,3.5279688388776003,6.860945237927077,10.810202852588425,15.365762711606976,17.532900607471774,20.465108154885183,24.552127214416508,25.037922369071573,26.301576054721824
0.0,0.8021604396822901,3.5279688388776003,6.749520986596737,10.810202852588425,15.365762711606976,17.532900607471774,20.465108154885183,24.552127214416508,25.037922369071573,26.301576054721824
0.0,0.8021604396822901,3.5279688388776003,6.860945237927077,10.810202852588425,15.365762711606976,17.532900607471774,20.465108154885183,24.552127214416508,25.037922369071573,26.301576054721824
0.0,0.8021604396822901,3.5279688388776003,6.860945237927077,10.810202852588425,15.365762711606976,17.532900607471774,20.465108154885183,24.552127214416508,25.037922369071573,26.147851293583003
0.0,0.8021604396822901,3.5279688388776003,6.749520986596737,10.810202852588425,15.365762711606976,17.532900607471774,20.465108154885183,24.552127214416508,25.037922369071573,26.147851293583003
0.0,0.8021604396822901,3.5279688388776003,6.860945237927077,10.810202852588425,15.365762711606976,17.532900607471774,20.465108154885183,24.552127214416508,25.037922369071573,26.147851293583003
0.0,0.8021604396822901,3.5279688388776003,6.860945237927077,10.810202852588425,15.365762711606976,17.532900607471774,20.465108154885183,24.552127214416508,25.037922369071573,26.147851293583003
0.0,0.8021604396822901,3.5279688388776003,6.749520986596737,10.810202852588425,15.365762711606976,17.532900607471774,20.465108154885183,24.552127214416508,25.037922369071573,26.147851293583003
0.0,0.8021604396822901,3.5279688388776003,6.860945237927077,10.810202852588425,15.365762711606976,17.532900607471774,20.465108154885183,24.552127214416508,25.037922369071573,26.147851293583003
0.0,0.8021604396822901,3.5279688388776003,6.860945237927077,10.810202852588425,15.365762711606976,17.532900607471774,20.465108154885183,24.552127214416508,25.037922369071573,26.147851293583003
0.0,0.8021604396822901,3.5279688388776003,6.860945237927077,10.810202852588425,15.365762711606976,17.532900607471774,20.465108154885183,24.552127214416508,25.037922369071573,26.147851293583003
0.0,0.8021604396822901,3.5279688388776003,6.749520986596737,10.810202852588425,15.365762711606976,17.532900607471774,20.465108154885183,24.552127214416508,25.037922369071573,26.147851293583003
0.0,0.8021604396822901,3.5279688388776003,6.860945237927077,10.810202852588425,15.365762711606976,17.532900607471774,20.465108154885183,24.552127214416508,25.037922369071573,26.147851293583003
0.0,0.8021604396822901,3.5279688388776003,6.860945237927077,10.810202852588425,15.365762711606976,17.532900607471774,20.465108154885183,24.552127214416508,25.037922369071573,26.147851293583003
0.0,0.8021604396822901,3.5279688388776003,6.860945237927077,10.810202852588425,15.365762711606976,17.532900607471774,20.465108154885183,24.552127214416508,25.037922369071573,26.147851293583003
0.0,0.8021604396822901,3.5279688388776003,6.860945237927077,10.810202852588425,15.365762711606976,17.532900607471774,20.465108154885183,24.552127214416508,25.037922369071573,26.147851293583003
0.0,0.8021604396822901,3.5279688388776003,6.749520986596737,10.810202852588425,15.365762711606976,17.532900607471774,20.465108154885183,24.552127214416508,25.037922369071573,26.147851293583003
0.0,0.8021604396822901,3.5279688388776003,6.749520986596737,10.810202852588425,15.365762711606976,17.532900607471774,20.465108154885183,24.552127214416508,25.037922369071573,26.147851293583003
0.0,0.8021604396822901,3.5279688388776003,6.860945237927077,10.810202852588425,15.365762711606976,17.532900607471774,20.465108154885183,24.552127214416508,25.037922369071573,26.147851293583003
0.0,0.8021604396822901,3.5279688388776003,6.749520986596737,10.810202852588425,15.365762711606976,17.532900607471774,20.465108154885183,24.552127214416508,25.037922369071573,26.147851293583003
0.0,0.8021604396822901,3.5279688388776003,6.860945237927077,10.810202852588425,15.365762711606976,17.532900607471774,20.465108154885183,24.552127214416508,25.037922369071573,26.147851293583003
0.0,0.8021604396822901,3.5279688388776003,6.860945237927077,10.810202852588425,15.365762711606976,17.532900607471774,20.465108154885183,24.552127214416508,25.037922369071573,26.147851293583003
0.0,0.8021604396822901,3.5279688388776003,6.860945237927077,10.810202852588425,15.365762711606976,17.532900607471774,20.465108154885183,24.552127214416508,25.037922369071573,26.147851293583003
0.0,0.8021604396822901,3.5279688388776003,6.749520986596737,10.810202852588425,15.365762711606976,17.532900607471774,20.465108154885183,24.552127214416508,25.037922369071573,26.147851293583003
0.0,0.8021604396822901,3.5279688388776003,6.749520986596737,10.810202852588425,15.365762711606976,17.532900607471774,20.465108154885183,24.552127214416508,25.037922369071573,26.147851293583003
0.0,0.8021604396822901,3.5279688388776003,6.860945237927077,10.810202852588425,15.365762711606976,17.532900607471774,20.465108154885183,24.552127214416508,25.037922369071573,26.147851293583003
0.0,0.8021604396822901,3.5279688388776003,6.860945237927077,10.810202852588425,15.365762711606976,17.532900607471774,20.465108154885183,24.552127214416508,25.037922369071573,26.147851293583003
0.0,0.8021604396822901,3.5279688388776003,6.749520986596737,10.810202852588425,15.365762711606976,17.532900607471774,20.465108154885183,24.552127214416508,25.037922369071573,26.147851293583003
0.0,0.8021604396822901,3.5279688388776003,6.749520986596737,10.810202852588425,15.365762711606976,17.532900607471774,20.465108154885183,24.552127214416508,25.037922369071573,26.147851293583003
0.0,0.8021604396822901,3.5279688388776003,6.749520986596737,10.810202852588425,15.365762711606976,17.532900607471774,20.465108154885183,24.552127214416508,25.037922369071573,26.147851293583003
0.0,0.8021604396822901,3.5279688388776003,6.749520986596737,10.810202852588425,15.365762711606976,17.532900607471774,20.465108154885183,24.552127214416508,25.037922369071573,26.147851293583003
0.0,0.8021604396822901,3.5279688388776003,6.860945237927077,10.810202852588425,15.365762711606976,17.532900607471774,20.465108154885183,24.552127214416508,25.037922369071573,26.147851293583003
0.0,0.8021604396822901,3.5279688388776003,6.749520986596737,10.810202852588425,15.365762711606976,17.532900607471774,20.465108154885183,24.552127214416508,25.037922369071573,26.147851293583003
0.0,0.8021604396822901,3.5279688388776003,6.749520986596737,10.810202852588425,15.365762711606976,17.532900607471774,20.465108154885183,24.552127214416508,25.037922369071573,26.147851293583003
0.0,0.8021604396822901,3.5279688388776003,6.860945237927077,10.810202852588425,15.365762711606976,17.532900607471774,20.465108154885183,24.552127214416508,25.037922369071573,26.147851293583003
0.0,0.8021604396822901,3.5279688388776003,6.749520986596737,10.810202852588425,15.365762711606976,17.532900607471774,20.465108154885183,24.552127214416508,25.037922369071573,26.147851293583003
0.0,0.8021604396822901,3.5279688388776003,6.749520986596737,10.810202852588425,15.365762711606976,17.532900607471774,20.465108154885183,24.552127214416508,25.037922369071573,26.147851293583003
0.0,0.8021604396822901,3.5279688388776003,6.749520986596737,10.810202852588425,15.365762711606976,17.532900607471774,20.465108154885183,24.552127214416508,25.037922369071573,26.147851293583003
0.0,0.8021604396822901,3.5279688388776003,6.860945237927077,10.810202852588425,15.365762711606976,17.532900607471774,20.298457816063415,24.62383303373636,24.977532125984144,25.921342315926342
0.0,0.8021604396822901,3.5279688388776003,6.860945237927077,10.810202852588425,15.365762711606976,17.532900607471774,20.298457816063415,24.62383303373636,24.977532125984144,25.921342315926342
0.0,0.8021604396822901,3.5279688388776003,6.860945237927077,10.810202852588425,15.365762711606976,17.532900607471774,20.298457816063415,24.62383303373636,24.977532125984144,25.921342315926342
0.0,0.8021604396822901,3.5279688388776003,6.749520986596737,10.810202852588425,15.365762711606976,17.532900607471774,20.298457816063415,24.62383303373636,24.977532125984144,25.921342315926342
0.0,0.8021604396822901,3.5279688388776003,6.860945237927077,10.810202852588425,15.365762711606976,17.532900607471774,20.298457816063415,24.62383303373636,24.977532125984144,25.921342315926342
0.0,0.8021604396822901,3.5279688388776003,6.860945237927077,10.810202852588425,15.365762711606976,17.532900607471774,20.298457816063415,24.62383303373636,24.977532125984144,25.921342315926342
0.0,0.8021604396822901,3.5279688388776003,6.749520986596737,10.810202852588425,15.365762711606976,17.532900607471774,20.298457816063415,24.62383303373636,24.977532125984144,25.921342315926342
0.0,0.8021604396822901,3.5279688388776003,6.749520986596737,10.810202852588425,15.365762711606976,17.532900607471774,20.298457816063415,24.62383303373636,24.977532125984144,25.921342315926342
0.0,0.8021604396822901,3.5279688388776003,6.749520986596737,10.810202852588425,15.365762711606976,17.532900607471774,20.298457816063415,24.62383303373636,24.977532125984144,25.921342315926342
0.0,0.8021604396822901,3.5279688388776003,6.860945237927077,10.810202852588425,15.365762711606976,17.532900607471774,20.298457816063415,24.62383303373636,24.977532125984144,25.921342315926342
0.0,0.8021604396822901,3.5279688388776003,6.860945237927077,10.810202852588425,15.365762711606976,17.532900607471774,20.298457816063415,24.62383303373636,24.977532125984144,25.921342315926342
0.0,0.8021604396822901,3.5279688388776003,6.749520986596737,10.810202852588425,15.365762711606976,17.532900607471774,20.298457816063415,24.62383303373636,24.977532125984144,25.921342315926342
0.0,0.8021604396822901,3.5279688388776003,6.749520986596737,10.810202852588425,15.365762711606976,17.532900607471774,20.298457816063415,24.62383303373636,24.977532125984144,25.921342315926342
0.0,0.8021604396822901,3.5279688388776003,6.860945237927077,10.810202852588425,15.365762711606976,17.532900607471774,20.298457816063415,24.62383303373636,24.977532125984144,25.921342315926342
0.0,0.8021604396822901,3.5279688388776003,6.860945237927077,10.810202852588425,15.365762711606976,17.532900607471774,20.298457816063415,24.62383303373636,24.977532125984144,25.921342315926342
0.0,0.8021604396822901,3.5279688388776003,6.749520986596737,10.810202852588425,15.365762711606976,17.532900607471774,20.298457816063415,24.62383303373636,24.977532125984144,25.921342315926342
0.0,0.8021604396822901,3.5279688388776003,6.749520986596737,10.810202852588425,15.365762711606976,17.532900607471774,20.298457816063415,24.62383303373636,24.977532125984144,25.921342315926342
0.0,0.8021604396822901,3.5279688388776003,6.860945237927077,10.810202852588425,15.215014934282326,17.38482604010272,20.14040427743971,24.62383303373636,24.977532125984144,25.921342315926342
0.0,0.8021604396822901,3.5279688388776003,6.749520986596737,10.810202852588425,15.215014934282326,17.38482604010272,20.14040427743971,24.62383303373636,24.977532125984144,25.921342315926342
0.0,0.8021604396822901,3.5279688388776003,6.860945237927077,10.810202852588425,15.215014934282326,17.38482604010272,20.14040427743971,24.62383303373636,24.977532125984144,25.921342315926342
0.0,0.8021604396822901,3.5279688388776003,6.860945237927077,10.810202852588425,15.215014934282326,17.38482604010272,20.14040427743971,24.62383303373636,24.977532125984144,25.921342315926342
0.0,0.8021604396822901,3.5279688388776003,6.749520986596737,10.810202852588425,15.215014934282326,17.38482604010272,20.14040427743971,24.62383303373636,24.977532125984144,25.921342315926342
0.0,0.8021604396822901,3.5279688388776003,6.860945237927077,10.810202852588425,15.215014934282326,17.38482604010272,20.14040427743971,24.62383303373636,24.977532125984144,25.921342315926342
0.0,0.8021604396822901,3.5279688388776003,6.749520986596737,10.810202852588425,15.215014934282326,17.38482604010272,20.14040427743971,24.62383303373636,24.977532125984144,25.921342315926342
0.0,0.8021604396822901,3.5279688388776003,6.749520986596737,10.810202852588425,15.215014934282326,17.38482604010272,20.14040427743971,24.62383303373636,24.977532125984144,25.921342315926342
0.0,0.8021604396822901,3.5279688388776003,6.749520986596737,10.810202852588425,15.215014934282326,17.38482604010272,20.14040427743971,24.62383303373636,24.977532125984144,25.921342315926342
0.0,0.8021604396822901,3.5279688388776003,6.860945237927077,10.810202852588425,15.215014934282326,17.38482604010272,20.14040427743971,24.62383303373636,24.977532125984144,25.921342315926342
0.0,0.8021604396822901,3.5279688388776003,6.860945237927077,10.810202852588425,15.215014934282326,17.38482604010272,20.14040427743971,24.62383303373636,24.977532125984144,25.921342315926342
0.0,0.8021604396822901,3.5279688388776003,6.749520986596737,10.810202852588425,15.215014934282326,17.38482604010272,20.14040427743971,24.62383303373636,24.977532125984144,25.921342315926342
0.0,0.8021604396822901,3.5279688388776003,6.749520986596737,10.810202852588425,15.215014934282326,17.38482604010272,20.14040427743971,24.62383303373636,24.977532125984144,25.921342315926342
0.0,0.8021604396822901,3.5279688388776003,6.749520986596737,10.810202852588425,15.215014934282326,17.38482604010272,20.14040427743971,24.62383303373636,24.977532125984144,25.921342315926342
0.0,0.8021604396822901,3.5279688388776003,6.749520986596737,10.810202852588425,15.215014934282326,17.38482604010272,20.14040427743971,24.62383303373636,24.977532125984144,25.921342315926342
0.0,0.8021604396822901,3.5279688388776003,6.749520986596737,10.810202852588425,15.215014934282326,17.38482604010272,20.14040427743971,24.62383303373636,24.977532125984144,25.921342315926342
0.0,0.8021604396822901,3.5279688388776003,6.749520986596737,10.810202852588425,15.215014934282326,17.38482604010272,20.14040427743971,24.62383303373636,24.977532125984144,25.921342315926342
0.0,0.8021604396822901,3.5279688388776003,6.860945237927077,10.810202852588425,15.215014934282326,17.38482604010272,20.14040427743971,24.62383303373636,24.977532125984144,25.921342315926342
0.0,0.8021604396822901,3.5279688388776003,6.749520986596737,10.810202852588425,15.215014934282326,17.38482604010272,20.14040427743971,24.62383303373636,24.977532125984144,25.921342315926342
0.0,0.8021604396822901,3.5279688388776003,6.749520986596737,10.810202852588425,15.215014934282326,17.38482604010272,20.14040427743971,24.62383303373636,24.977532125984144,25.921342315926342
0.0,0.8021604396822901,3.5279688388776003,6.860945237927077,10.810202852588425,15.215014934282326,17.38482604010272,20.14040427743971,24.62383303373636,24.977532125984144,25.921342315926342
0.0,0.8021604396822901,3.5279688388776003,6.860945237927077,10.810202852588425,15.215014934282326,17.38482604010272,20.14040427743971,24.62383303373636,24.977532125984144,25.921342315926342
0.0,0.8021604396822901,3.5279688388776003,6.749520986596737,10.810202852588425,15.215014934282326,17.38482604010272,20.14040427743971,24.62383303373636,24.977532125984144,25.921342315926342
0.0,0.8021604396822901,3.5279688388776003,6.749520986596737,10.810202852588425,15.215014934282326,17.38482604010272,20.14040427743971,24.62383303373636,24.977532125984144,25.921342315926342
0.0,0.8021604396822901,3.5279688388776003,6.749520986596737,10.810202852588425,15.215014934282326,17.38482604010272,20.14040427743971,24.62383303373636,24.977532125984144,25.921342315926342
0.0,0.8021604396822901,3.5279688388776003,6.860945237927077,10.810202852588425,15.215014934282326,17.38482604010272,20.14040427743971,24.62383303373636,24.977532125984144,25.921342315926342
0.0,0.8021604396822901,3.5279688388776003,6.749520986596737,10.810202852588425,15.215014934282326,17.38482604010272,20.14040427743971,24.62383303373636,24.977532125984144,25.921342315926342
0.0,0.8021604396822901,3.5279688388776003,6.749520986596737,10.810202852588425,15.215014934282326,17.38482604010272,20.14040427743971,24.62383303373636,24.977532125984144,25.921342315926342
0.0,0.8021604396822901,3.5279688388776003,6.860945237927077,10.810202852588425,15.215014934282326,17.38482604010272,20.14040427743971,24.62383303373636,24.977532125984144,25.921342315926342
0.0,0.8021604396822901,3.5279688388776003,6.749520986596737,10.810202852588425,15.215014934282326,17.38482604010272,20.14040427743971,24.62383303373636,24.977532125984144,25.921342315926342
0.0,0.8021604396822901,3.5279688388776003,6.860945237927077,10.810202852588425,15.215014934282326,17.38482604010272,20.14040427743971,24.62383303373636,24.977532125984144,25.921342315926342
0.0,0.8021604396822901,3.5279688388776003,6.860945237927077,10.810202852588425,15.215014934282326,17.38482604010272,20.14040427743971,24.62383303373636,24.977532125984144,25.921342315926342
0.0,0.8021604396822901,3.5279688388776003,6.860945237927077,10.810202852588425,15.215014934282326,17.38482604010272,20.14040427743971,24.62383303373636,24.977532125984144,25.921342315926342
0.0,0.8021604396822901,3.5279688388776003,6.749520986596737,10.810202852588425,15.215014934282326,17.38482604010272,20.14040427743971,24.62383303373636,24.977532125984144,25.921342315926342
0.0,0.8021604396822901,3.5279688388776003,6.749520986596737,10.810202852588425,15.215014934282326,17.38482604010272,20.14040427743971,24.62383303373636,24.977532125984144,25.921342315926342
0.0,0.8021604396822901,3.5279688388776003,6.860945237927077,10.810202852588425,15.215014934282326,17.38482604010272,20.14040427743971,24.62383303373636,24.977532125984144,25.921342315926342
0.0,0.8021604396822901,3.5279688388776003,6.749520986596737,10.810202852588425,15.215014934282326,17.38482604010272,20.14040427743971,24.62383303373636,24.977532125984144,25.921342315926342
0.0,0.8021604396822901,3.5279688388776003,6.749520986596737,10.810202852588425,15.215014934282326,17.38482604010272,20.14040427743971,24.62383303373636,24.977532125984144,25.921342315926342
0.0,0.8021604396822901,3.5279688388776003,6.749520986596737,10.810202852588425,15.215014934282326,17.38482604010272,20.14040427743971,24.62383303373636,24.977532125984144,25.921342315926342
0.0,0.8021604396822901,3.5279688388776003,6.749520986596737,10.810202852588425,15.215014934282326,17.38482604010272,20.14040427743971,24.62383303373636,24.977532125984144,25.921342315926342
0.0,0.8021604396822901,3.5279688388776003,6.749520986596737,10.810202852588425,15.215014934282326,17.38482604010272,19.989732443579715,24.441006736944754,24.804016497958266,26.030609772860707
0.0,0.8021604396822901,3.5279688388776003,6.860945237927077,10.810202852588425,15.215014934282326,17.38482604010272,19.989732443579715,24.441006736944754,24.804016497958266,26.030609772860707
0.0,0.8021604396822901,3.5279688388776003,6.749520986596737,10.810202852588425,15.215014934282326,17.38482604010272,19.989732443579715,24.441006736944754,24.804016497958266,26.030609772860707
0.0,0.8021604396822901,3.5279688388776003,6.749520986596737,10.810202852588425,15.215014934282326,17.38482604010272,19.989732443579715,24.441006736944754,24.804016497958266,26.030609772860707
0.0,0.8021604396822901,3.5279688388776003,6.749520986596737,10.810202852588425,15.215014934282326,17.38482604010272,19.989732443579715,24.441006736944754,24.804016497958266,26.030609772860707
0.0,0.8021604396822901,3.5279688388776003,6.860945237927077,10.810202852588425,15.215014934282326,17.38482604010272,19.989732443579715,24.441006736944754,24.804016497958266,26.030609772860707
0.0,0.8021604396822901,3.5279688388776003,6.860945237927077,10.810202852588425,15.215014934282326,17.38482604010272,19.989732443579715,24.441006736944754,24.804016497958266,26.030609772860707
0.0,0.8021604396822901,3.5279688388776003,6.749520986596737,10.810202852588425,15.215014934282326,17.38482604010272,19.989732443579715,24.441006736944754,24.804016497958266,26.030609772860707
0.0,0.8021604396822901,3.5279688388776003,6.860945237927077,10.810202852588425,15.215014934282326,17.38482604010272,19.989732443579715,24.441006736944754,24.804016497958266,26.030609772860707
0.0,0.8021604396822901,3.5279688388776003,6.749520986596737,10.810202852588425,15.215014934282326,17.38482604010272,19.989732443579715,24.441006736944754,24.804016497958266,26.030609772860707
0.0,0.8021604396822901,3.5279688388776003,6.749520986596737,10.810202852588425,15.215014934282326,17.38482604010272,19.989732443579715,24.441006736944754,24.804016497958266,26.030609772860707
0.0,0.8021604396822901,3.5279688388776003,6.860945237927077,10.810202852588425,15.215014934282326,17.38482604010272,19.989732443579715,24.441006736944754,24.804016497958266,26.030609772860707
0.0,0.8021604396822901,3.5279688388776003,6.860945237927077,10.810202852588425,15.215014934282326,17.38482604010272,19.989732443579715,24.441006736944754,24.739677194709174,26.030609772860707
0.0,0.8021604396822901,3.5279688388776003,6.860945237927077,10.810202852588425,15.215014934282326,17.38482604010272,19.989732443579715,24.441006736944754,24.739677194709174,26.030609772860707
0.0,0.8021604396822901,3.5279688388776003,6.749520986596737,10.810202852588425,15.215014934282326,17.38482604010272,19.989732443579715,24.441006736944754,24.739677194709174,26.030609772860707
0.0,0.8021604396822901,3.5279688388776003,6.749520986596737,10.810202852588425,15.215014934282326,17.38482604010272,19.989732443579715,24.441006736944754,24.739677194709174,26.030609772860707
0.0,0.8021604396822901,3.5279688388776003,6.860945237927077,10.810202852588425,15.215014934282326,17.38482604010272,19.989732443579715,24.441006736944754,24.739677194709174,26.030609772860707
0.0,0.8021604396822901,3.5279688388776003,6.860945237927077,10.810202852588425,15.215014934282326,17.38482604010272,19.989732443579715,24.441006736944754,24.739677194709174,26.030609772860707
0.0,0.8021604396822901,3.5279688388776003,6.749520986596737,10.810202852588425,15.215014934282326,17.38482604010272,19.989732443579715,24.441006736944754,24.739677194709174,26.030609772860707
0.0,0.8021604396822901,3.5279688388776003,6.749520986596737,10.810202852588425,15.215014934282326,17.38482604010272,19.989732443579715,24.441006736944754,24.739677194709174,26.030609772860707
0.0,0.8021604396822901,3.5279688388776003,6.860945237927077,10.810202852588425,15.215014934282326,17.38482604010272,19.989732443579715,24.441006736944754,24.739677194709174,26.030609772860707
0.0,0.8021604396822901,3.5279688388776003,6.749520986596737,10.810202852588425,15.215014934282326,17.38482604010272,19.989732443579715,24.441006736944754,24.739677194709174,26.030609772860707
0.0,0.8021604396822901,3.5279688388776003,6.749520986596737,10.810202852588425,15.215014934282326,17.38482604010272,19.989732443579715,24.441006736944754,24.739677194709174,26.030609772860707
0.0,0.8021604396822901,3.5279688388776003,6.860945237927077,10.810202852588425,15.215014934282326,17.38482604010272,19.989732443579715,24.441006736944754,24.739677194709174,26.030609772860707
0.0,0.8021604396822901,3.5279688388776003,6.749520986596737,10.810202852588425,15.215014934282326,17.38482604010272,19.989732443579715,24.441006736944754,24.739677194709174,26.030609772860707
0.0,0.8021604396822901,3.5279688388776003,6.749520986596737,10.810202852588425,15.215014934282326,17.38482604010272,19.989732443579715,24.441006736944754,24.739677194709174,26.030609772860707
0.0,0.8021604396822901,3.5279688388776003,6.749520986596737,10.810202852588425,15.215014934282326,17.38482604010272,19.989732443579715,24.441006736944754,24.739677194709174,26.030609772860707
0.0,0.8021604396822901,3.5279688388776003,6.860945237927077,10.810202852588425,15.215014934282326,17.38482604010272,19.989732443579715,24.441006736944754,24.739677194709174,26.030609772860707
0.0,0.8021604396822901,3.5279688388776003,6.860945237927077,10.810202852588425,15.215014934282326,17.38482604010272,19.989732443579715,24.441006736944754,24.739677194709174,26.030609772860707
0.0,0.8021604396822901,3.5279688388776003,6.860945237927077,10.810202852588425,15.215014934282326,17.38482604010272,19.989732443579715,24.441006736944754,24.739677194709174,26.030609772860707
0.0,0.8021604396822901,3.5279688388776003,6.860945237927077,10.810202852588425,15.215014934282326,17.38482604010272,19.989732443579715,24.441006736944754,24.739677194709174,26.030609772860707
0.0,0.8021604396822901,3.5279688388776003,6.749520986596737,10.810202852588425,15.215014934282326,17.38482604010272,19.989732443579715,24.441006736944754,24.739677194709174,26.030609772860707
0.0,0.8021604396822901,3.5279688388776003,6.749520986596737,10.810202852588425,15.215014934282326,17.38482604010272,19.989732443579715,24.441006736944754,24.739677194709174,26.030609772860707
0.0,0.8021604396822901,3.5279688388776003,6.860945237927077,10.810202852588425,15.215014934282326,17.38482604010272,19.989732443579715,24.441006736944754,24.739677194709174,26.030609772860707
0.0,0.8021604396822901,3.5279688388776003,6.860945237927077,10.810202852588425,15.215014934282326,17.38482604010272,19.989732443579715,24.441006736944754,24.739677194709174,26.030609772860707
0.0,0.8021604396822901,3.5279688388776003,6.860945237927077,10.810202852588425,15.215014934282326,17.38482604010272,19.989732443579715,24.441006736944754,24.739677194709174,26.030609772860707
0.0,0.8021604396822901,3.5279688388776003,6.749520986596737,10.810202852588425,15.215014934282326,17.38482604010272,19.989732443579715,24.441006736944754,24.739677194709174,26.030609772860707
0.0,0.8021604396822901,3.5279688388776003,6.860945237927077,10.810202852588425,15.215014934282326,17.38482604010272,19.989732443579715,24.441006736944754,24.739677194709174,26.030609772860707
0.0,0.8021604396822901,3.5279688388776003,6.749520986596737,10.810202852588425,15.215014934282326,17.38482604010272,19.989732443579715,24.441006736944754,24.739677194709174,26.030609772860707
0.0,0.8021604396822901,3.5279688388776003,6.860945237927077,10.810202852588425,15.215014934282326,17.38482604010272,19.989732443579715,24.441006736944754,24.739677194709174,26.030609772860707
0.0,0.8021604396822901,3.5279688388776003,6.860945237927077,10.810202852588425,15.215014934282326,17.38482604010272,19.989732443579715,24.441006736944754,24.739677194709174,26.030609772860707
0.0,0.8021604396822901,3.5279688388776003,6.860945237927077,10.810202852588425,15.215014934282326,17.38482604010272,19.989732443579715,24.441006736944754,24.739677194709174,26.030609772860707
0.0,0.8021604396822901,3.5279688388776003,6.749520986596737,10.810202852588425,15.215014934282326,17.38482604010272,19.989732443579715,24.441006736944754,24.739677194709174,26.030609772860707
0.0,0.8021604396822901,3.5279688388776003,6.860945237927077,10.810202852588425,15.215014934282326,17.38482604010272,19.989732443579715,24.441006736944754,24.739677194709174,26.030609772860707
0.0,0.8021604396822901,3.5279688388776003,6.749520986596737,10.810202852588425,15.215014934282326,17.38482604010272,19.989732443579715,24.441006736944754,24.739677194709174,26.030609772860707
0.0,0.8021604396822901,3.5279688388776003,6.860945237927077,10.810202852588425,15.215014934282326,17.38482604010272,19.989732443579715,24.441006736944754,24.739677194709174,26.030609772860707
0.0,0.8021604396822901,3.5279688388776003,6.860945237927077,10.810202852588425,15.215014934282326,17.38482604010272,19.989732443579715,24.441006736944754,24.739677194709174,26.030609772860707
0.0,0.8021604396822901,3.5279688388776003,6.860945237927077,10.810202852588425,15.215014934282326,17.38482604010272,19.989732443579715,24.441006736944754,24.739677194709174,26.030609772860707
0.0,0.8021604396822901,3.5279688388776003,6.860945237927077,10.810202852588425,15.215014934282326,17.38482604010272,19.989732443579715,24.441006736944754,24.739677194709174,26.030609772860707
0.0,0.8021604396822901,3.5279688388776003,6.860945237927077,10.810202852588425,15.215014934282326,17.38482604010272,19.989732443579715,24.441006736944754,24.739677194709174,26.030609772860707
0.0,0.8021604396822901,3.5279688388776003,6.860945237927077,10.810202852588425,15.215014934282326,17.38482604010272,19.989732443579715,24.441006736944754,24.739677194709174,26.030609772860707
0.0,0.8021604396822901,3.5279688388776003,6.749520986596737,10.810202852588425,15.215014934282326,17.38482604010272,19.989732443579715,24.441006736944754,24.739677194709174,26.030609772860707
0.0,0.8021604396822901,3.5279688388776003,6.860945237927077,10.810202852588425,15.215014934282326,17.38482604010272,19.989732443579715,24.441006736944754,24.739677194709174,26.030609772860707
0.0,0.8021604396822901,3.5279688388776003,6.860945237927077,10.810202852588425,15.215014934282326,17.38482604010272,19.989732443579715,24.441006736944754,24.739677194709174,26.030609772860707
0.0,0.8021604396822901,3.5279688388776003,6.749520986596737,10.810202852588425,15.215014934282326,17.38482604010272,19.989732443579715,24.441006736944754,24.739677194709174,26.030609772860707
0.0,0.8021604396822901,3.5279688388776003,6.860945237927077,10.810202852588425,15.215014934282326,17.38482604010272,19.989732443579715,24.441006736944754,24.739677194709174,26.030609772860707
0.0,0.8021604396822901,3.5279688388776003,6.749520986596737,10.810202852588425,15.215014934282326,17.38482604010272,19.989732443579715,24.441006736944754,24.739677194709174,26.030609772860707
0.0,0.8021604396822901,3.5279688388776003,6.860945237927077,10.810202852588425,15.215014934282326,17.38482604010272,19.989732443579715,24.441006736944754,24.739677194709174,26.030609772860707
0.0,0.8021604396822901,3.5279688388776003,6.749520986596737,10.810202852588425,15.215014934282326,17.38482604010272,19.989732443579715,24.441006736944754,24.739677194709174,26.030609772860707
0.0,0.8021604396822901,3.5279688388776003,6.749520986596737,10.810202852588425,15.215014934282326,17.38482604010272,19.989732443579715,24.441006736944754,24.739677194709174,26.030609772860707
0.0,0.8021604396822901,3.5279688388776003,6.749520986596737,10.810202852588425,15.215014934282326,17.38482604010272,19.989732443579715,24.441006736944754,24.739677194709174,26.030609772860707
0.0,0.8021604396822901,3.5279688388776003,6.860945237927077,10.810202852588425,15.215014934282326,17.38482604010272,19.951548069555113,24.441006736944754,24.739677194709174,26.030609772860707
0.0,0.8021604396822901,3.5279688388776003,6.860945237927077,10.810202852588425,15.215014934282326,17.38482604010272,19.951548069555113,24.441006736944754,24.739677194709174,26.030609772860707
0.0,0.8021604396822901,3.5279688388776003,6.749520986596737,10.810202852588425,15.215014934282326,17.38482604010272,19.951548069555113,24.441006736944754,24.739677194709174,26.030609772860707
0.0,0.8021604396822901,3.5279688388776003,6.860945237927077,10.810202852588425,15.215014934282326,17.38482604010272,19.951548069555113,24.441006736944754,24.739677194709174,26.030609772860707
0.0,0.8021604396822901,3.5279688388776003,6.749520986596737,10.810202852588425,15.215014934282326,17.38482604010272,19.951548069555113,24.441006736944754,24.739677194709174,26.030609772860707
0.0,0.8021604396822901,3.5279688388776003,6.749520986596737,10.810202852588425,15.215014934282326,17.38482604010272,19.951548069555113,24.441006736944754,24.739677194709174,26.030609772860707
0.0,0.8021604396822901,3.5279688388776003,6.860945237927077,10.810202852588425,15.215014934282326,17.38482604010272,19.951548069555113,24.441006736944754,24.739677194709174,26.030609772860707
0.0,0.8021604396822901,3.5279688388776003,6.860945237927077,10.810202852588425,15.215014934282326,17.38482604010272,19.951548069555113,24.441006736944754,24.739677194709174,26.030609772860707
0.0,0.8021604396822901,3.5279688388776003,6.860945237927077,10.810202852588425,15.215014934282326,17.38482604010272,19.951548069555113,24.441006736944754,24.739677194709174,26.030609772860707
0.0,0.8021604396822901,3.5279688388776003,6.749520986596737,10.810202852588425,15.215014934282326,17.38482604010272,19.951548069555113,24.441006736944754,24.739677194709174,26.030609772860707
0.0,0.8021604396822901,3.5279688388776003,6.749520986596737,10.810202852588425,15.215014934282326,17.38482604010272,19.951548069555113,24.441006736944754,24.739677194709174,26.030609772860707
0.0,0.8021604396822901,3.5279688388776003,6.749520986596737,10.810202852588425,15.215014934282326,17.38482604010272,19.951548069555113,24.441006736944754,24.739677194709174,26.030609772860707
0.0,0.8021604396822901,3.5279688388776003,6.860945237927077,10.810202852588425,15.215014934282326,17.38482604010272,19.951548069555113,24.441006736944754,24.739677194709174,26.030609772860707
0.0,0.8021604396822901,3.5279688388776003,6.860945237927077,10.810202852588425,15.215014934282326,17.38482604010272,19.951548069555113,24.441006736944754,24.739677194709174,26.030609772860707
0.0,0.8021604396822901,3.5279688388776003,6.860945237927077,10.810202852588425,15.215014934282326,17.38482604010272,19.951548069555113,24.441158623874056,24.739677194709174,26.030609772860707
0.0,0.8021604396822901,3.5279688388776003,6.749520986596737,10.810202852588425,15.215014934282326,17.38482604010272,19.951548069555113,24.441158623874056,24.739677194709174,26.030609772860707
0.0,0.8021604396822901,3.5279688388776003,6.749520986596737,10.810202852588425,15.215014934282326,17.38482604010272,19.951548069555113,24.441158623874056,24.739677194709174,26.030609772860707
0.0,0.8021604396822901,3.5279688388776003,6.749520986596737,10.810202852588425,15.215014934282326,17.38482604010272,19.951548069555113,24.441158623874056,24.739677194709174,26.030609772860707
0.0,0.8021604396822901,3.5279688388776003,6.860945237927077,10.810202852588425,15.215014934282326,17.38482604010272,19.951548069555113,24.441158623874056,24.739677194709174,26.030609772860707
0.0,0.8021604396822901,3.5279688388776003,6.749520986596737,10.810202852588425,15.215014934282326,17.38482604010272,19.951548069555113,24.441158623874056,24.739677194709174,26.030609772860707
0.0,0.8021604396822901,3.5279688388776003,6.860945237927077,10.810202852588425,15.215014934282326,17.38482604010272,19.951548069555113,24.441158623874056,24.739677194709174,26.030609772860707
0.0,0.8021604396822901,3.5279688388776003,6.860945237927077,10.810202852588425,15.215014934282326,17.353491766589286,19.919439172702287,24.36395449771373,24.739677194709174,26.030609772860707
0.0,0.8021604396822901,3.5279688388776003,6.749520986596737,10.810202852588425,15.215014934282326,17.353491766589286,19.919439172702287,24.36395449771373,24.739677194709174,26.030609772860707
0.0,0.8021604396822901,3.5279688388776003,6.749520986596737,10.810202852588425,15.215014934282326,17.353491766589286,19.919439172702287,24.36395449771373,24.739677194709174,26.030609772860707
0.0,0.8021604396822901,3.5279688388776003,6.860945237927077,10.810202852588425,15.215014934282326,17.353491766589286,19.919439172702287,24.36395449771373,24.739677194709174,26.030609772860707
0.0,0.8021604396822901,3.5279688388776003,6.749520986596737,10.810202852588425,15.215014934282326,17.353491766589286,19.919439172702287,24.36395449771373,24.739677194709174,26.030609772860707
0.0,0.8021604396822901,3.5279688388776003,6.749520986596737,10.810202852588425,15.215014934282326,17.353491766589286,19.919439172702287,24.36395449771373,24.739677194709174,26.030609772860707
0.0,0.8021604396822901,3.5279688388776003,6.860945237927077,10.810202852588425,15.215014934282326,17.353491766589286,19.919439172702287,24.36395449771373,24.739677194709174,26.030609772860707
0.0,0.8021604396822901,3.5279688388776003,6.860945237927077,10.810202852588425,15.215014934282326,17.353491766589286,19.919439172702287,24.36395449771373,24.739677194709174,26.030609772860707
0.0,0.8021604396822901,3.5279688388776003,6.749520986596737,10.810202852588425,15.215014934282326,17.353491766589286,19.919439172702287,24.36395449771373,24.739677194709174,26.030609772860707
0.0,0.8021604396822901,3.5279688388776003,6.860945237927077,10.810202852588425,15.215014934282326,17.353491766589286,19.919439172702287,24.36395449771373,24.739677194709174,26.030609772860707
0.0,0.8021604396822901,3.5279688388776003,6.860945237927077,10.810202852588425,15.215014934282326,17.353491766589286,19.919439172702287,24.36395449771373,24.739677194709174,26.030609772860707
0.0,0.8021604396822901,3.5279688388776003,6.749520986596737,10.810202852588425,15.215014934282326,17.353491766589286,19.919439172702287,24.36395449771373,24.739677194709174,26.030609772860707
0.0,0.8021604396822901,3.5279688388776003,6.860945237927077,10.810202852588425,15.215014934282326,17.353491766589286,19.919439172702287,24.36395449771373,24.739677194709174,26.030609772860707
0.0,0.8021604396822901,3.5279688388776003,6.749520986596737,10.810202852588425,15.215014934282326,17.353491766589286,19.919439172702287,24.36395449771373,24.739677194709174,26.030609772860707
0.0,0.8021604396822901,3.5279688388776003,6.749520986596737,10.810202852588425,15.215014934282326,17.353491766589286,19.919439172702287,24.36395449771373,24.739677194709174,26.030609772860707
0.0,0.8021604396822901,3.5279688388776003,6.860945237927077,10.810202852588425,15.215014934282326,17.353491766589286,19.919439172702287,24.36395449771373,24.739677194709174,26.030609772860707
0.0,0.8021604396822901,3.5279688388776003,6.749520986596737,10.810202852588425,15.215014934282326,17.353491766589286,19.919439172702287,24.36395449771373,24.739677194709174,26.030609772860707
0.0,0.8021604396822901,3.5279688388776003,6.860945237927077,10.810202852588425,15.215014934282326,17.353491766589286,19.919439172702287,24.36395449771373,24.739677194709174,26.030609772860707
0.0,0.8021604396822901,3.5279688388776003,6.860945237927077,10.810202852588425,15.215014934282326,17.353491766589286,19.919439172702287,24.36395449771373,24.739677194709174,26.030609772860707
0.0,0.8021604396822901,3.5279688388776003,6.749520986596737,10.810202852588425,15.215014934282326,17.353491766589286,19.919439172702287,24.36395449771373,24.739677194709174,26.030609772860707
0.0,0.8021604396822901,3.5279688388776003,6.749520986596737,10.810202852588425,15.215014934282326,17.353491766589286,19.919439172702287,24.36395449771373,24.739677194709174,26.030609772860707
0.0,0.8021604396822901,3.5279688388776003,6.860945237927077,10.810202852588425,15.215014934282326,17.353491766589286,19.919439172702287,24.36395449771373,24.739677194709174,26.030609772860707
0.0,0.8021604396822901,3.5279688388776003,6.749520986596737,10.810202852588425,15.215014934282326,17.353491766589286,19.919439172702287,24.36395449771373,24.739677194709174,26.030609772860707
0.0,0.8021604396822901,3.5279688388776003,6.749520986596737,10.810202852588425,15.215014934282326,17.353491766589286,19.919439172702287,24.36395449771373,24.739677194709174,26.030609772860707
0.0,0.8021604396822901,3.5279688388776003,6.749520986596737,10.810202852588425,15.215014934282326,17.353491766589286,19.919439172702287,24.36395449771373,24.739677194709174,26.030609772860707
0.0,0.8021604396822901,3.5279688388776003,6.749520986596737,10.810202852588425,15.215014934282326,17.353491766589286,19.919439172702287,24.36395449771373,24.739677194709174,26.030609772860707
0.0,0.8021604396822901,3.5279688388776003,6.860945237927077,10.810202852588425,15.215014934282326,17.353491766589286,19.919439172702287,24.36395449771373,24.739677194709174,26.030609772860707
0.0,0.8021604396822901,3.5279688388776003,6.749520986596737,10.810202852588425,15.215014934282326,17.353491766589286,19.919439172702287,24.36395449771373,24.739677194709174,26.030609772860707
0.0,0.8021604396822901,3.5279688388776003,6.860945237927077,10.810202852588425,15.215014934282326,17.353491766589286,19.919439172702287,24.36395449771373,24.739677194709174,26.030609772860707
0.0,0.8021604396822901,3.5279688388776003,6.749520986596737,10.810202852588425,15.215014934282326,17.353491766589286,19.919439172702287,24.36395449771373,24.739677194709174,26.030609772860707
0.0,0.8021604396822901,3.5279688388776003,6.749520986596737,10.810202852588425,15.215014934282326,17.353491766589286,19.919439172702287,24.36395449771373,24.739677194709174,26.030609772860707
0.0,0.8021604396822901,3.5279688388776003,6.860945237927077,10.810202852588425,15.215014934282326,17.353491766589286,19.919439172702287,24.36395449771373,24.739677194709174,26.030609772860707
0.0,0.8021604396822901,3.5279688388776003,6.749520986596737,10.810202852588425,15.215014934282326,17.353491766589286,19.919439172702287,24.36395449771373,24.739677194709174,26.030609772860707
0.0,0.8021604396822901,3.5279688388776003,6.860945237927077,10.810202852588425,15.215014934282326,17.353491766589286,19.919439172702287,24.36395449771373,24.739677194709174,26.030609772860707
0.0,0.8021604396822901,3.5279688388776003,6.860945237927077,10.810202852588425,15.215014934282326,17.353491766589286,19.919439172702287,24.36395449771373,24.739677194709174,26.030609772860707
0.0,0.8021604396822901,3.5279688388776003,6.749520986596737,10.810202852588425,15.215014934282326,17.353491766589286,19.919439172702287,24.36395449771373,24.739677194709174,26.030609772860707
0.0,0.8021604396822901,3.5279688388776003,6.860945237927077,10.810202852588425,15.215014934282326,17.353491766589286,19.919439172702287,24.36395449771373,24.739677194709174,26.030609772860707
0.0,0.8021604396822901,3.5279688388776003,6.749520986596737,10.810202852588425,15.215014934282326,17.353491766589286,19.919439172702287,24.36395449771373,24.739677194709174,26.030609772860707
0.0,0.8021604396822901,3.5279688388776003,6.860945237927077,10.810202852588425,15.215014934282326,17.353491766589286,19.919439172702287,24.36395449771373,24.739677194709174,26.030609772860707
0.0,0.8021604396822901,3.5279688388776003,6.749520986596737,10.810202852588425,15.215014934282326,17.353491766589286,19.919439172702287,24.36395449771373,24.739677194709174,26.030609772860707
0.0,0.8021604396822901,3.5279688388776003,6.749520986596737,10.810202852588425,15.215014934282326,17.353491766589286,19.919439172702287,24.36395449771373,24.739677194709174,26.030609772860707
0.0,0.8021604396822901,3.5279688388776003,6.860945237927077,10.810202852588425,15.215014934282326,17.353491766589286,19.919439172702287,24.36395449771373,24.739677194709174,26.030609772860707
0.0,0.8021604396822901,3.5279688388776003,6.749520986596737,10.810202852588425,15.215014934282326,17.353491766589286,19.919439172702287,24.36395449771373,24.739677194709174,26.030609772860707
0.0,0.8021604396822901,3.5279688388776003,6.860945237927077,10.810202852588425,15.215014934282326,17.353491766589286,19.919439172702287,24.36395449771373,24.739677194709174,26.030609772860707
0.0,0.8021604396822901,3.5279688388776003,6.749520986596737,10.810202852588425,15.215014934282326,17.353491766589286,19.919439172702287,24.36395449771373,24.739677194709174,26.030609772860707
0.0,0.8021604396822901,3.5279688388776003,6.749520986596737,10.810202852588425,15.215014934282326,17.353491766589286,19.919439172702287,24.36395449771373,24.739677194709174,26.030609772860707
0.0,0.8021604396822901,3.5279688388776003,6.860945237927077,10.810202852588425,15.215014934282326,17.353491766589286,19.919439172702287,24.36395449771373,24.739677194709174,26.030609772860707
0.0,0.8021604396822901,3.5279688388776003,6.749520986596737,10.810202852588425,15.215014934282326,17.353491766589286,19.919439172702287,24.36395449771373,24.739677194709174,26.030609772860707
0.0,0.8021604396822901,3.5279688388776003,6.749520986596737,10.810202852588425,15.215014934282326,17.353491766589286,19.919439172702287,24.36395449771373,24.739677194709174,26.030609772860707
0.0,0.8021604396822901,3.5279688388776003,6.860945237927077,10.810202852588425,15.215014934282326,17.353491766589286,19.919439172702287,24.36395449771373,24.739677194709174,26.030609772860707
0.0,0.8021604396822901,3.5279688388776003,6.860945237927077,10.810202852588425,15.215014934282326,17.353491766589286,19.919439172702287,24.36395449771373,24.739677194709174,26.030609772860707
0.0,0.8021604396822901,3.5279688388776003,6.749520986596737,10.810202852588425,15.215014934282326,17.353491766589286,19.919439172702287,24.36395449771373,24.739677194709174,26.030609772860707
0.0,0.8021604396822901,3.5279688388776003,6.749520986596737,10.810202852588425,15.215014934282326,17.353491766589286,19.919439172702287,24.36395449771373,24.739677194709174,26.030609772860707
0.0,0.8021604396822901,3.5279688388776003,6.749520986596737,10.810202852588425,15.215014934282326,17.353491766589286,19.919439172702287,24.36395449771373,24.739677194709174,26.030609772860707
0.0,0.8021604396822901,3.5279688388776003,6.860945237927077,10.810202852588425,15.215014934282326,17.353491766589286,19.919439172702287,24.36395449771373,24.739677194709174,26.030609772860707
0.0,0.8021604396822901,3.5279688388776003,6.749520986596737,10.810202852588425,15.215014934282326,17.353491766589286,19.919439172702287,24.36395449771373,24.739677194709174,26.030609772860707
0.0,0.8021604396822901,3.5279688388776003,6.749520986596737,10.810202852588425,15.215014934282326,17.353491766589286,19.919439172702287,24.36395449771373,24.739677194709174,26.030609772860707
0.0,0.8021604396822901,3.5279688388776003,6.860945237927077,10.810202852588425,15.215014934282326,17.353491766589286,19.919439172702287,24.36395449771373,24.739677194709174,26.030609772860707
0.0,0.8021604396822901,3.5279688388776003,6.860945237927077,10.810202852588425,15.215014934282326,17.353491766589286,19.919439172702287,24.36395449771373,24.739677194709174,26.030609772860707
0.0,0.8021604396822901,3.5279688388776003,6.749520986596737,10.810202852588425,15.215014934282326,17.353491766589286,19.919439172702287,24.36395449771373,24.739677194709174,26.030609772860707
0.0,0.8021604396822901,3.5279688388776003,6.749520986596737,10.810202852588425,15.215014934282326,17.353491766589286,19.919439172702287,24.36395449771373,24.739677194709174,26.030609772860707
0.0,0.8021604396822901,3.5279688388776003,6.860945237927077,10.810202852588425,15.215014934282326,17.353491766589286,19.919439172702287,24.36395449771373,24.739677194709174,26.030609772860707
0.0,0.8021604396822901,3.5279688388776003,6.749520986596737,10.810202852588425,15.215014934282326,17.353491766589286,19.919439172702287,24.36395449771373,24.739677194709174,26.030609772860707
0.0,0.8021604396822901,3.5279688388776003,6.860945237927077,10.810202852588425,15.215014934282326,17.353491766589286,19.919439172702287,24.36395449771373,24.739677194709174,26.030609772860707
0.0,0.8021604396822901,3.5279688388776003,6.860945237927077,10.810202852588425,15.215014934282326,17.353491766589286,19.919439172702287,24.36395449771373,24.739677194709174,26.030609772860707
0.0,0.8021604396822901,3.5279688388776003,6.860945237927077,10.810202852588425,15.215014934282326,17.353491766589286,19.919439172702287,24.36395449771373,24.739677194709174,26.030609772860707
0.0,0.8021604396822901,3.5279688388776003,6.749520986596737,10.810202852588425,15.215014934282326,17.353491766589286,19.919439172702287,24.36395449771373,24.739677194709174,26.030609772860707
0.0,0.8021604396822901,3.5279688388776003,6.749520986596737,10.810202852588425,15.215014934282326,17.353491766589286,19.919439172702287,24.36395449771373,24.739677194709174,26.030609772860707
0.0,0.8021604396822901,3.5279688388776003,6.749520986596737,10.810202852588425,15.215014934282326,17.353491766589286,19.919439172702287,24.36395449771373,24.739677194709174,26.030609772860707
0.0,0.8021604396822901,3.5279688388776003,6.860945237927077,10.810202852588425,15.215014934282326,17.353491766589286,19.919439172702287,24.36395449771373,24.626354356762654,26.030609772860707
0.0,0.8021604396822901,3.5279688388776003,6.749520986596737,10.810202852588425,15.215014934282326,17.353491766589286,19.919439172702287,24.36395449771373,24.626354356762654,26.030609772860707
0.0,0.8021604396822901,3.5279688388776003,6.749520986596737,10.810202852588425,15.215014934282326,17.353491766589286,19.919439172702287,24.36395449771373,24.626354356762654,26.030609772860707
0.0,0.8021604396822901,3.5279688388776003,6.860945237927077,10.810202852588425,15.215014934282326,17.353491766589286,19.919439172702287,24.36395449771373,24.626354356762654,26.030609772860707
0.0,0.8021604396822901,3.5279688388776003,6.749520986596737,10.810202852588425,15.215014934282326,17.116578534275956,19.919439172702287,24.36395449771373,24.626354356762654,26.030609772860707
0.0,0.8021604396822901,3.5279688388776003,6.749520986596737,10.810202852588425,15.215014934282326,17.116578534275956,19.919439172702287,24.36395449771373,24.626354356762654,26.030609772860707
0.0,0.8021604396822901,3.5279688388776003,6.860945237927077,10.810202852588425,15.215014934282326,17.116578534275956,19.919439172702287,24.36395449771373,24.626354356762654,26.030609772860707
0.0,0.8021604396822901,3.5279688388776003,6.749520986596737,10.810202852588425,15.141440905732138,17.116578534275956,19.919439172702287,24.36395449771373,24.626354356762654,26.030609772860707
0.0,0.8021604396822901,3.5279688388776003,6.749520986596737,10.810202852588425,15.141440905732138,17.116578534275956,19.919439172702287,24.36395449771373,24.626354356762654,26.030609772860707
0.0,0.8021604396822901,3.5279688388776003,6.860945237927077,10.810202852588425,15.141440905732138,17.116578534275956,19.919439172702287,24.37059195652389,24.626354356762654,26.030609772860707
0.0,0.8021604396822901,3.5279688388776003,6.860945237927077,10.810202852588425,15.141440905732138,17.116578534275956,19.919439172702287,24.37059195652389,24.626354356762654,26.030609772860707
0.0,0.8021604396822901,3.5279688388776003,6.749520986596737,10.810202852588425,15.141440905732138,17.116578534275956,19.919439172702287,24.37059195652389,24.626354356762654,26.030609772860707
0.0,0.8021604396822901,3.5279688388776003,6.860945237927077,10.810202852588425,15.141440905732138,17.116578534275956,19.919439172702287,24.37059195652389,24.626354356762654,26.030609772860707
0.0,0.8021604396822901,3.5279688388776003,6.749520986596737,10.810202852588425,15.141440905732138,17.116578534275956,19.919439172702287,24.37059195652389,24.626354356762654,26.030609772860707
0.0,0.8021604396822901,3.5279688388776003,6.749520986596737,10.810202852588425,15.141440905732138,17.116578534275956,19.919439172702287,24.37059195652389,24.626354356762654,26.030609772860707
0.0,0.8021604396822901,3.5279688388776003,6.860945237927077,10.810202852588425,15.141440905732138,17.116578534275956,19.919439172702287,24.37059195652389,24.626354356762654,26.030609772860707
0.0,0.8021604396822901,3.5279688388776003,6.749520986596737,10.810202852588425,15.141440905732138,17.116578534275956,19.919439172702287,24.37059195652389,24.626354356762654,26.030609772860707
0.0,0.8021604396822901,3.5279688388776003,6.860945237927077,10.810202852588425,15.141440905732138,17.116578534275956,19.919439172702287,24.37059195652389,24.626354356762654,26.030609772860707
0.0,0.8021604396822901,3.5279688388776003,6.860945237927077,10.810202852588425,15.141440905732138,17.116578534275956,19.919439172702287,24.37059195652389,24.626354356762654,26.030609772860707
0.0,0.8021604396822901,3.5279688388776003,6.749520986596737,10.810202852588425,15.141440905732138,17.116578534275956,19.919439172702287,24.37059195652389,24.626354356762654,26.030609772860707
0.0,0.8021604396822901,3.5279688388776003,6.860945237927077,10.810202852588425,15.141440905732138,17.116578534275956,19.919439172702287,24.37059195652389,24.626354356762654,26.030609772860707
0.0,0.8021604396822901,3.5279688388776003,6.860945237927077,10.810202852588425,15.141440905732138,17.116578534275956,19.919439172702287,24.37059195652389,24.626354356762654,26.030609772860707
0.0,0.8021604396822901,3.5279688388776003,6.860945237927077,10.810202852588425,15.141440905732138,17.116578534275956,19.919439172702287,24.37059195652389,24.626354356762654,26.030609772860707
0.0,0.8021604396822901,3.5279688388776003,6.749520986596737,10.810202852588425,15.141440905732138,17.116578534275956,19.919439172702287,24.37059195652389,24.626354356762654,26.030609772860707
0.0,0.8021604396822901,3.5279688388776003,6.749520986596737,10.810202852588425,15.141440905732138,17.116578534275956,19.919439172702287,24.37059195652389,24.626354356762654,26.030609772860707
0.0,0.8021604396822901,3.5279688388776003,6.749520986596737,10.810202852588425,15.141440905732138,17.116578534275956,19.919439172702287,24.37059195652389,24.626354356762654,26.030609772860707
0.0,0.8021604396822901,3.5279688388776003,6.860945237927077,10.810202852588425,15.141440905732138,17.116578534275956,19.919439172702287,24.37059195652389,24.626354356762654,26.030609772860707
0.0,0.8021604396822901,3.5279688388776003,6.749520986596737,10.810202852588425,15.141440905732138,17.116578534275956,19.919439172702287,24.37059195652389,24.626354356762654,26.030609772860707
0.0,0.8021604396822901,3.5279688388776003,6.860945237927077,10.810202852588425,15.141440905732138,17.116578534275956,19.919439172702287,24.37059195652389,24.626354356762654,26.030609772860707
0.0,0.8021604396822901,3.5279688388776003,6.749520986596737,10.810202852588425,15.141440905732138,17.116578534275956,19.919439172702287,24.37059195652389,24.626354356762654,26.030609772860707
0.0,0.8021604396822901,3.5279688388776003,6.860945237927077,10.810202852588425,15.141440905732138,17.116578534275956,19.919439172702287,24.37059195652389,24.626354356762654,26.030609772860707
0.0,0.8021604396822901,3.5279688388776003,6.749520986596737,10.810202852588425,15.141440905732138,17.116578534275956,19.919439172702287,24.37059195652389,24.626354356762654,26.030609772860707
0.0,0.8021604396822901,3.5279688388776003,6.860945237927077,10.810202852588425,15.141440905732138,17.116578534275956,19.919439172702287,24.37059195652389,24.626354356762654,26.030609772860707
0.0,0.8021604396822901,3.5279688388776003,6.749520986596737,10.810202852588425,15.141440905732138,17.116578534275956,19.919439172702287,24.37059195652389,24.626354356762654,26.030609772860707
0.0,0.8021604396822901,3.5279688388776003,6.749520986596737,10.810202852588425,15.141440905732138,17.116578534275956,19.919439172702287,24.37059195652389,24.626354356762654,26.030609772860707
0.0,0.8021604396822901,3.5279688388776003,6.749520986596737,10.810202852588425,15.141440905732138,17.116578534275956,19.919439172702287,24.37059195652389,24.626354356762654,26.030609772860707
0.0,0.8021604396822901,3.5279688388776003,6.749520986596737,10.810202852588425,15.141440905732138,17.116578534275956,19.919439172702287,24.37059195652389,24.626354356762654,26.030609772860707
0.0,0.8021604396822901,3.5279688388776003,6.749520986596737,10.810202852588425,15.141440905732138,17.116578534275956,19.919439172702287,24.37059195652389,24.626354356762654,26.030609772860707
0.0,0.8021604396822901,3.5279688388776003,6.860945237927077,10.810202852588425,15.141440905732138,17.116578534275956,19.919439172702287,24.37059195652389,24.626354356762654,26.030609772860707
0.0,0.8021604396822901,3.5279688388776003,6.860945237927077,10.810202852588425,15.141440905732138,17.116578534275956,19.919439172702287,24.37059195652389,24.626354356762654,26.030609772860707
0.0,0.8021604396822901,3.5279688388776003,6.749520986596737,10.810202852588425,15.141440905732138,17.116578534275956,19.919439172702287,24.37059195652389,24.626354356762654,26.030609772860707
0.0,0.8021604396822901,3.5279688388776003,6.860945237927077,10.810202852588425,15.141440905732138,17.116578534275956,19.919439172702287,24.37059195652389,24.626354356762654,26.030609772860707
0.0,0.8021604396822901,3.5279688388776003,6.860945237927077,10.810202852588425,15.141440905732138,17.116578534275956,19.919439172702287,24.37059195652389,24.626354356762654,26.030609772860707
0.0,0.8021604396822901,3.5279688388776003,6.749520986596737,10.810202852588425,15.141440905732138,17.116578534275956,19.919439172702287,24.37059195652389,24.626354356762654,26.030609772860707
0.0,0.8021604396822901,3.5279688388776003,6.860945237927077,10.810202852588425,15.141440905732138,17.116578534275956,19.919439172702287,24.37059195652389,24.626354356762654,26.030609772860707
0.0,0.8021604396822901,3.5279688388776003,6.860945237927077,10.810202852588425,15.141440905732138,17.116578534275956,19.919439172702287,24.37059195652389,24.626354356762654,26.030609772860707
0.0,0.8021604396822901,3.5279688388776003,6.749520986596737,10.810202852588425,15.141440905732138,17.116578534275956,19.919439172702287,24.37059195652389,24.626354356762654,26.030609772860707
0.0,0.8021604396822901,3.5279688388776003,6.860945237927077,10.810202852588425,15.141440905732138,17.116578534275956,19.919439172702287,24.37059195652389,24.626354356762654,26.030609772860707
0.0,0.8021604396822901,3.5279688388776003,6.749520986596737,10.810202852588425,15.141440905732138,17.116578534275956,19.919439172702287,24.37059195652389,24.626354356762654,26.030609772860707
0.0,0.8021604396822901,3.5279688388776003,6.860945237927077,10.810202852588425,15.141440905732138,17.116578534275956,19.919439172702287,24.37059195652389,24.626354356762654,26.030609772860707
0.0,0.8021604396822901,3.5279688388776003,6.749520986596737,10.810202852588425,15.141440905732138,17.116578534275956,19.919439172702287,24.37059195652389,24.626354356762654,26.030609772860707
0.0,0.8021604396822901,3.5279688388776003,6.860945237927077,10.810202852588425,15.141440905732138,17.116578534275956,19.919439172702287,24.37059195652389,24.626354356762654,26.030609772860707
0.0,0.8021604396822901,3.5279688388776003,6.749520986596737,10.810202852588425,15.141440905732138,17.116578534275956,19.919439172702287,24.37059195652389,24.626354356762654,26.030609772860707
0.0,0.8021604396822901,3.5279688388776003,6.860945237927077,10.810202852588425,15.141440905732138,17.116578534275956,19.919439172702287,24.37059195652389,24.626354356762654,26.030609772860707
0.0,0.8021604396822901,3.5279688388776003,6.749520986596737,10.810202852588425,15.141440905732138,17.116578534275956,19.919439172702287,24.37059195652389,24.626354356762654,26.030609772860707
0.0,0.8021604396822901,3.5279688388776003,6.860945237927077,10.810202852588425,15.141440905732138,17.116578534275956,19.919439172702287,24.37059195652389,24.626354356762654,26.030609772860707
0.0,0.8021604396822901,3.5279688388776003,6.749520986596737,10.810202852588425,15.141440905732138,17.116578534275956,19.919439172702287,24.37059195652389,24.626354356762654,26.030609772860707
0.0,0.8021604396822901,3.5279688388776003,6.749520986596737,10.810202852588425,15.141440905732138,17.116578534275956,19.919439172702287,24.37059195652389,24.626354356762654,26.030609772860707
0.0,0.8021604396822901,3.5279688388776003,6.749520986596737,10.810202852588425,15.141440905732138,17.116578534275956,19.919439172702287,24.37059195652389,24.626354356762654,26.030609772860707
0.0,0.8021604396822901,3.5279688388776003,6.749520986596737,10.810202852588425,15.141440905732138,17.116578534275956,19.919439172702287,24.37059195652389,24.626354356762654,26.030609772860707
0.0,0.8021604396822901,3.5279688388776003,6.749520986596737,10.810202852588425,15.141440905732138,17.116578534275956,19.919439172702287,24.37059195652389,24.626354356762654,26.030609772860707
0.0,0.8021604396822901,3.5279688388776003,6.860945237927077,10.810202852588425,15.141440905732138,17.116578534275956,19.919439172702287,24.37059195652389,24.626354356762654,26.030609772860707
0.0,0.8021604396822901,3.5279688388776003,6.749520986596737,10.810202852588425,15.141440905732138,17.116578534275956,19.919439172702287,24.37059195652389,24.626354356762654,26.030609772860707
0.0,0.8021604396822901,3.5279688388776003,6.860945237927077,10.810202852588425,15.141440905732138,17.116578534275956,19.919439172702287,24.37059195652389,24.626354356762654,26.030609772860707
0.0,0.8021604396822901,3.5279688388776003,6.749520986596737,10.810202852588425,15.141440905732138,17.116578534275956,19.919439172702287,24.37059195652389,24.626354356762654,26.030609772860707
0.0,0.8021604396822901,3.5279688388776003,6.749520986596737,10.810202852588425,15.141440905732138,17.116578534275956,19.919439172702287,24.37059195652389,24.626354356762654,26.030609772860707
0.0,0.8021604396822901,3.5279688388776003,6.860945237927077,10.810202852588425,15.141440905732138,17.116578534275956,19.919439172702287,24.37059195652389,24.626354356762654,26.030609772860707
0.0,0.8021604396822901,3.5279688388776003,6.749520986596737,10.810202852588425,15.141440905732138,17.116578534275956,19.919439172702287,24.37059195652389,24.626354356762654,26.030609772860707
0.0,0.8021604396822901,3.5279688388776003,6.749520986596737,10.810202852588425,15.141440905732138,17.116578534275956,19.919439172702287,24.37059195652389,24.626354356762654,26.030609772860707
0.0,0.8021604396822901,3.5279688388776003,6.749520986596737,10.810202852588425,15.141440905732138,17.116578534275956,19.919439172702287,24.37059195652389,24.626354356762654,26.030609772860707
0.0,0.8021604396822901,3.5279688388776003,6.749520986596737,10.810202852588425,15.141440905732138,17.116578534275956,19.919439172702287,24.37059195652389,24.626354356762654,26.030609772860707
0.0,0.8021604396822901,3.5279688388776003,6.860945237927077,10.810202852588425,15.141440905732138,17.116578534275956,19.919439172702287,24.37059195652389,24.626354356762654,26.030609772860707
0.0,0.8021604396822901,3.5279688388776003,6.749520986596737,10.810202852588425,15.141440905732138,17.116578534275956,19.919439172702287,24.37059195652389,24.626354356762654,26.030609772860707
0.0,0.8021604396822901,3.5279688388776003,6.860945237927077,10.810202852588425,15.141440905732138,17.116578534275956,19.919439172702287,24.37059195652389,24.626354356762654,26.030609772860707
0.0,0.8021604396822901,3.5279688388776003,6.860945237927077,10.810202852588425,15.141440905732138,17.116578534275956,19.919439172702287,24.37059195652389,24.626354356762654,26.030609772860707
0.0,0.8021604396822901,3.5279688388776003,6.749520986596737,10.810202852588425,15.141440905732138,17.116578534275956,19.919439172702287,24.37059195652389,24.626354356762654,26.030609772860707
0.0,0.8021604396822901,3.5279688388776003,6.749520986596737,10.810202852588425,15.141440905732138,17.116578534275956,19.919439172702287,24.37059195652389,24.626354356762654,26.030609772860707
0.0,0.8021604396822901,3.5279688388776003,6.860945237927077,10.810202852588425,15.141440905732138,17.116578534275956,19.919439172702287,24.37059195652389,24.626354356762654,26.030609772860707
0.0,0.8021604396822901,3.5279688388776003,6.860945237927077,10.810202852588425,15.141440905732138,17.116578534275956,19.919439172702287,24.37059195652389,24.626354356762654,26.030609772860707
0.0,0.8021604396822901,3.5279688388776003,6.860945237927077,10.810202852588425,15.141440905732138,17.116578534275956,19.919439172702287,24.23030918862762,24.626354356762654,26.030609772860707
0.0,0.8021604396822901,3.5279688388776003,6.860945237927077,10.810202852588425,15.141440905732138,17.116578534275956,19.919439172702287,24.23030918862762,24.626354356762654,26.030609772860707
0.0,0.8021604396822901,3.5279688388776003,6.860945237927077,10.810202852588425,15.141440905732138,17.116578534275956,19.919439172702287,24.23030918862762,24.626354356762654,26.030609772860707
0.0,0.8021604396822901,3.5279688388776003,6.749520986596737,10.810202852588425,15.141440905732138,17.116578534275956,19.919439172702287,24.23030918862762,24.626354356762654,26.030609772860707
0.0,0.8021604396822901,3.5279688388776003,6.860945237927077,10.810202852588425,15.141440905732138,17.116578534275956,19.919439172702287,24.23030918862762,24.626354356762654,26.030609772860707
0.0,0.8021604396822901,3.5279688388776003,6.860945237927077,10.810202852588425,15.141440905732138,17.116578534275956,19.919439172702287,24.23030918862762,24.626354356762654,26.030609772860707
0.0,0.8021604396822901,3.5279688388776003,6.749520986596737,10.810202852588425,15.141440905732138,17.116578534275956,19.919439172702287,24.23030918862762,24.4535677859974,26.030609772860707
0.0,0.8021604396822901,3.5279688388776003,6.860945237927077,10.810202852588425,15.141440905732138,17.116578534275956,19.919439172702287,24.23030918862762,24.4535677859974,26.030609772860707
0.0,0.8021604396822901,3.5279688388776003,6.860945237927077,10.810202852588425,15.141440905732138,17.116578534275956,19.919439172702287,24.23030918862762,24.4535677859974,26.030609772860707
0.0,0.8021604396822901,3.5279688388776003,6.860945237927077,10.810202852588425,15.141440905732138,17.116578534275956,19.919439172702287,24.23030918862762,24.4535677859974,26.030609772860707
0.0,0.8021604396822901,3.5279688388776003,6.749520986596737,10.810202852588425,15.141440905732138,17.116578534275956,19.919439172702287,24.23030918862762,24.4535677859974,26.030609772860707
0.0,0.8021604396822901,3.5279688388776003,6.749520986596737,10.810202852588425,15.141440905732138,17.116578534275956,19.919439172702287,24.23030918862762,24.4535677859974,26.030609772860707
0.0,0.8021604396822901,3.5279688388776003,6.860945237927077,10.810202852588425,15.141440905732138,17.116578534275956,19.919439172702287,24.23030918862762,24.4535677859974,26.030609772860707
0.0,0.8021604396822901,3.5279688388776003,6.860945237927077,10.810202852588425,15.141440905732138,17.116578534275956,19.919439172702287,24.23030918862762,24.4535677859974,26.030609772860707
0.0,0.8021604396822901,3.5279688388776003,6.749520986596737,10.810202852588425,15.141440905732138,17.116578534275956,19.919439172702287,24.23030918862762,24.4535677859974,26.030609772860707
0.0,0.8021604396822901,3.5279688388776003,6.860945237927077,10.810202852588425,15.141440905732138,17.116578534275956,19.919439172702287,24.23030918862762,24.4535677859974,26.030609772860707
0.0,0.8021604396822901,3.5279688388776003,6.749520986596737,10.810202852588425,15.141440905732138,17.116578534275956,19.919439172702287,24.23030918862762,24.4535677859974,26.030609772860707
0.0,0.8021604396822901,3.5279688388776003,6.749520986596737,10.810202852588425,15.141440905732138,17.116578534275956,19.919439172702287,24.23030918862762,24.4535677859974,26.030609772860707
0.0,0.8021604396822901,3.5279688388776003,6.860945237927077,10.810202852588425,15.141440905732138,17.116578534275956,19.919439172702287,24.23030918862762,24.4535677859974,26.030609772860707
0.0,0.8021604396822901,3.5279688388776003,6.749520986596737,10.810202852588425,15.141440905732138,17.116578534275956,19.919439172702287,24.23030918862762,24.4535677859974,26.030609772860707
0.0,0.8021604396822901,3.5279688388776003,6.749520986596737,10.810202852588425,15.141440905732138,17.116578534275956,19.919439172702287,24.23030918862762,24.4535677859974,26.030609772860707
0.0,0.8021604396822901,3.5279688388776003,6.749520986596737,10.810202852588425,15.141440905732138,17.116578534275956,19.919439172702287,24.23030918862762,24.4535677859974,26.030609772860707
0.0,0.8021604396822901,3.5279688388776003,6.860945237927077,10.810202852588425,15.141440905732138,17.116578534275956,19.919439172702287,24.23030918862762,24.4535677859974,26.030609772860707
0.0,0.8021604396822901,3.5279688388776003,6.749520986596737,10.810202852588425,15.141440905732138,17.116578534275956,19.919439172702287,24.23030918862762,24.4535677859974,26.030609772860707
0.0,0.8021604396822901,3.5279688388776003,6.749520986596737,10.810202852588425,15.141440905732138,17.116578534275956,19.919439172702287,24.23030918862762,24.4535677859974,26.030609772860707
0.0,0.8021604396822901,3.5279688388776003,6.860945237927077,10.810202852588425,15.141440905732138,17.116578534275956,19.919439172702287,24.23030918862762,24.4535677859974,26.030609772860707
0.0,0.8021604396822901,3.5279688388776003,6.749520986596737,10.810202852588425,15.141440905732138,17.116578534275956,19.919439172702287,24.23030918862762,24.4535677859974,26.030609772860707
0.0,0.8021604396822901,3.5279688388776003,6.860945237927077,10.810202852588425,15.141440905732138,17.116578534275956,19.919439172702287,24.23030918862762,24.4535677859974,26.030609772860707
0.0,0.8021604396822901,3.5279688388776003,6.860945237927077,10.810202852588425,15.141440905732138,17.116578534275956,19.919439172702287,24.23030918862762,24.4535677859974,26.030609772860707
0.0,0.8021604396822901,3.5279688388776003,6.860945237927077,10.810202852588425,15.141440905732138,17.116578534275956,19.919439172702287,24.23030918862762,24.4535677859974,25.97268009802784
0.0,0.8021604396822901,3.5279688388776003,6.749520986596737,10.810202852588425,15.141440905732138,17.116578534275956,19.919439172702287,24.23030918862762,24.4535677859974,25.97268009802784
0.0,0.8021604396822901,3.5279688388776003,6.860945237927077,10.810202852588425,15.141440905732138,17.116578534275956,19.919439172702287,24.23030918862762,24.4535677859974,25.97268009802784
0.0,0.8021604396822901,3.5279688388776003,6.749520986596737,10.810202852588425,15.141440905732138,17.116578534275956,19.919439172702287,24.23030918862762,24.4535677859974,25.97268009802784
0.0,0.8021604396822901,3.5279688388776003,6.860945237927077,10.810202852588425,15.141440905732138,17.116578534275956,19.919439172702287,24.23030918862762,24.4535677859974,25.97268009802784
0.0,0.8021604396822901,3.5279688388776003,6.749520986596737,10.810202852588425,15.141440905732138,17.116578534275956,19.919439172702287,24.23030918862762,24.4535677859974,25.97268009802784
0.0,0.8021604396822901,3.5279688388776003,6.860945237927077,10.810202852588425,15.141440905732138,17.116578534275956,19.919439172702287,24.23030918862762,24.4535677859974,25.97268009802784
0.0,0.8021604396822901,3.5279688388776003,6.749520986596737,10.810202852588425,15.141440905732138,17.116578534275956,19.919439172702287,24.23030918862762,24.4535677859974,25.97268009802784
0.0,0.8021604396822901,3.5279688388776003,6.749520986596737,10.810202852588425,15.141440905732138,17.116578534275956,19.919439172702287,24.23030918862762,24.4535677859974,25.97268009802784
0.0,0.8021604396822901,3.5279688388776003,6.860945237927077,10.810202852588425,15.141440905732138,17.116578534275956,19.919439172702287,24.23030918862762,24.4535677859974,25.97268009802784
0.0,0.8021604396822901,3.5279688388776003,6.749520986596737,10.810202852588425,15.141440905732138,17.116578534275956,19.919439172702287,24.23030918862762,24.4535677859974,25.97268009802784
0.0,0.8021604396822901,3.5279688388776003,6.860945237927077,10.810202852588425,15.141440905732138,17.116578534275956,19.919439172702287,24.23030918862762,24.4535677859974,25.97268009802784
0.0,0.8021604396822901,3.5279688388776003,6.860945237927077,10.810202852588425,15.141440905732138,17.116578534275956,19.919439172702287,24.23030918862762,24.4535677859974,25.97268009802784
0.0,0.8021604396822901,3.5279688388776003,6.860945237927077,10.810202852588425,15.141440905732138,17.116578534275956,19.919439172702287,24.23030918862762,24.4535677859974,25.97268009802784
0.0,0.8021604396822901,3.5279688388776003,6.749520986596737,10.810202852588425,15.141440905732138,17.116578534275956,19.919439172702287,24.23030918862762,24.4535677859974,25.97268009802784
0.0,0.8021604396822901,3.5279688388776003,6.860945237927077,10.810202852588425,15.141440905732138,17.116578534275956,19.919439172702287,24.23030918862762,24.4535677859974,25.97268009802784
0.0,0.8021604396822901,3.5279688388776003,6.860945237927077,10.810202852588425,15.141440905732138,17.116578534275956,19.919439172702287,24.11142728906892,24.4535677859974,25.97268009802784
0.0,0.8021604396822901,3.5279688388776003,6.749520986596737,10.810202852588425,15.141440905732138,17.116578534275956,19.919439172702287,24.11142728906892,24.4535677859974,25.97268009802784
0.0,0.8021604396822901,3.5279688388776003,6.860945237927077,10.810202852588425,15.141440905732138,17.116578534275956,19.919439172702287,24.11142728906892,24.4535677859974,25.97268009802784
0.0,0.8021604396822901,3.5279688388776003,6.860945237927077,10.810202852588425,15.141440905732138,17.116578534275956,19.919439172702287,24.11142728906892,24.4535677859974,25.97268009802784
0.0,0.8021604396822901,3.5279688388776003,6.860945237927077,10.810202852588425,15.141440905732138,17.116578534275956,19.919439172702287,24.11142728906892,24.4535677859974,25.97268009802784
0.0,0.8021604396822901,3.5279688388776003,6.860945237927077,10.810202852588425,15.141440905732138,17.116578534275956,19.919439172702287,24.11142728906892,24.4535677859974,25.97268009802784
0.0,0.8021604396822901,3.5279688388776003,6.749520986596737,10.810202852588425,15.141440905732138,17.116578534275956,19.919439172702287,24.11142728906892,24.4535677859974,25.97268009802784
0.0,0.8021604396822901,3.5279688388776003,6.860945237927077,10.810202852588425,15.141440905732138,17.116578534275956,19.919439172702287,24.11142728906892,24.4535677859974,25.97268009802784
0.0,0.8021604396822901,3.5279688388776003,6.749520986596737,10.810202852588425,15.141440905732138,17.116578534275956,19.919439172702287,24.11142728906892,24.4535677859974,25.97268009802784
0.0,0.8021604396822901,3.5279688388776003,6.860945237927077,10.810202852588425,15.141440905732138,17.116578534275956,19.919439172702287,24.11142728906892,24.4535677859974,25.97268009802784
0.0,0.8021604396822901,3.5279688388776003,6.860945237927077,10.810202852588425,15.141440905732138,17.116578534275956,19.919439172702287,24.11142728906892,24.4535677859974,25.97268009802784
0.0,0.8021604396822901,3.5279688388776003,6.749520986596737,10.810202852588425,15.141440905732138,17.116578534275956,19.919439172702287,24.11142728906892,24.4535677859974,25.97268009802784
0.0,0.8021604396822901,3.5279688388776003,6.860945237927077,10.810202852588425,15.141440905732138,17.116578534275956,19.919439172702287,24.11142728906892,24.4535677859974,25.97268009802784
0.0,0.8021604396822901,3.5279688388776003,6.860945237927077,10.810202852588425,15.141440905732138,17.116578534275956,19.919439172702287,24.11142728906892,24.4535677859974,25.97268009802784
0.0,0.8021604396822901,3.5279688388776003,6.860945237927077,10.810202852588425,15.141440905732138,17.116578534275956,19.919439172702287,24.11142728906892,24.4535677859974,25.97268009802784
0.0,0.8021604396822901,3.5279688388776003,6.749520986596737,10.810202852588425,15.141440905732138,17.116578534275956,19.919439172702287,24.11142728906892,24.4535677859974,25.97268009802784
0.0,0.8021604396822901,3.5279688388776003,6.860945237927077,10.810202852588425,15.141440905732138,17.116578534275956,19.919439172702287,24.11142728906892,24.4535677859974,25.97268009802784
0.0,0.8021604396822901,3.5279688388776003,6.749520986596737,10.810202852588425,15.141440905732138,17.116578534275956,19.919439172702287,24.11142728906892,24.4535677859974,25.97268009802784
0.0,0.8021604396822901,3.5279688388776003,6.860945237927077,10.810202852588425,15.141440905732138,17.116578534275956,19.919439172702287,24.11142728906892,24.4535677859974,25.97268009802784
0.0,0.8021604396822901,3.5279688388776003,6.749520986596737,10.810202852588425,15.141440905732138,17.116578534275956,19.919439172702287,24.11142728906892,24.4535677859974,25.97268009802784
0.0,0.8021604396822901,3.5279688388776003,6.860945237927077,10.810202852588425,15.141440905732138,17.116578534275956,19.919439172702287,24.11142728906892,24.4535677859974,25.97268009802784
0.0,0.8021604396822901,3.5279688388776003,6.860945237927077,10.810202852588425,15.141440905732138,17.116578534275956,19.919439172702287,24.11142728906892,24.4535677859974,25.97268009802784
0.0,0.8021604396822901,3.5279688388776003,6.749520986596737,10.810202852588425,15.141440905732138,17.116578534275956,19.919439172702287,24.11142728906892,24.4535677859974,25.97268009802784
0.0,0.8021604396822901,3.5279688388776003,6.749520986596737,10.810202852588425,15.141440905732138,17.116578534275956,19.919439172702287,24.11142728906892,24.4535677859974,25.97268009802784
0.0,0.8021604396822901,3.5279688388776003,6.749520986596737,10.810202852588425,15.141440905732138,17.116578534275956,19.919439172702287,24.11142728906892,24.4535677859974,25.97268009802784
0.0,0.8021604396822901,3.5279688388776003,6.860945237927077,10.810202852588425,15.141440905732138,17.116578534275956,19.919439172702287,24.11142728906892,24.4535677859974,25.97268009802784
0.0,0.8021604396822901,3.5279688388776003,6.860945237927077,10.810202852588425,15.141440905732138,17.116578534275956,19.919439172702287,24.11142728906892,24.4535677859974,25.97268009802784
0.0,0.8021604396822901,3.5279688388776003,6.749520986596737,10.810202852588425,15.141440905732138,17.116578534275956,20.164873261749033,24.11142728906892,24.4535677859974,25.97268009802784
0.0,0.8021604396822901,3.5279688388776003,6.860945237927077,10.810202852588425,15.141440905732138,17.116578534275956,20.164873261749033,24.11142728906892,24.4535677859974,25.97268009802784
0.0,0.8021604396822901,3.5279688388776003,6.749520986596737,10.810202852588425,15.141440905732138,17.116578534275956,20.164873261749033,24.11142728906892,24.4535677859974,25.97268009802784
0.0,0.8021604396822901,3.5279688388776003,6.860945237927077,10.810202852588425,15.141440905732138,17.116578534275956,20.164873261749033,24.11142728906892,24.4535677859974,25.97268009802784
0.0,0.8021604396822901,3.5279688388776003,6.749520986596737,10.810202852588425,15.141440905732138,17.116578534275956,20.164873261749033,24.11142728906892,24.4535677859974,25.97268009802784
0.0,0.8021604396822901,3.5279688388776003,6.860945237927077,10.810202852588425,15.141440905732138,17.116578534275956,20.164873261749033,24.11142728906892,24.4535677859974,25.97268009802784
0.0,0.8021604396822901,3.5279688388776003,6.749520986596737,10.810202852588425,15.141440905732138,17.116578534275956,20.164873261749033,24.11142728906892,24.4535677859974,25.97268009802784
0.0,0.8021604396822901,3.5279688388776003,6.860945237927077,10.810202852588425,15.141440905732138,17.116578534275956,20.164873261749033,24.11142728906892,24.4535677859974,25.97268009802784
0.0,0.8021604396822901,3.5279688388776003,6.749520986596737,10.810202852588425,15.141440905732138,17.116578534275956,20.164873261749033,24.11142728906892,24.4535677859974,25.97268009802784
0.0,0.8021604396822901,3.5279688388776003,6.860945237927077,10.810202852588425,15.141440905732138,17.116578534275956,20.164873261749033,24.11142728906892,24.4535677859974,25.97268009802784
0.0,0.8021604396822901,3.5279688388776003,6.749520986596737,10.810202852588425,15.141440905732138,17.116578534275956,20.164873261749033,24.11142728906892,24.4535677859974,25.97268009802784
0.0,0.8021604396822901,3.5279688388776003,6.860945237927077,10.810202852588425,15.141440905732138,17.116578534275956,20.164873261749033,24.11142728906892,24.4535677859974,25.97268009802784
0.0,0.8021604396822901,3.5279688388776003,6.749520986596737,10.810202852588425,15.141440905732138,17.116578534275956,20.164873261749033,24.11142728906892,24.4535677859974,25.97268009802784
0.0,0.8021604396822901,3.5279688388776003,6.860945237927077,10.810202852588425,15.141440905732138,17.116578534275956,20.164873261749033,24.11142728906892,24.4535677859974,25.97268009802784
0.0,0.8021604396822901,3.5279688388776003,6.749520986596737,10.810202852588425,15.141440905732138,17.116578534275956,20.164873261749033,24.11142728906892,24.4535677859974,25.97268009802784
0.0,0.8021604396822901,3.5279688388776003,6.749520986596737,10.810202852588425,15.141440905732138,17.116578534275956,20.164873261749033,24.11142728906892,24.4535677859974,25.97268009802784
0.0,0.8021604396822901,3.5279688388776003,6.749520986596737,10.810202852588425,15.141440905732138,17.116578534275956,20.164873261749033,24.11142728906892,24.4535677859974,25.97268009802784
0.0,0.8021604396822901,3.5279688388776003,6.860945237927077,10.810202852588425,15.141440905732138,17.116578534275956,20.164873261749033,24.11142728906892,24.4535677859974,25.97268009802784
0.0,0.8021604396822901,3.5279688388776003,6.749520986596737,10.810202852588425,15.141440905732138,17.116578534275956,20.164873261749033,24.11142728906892,24.4535677859974,25.97268009802784
0.0,0.8021604396822901,3.5279688388776003,6.860945237927077,10.810202852588425,15.141440905732138,17.116578534275956,20.164873261749033,24.11142728906892,24.4535677859974,25.97268009802784
0.0,0.8021604396822901,3.5279688388776003,6.749520986596737,10.810202852588425,15.141440905732138,17.116578534275956,20.164873261749033,24.11142728906892,24.4535677859974,25.97268009802784
0.0,0.8021604396822901,3.5279688388776003,6.860945237927077,10.810202852588425,15.141440905732138,17.116578534275956,20.164873261749033,24.11142728906892,24.4535677859974,25.97268009802784
0.0,0.8021604396822901,3.5279688388776003,6.860945237927077,10.810202852588425,15.141440905732138,17.116578534275956,20.164873261749033,24.11142728906892,24.4535677859974,25.97268009802784
0.0,0.8021604396822901,3.5279688388776003,6.749520986596737,10.810202852588425,15.141440905732138,17.116578534275956,20.164873261749033,24.11142728906892,24.4535677859974,25.97268009802784
0.0,0.8021604396822901,3.5279688388776003,6.860945237927077,10.810202852588425,15.141440905732138,17.116578534275956,20.164873261749033,24.11142728906892,24.4535677859974,25.97268009802784
0.0,0.8021604396822901,3.5279688388776003,6.749520986596737,10.810202852588425,15.141440905732138,17.116578534275956,20.164873261749033,24.11142728906892,24.4535677859974,25.97268009802784
0.0,0.8021604396822901,3.5279688388776003,6.860945237927077,10.810202852588425,15.141440905732138,17.116578534275956,20.164873261749033,24.11142728906892,24.4535677859974,25.97268009802784
0.0,0.8021604396822901,3.5279688388776003,6.749520986596737,10.810202852588425,15.141440905732138,17.116578534275956,20.164873261749033,24.11142728906892,24.4535677859974,25.97268009802784
0.0,0.8021604396822901,3.5279688388776003,6.860945237927077,10.810202852588425,15.141440905732138,17.116578534275956,20.164873261749033,24.11142728906892,24.4535677859974,25.97268009802784
0.0,0.8021604396822901,3.5279688388776003,6.749520986596737,10.810202852588425,15.141440905732138,17.116578534275956,20.164873261749033,24.11142728906892,24.4535677859974,25.97268009802784
0.0,0.8021604396822901,3.5279688388776003,6.749520986596737,10.810202852588425,15.141440905732138,17.116578534275956,20.164873261749033,24.11142728906892,24.4535677859974,25.97268009802784
0.0,0.8021604396822901,3.5279688388776003,6.749520986596737,10.810202852588425,15.141440905732138,17.116578534275956,20.164873261749033,24.11142728906892,24.4535677859974,25.97268009802784
0.0,0.8021604396822901,3.5279688388776003,6.749520986596737,10.810202852588425,15.141440905732138,17.116578534275956,20.164873261749033,24.11142728906892,24.4535677859974,25.97268009802784
0.0,0.8021604396822901,3.5279688388776003,6.749520986596737,10.810202852588425,15.141440905732138,17.116578534275956,20.164873261749033,24.11142728906892,24.4535677859974,25.97268009802784
0.0,0.8021604396822901,3.5279688388776003,6.749520986596737,10.810202852588425,15.141440905732138,17.116578534275956,20.164873261749033,24.11142728906892,24.4535677859974,25.97268009802784
0.0,0.8021604396822901,3.5279688388776003,6.860945237927077,10.810202852588425,15.141440905732138,17.116578534275956,20.164873261749033,24.11142728906892,24.4535677859974,25.97268009802784
0.0,0.8021604396822901,3.5279688388776003,6.749520986596737,10.810202852588425,15.141440905732138,17.116578534275956,20.164873261749033,24.11142728906892,24.4535677859974,25.97268009802784
0.0,0.8021604396822901,3.5279688388776003,6.860945237927077,10.810202852588425,15.141440905732138,17.116578534275956,20.164873261749033,24.11142728906892,24.4535677859974,25.97268009802784
0.0,0.8021604396822901,3.5279688388776003,6.749520986596737,10.810202852588425,15.141440905732138,17.116578534275956,20.164873261749033,24.11142728906892,24.4535677859974,25.97268009802784
0.0,0.8021604396822901,3.5279688388776003,6.749520986596737,10.810202852588425,15.141440905732138,17.116578534275956,20.164873261749033,24.11142728906892,24.4535677859974,25.97268009802784
0.0,0.8021604396822901,3.5279688388776003,6.749520986596737,10.810202852588425,15.141440905732138,17.116578534275956,20.164873261749033,24.11142728906892,24.4535677859974,25.97268009802784
0.0,0.8021604396822901,3.5279688388776003,6.749520986596737,10.810202852588425,15.141440905732138,17.116578534275956,20.164873261749033,24.11142728906892,24.4535677859974,25.97268009802784
0.0,0.8021604396822901,3.5279688388776003,6.749520986596737,10.810202852588425,15.141440905732138,17.116578534275956,20.164873261749033,24.11142728906892,24.4535677859974,25.97268009802784
0.0,0.8021604396822901,3.5279688388776003,6.860945237927077,10.810202852588425,15.141440905732138,17.116578534275956,20.164873261749033,24.11142728906892,24.4535677859974,25.97268009802784
0.0,0.8021604396822901,3.5279688388776003,6.860945237927077,10.810202852588425,15.141440905732138,17.116578534275956,20.164873261749033,24.11142728906892,24.4535677859974,25.97268009802784
0.0,0.8021604396822901,3.5279688388776003,6.860945237927077,10.810202852588425,15.141440905732138,17.116578534275956,20.164873261749033,24.11142728906892,24.4535677859974,25.97268009802784
0.0,0.8021604396822901,3.5279688388776003,6.860945237927077,10.810202852588425,15.141440905732138,17.116578534275956,20.164873261749033,24.11142728906892,24.4535677859974,25.97268009802784
0.0,0.8021604396822901,3.5279688388776003,6.749520986596737,10.810202852588425,15.141440905732138,17.116578534275956,20.164873261749033,24.11142728906892,24.4535677859974,25.97268009802784
0.0,0.8021604396822901,3.5279688388776003,6.860945237927077,10.810202852588425,15.141440905732138,17.116578534275956,20.164873261749033,24.11142728906892,24.4535677859974,25.97268009802784
0.0,0.8021604396822901,3.5279688388776003,6.749520986596737,10.810202852588425,15.141440905732138,17.116578534275956,20.164873261749033,24.11142728906892,24.4535677859974,25.97268009802784
0.0,0.8021604396822901,3.5279688388776003,6.860945237927077,10.810202852588425,15.141440905732138,17.116578534275956,20.164873261749033,24.11142728906892,24.4535677859974,25.97268009802784
0.0,0.8021604396822901,3.5279688388776003,6.860945237927077,10.810202852588425,15.141440905732138,17.116578534275956,20.164873261749033,24.11142728906892,24.4535677859974,25.97268009802784
0.0,0.8021604396822901,3.5279688388776003,6.860945237927077,10.810202852588425,15.141440905732138,17.116578534275956,20.164873261749033,24.11142728906892,24.4535677859974,25.97268009802784
0.0,0.8021604396822901,3.5279688388776003,6.860945237927077,10.810202852588425,15.141440905732138,17.116578534275956,20.164873261749033,24.11142728906892,24.4535677859974,25.97268009802784
0.0,0.8021604396822901,3.5279688388776003,6.749520986596737,10.810202852588425,15.141440905732138,17.116578534275956,20.164873261749033,24.11142728906892,24.4535677859974,25.97268009802784
0.0,0.8021604396822901,3.5279688388776003,6.749520986596737,10.810202852588425,15.141440905732138,17.116578534275956,20.164873261749033,24.11142728906892,24.4535677859974,25.97268009802784
0.0,0.8021604396822901,3.5279688388776003,6.860945237927077,10.810202852588425,15.141440905732138,17.116578534275956,20.164873261749033,24.11142728906892,24.4535677859974,25.97268009802784
0.0,0.8021604396822901,3.5279688388776003,6.749520986596737,10.810202852588425,15.141440905732138,17.116578534275956,20.164873261749033,24.11142728906892,24.4535677859974,25.97268009802784
0.0,0.8021604396822901,3.5279688388776003,6.860945237927077,10.810202852588425,15.141440905732138,17.116578534275956,20.164873261749033,24.11142728906892,24.4535677859974,25.97268009802784
0.0,0.8021604396822901,3.5279688388776003,6.749520986596737,10.810202852588425,15.141440905732138,17.116578534275956,20.164873261749033,24.11142728906892,24.4535677859974,25.97268009802784
0.0,0.8021604396822901,3.5279688388776003,6.860945237927077,10.810202852588425,15.141440905732138,17.116578534275956,20.164873261749033,24.11142728906892,24.4535677859974,25.97268009802784
0.0,0.8021604396822901,3.5279688388776003,6.749520986596737,10.810202852588425,15.141440905732138,17.116578534275956,20.164873261749033,24.11142728906892,24.4535677859974,25.97268009802784
0.0,0.8021604396822901,3.5279688388776003,6.749520986596737,10.810202852588425,15.141440905732138,17.116578534275956,20.164873261749033,24.11142728906892,24.4535677859974,25.97268009802784
0.0,0.8021604396822901,3.5279688388776003,6.860945237927077,10.810202852588425,15.141440905732138,17.116578534275956,20.164873261749033,24.11142728906892,24.4535677859974,25.97268009802784
0.0,0.8021604396822901,3.5279688388776003,6.860945237927077,10.810202852588425,15.141440905732138,17.116578534275956,20.164873261749033,24.11142728906892,24.4535677859974,25.97268009802784
0.0,0.8021604396822901,3.5279688388776003,6.860945237927077,10.810202852588425,15.141440905732138,17.116578534275956,20.164873261749033,24.11142728906892,24.4535677859974,25.97268009802784
0.0,0.8021604396822901,3.5279688388776003,6.860945237927077,10.810202852588425,15.141440905732138,17.116578534275956,20.164873261749033,24.11142728906892,24.4535677859974,25.97268009802784
0.0,0.8021604396822901,3.5279688388776003,6.749520986596737,10.810202852588425,15.141440905732138,17.116578534275956,20.164873261749033,24.11142728906892,24.4535677859974,25.97268009802784
0.0,0.8021604396822901,3.5279688388776003,6.749520986596737,10.810202852588425,15.141440905732138,17.116578534275956,20.164873261749033,24.11142728906892,24.4535677859974,25.97268009802784
0.0,0.8021604396822901,3.5279688388776003,6.749520986596737,10.810202852588425,15.141440905732138,17.116578534275956,20.164873261749033,24.11142728906892,24.4535677859974,25.97268009802784
0.0,0.8021604396822901,3.5279688388776003,6.860945237927077,10.810202852588425,15.141440905732138,17.116578534275956,20.164873261749033,24.11142728906892,24.4535677859974,25.97268009802784
0.0,0.8021604396822901,3.5279688388776003,6.860945237927077,10.810202852588425,15.141440905732138,17.116578534275956,20.164873261749033,24.11142728906892,24.4535677859974,25.97268009802784
0.0,0.8021604396822901,3.5279688388776003,6.860945237927077,10.810202852588425,15.141440905732138,17.116578534275956,20.164873261749033,24.11142728906892,24.4535677859974,25.97268009802784
0.0,0.8021604396822901,3.5279688388776003,6.860945237927077,10.810202852588425,15.141440905732138,17.116578534275956,20.164873261749033,24.11142728906892,24.4535677859974,25.97268009802784
0.0,0.8021604396822901,3.5279688388776003,6.749520986596737,10.810202852588425,15.141440905732138,17.116578534275956,20.164873261749033,24.11142728906892,24.4535677859974,25.97268009802784
0.0,0.8021604396822901,3.5279688388776003,6.749520986596737,10.810202852588425,15.141440905732138,17.116578534275956,20.164873261749033,24.11142728906892,24.4535677859974,25.97268009802784
0.0,0.8021604396822901,3.5279688388776003,6.749520986596737,10.810202852588425,15.141440905732138,17.116578534275956,20.164873261749033,24.11142728906892,24.4535677859974,25.97268009802784
0.0,0.8021604396822901,3.5279688388776003,6.860945237927077,10.810202852588425,15.141440905732138,17.116578534275956,20.164873261749033,24.11142728906892,24.4535677859974,25.97268009802784
0.0,0.8021604396822901,3.5279688388776003,6.749520986596737,10.810202852588425,15.141440905732138,17.116578534275956,20.164873261749033,24.11142728906892,24.4535677859974,25.97268009802784
0.0,0.8021604396822901,3.5279688388776003,6.749520986596737,10.810202852588425,15.141440905732138,17.116578534275956,20.164873261749033,24.11142728906892,24.4535677859974,25.97268009802784
0.0,0.8021604396822901,3.5279688388776003,6.860945237927077,10.810202852588425,15.141440905732138,17.116578534275956,20.164873261749033,24.11142728906892,24.4535677859974,25.97268009802784
0.0,0.8021604396822901,3.5279688388776003,6.749520986596737,10.810202852588425,15.141440905732138,17.116578534275956,20.164873261749033,24.11142728906892,24.4535677859974,25.97268009802784
0.0,0.8021604396822901,3.5279688388776003,6.749520986596737,10.810202852588425,15.141440905732138,17.116578534275956,20.164873261749033,24.11142728906892,24.4535677859974,25.97268009802784
0.0,0.8021604396822901,3.5279688388776003,6.749520986596737,10.810202852588425,15.141440905732138,17.116578534275956,20.164873261749033,24.11142728906892,24.4535677859974,25.97268009802784
0.0,0.8021604396822901,3.5279688388776003,6.860945237927077,10.810202852588425,15.141440905732138,17.116578534275956,20.164873261749033,24.11142728906892,24.4535677859974,25.97268009802784
0.0,0.8021604396822901,3.5279688388776003,6.749520986596737,10.810202852588425,15.141440905732138,17.116578534275956,20.164873261749033,24.11142728906892,24.4535677859974,25.97268009802784
0.0,0.8021604396822901,3.5279688388776003,6.749520986596737,10.810202852588425,15.141440905732138,17.116578534275956,20.164873261749033,24.11142728906892,24.4535677859974,25.97268009802784
0.0,0.8021604396822901,3.5279688388776003,6.860945237927077,10.810202852588425,15.141440905732138,17.116578534275956,20.164873261749033,24.11142728906892,24.4535677859974,25.97268009802784
0.0,0.8021604396822901,3.5279688388776003,6.749520986596737,10.810202852588425,15.141440905732138,17.116578534275956,20.164873261749033,24.11142728906892,24.4535677859974,25.97268009802784
0.0,0.8021604396822901,3.5279688388776003,6.749520986596737,10.810202852588425,15.141440905732138,17.116578534275956,20.164873261749033,24.11142728906892,24.4535677859974,25.97268009802784
0.0,0.8021604396822901,3.5279688388776003,6.860945237927077,10.810202852588425,15.141440905732138,17.116578534275956,20.164873261749033,24.11142728906892,24.4535677859974,25.97268009802784
0.0,0.8021604396822901,3.5279688388776003,6.749520986596737,10.810202852588425,15.141440905732138,17.116578534275956,20.164873261749033,24.11142728906892,24.4535677859974,25.97268009802784
0.0,0.8021604396822901,3.5279688388776003,6.860945237927077,10.810202852588425,15.141440905732138,17.116578534275956,20.164873261749033,24.11142728906892,24.4535677859974,25.97268009802784
0.0,0.8021604396822901,3.5279688388776003,6.860945237927077,10.810202852588425,15.141440905732138,17.116578534275956,20.164873261749033,24.11142728906892,24.4535677859974,25.97268009802784
0.0,0.8021604396822901,3.5279688388776003,6.749520986596737,10.810202852588425,15.141440905732138,17.116578534275956,20.164873261749033,24.11142728906892,24.4535677859974,25.97268009802784
0.0,0.8021604396822901,3.5279688388776003,6.860945237927077,10.810202852588425,15.141440905732138,17.116578534275956,20.164873261749033,24.11142728906892,24.4535677859974,25.97268009802784
0.0,0.8021604396822901,3.5279688388776003,6.749520986596737,10.810202852588425,15.141440905732138,17.116578534275956,20.164873261749033,24.11142728906892,24.4535677859974,25.97268009802784
0.0,0.8021604396822901,3.5279688388776003,6.749520986596737,10.810202852588425,15.141440905732138,17.116578534275956,20.164873261749033,24.11142728906892,24.4535677859974,25.97268009802784
0.0,0.8021604396822901,3.5279688388776003,6.860945237927077,10.810202852588425,15.141440905732138,17.116578534275956,20.164873261749033,23.97207103144135,24.39363320369784,25.97268009802784
0.0,0.8021604396822901,3.5279688388776003,6.860945237927077,10.810202852588425,15.141440905732138,17.116578534275956,20.164873261749033,23.97207103144135,24.39363320369784,25.97268009802784
0.0,0.8021604396822901,3.5279688388776003,6.860945237927077,10.810202852588425,15.141440905732138,17.116578534275956,20.164873261749033,23.97207103144135,24.39363320369784,25.97268009802784
0.0,0.8021604396822901,3.5279688388776003,6.749520986596737,10.810202852588425,15.141440905732138,17.116578534275956,20.164873261749033,23.97207103144135,24.39363320369784,25.97268009802784
0.0,0.8021604396822901,3.5279688388776003,6.860945237927077,10.810202852588425,15.141440905732138,17.116578534275956,20.164873261749033,23.97207103144135,24.39363320369784,25.97268009802784
0.0,0.8021604396822901,3.5279688388776003,6.860945237927077,10.810202852588425,15.141440905732138,17.116578534275956,20.164873261749033,23.97207103144135,24.39363320369784,25.97268009802784
0.0,0.8021604396822901,3.5279688388776003,6.749520986596737,10.810202852588425,15.141440905732138,17.116578534275956,20.164873261749033,23.97207103144135,24.39363320369784,25.97268009802784
0.0,0.8021604396822901,3.5279688388776003,6.749520986596737,10.810202852588425,15.141440905732138,17.116578534275956,20.164873261749033,23.97207103144135,24.39363320369784,25.97268009802784
0.0,0.8021604396822901,3.5279688388776003,6.860945237927077,10.810202852588425,15.141440905732138,17.116578534275956,20.164873261749033,23.97207103144135,24.39363320369784,25.97268009802784
0.0,0.8021604396822901,3.5279688388776003,6.749520986596737,10.810202852588425,15.141440905732138,17.116578534275956,20.164873261749033,23.97207103144135,24.39363320369784,25.97268009802784
0.0,0.8021604396822901,3.5279688388776003,6.860945237927077,10.810202852588425,15.141440905732138,17.116578534275956,20.164873261749033,23.97207103144135,24.39363320369784,25.97268009802784
0.0,0.8021604396822901,3.5279688388776003,6.749520986596737,10.810202852588425,15.141440905732138,17.116578534275956,20.164873261749033,23.97207103144135,24.39363320369784,25.97268009802784
0.0,0.8021604396822901,3.5279688388776003,6.860945237927077,10.810202852588425,15.141440905732138,17.116578534275956,20.164873261749033,23.97207103144135,24.39363320369784,25.97268009802784
0.0,0.8021604396822901,3.5279688388776003,6.749520986596737,10.810202852588425,15.141440905732138,17.116578534275956,20.164873261749033,23.97207103144135,24.39363320369784,25.97268009802784
0.0,0.8021604396822901,3.5279688388776003,6.749520986596737,10.810202852588425,15.141440905732138,17.116578534275956,20.164873261749033,23.97207103144135,24.39363320369784,25.97268009802784
0.0,0.8021604396822901,3.5279688388776003,6.860945237927077,10.810202852588425,15.141440905732138,17.116578534275956,20.104148867417155,24.023348058771138,24.39363320369784,25.97268009802784
0.0,0.8021604396822901,3.5279688388776003,6.860945237927077,10.810202852588425,15.141440905732138,17.116578534275956,20.104148867417155,24.023348058771138,24.39363320369784,25.97268009802784
0.0,0.8021604396822901,3.5279688388776003,6.749520986596737,10.810202852588425,15.141440905732138,17.116578534275956,20.104148867417155,24.023348058771138,24.39363320369784,25.97268009802784
0.0,0.8021604396822901,3.5279688388776003,6.749520986596737,10.810202852588425,15.141440905732138,17.116578534275956,20.104148867417155,24.023348058771138,24.39363320369784,25.97268009802784
0.0,0.8021604396822901,3.5279688388776003,6.749520986596737,10.810202852588425,15.141440905732138,17.116578534275956,20.104148867417155,24.023348058771138,24.39363320369784,25.97268009802784
0.0,0.8021604396822901,3.5279688388776003,6.860945237927077,10.810202852588425,15.141440905732138,17.116578534275956,20.104148867417155,24.023348058771138,24.39363320369784,25.97268009802784
0.0,0.8021604396822901,3.5279688388776003,6.860945237927077,10.810202852588425,15.141440905732138,17.116578534275956,20.104148867417155,24.023348058771138,24.39363320369784,25.97268009802784
0.0,0.8021604396822901,3.5279688388776003,6.860945237927077,10.810202852588425,15.141440905732138,17.116578534275956,20.104148867417155,24.023348058771138,24.39363320369784,25.97268009802784
0.0,0.8021604396822901,3.5279688388776003,6.860945237927077,10.810202852588425,15.141440905732138,17.116578534275956,20.104148867417155,24.023348058771138,24.39363320369784,25.97268009802784
0.0,0.8021604396822901,3.5279688388776003,6.749520986596737,10.810202852588425,15.141440905732138,17.116578534275956,20.104148867417155,24.023348058771138,24.39363320369784,25.97268009802784
0.0,0.8021604396822901,3.5279688388776003,6.860945237927077,10.810202852588425,15.141440905732138,17.116578534275956,20.104148867417155,24.023348058771138,24.39363320369784,25.97268009802784
0.0,0.8021604396822901,3.5279688388776003,6.860945237927077,10.810202852588425,15.141440905732138,17.116578534275956,20.104148867417155,24.023348058771138,24.39363320369784,25.97268009802784
0.0,0.8021604396822901,3.5279688388776003,6.749520986596737,10.810202852588425,15.141440905732138,17.116578534275956,20.104148867417155,24.023348058771138,24.39363320369784,25.97268009802784
0.0,0.8021604396822901,3.5279688388776003,6.860945237927077,10.810202852588425,15.141440905732138,17.116578534275956,20.104148867417155,24.023348058771138,24.39363320369784,25.97268009802784
0.0,0.8021604396822901,3.5279688388776003,6.860945237927077,10.810202852588425,15.141440905732138,17.116578534275956,20.104148867417155,24.023348058771138,24.39363320369784,25.97268009802784
0.0,0.8021604396822901,3.5279688388776003,6.860945237927077,10.810202852588425,15.141440905732138,17.116578534275956,20.104148867417155,24.023348058771138,24.39363320369784,25.97268009802784
0.0,0.8021604396822901,3.5279688388776003,6.749520986596737,10.810202852588425,15.141440905732138,17.116578534275956,20.104148867417155,24.023348058771138,24.39363320369784,25.97268009802784
0.0,0.8021604396822901,3.5279688388776003,6.860945237927077,10.810202852588425,15.141440905732138,17.116578534275956,20.104148867417155,24.023348058771138,24.39363320369784,25.97268009802784
0.0,0.8021604396822901,3.5279688388776003,6.860945237927077,10.810202852588425,15.141440905732138,17.116578534275956,20.104148867417155,24.023348058771138,24.39363320369784,25.97268009802784
0.0,0.8021604396822901,3.5279688388776003,6.860945237927077,10.810202852588425,15.141440905732138,17.116578534275956,20.104148867417155,24.023348058771138,24.39363320369784,25.97268009802784
0.0,0.8021604396822901,3.5279688388776003,6.860945237927077,10.810202852588425,15.141440905732138,17.116578534275956,20.104148867417155,24.023348058771138,24.39363320369784,25.97268009802784
0.0,0.8021604396822901,3.5279688388776003,6.860945237927077,10.810202852588425,15.141440905732138,17.116578534275956,20.104148867417155,23.983006890350563,24.347125425947915,25.97268009802784
0.0,0.8021604396822901,3.5279688388776003,6.860945237927077,10.810202852588425,15.141440905732138,17.116578534275956,20.104148867417155,23.983006890350563,24.347125425947915,25.97268009802784
0.0,0.8021604396822901,3.5279688388776003,6.860945237927077,10.810202852588425,15.141440905732138,17.116578534275956,20.104148867417155,23.983006890350563,24.347125425947915,25.97268009802784
0.0,0.8021604396822901,3.5279688388776003,6.860945237927077,10.810202852588425,15.141440905732138,17.116578534275956,20.104148867417155,23.983006890350563,24.347125425947915,25.97268009802784
0.0,0.8021604396822901,3.5279688388776003,6.860945237927077,10.810202852588425,15.141440905732138,17.116578534275956,20.104148867417155,23.983006890350563,24.347125425947915,25.97268009802784
0.0,0.8021604396822901,3.5279688388776003,6.860945237927077,10.810202852588425,15.141440905732138,17.116578534275956,20.104148867417155,23.983006890350563,24.347125425947915,25.97268009802784
0.0,0.8021604396822901,3.5279688388776003,6.860945237927077,10.810202852588425,14.96958084523558,17.116578534275956,20.104148867417155,23.983006890350563,24.347125425947915,25.97268009802784
0.0,0.8021604396822901,3.5279688388776003,6.860945237927077,10.810202852588425,14.96958084523558,17.116578534275956,20.104148867417155,23.983006890350563,24.347125425947915,25.97268009802784
0.0,0.8021604396822901,3.5279688388776003,6.860945237927077,10.810202852588425,14.96958084523558,17.116578534275956,20.104148867417155,23.983006890350563,24.347125425947915,25.97268009802784
0.0,0.8021604396822901,3.5279688388776003,6.749520986596737,10.810202852588425,14.96958084523558,17.116578534275956,20.104148867417155,23.983006890350563,24.347125425947915,25.97268009802784
0.0,0.8021604396822901,3.5279688388776003,6.860945237927077,10.810202852588425,14.96958084523558,17.116578534275956,20.104148867417155,23.983006890350563,24.347125425947915,25.97268009802784
0.0,0.8021604396822901,3.5279688388776003,6.749520986596737,10.810202852588425,14.810995702359339,17.116578534275956,20.104148867417155,23.983006890350563,24.347125425947915,25.97268009802784
0.0,0.8021604396822901,3.5279688388776003,6.860945237927077,10.810202852588425,14.810995702359339,17.116578534275956,20.104148867417155,23.983006890350563,24.347125425947915,25.97268009802784
0.0,0.8021604396822901,3.5279688388776003,6.860945237927077,10.810202852588425,14.810995702359339,17.116578534275956,20.104148867417155,23.983006890350563,24.347125425947915,25.97268009802784
0.0,0.8021604396822901,3.5279688388776003,6.749520986596737,10.810202852588425,14.810995702359339,17.116578534275956,20.104148867417155,23.983006890350563,24.347125425947915,25.97268009802784
0.0,0.8021604396822901,3.5279688388776003,6.749520986596737,10.810202852588425,14.810995702359339,17.116578534275956,20.104148867417155,23.983006890350563,24.347125425947915,25.97268009802784
0.0,0.8021604396822901,3.5279688388776003,6.749520986596737,10.810202852588425,14.810995702359339,17.116578534275956,20.104148867417155,23.983006890350563,24.347125425947915,25.97268009802784
0.0,0.8021604396822901,3.5279688388776003,6.860945237927077,10.810202852588425,14.810995702359339,17.116578534275956,20.104148867417155,23.983006890350563,24.347125425947915,25.97268009802784
0.0,0.8021604396822901,3.5279688388776003,6.749520986596737,10.810202852588425,14.810995702359339,17.116578534275956,20.104148867417155,23.983006890350563,24.347125425947915,25.97268009802784
0.0,0.8021604396822901,3.5279688388776003,6.860945237927077,10.810202852588425,14.810995702359339,17.116578534275956,20.104148867417155,23.983006890350563,24.347125425947915,25.97268009802784
0.0,0.8021604396822901,3.5279688388776003,6.860945237927077,10.810202852588425,14.810995702359339,17.116578534275956,20.104148867417155,23.983006890350563,24.347125425947915,25.97268009802784
0.0,0.8021604396822901,3.5279688388776003,6.749520986596737,10.810202852588425,14.810995702359339,17.116578534275956,20.104148867417155,23.983006890350563,24.347125425947915,25.97268009802784
0.0,0.8021604396822901,3.5279688388776003,6.749520986596737,10.810202852588425,14.810995702359339,17.116578534275956,20.104148867417155,23.983006890350563,24.347125425947915,25.97268009802784
0.0,0.8021604396822901,3.5279688388776003,6.762051658263521,10.810202852588425,14.810995702359339,17.116578534275956,20.104148867417155,23.983006890350563,24.347125425947915,25.97268009802784
0.0,0.8021604396822901,3.5279688388776003,6.762051658263521,10.810202852588425,14.810995702359339,17.116578534275956,20.104148867417155,23.983006890350563,24.347125425947915,25.97268009802784
0.0,0.8021604396822901,3.5279688388776003,6.762051658263521,10.810202852588425,14.810995702359339,17.116578534275956,20.104148867417155,23.983006890350563,24.347125425947915,25.97268009802784
0.0,0.8021604396822901,3.5097120299764124,6.762051658263521,10.810202852588425,14.810995702359339,17.116578534275956,20.104148867417155,23.983006890350563,24.347125425947915,25.97268009802784
0.0,0.8021604396822901,3.5097120299764124,6.762051658263521,10.810202852588425,14.810995702359339,17.116578534275956,20.104148867417155,23.983006890350563,24.347125425947915,25.97268009802784
0.0,0.8021604396822901,3.5097120299764124,6.762051658263521,10.810202852588425,14.810995702359339,17.116578534275956,20.104148867417155,23.983006890350563,24.347125425947915,25.97268009802784
0.0,0.8021604396822901,3.5097120299764124,6.762051658263521,10.810202852588425,14.810995702359339,17.116578534275956,20.104148867417155,23.983006890350563,24.347125425947915,25.97268009802784
0.0,0.8021604396822901,3.5097120299764124,6.762051658263521,10.810202852588425,14.810995702359339,17.116578534275956,20.104148867417155,23.983006890350563,24.347125425947915,25.97268009802784
0.0,0.8021604396822901,3.5097120299764124,6.762051658263521,10.810202852588425,14.810995702359339,17.116578534275956,20.104148867417155,23.983006890350563,24.347125425947915,25.97268009802784
0.0,0.8021604396822901,3.5097120299764124,6.762051658263521,10.810202852588425,14.810995702359339,17.116578534275956,19.922066816579072,23.983006890350563,24.347125425947915,25.97268009802784
0.0,0.8021604396822901,3.5097120299764124,6.762051658263521,10.810202852588425,14.810995702359339,17.116578534275956,19.922066816579072,23.983006890350563,24.347125425947915,25.97268009802784
0.0,0.8021604396822901,3.5097120299764124,6.762051658263521,10.810202852588425,14.810995702359339,17.116578534275956,19.875285642356406,23.983006890350563,24.347125425947915,25.97268009802784
0.0,0.8021604396822901,3.5097120299764124,6.762051658263521,10.810202852588425,14.810995702359339,17.116578534275956,19.875285642356406,23.983006890350563,24.347125425947915,25.97268009802784
0.0,0.8021604396822901,3.5097120299764124,6.762051658263521,10.810202852588425,14.810995702359339,17.116578534275956,19.875285642356406,23.983006890350563,24.347125425947915,25.97268009802784
0.0,0.8021604396822901,3.5097120299764124,6.762051658263521,10.810202852588425,14.810995702359339,17.116578534275956,19.875285642356406,23.983006890350563,24.347125425947915,25.97268009802784
0.0,0.8021604396822901,3.5097120299764124,6.762051658263521,10.810202852588425,14.810995702359339,17.116578534275956,19.875285642356406,23.983006890350563,24.347125425947915,25.97268009802784
0.0,0.8021604396822901,3.5097120299764124,6.762051658263521,10.810202852588425,14.810995702359339,17.116578534275956,19.875285642356406,23.983006890350563,24.347125425947915,25.97268009802784
0.0,0.8021604396822901,3.5097120299764124,6.762051658263521,10.810202852588425,14.810995702359339,17.116578534275956,19.875285642356406,23.983006890350563,24.347125425947915,25.97268009802784
0.0,0.8021604396822901,3.5097120299764124,6.762051658263521,10.810202852588425,14.810995702359339,17.116578534275956,19.875285642356406,23.983006890350563,24.347125425947915,25.97268009802784
0.0,0.8021604396822901,3.5097120299764124,6.762051658263521,10.810202852588425,14.810995702359339,17.116578534275956,19.875285642356406,23.983006890350563,24.347125425947915,25.97268009802784
0.0,0.8021604396822901,3.5097120299764124,6.762051658263521,10.810202852588425,14.810995702359339,17.116578534275956,19.875285642356406,23.983006890350563,24.347125425947915,25.97268009802784
0.0,0.8021604396822901,3.5097120299764124,6.762051658263521,10.810202852588425,14.810995702359339,17.116578534275956,19.875285642356406,23.983006890350563,24.347125425947915,25.97268009802784
0.0,0.8021604396822901,3.5097120299764124,6.762051658263521,10.810202852588425,14.810995702359339,17.116578534275956,19.875285642356406,23.983006890350563,24.347125425947915,25.97268009802784
0.0,0.8021604396822901,3.5097120299764124,6.762051658263521,10.810202852588425,14.810995702359339,17.116578534275956,19.875285642356406,23.983006890350563,24.347125425947915,25.97268009802784
0.0,0.8021604396822901,3.5097120299764124,6.762051658263521,10.810202852588425,14.810995702359339,17.116578534275956,19.875285642356406,23.983006890350563,24.347125425947915,25.97268009802784
0.0,0.8021604396822901,3.5097120299764124,6.762051658263521,10.810202852588425,14.810995702359339,17.116578534275956,19.875285642356406,23.983006890350563,24.347125425947915,25.97268009802784
0.0,0.8021604396822901,3.5097120299764124,6.762051658263521,10.810202852588425,14.810995702359339,17.116578534275956,19.875285642356406,23.983006890350563,24.347125425947915,25.97268009802784
0.0,0.8021604396822901,3.5097120299764124,6.762051658263521,10.810202852588425,14.810995702359339,17.116578534275956,19.875285642356406,23.983006890350563,24.347125425947915,25.97268009802784
0.0,0.8021604396822901,3.5097120299764124,6.762051658263521,10.810202852588425,14.810995702359339,17.116578534275956,19.875285642356406,23.983006890350563,24.347125425947915,25.97268009802784
0.0,0.8021604396822901,3.5097120299764124,6.762051658263521,10.810202852588425,14.810995702359339,17.116578534275956,19.875285642356406,23.983006890350563,24.347125425947915,25.97268009802784
0.0,0.8021604396822901,3.5097120299764124,6.762051658263521,10.810202852588425,14.810995702359339,17.116578534275956,19.875285642356406,23.983006890350563,24.347125425947915,25.97268009802784
0.0,0.8021604396822901,3.5097120299764124,6.762051658263521,10.810202852588425,14.810995702359339,17.116578534275956,19.875285642356406,23.983006890350563,24.347125425947915,25.97268009802784
0.0,0.8021604396822901,3.5097120299764124,6.762051658263521,10.810202852588425,14.810995702359339,17.116578534275956,19.875285642356406,23.983006890350563,24.347125425947915,25.97268009802784
0.0,0.8021604396822901,3.5097120299764124,6.762051658263521,10.810202852588425,14.810995702359339,17.116578534275956,19.875285642356406,23.983006890350563,24.347125425947915,25.97268009802784
0.0,0.8021604396822901,3.5097120299764124,6.762051658263521,10.810202852588425,14.810995702359339,17.116578534275956,19.875285642356406,23.983006890350563,24.347125425947915,25.97268009802784
0.0,0.8021604396822901,3.5097120299764124,6.762051658263521,10.810202852588425,14.810995702359339,16.919474866130667,19.875285642356406,23.983006890350563,24.347125425947915,25.97268009802784
0.0,0.8021604396822901,3.5097120299764124,6.762051658263521,10.810202852588425,14.810995702359339,16.919474866130667,19.875285642356406,23.983006890350563,24.347125425947915,25.97268009802784
0.0,0.8021604396822901,3.5097120299764124,6.762051658263521,10.810202852588425,14.810995702359339,16.919474866130667,19.875285642356406,23.983006890350563,24.347125425947915,25.97268009802784
0.0,0.8021604396822901,3.5097120299764124,6.762051658263521,10.810202852588425,14.810995702359339,16.919474866130667,19.875285642356406,23.983006890350563,24.347125425947915,25.97268009802784
0.0,0.8021604396822901,3.5097120299764124,6.762051658263521,10.810202852588425,14.810995702359339,16.919474866130667,19.875285642356406,23.983006890350563,24.347125425947915,25.97268009802784
0.0,0.8021604396822901,3.5097120299764124,6.762051658263521,10.810202852588425,14.810995702359339,16.919474866130667,19.875285642356406,23.983006890350563,24.347125425947915,25.97268009802784
0.0,0.8021604396822901,3.5097120299764124,6.762051658263521,10.810202852588425,14.810995702359339,16.919474866130667,19.875285642356406,23.983006890350563,24.347125425947915,25.97268009802784
0.0,0.8021604396822901,3.5097120299764124,6.762051658263521,10.810202852588425,14.810995702359339,16.919474866130667,19.875285642356406,23.983006890350563,24.347125425947915,25.97268009802784
0.0,0.8021604396822901,3.5097120299764124,6.762051658263521,10.810202852588425,14.810995702359339,16.919474866130667,19.875285642356406,23.983006890350563,24.347125425947915,25.97268009802784
0.0,0.8021604396822901,3.5097120299764124,6.762051658263521,10.810202852588425,14.810995702359339,16.919474866130667,19.875285642356406,23.983006890350563,24.347125425947915,25.97268009802784
0.0,0.8021604396822901,3.5097120299764124,6.762051658263521,10.810202852588425,14.810995702359339,16.919474866130667,19.875285642356406,23.983006890350563,24.347125425947915,25.97268009802784
0.0,0.8021604396822901,3.5097120299764124,6.762051658263521,10.810202852588425,14.810995702359339,16.919474866130667,19.875285642356406,23.983006890350563,24.347125425947915,25.97268009802784
0.0,0.8021604396822901,3.5097120299764124,6.762051658263521,10.810202852588425,14.810995702359339,16.919474866130667,19.875285642356406,23.983006890350563,24.347125425947915,25.97268009802784
0.0,0.8021604396822901,3.5097120299764124,6.762051658263521,10.810202852588425,14.810995702359339,16.919474866130667,19.875285642356406,23.983006890350563,24.347125425947915,25.97268009802784
0.0,0.8021604396822901,3.5097120299764124,6.762051658263521,10.810202852588425,14.810995702359339,16.919474866130667,19.875285642356406,23.983006890350563,24.347125425947915,25.82920770461638
0.0,0.8021604396822901,3.5097120299764124,6.762051658263521,10.810202852588425,14.810995702359339,16.919474866130667,19.875285642356406,23.983006890350563,24.347125425947915,25.82920770461638
0.0,0.8021604396822901,3.5097120299764124,6.762051658263521,10.810202852588425,14.810995702359339,16.919474866130667,19.875285642356406,23.983006890350563,24.347125425947915,25.82920770461638
0.0,0.8021604396822901,3.5097120299764124,6.762051658263521,10.810202852588425,14.810995702359339,16.919474866130667,19.875285642356406,23.983006890350563,24.347125425947915,25.82920770461638
0.0,0.8021604396822901,3.5097120299764124,6.762051658263521,10.810202852588425,14.810995702359339,16.919474866130667,19.875285642356406,23.983006890350563,24.347125425947915,25.82920770461638
0.0,0.8021604396822901,3.5097120299764124,6.762051658263521,10.810202852588425,14.810995702359339,16.919474866130667,19.875285642356406,23.983006890350563,24.347125425947915,25.82920770461638
0.0,0.8021604396822901,3.5097120299764124,6.762051658263521,10.810202852588425,14.810995702359339,16.919474866130667,19.875285642356406,23.983006890350563,24.347125425947915,25.82920770461638
0.0,0.8021604396822901,3.5097120299764124,6.762051658263521,10.810202852588425,14.810995702359339,16.919474866130667,19.875285642356406,23.983006890350563,24.347125425947915,25.82920770461638
0.0,0.8021604396822901,3.5097120299764124,6.762051658263521,10.810202852588425,14.810995702359339,16.919474866130667,19.875285642356406,23.983006890350563,24.347125425947915,25.82920770461638
0.0,0.8021604396822901,3.5097120299764124,6.762051658263521,10.810202852588425,14.810995702359339,16.919474866130667,19.875285642356406,23.983006890350563,24.347125425947915,25.82920770461638
0.0,0.8021604396822901,3.5097120299764124,6.762051658263521,10.810202852588425,14.810995702359339,16.919474866130667,19.875285642356406,23.983006890350563,24.347125425947915,25.82920770461638
0.0,0.8021604396822901,3.5097120299764124,6.762051658263521,10.810202852588425,14.810995702359339,16.919474866130667,19.875285642356406,23.983006890350563,24.347125425947915,25.82920770461638
0.0,0.8021604396822901,3.5097120299764124,6.762051658263521,10.810202852588425,14.810995702359339,16.919474866130667,19.875285642356406,23.983006890350563,24.347125425947915,25.82920770461638
0.0,0.8021604396822901,3.5097120299764124,6.762051658263521,10.810202852588425,14.810995702359339,16.919474866130667,19.875285642356406,23.983006890350563,24.347125425947915,25.82920770461638
0.0,0.8021604396822901,3.5097120299764124,6.762051658263521,10.810202852588425,14.810995702359339,16.919474866130667,19.875285642356406,23.983006890350563,24.347125425947915,25.82920770461638
0.0,0.8021604396822901,3.5097120299764124,6.762051658263521,10.810202852588425,14.810995702359339,16.919474866130667,19.875285642356406,23.983006890350563,24.347125425947915,25.82920770461638
0.0,0.8021604396822901,3.5097120299764124,6.762051658263521,10.810202852588425,14.810995702359339,16.919474866130667,19.875285642356406,23.983006890350563,24.347125425947915,25.82920770461638
0.0,0.8021604396822901,3.5097120299764124,6.762051658263521,10.810202852588425,14.810995702359339,16.919474866130667,19.875285642356406,23.983006890350563,24.347125425947915,25.82920770461638
0.0,0.8021604396822901,3.5097120299764124,6.762051658263521,10.810202852588425,14.810995702359339,16.919474866130667,19.875285642356406,23.983006890350563,24.347125425947915,25.82920770461638
0.0,0.8021604396822901,3.5097120299764124,6.762051658263521,10.810202852588425,14.810995702359339,16.919474866130667,19.875285642356406,23.983006890350563,24.347125425947915,25.82920770461638
0.0,0.8021604396822901,3.5097120299764124,6.762051658263521,10.810202852588425,14.810995702359339,16.919474866130667,19.875285642356406,23.983006890350563,24.347125425947915,25.82920770461638
0.0,0.8021604396822901,3.5097120299764124,6.762051658263521,10.810202852588425,14.810995702359339,16.919474866130667,19.875285642356406,23.983006890350563,24.347125425947915,25.82920770461638
0.0,0.8021604396822901,3.5097120299764124,6.762051658263521,10.810202852588425,14.810995702359339,16.919474866130667,19.875285642356406,23.983006890350563,24.347125425947915,25.82920770461638
0.0,0.8021604396822901,3.5097120299764124,6.762051658263521,10.810202852588425,14.810995702359339,16.919474866130667,19.875285642356406,23.983006890350563,24.347125425947915,25.82920770461638
0.0,0.8021604396822901,3.5097120299764124,6.762051658263521,10.810202852588425,14.810995702359339,16.919474866130667,19.875285642356406,23.983006890350563,24.347125425947915,25.82920770461638
0.0,0.8021604396822901,3.5097120299764124,6.762051658263521,10.810202852588425,14.810995702359339,16.919474866130667,19.875285642356406,23.983006890350563,24.347125425947915,25.82920770461638
0.0,0.8021604396822901,3.5097120299764124,6.762051658263521,10.810202852588425,14.810995702359339,16.919474866130667,19.875285642356406,23.983006890350563,24.347125425947915,25.82920770461638
0.0,0.8021604396822901,3.5097120299764124,6.762051658263521,10.810202852588425,14.810995702359339,16.919474866130667,19.875285642356406,23.983006890350563,24.347125425947915,25.82920770461638
0.0,0.8021604396822901,3.5097120299764124,6.762051658263521,10.810202852588425,14.810995702359339,16.919474866130667,19.875285642356406,23.983006890350563,24.347125425947915,25.82920770461638
0.0,0.8021604396822901,3.5097120299764124,6.762051658263521,10.810202852588425,14.810995702359339,16.919474866130667,19.875285642356406,23.983006890350563,24.347125425947915,25.82920770461638
0.0,0.8021604396822901,3.5097120299764124,6.762051658263521,10.810202852588425,14.810995702359339,16.919474866130667,19.875285642356406,23.983006890350563,24.347125425947915,25.82920770461638
0.0,0.8021604396822901,3.5097120299764124,6.762051658263521,10.810202852588425,14.810995702359339,16.919474866130667,19.875285642356406,23.983006890350563,24.347125425947915,25.82920770461638
0.0,0.8021604396822901,3.5097120299764124,6.762051658263521,10.810202852588425,14.810995702359339,16.919474866130667,19.875285642356406,23.983006890350563,24.347125425947915,25.82920770461638
0.0,0.8021604396822901,3.5097120299764124,6.762051658263521,10.810202852588425,14.810995702359339,16.919474866130667,19.875285642356406,23.983006890350563,24.347125425947915,25.82920770461638
0.0,0.8021604396822901,3.5097120299764124,6.762051658263521,10.810202852588425,14.810995702359339,16.919474866130667,19.875285642356406,23.983006890350563,24.347125425947915,25.82920770461638
0.0,0.8021604396822901,3.5097120299764124,6.762051658263521,10.810202852588425,14.810995702359339,16.919474866130667,19.875285642356406,23.983006890350563,24.347125425947915,25.82920770461638
0.0,0.8021604396822901,3.5097120299764124,6.762051658263521,10.810202852588425,14.810995702359339,16.919474866130667,19.875285642356406,23.983006890350563,24.347125425947915,25.82920770461638
0.0,0.8021604396822901,3.5097120299764124,6.762051658263521,10.810202852588425,14.810995702359339,16.919474866130667,19.875285642356406,23.983006890350563,24.347125425947915,25.82920770461638
0.0,0.8021604396822901,3.5097120299764124,6.762051658263521,10.810202852588425,14.810995702359339,16.919474866130667,19.875285642356406,23.983006890350563,24.347125425947915,25.82920770461638
0.0,0.8021604396822901,3.5097120299764124,6.762051658263521,10.810202852588425,14.810995702359339,16.919474866130667,19.875285642356406,23.983006890350563,24.347125425947915,25.82920770461638
0.0,0.8021604396822901,3.5097120299764124,6.762051658263521,10.810202852588425,14.810995702359339,16.919474866130667,19.875285642356406,23.983006890350563,24.347125425947915,25.82920770461638
0.0,0.8021604396822901,3.5097120299764124,6.762051658263521,10.810202852588425,14.810995702359339,16.919474866130667,19.875285642356406,23.983006890350563,24.347125425947915,25.82920770461638
0.0,0.8021604396822901,3.5097120299764124,6.762051658263521,10.810202852588425,14.810995702359339,16.919474866130667,19.875285642356406,23.983006890350563,24.347125425947915,25.82920770461638
0.0,0.8021604396822901,3.5097120299764124,6.762051658263521,10.810202852588425,14.810995702359339,16.919474866130667,19.875285642356406,23.983006890350563,24.347125425947915,25.82920770461638
0.0,0.8021604396822901,3.5097120299764124,6.762051658263521,10.810202852588425,14.810995702359339,16.919474866130667,19.875285642356406,23.983006890350563,24.347125425947915,25.82920770461638
0.0,0.8021604396822901,3.5097120299764124,6.762051658263521,10.810202852588425,14.810995702359339,16.919474866130667,19.875285642356406,23.983006890350563,24.347125425947915,25.82920770461638
0.0,0.8021604396822901,3.5097120299764124,6.762051658263521,10.810202852588425,14.810995702359339,16.919474866130667,19.875285642356406,23.983006890350563,24.347125425947915,25.82920770461638
0.0,0.8021604396822901,3.5097120299764124,6.762051658263521,10.810202852588425,14.810995702359339,16.919474866130667,19.875285642356406,23.983006890350563,24.347125425947915,25.82920770461638
0.0,0.8021604396822901,3.5097120299764124,6.762051658263521,10.810202852588425,14.810995702359339,16.919474866130667,19.777576780741345,23.80570927778524,24.347125425947915,25.82920770461638
0.0,0.8021604396822901,3.5097120299764124,6.762051658263521,10.810202852588425,14.810995702359339,16.919474866130667,19.777576780741345,23.80570927778524,24.347125425947915,25.82920770461638
0.0,0.8021604396822901,3.5097120299764124,6.762051658263521,10.810202852588425,14.810995702359339,16.919474866130667,19.777576780741345,23.80570927778524,24.347125425947915,25.82920770461638
0.0,0.8021604396822901,3.5097120299764124,6.762051658263521,10.810202852588425,14.810995702359339,16.919474866130667,19.777576780741345,23.80570927778524,24.347125425947915,25.82920770461638
0.0,0.8021604396822901,3.5097120299764124,6.762051658263521,10.810202852588425,14.810995702359339,16.919474866130667,19.777576780741345,23.80570927778524,24.296562267185813,25.82920770461638
0.0,0.8021604396822901,3.5097120299764124,6.762051658263521,10.810202852588425,14.810995702359339,16.919474866130667,19.777576780741345,23.80570927778524,24.296562267185813,25.82920770461638
0.0,0.8021604396822901,3.5097120299764124,6.762051658263521,10.810202852588425,14.810995702359339,16.919474866130667,19.777576780741345,23.80570927778524,24.296562267185813,25.82920770461638
0.0,0.8021604396822901,3.5097120299764124,6.762051658263521,10.810202852588425,14.810995702359339,16.919474866130667,19.777576780741345,23.80570927778524,24.296562267185813,25.82920770461638
0.0,0.8021604396822901,3.5097120299764124,6.762051658263521,10.810202852588425,14.810995702359339,16.919474866130667,19.777576780741345,23.80570927778524,24.296562267185813,25.82920770461638
0.0,0.8021604396822901,3.5097120299764124,6.762051658263521,10.810202852588425,14.810995702359339,16.919474866130667,19.777576780741345,23.80570927778524,24.296562267185813,25.82920770461638
0.0,0.8021604396822901,3.5097120299764124,6.762051658263521,10.810202852588425,14.810995702359339,16.919474866130667,19.777576780741345,23.80570927778524,24.296562267185813,25.82920770461638
0.0,0.8021604396822901,3.5097120299764124,6.762051658263521,10.810202852588425,14.810995702359339,16.919474866130667,19.777576780741345,23.80570927778524,24.296562267185813,25.82920770461638
0.0,0.8021604396822901,3.5097120299764124,6.762051658263521,10.810202852588425,14.810995702359339,16.919474866130667,19.777576780741345,23.80570927778524,24.296562267185813,25.82920770461638
0.0,0.8021604396822901,3.5097120299764124,6.762051658263521,10.810202852588425,14.810995702359339,16.919474866130667,19.777576780741345,23.80570927778524,24.296562267185813,25.82920770461638
0.0,0.8021604396822901,3.5097120299764124,6.762051658263521,10.810202852588425,14.810995702359339,16.919474866130667,19.777576780741345,23.80570927778524,24.296562267185813,25.82920770461638
0.0,0.8021604396822901,3.5097120299764124,6.762051658263521,10.810202852588425,14.810995702359339,16.919474866130667,19.777576780741345,23.80570927778524,24.296562267185813,25.82920770461638
0.0,0.8021604396822901,3.5097120299764124,6.762051658263521,10.810202852588425,14.810995702359339,16.919474866130667,19.777576780741345,23.80570927778524,24.296562267185813,25.82920770461638
0.0,0.8021604396822901,3.5097120299764124,6.762051658263521,10.810202852588425,14.810995702359339,16.919474866130667,19.777576780741345,23.80570927778524,24.296562267185813,25.82920770461638
0.0,0.8021604396822901,3.5097120299764124,6.762051658263521,10.810202852588425,14.810995702359339,16.919474866130667,19.777576780741345,23.80570927778524,24.296562267185813,25.82920770461638
0.0,0.8021604396822901,3.5097120299764124,6.762051658263521,10.810202852588425,14.810995702359339,16.919474866130667,19.777576780741345,23.80570927778524,24.296562267185813,25.82920770461638
0.0,0.8021604396822901,3.5097120299764124,6.762051658263521,10.810202852588425,14.810995702359339,16.919474866130667,19.777576780741345,23.80570927778524,24.296562267185813,25.82920770461638
0.0,0.8021604396822901,3.5097120299764124,6.762051658263521,10.810202852588425,14.810995702359339,16.919474866130667,19.777576780741345,23.80570927778524,24.296562267185813,25.82920770461638
0.0,0.8021604396822901,3.5097120299764124,6.762051658263521,10.810202852588425,14.810995702359339,16.919474866130667,19.777576780741345,23.80570927778524,24.296562267185813,25.82920770461638
0.0,0.8021604396822901,3.5097120299764124,6.762051658263521,10.810202852588425,14.810995702359339,16.919474866130667,19.777576780741345,23.80570927778524,24.296562267185813,25.82920770461638
0.0,0.8021604396822901,3.5097120299764124,6.762051658263521,10.810202852588425,14.810995702359339,16.919474866130667,19.777576780741345,23.80570927778524,24.296562267185813,25.82920770461638
0.0,0.8021604396822901,3.5097120299764124,6.762051658263521,10.810202852588425,14.810995702359339,16.919474866130667,19.777576780741345,23.80570927778524,24.296562267185813,25.82920770461638
0.0,0.8021604396822901,3.5097120299764124,6.762051658263521,10.810202852588425,14.810995702359339,16.919474866130667,19.777576780741345,23.80570927778524,24.296562267185813,25.82920770461638
0.0,0.8021604396822901,3.5097120299764124,6.762051658263521,10.810202852588425,14.810995702359339,16.919474866130667,19.777576780741345,23.80570927778524,24.296562267185813,25.82920770461638
0.0,0.8021604396822901,3.5097120299764124,6.762051658263521,10.810202852588425,14.810995702359339,16.919474866130667,19.777576780741345,23.80570927778524,24.296562267185813,25.82920770461638
0.0,0.8021604396822901,3.5097120299764124,6.762051658263521,10.810202852588425,14.810995702359339,16.919474866130667,19.777576780741345,23.80570927778524,24.296562267185813,25.82920770461638
0.0,0.8021604396822901,3.5097120299764124,6.762051658263521,10.810202852588425,14.810995702359339,16.919474866130667,19.777576780741345,23.80570927778524,24.296562267185813,25.82920770461638
0.0,0.8021604396822901,3.5097120299764124,6.762051658263521,10.810202852588425,14.810995702359339,16.919474866130667,19.777576780741345,23.80570927778524,24.296562267185813,25.82920770461638
0.0,0.8021604396822901,3.5097120299764124,6.762051658263521,10.810202852588425,14.810995702359339,16.919474866130667,19.777576780741345,23.80570927778524,24.296562267185813,25.82920770461638
0.0,0.8021604396822901,3.5097120299764124,6.762051658263521,10.810202852588425,14.810995702359339,16.919474866130667,19.777576780741345,23.80570927778524,24.296562267185813,25.82920770461638
0.0,0.8021604396822901,3.5097120299764124,6.762051658263521,10.810202852588425,14.810995702359339,16.919474866130667,19.777576780741345,23.80570927778524,24.296562267185813,25.82920770461638
0.0,0.8021604396822901,3.5097120299764124,6.762051658263521,10.810202852588425,14.810995702359339,16.919474866130667,19.777576780741345,23.80570927778524,24.296562267185813,25.82920770461638
0.0,0.8021604396822901,3.5097120299764124,6.762051658263521,10.810202852588425,14.810995702359339,16.919474866130667,19.777576780741345,23.80570927778524,24.296562267185813,25.82920770461638
0.0,0.8021604396822901,3.5097120299764124,6.762051658263521,10.810202852588425,14.810995702359339,16.919474866130667,19.777576780741345,23.80570927778524,24.296562267185813,25.82920770461638
0.0,0.8021604396822901,3.5097120299764124,6.762051658263521,10.810202852588425,14.810995702359339,16.919474866130667,19.777576780741345,23.80570927778524,24.296562267185813,25.82920770461638
0.0,0.8021604396822901,3.5097120299764124,6.762051658263521,10.810202852588425,14.810995702359339,16.919474866130667,19.777576780741345,23.80570927778524,24.296562267185813,25.82920770461638
0.0,0.8021604396822901,3.5097120299764124,6.762051658263521,10.810202852588425,14.810995702359339,16.919474866130667,19.777576780741345,23.80570927778524,24.296562267185813,25.82920770461638
0.0,0.8021604396822901,3.5097120299764124,6.762051658263521,10.810202852588425,14.810995702359339,16.919474866130667,19.777576780741345,23.80570927778524,24.296562267185813,25.82920770461638
0.0,0.8021604396822901,3.5097120299764124,6.762051658263521,10.810202852588425,14.810995702359339,16.919474866130667,19.777576780741345,23.80570927778524,24.296562267185813,25.82920770461638
0.0,0.8021604396822901,3.5097120299764124,6.762051658263521,10.810202852588425,14.810995702359339,16.919474866130667,19.777576780741345,23.80570927778524,24.296562267185813,25.82920770461638
0.0,0.8021604396822901,3.5097120299764124,6.762051658263521,10.810202852588425,14.810995702359339,16.919474866130667,19.777576780741345,23.80570927778524,24.296562267185813,25.82920770461638
0.0,0.8021604396822901,3.5097120299764124,6.762051658263521,10.810202852588425,14.810995702359339,16.919474866130667,19.777576780741345,23.80570927778524,24.296562267185813,25.82920770461638
0.0,0.8021604396822901,3.5097120299764124,6.762051658263521,10.810202852588425,14.810995702359339,16.919474866130667,19.777576780741345,23.80570927778524,24.296562267185813,25.82920770461638
0.0,0.8021604396822901,3.5097120299764124,6.762051658263521,10.810202852588425,14.810995702359339,16.919474866130667,19.777576780741345,23.80570927778524,24.296562267185813,25.82920770461638
0.0,0.8021604396822901,3.5097120299764124,6.762051658263521,10.810202852588425,14.810995702359339,16.919474866130667,19.777576780741345,23.80570927778524,24.296562267185813,25.82920770461638
0.0,0.8021604396822901,3.5097120299764124,6.762051658263521,10.810202852588425,14.810995702359339,16.919474866130667,19.777576780741345,23.80570927778524,24.296562267185813,25.82920770461638
0.0,0.8021604396822901,3.5097120299764124,6.762051658263521,10.810202852588425,14.810995702359339,16.919474866130667,19.777576780741345,23.80570927778524,24.296562267185813,25.82920770461638
0.0,0.8021604396822901,3.5097120299764124,6.762051658263521,10.810202852588425,14.810995702359339,16.919474866130667,19.777576780741345,23.80570927778524,24.296562267185813,25.82920770461638
0.0,0.8021604396822901,3.5097120299764124,6.762051658263521,10.810202852588425,14.810995702359339,16.919474866130667,19.777576780741345,23.80570927778524,24.296562267185813,25.82920770461638
0.0,0.8021604396822901,3.5097120299764124,6.762051658263521,10.810202852588425,14.810995702359339,16.919474866130667,19.777576780741345,23.80570927778524,24.296562267185813,25.82920770461638
0.0,0.8021604396822901,3.5097120299764124,6.762051658263521,10.810202852588425,14.810995702359339,16.831334881061153,19.777576780741345,23.80570927778524,24.296562267185813,25.82920770461638
0.0,0.8021604396822901,3.5097120299764124,6.762051658263521,10.810202852588425,14.810995702359339,16.831334881061153,19.777576780741345,23.80570927778524,24.296562267185813,25.82920770461638
0.0,0.8021604396822901,3.5097120299764124,6.762051658263521,10.810202852588425,14.810995702359339,16.831334881061153,19.777576780741345,23.80570927778524,24.296562267185813,25.82920770461638
0.0,0.8021604396822901,3.5097120299764124,6.762051658263521,10.810202852588425,14.810995702359339,16.831334881061153,19.777576780741345,23.80570927778524,24.296562267185813,25.82920770461638
0.0,0.8021604396822901,3.5097120299764124,6.762051658263521,10.810202852588425,14.810995702359339,16.831334881061153,19.777576780741345,23.80570927778524,24.296562267185813,25.82920770461638
0.0,0.8021604396822901,3.5097120299764124,6.762051658263521,10.810202852588425,14.810995702359339,16.831334881061153,19.777576780741345,23.80570927778524,24.296562267185813,25.82920770461638
0.0,0.8021604396822901,3.5097120299764124,6.762051658263521,10.810202852588425,14.810995702359339,16.831334881061153,19.777576780741345,23.80570927778524,24.296562267185813,25.82920770461638
0.0,0.8021604396822901,3.5097120299764124,6.762051658263521,10.810202852588425,14.810995702359339,16.831334881061153,19.777576780741345,23.80570927778524,24.296562267185813,25.82920770461638
0.0,0.8021604396822901,3.5097120299764124,6.762051658263521,10.810202852588425,14.810995702359339,16.831334881061153,19.777576780741345,23.80570927778524,24.296562267185813,25.82920770461638
0.0,0.8021604396822901,3.5097120299764124,6.762051658263521,10.810202852588425,14.810995702359339,16.831334881061153,19.777576780741345,23.80570927778524,24.296562267185813,25.82920770461638
0.0,0.8021604396822901,3.5097120299764124,6.762051658263521,10.810202852588425,14.810995702359339,16.831334881061153,19.777576780741345,23.80570927778524,24.296562267185813,25.82920770461638
0.0,0.8021604396822901,3.5097120299764124,6.762051658263521,10.810202852588425,14.810995702359339,16.831334881061153,19.777576780741345,23.80570927778524,24.296562267185813,25.82920770461638
0.0,0.8021604396822901,3.5097120299764124,6.762051658263521,10.810202852588425,14.810995702359339,16.831334881061153,19.777576780741345,23.80570927778524,24.296562267185813,25.82920770461638
0.0,0.8021604396822901,3.5097120299764124,6.762051658263521,10.810202852588425,14.810995702359339,16.831334881061153,19.777576780741345,23.80570927778524,24.296562267185813,25.82920770461638
0.0,0.8021604396822901,3.5097120299764124,6.762051658263521,10.810202852588425,14.810995702359339,16.831334881061153,19.777576780741345,23.80570927778524,24.30926001447482,25.79922522477367
0.0,0.8021604396822901,3.5097120299764124,6.762051658263521,10.810202852588425,14.810995702359339,16.831334881061153,19.777576780741345,23.80570927778524,24.30926001447482,25.79922522477367
0.0,0.8021604396822901,3.5097120299764124,6.762051658263521,10.810202852588425,14.810995702359339,16.831334881061153,19.777576780741345,23.80570927778524,24.30926001447482,25.79922522477367
0.0,0.8021604396822901,3.5097120299764124,6.762051658263521,10.810202852588425,14.810995702359339,16.831334881061153,19.777576780741345,23.80570927778524,24.30926001447482,25.79922522477367
0.0,0.8021604396822901,3.5097120299764124,6.762051658263521,10.810202852588425,14.810995702359339,16.831334881061153,19.777576780741345,23.80570927778524,24.30926001447482,25.79922522477367
0.0,0.8021604396822901,3.5097120299764124,6.762051658263521,10.810202852588425,14.810995702359339,16.831334881061153,19.777576780741345,23.80570927778524,24.30926001447482,25.79922522477367
0.0,0.8021604396822901,3.5097120299764124,6.762051658263521,10.810202852588425,14.810995702359339,16.831334881061153,19.777576780741345,23.80570927778524,24.30926001447482,25.79922522477367
0.0,0.8021604396822901,3.5097120299764124,6.762051658263521,10.810202852588425,14.810995702359339,16.831334881061153,19.777576780741345,23.80570927778524,24.30926001447482,25.79922522477367
0.0,0.8021604396822901,3.5097120299764124,6.762051658263521,10.810202852588425,14.810995702359339,16.831334881061153,19.777576780741345,23.80570927778524,24.30926001447482,25.79922522477367
0.0,0.8021604396822901,3.5097120299764124,6.762051658263521,10.810202852588425,14.810995702359339,16.831334881061153,19.777576780741345,23.80570927778524,24.30926001447482,25.79922522477367
0.0,0.8021604396822901,3.5097120299764124,6.762051658263521,10.810202852588425,14.810995702359339,16.831334881061153,19.777576780741345,23.80570927778524,24.30926001447482,25.79922522477367
0.0,0.8021604396822901,3.5097120299764124,6.762051658263521,10.810202852588425,14.810995702359339,16.831334881061153,19.777576780741345,23.80570927778524,24.30926001447482,25.79922522477367
0.0,0.8021604396822901,3.5097120299764124,6.762051658263521,10.810202852588425,14.810995702359339,16.831334881061153,19.777576780741345,23.80570927778524,24.30926001447482,25.79922522477367
0.0,0.8021604396822901,3.5097120299764124,6.762051658263521,10.810202852588425,14.810995702359339,16.831334881061153,19.777576780741345,23.80570927778524,24.30926001447482,25.79922522477367
0.0,0.8021604396822901,3.5097120299764124,6.762051658263521,10.810202852588425,14.810995702359339,16.831334881061153,19.777576780741345,23.80570927778524,24.30926001447482,25.79922522477367
0.0,0.8021604396822901,3.5097120299764124,6.762051658263521,10.810202852588425,14.810995702359339,16.831334881061153,19.777576780741345,23.80570927778524,24.30926001447482,25.79922522477367
0.0,0.8021604396822901,3.5097120299764124,6.762051658263521,10.810202852588425,14.810995702359339,16.831334881061153,19.777576780741345,23.80570927778524,24.30926001447482,25.79922522477367
0.0,0.8021604396822901,3.5097120299764124,6.762051658263521,10.810202852588425,14.810995702359339,16.831334881061153,19.777576780741345,23.80570927778524,24.30926001447482,25.79922522477367
0.0,0.8021604396822901,3.5097120299764124,6.762051658263521,10.810202852588425,14.810995702359339,16.831334881061153,19.777576780741345,23.80570927778524,24.30926001447482,25.79922522477367
0.0,0.8021604396822901,3.5097120299764124,6.762051658263521,10.810202852588425,14.810995702359339,16.831334881061153,19.777576780741345,23.80570927778524,24.30926001447482,25.79922522477367
0.0,0.8021604396822901,3.5097120299764124,6.762051658263521,10.810202852588425,14.810995702359339,16.831334881061153,19.777576780741345,23.80570927778524,24.30926001447482,25.79922522477367
0.0,0.8021604396822901,3.5097120299764124,6.762051658263521,10.810202852588425,14.810995702359339,16.831334881061153,19.777576780741345,23.80570927778524,24.30926001447482,25.79922522477367
0.0,0.8021604396822901,3.5097120299764124,6.762051658263521,10.810202852588425,14.810995702359339,16.831334881061153,19.777576780741345,23.80570927778524,24.30926001447482,25.79922522477367
0.0,0.8021604396822901,3.5097120299764124,6.762051658263521,10.810202852588425,14.810995702359339,16.831334881061153,19.777576780741345,23.80570927778524,24.30926001447482,25.79922522477367
0.0,0.8021604396822901,3.5097120299764124,6.762051658263521,10.810202852588425,14.810995702359339,16.831334881061153,19.777576780741345,23.80570927778524,24.30926001447482,25.79922522477367
0.0,0.8021604396822901,3.5097120299764124,6.762051658263521,10.810202852588425,14.810995702359339,16.831334881061153,19.777576780741345,23.634487142391723,24.09231991336371,25.752003578456055
0.0,0.8021604396822901,3.5097120299764124,6.762051658263521,10.810202852588425,14.810995702359339,16.831334881061153,19.777576780741345,23.634487142391723,24.09231991336371,25.752003578456055
0.0,0.8021604396822901,3.5097120299764124,6.762051658263521,10.810202852588425,14.810995702359339,16.831334881061153,19.777576780741345,23.634487142391723,24.09231991336371,25.752003578456055
0.0,0.8021604396822901,3.5097120299764124,6.762051658263521,10.810202852588425,14.810995702359339,16.831334881061153,19.777576780741345,23.634487142391723,24.09231991336371,25.752003578456055
0.0,0.8021604396822901,3.5097120299764124,6.762051658263521,10.810202852588425,14.810995702359339,16.831334881061153,19.777576780741345,23.634487142391723,24.09231991336371,25.752003578456055
0.0,0.8021604396822901,3.5097120299764124,6.762051658263521,10.810202852588425,14.810995702359339,16.831334881061153,19.777576780741345,23.634487142391723,24.09231991336371,25.752003578456055
0.0,0.8021604396822901,3.5097120299764124,6.762051658263521,10.810202852588425,14.810995702359339,16.831334881061153,19.777576780741345,23.634487142391723,24.09231991336371,25.752003578456055
0.0,0.8021604396822901,3.5097120299764124,6.762051658263521,10.810202852588425,14.810995702359339,16.831334881061153,19.777576780741345,23.634487142391723,24.09231991336371,25.752003578456055
0.0,0.8021604396822901,3.5097120299764124,6.762051658263521,10.810202852588425,14.810995702359339,16.831334881061153,19.777576780741345,23.634487142391723,24.09231991336371,25.752003578456055
0.0,0.8021604396822901,3.5097120299764124,6.762051658263521,10.810202852588425,14.810995702359339,16.831334881061153,19.777576780741345,23.634487142391723,24.09231991336371,25.752003578456055
0.0,0.8021604396822901,3.5097120299764124,6.762051658263521,10.810202852588425,14.810995702359339,16.831334881061153,19.777576780741345,23.634487142391723,24.09231991336371,25.752003578456055
0.0,0.8021604396822901,3.5097120299764124,6.762051658263521,10.810202852588425,14.810995702359339,16.831334881061153,19.777576780741345,23.634487142391723,24.09231991336371,25.752003578456055
0.0,0.8021604396822901,3.5097120299764124,6.762051658263521,10.810202852588425,14.810995702359339,16.831334881061153,19.777576780741345,23.634487142391723,24.09231991336371,25.752003578456055
0.0,0.8021604396822901,3.5097120299764124,6.762051658263521,10.810202852588425,14.810995702359339,16.831334881061153,19.777576780741345,23.634487142391723,24.09231991336371,25.752003578456055
0.0,0.8021604396822901,3.5097120299764124,6.762051658263521,10.810202852588425,14.810995702359339,16.831334881061153,19.777576780741345,23.634487142391723,24.09231991336371,25.752003578456055
0.0,0.8021604396822901,3.5097120299764124,6.762051658263521,10.810202852588425,14.810995702359339,16.831334881061153,19.777576780741345,23.634487142391723,24.09231991336371,25.752003578456055
0.0,0.8021604396822901,3.5097120299764124,6.762051658263521,10.810202852588425,14.810995702359339,16.831334881061153,19.777576780741345,23.634487142391723,24.09231991336371,25.752003578456055
0.0,0.8021604396822901,3.5097120299764124,6.762051658263521,10.810202852588425,14.810995702359339,16.831334881061153,19.777576780741345,23.634487142391723,24.09231991336371,25.752003578456055
0.0,0.8021604396822901,3.5097120299764124,6.762051658263521,10.810202852588425,14.810995702359339,16.831334881061153,19.777576780741345,23.634487142391723,24.09231991336371,25.752003578456055
0.0,0.8021604396822901,3.5097120299764124,6.762051658263521,10.810202852588425,14.810995702359339,16.831334881061153,19.777576780741345,23.634487142391723,24.09231991336371,25.752003578456055
0.0,0.8021604396822901,3.5097120299764124,6.762051658263521,10.810202852588425,14.810995702359339,16.831334881061153,19.777576780741345,23.634487142391723,24.09231991336371,25.752003578456055
0.0,0.8021604396822901,3.5097120299764124,6.762051658263521,10.810202852588425,14.810995702359339,16.831334881061153,19.777576780741345,23.634487142391723,24.09231991336371,25.752003578456055
0.0,0.8021604396822901,3.5097120299764124,6.762051658263521,10.810202852588425,14.810995702359339,16.831334881061153,19.777576780741345,23.634487142391723,24.09231991336371,25.752003578456055
0.0,0.8021604396822901,3.5097120299764124,6.762051658263521,10.810202852588425,14.810995702359339,16.831334881061153,19.777576780741345,23.634487142391723,24.09231991336371,25.752003578456055
0.0,0.8021604396822901,3.5097120299764124,6.762051658263521,10.810202852588425,14.810995702359339,16.831334881061153,19.777576780741345,23.634487142391723,24.09231991336371,25.752003578456055
0.0,0.8021604396822901,3.5097120299764124,6.762051658263521,10.810202852588425,14.810995702359339,16.831334881061153,19.777576780741345,23.634487142391723,24.09231991336371,25.752003578456055
0.0,0.8021604396822901,3.5097120299764124,6.762051658263521,10.810202852588425,14.810995702359339,16.831334881061153,19.777576780741345,23.634487142391723,24.09231991336371,25.752003578456055
0.0,0.8021604396822901,3.5097120299764124,6.762051658263521,10.810202852588425,14.810995702359339,16.831334881061153,19.777576780741345,23.634487142391723,24.09231991336371,25.752003578456055
0.0,0.8021604396822901,3.5097120299764124,6.762051658263521,10.810202852588425,14.810995702359339,16.831334881061153,19.777576780741345,23.634487142391723,24.09231991336371,25.752003578456055
0.0,0.8021604396822901,3.5097120299764124,6.762051658263521,10.810202852588425,14.810995702359339,16.831334881061153,19.777576780741345,23.7226575048471,24.09231991336371,25.752003578456055
0.0,0.8021604396822901,3.5097120299764124,6.762051658263521,10.810202852588425,14.810995702359339,16.831334881061153,19.777576780741345,23.7226575048471,24.09231991336371,25.752003578456055
0.0,0.8021604396822901,3.5097120299764124,6.762051658263521,10.810202852588425,14.810995702359339,16.831334881061153,19.777576780741345,23.7226575048471,24.09231991336371,25.752003578456055
0.0,0.8021604396822901,3.5097120299764124,6.762051658263521,10.810202852588425,14.810995702359339,16.831334881061153,19.777576780741345,23.7226575048471,24.09231991336371,25.752003578456055
0.0,0.8021604396822901,3.5097120299764124,6.762051658263521,10.810202852588425,14.810995702359339,16.831334881061153,19.777576780741345,23.7226575048471,24.09231991336371,25.752003578456055
0.0,0.8021604396822901,3.5097120299764124,6.762051658263521,10.810202852588425,14.810995702359339,16.831334881061153,19.777576780741345,23.7226575048471,24.09231991336371,25.752003578456055
0.0,0.8021604396822901,3.5097120299764124,6.762051658263521,10.810202852588425,14.810995702359339,16.831334881061153,19.777576780741345,23.7226575048471,24.09231991336371,25.752003578456055
0.0,0.8021604396822901,3.5097120299764124,6.762051658263521,10.810202852588425,14.810995702359339,16.831334881061153,19.777576780741345,23.7226575048471,24.09231991336371,25.752003578456055
0.0,0.8021604396822901,3.5097120299764124,6.762051658263521,10.810202852588425,14.810995702359339,16.831334881061153,19.777576780741345,23.7226575048471,24.09231991336371,25.752003578456055
0.0,0.8021604396822901,3.5097120299764124,6.762051658263521,10.810202852588425,14.810995702359339,16.831334881061153,19.777576780741345,23.7226575048471,24.09231991336371,25.752003578456055
0.0,0.8021604396822901,3.5097120299764124,6.762051658263521,10.810202852588425,14.810995702359339,16.831334881061153,19.777576780741345,23.7226575048471,24.09231991336371,25.752003578456055
0.0,0.8021604396822901,3.5097120299764124,6.762051658263521,10.810202852588425,14.810995702359339,16.831334881061153,19.777576780741345,23.7226575048471,24.09231991336371,25.752003578456055
0.0,0.8021604396822901,3.5097120299764124,6.762051658263521,10.810202852588425,14.810995702359339,16.831334881061153,19.777576780741345,23.7226575048471,24.09231991336371,25.752003578456055
0.0,0.8021604396822901,3.5097120299764124,6.762051658263521,10.810202852588425,14.810995702359339,16.831334881061153,19.777576780741345,23.7226575048471,24.09231991336371,25.752003578456055
0.0,0.8021604396822901,3.5097120299764124,6.762051658263521,10.810202852588425,14.810995702359339,16.831334881061153,19.777576780741345,23.7226575048471,24.09231991336371,25.752003578456055
0.0,0.8021604396822901,3.5097120299764124,6.762051658263521,10.810202852588425,14.810995702359339,16.831334881061153,19.777576780741345,23.7226575048471,24.09231991336371,25.752003578456055
0.0,0.8021604396822901,3.5097120299764124,6.762051658263521,10.810202852588425,14.810995702359339,16.831334881061153,19.777576780741345,23.7226575048471,24.09231991336371,25.752003578456055
0.0,0.8021604396822901,3.5097120299764124,6.762051658263521,10.810202852588425,14.810995702359339,16.831334881061153,19.777576780741345,23.7226575048471,24.09231991336371,25.752003578456055
0.0,0.8021604396822901,3.5097120299764124,6.762051658263521,10.810202852588425,14.810995702359339,16.831334881061153,19.777576780741345,23.7226575048471,24.09231991336371,25.752003578456055
0.0,0.8021604396822901,3.5097120299764124,6.762051658263521,10.810202852588425,14.810995702359339,16.831334881061153,19.777576780741345,23.7226575048471,24.09231991336371,25.752003578456055
0.0,0.8021604396822901,3.5097120299764124,6.762051658263521,10.810202852588425,14.810995702359339,16.831334881061153,19.777576780741345,23.7226575048471,24.09231991336371,25.752003578456055
0.0,0.8021604396822901,3.5097120299764124,6.762051658263521,10.810202852588425,14.810995702359339,16.831334881061153,19.777576780741345,23.7226575048471,24.09231991336371,25.752003578456055
0.0,0.8021604396822901,3.5097120299764124,6.762051658263521,10.810202852588425,14.810995702359339,16.831334881061153,19.777576780741345,23.7226575048471,24.09231991336371,25.752003578456055
0.0,0.8021604396822901,3.5097120299764124,6.762051658263521,10.810202852588425,14.810995702359339,16.831334881061153,19.777576780741345,23.7226575048471,24.09231991336371,25.752003578456055
0.0,0.8021604396822901,3.5097120299764124,6.762051658263521,10.810202852588425,14.810995702359339,16.831334881061153,19.777576780741345,23.7226575048471,24.09231991336371,25.752003578456055
0.0,0.8021604396822901,3.5097120299764124,6.762051658263521,10.810202852588425,14.810995702359339,16.831334881061153,19.777576780741345,23.7226575048471,24.09231991336371,25.752003578456055
0.0,0.8021604396822901,3.5097120299764124,6.762051658263521,10.810202852588425,14.810995702359339,16.831334881061153,19.777576780741345,23.7226575048471,24.09231991336371,25.752003578456055
0.0,0.8021604396822901,3.5097120299764124,6.762051658263521,10.810202852588425,14.810995702359339,16.831334881061153,19.777576780741345,23.7226575048471,24.09231991336371,25.752003578456055
0.0,0.8021604396822901,3.5097120299764124,6.762051658263521,10.810202852588425,14.810995702359339,16.831334881061153,19.777576780741345,23.7226575048471,24.09231991336371,25.752003578456055
0.0,0.8021604396822901,3.5097120299764124,6.762051658263521,10.810202852588425,14.810995702359339,16.831334881061153,19.62778589107126,23.71709844323492,23.912288336071093,25.752003578456055
0.0,0.8021604396822901,3.5097120299764124,6.762051658263521,10.810202852588425,14.810995702359339,16.831334881061153,19.62778589107126,23.71709844323492,23.912288336071093,25.752003578456055
0.0,0.8021604396822901,3.5097120299764124,6.762051658263521,10.810202852588425,14.810995702359339,16.831334881061153,19.62778589107126,23.71709844323492,23.912288336071093,25.752003578456055
0.0,0.8021604396822901,3.5097120299764124,6.762051658263521,10.810202852588425,14.810995702359339,16.831334881061153,19.62778589107126,23.71709844323492,23.912288336071093,25.752003578456055
0.0,0.8021604396822901,3.5097120299764124,6.762051658263521,10.810202852588425,14.810995702359339,16.831334881061153,19.62778589107126,23.71709844323492,23.912288336071093,25.752003578456055
0.0,0.8021604396822901,3.5097120299764124,6.762051658263521,10.810202852588425,14.810995702359339,16.831334881061153,19.62778589107126,23.71709844323492,23.912288336071093,25.752003578456055
0.0,0.8021604396822901,3.5097120299764124,6.762051658263521,10.810202852588425,14.810995702359339,16.831334881061153,19.62778589107126,23.71709844323492,23.912288336071093,25.752003578456055
0.0,0.8021604396822901,3.5097120299764124,6.762051658263521,10.810202852588425,14.810995702359339,16.831334881061153,19.62778589107126,23.71709844323492,23.912288336071093,25.752003578456055
0.0,0.8021604396822901,3.5097120299764124,6.762051658263521,10.810202852588425,14.810995702359339,16.831334881061153,19.62778589107126,23.71709844323492,23.912288336071093,25.752003578456055
0.0,0.8021604396822901,3.5097120299764124,6.762051658263521,10.810202852588425,14.810995702359339,16.831334881061153,19.62778589107126,23.71709844323492,23.912288336071093,25.752003578456055
0.0,0.8021604396822901,3.5097120299764124,6.762051658263521,10.810202852588425,14.810995702359339,16.831334881061153,19.62778589107126,23.71709844323492,23.912288336071093,25.752003578456055
0.0,0.8021604396822901,3.5097120299764124,6.762051658263521,10.810202852588425,14.810995702359339,16.831334881061153,19.62778589107126,23.71709844323492,23.912288336071093,25.752003578456055
0.0,0.8021604396822901,3.5097120299764124,6.762051658263521,10.810202852588425,14.810995702359339,16.831334881061153,19.62778589107126,23.71709844323492,23.912288336071093,25.752003578456055
0.0,0.8021604396822901,3.5097120299764124,6.762051658263521,10.810202852588425,14.810995702359339,16.831334881061153,19.62778589107126,23.71709844323492,23.912288336071093,25.752003578456055
0.0,0.8021604396822901,3.5097120299764124,6.762051658263521,10.810202852588425,14.810995702359339,16.831334881061153,19.62778589107126,23.71709844323492,23.912288336071093,25.752003578456055
0.0,0.8021604396822901,3.5097120299764124,6.762051658263521,10.810202852588425,14.810995702359339,16.831334881061153,19.62778589107126,23.71709844323492,23.912288336071093,25.752003578456055
0.0,0.8021604396822901,3.5097120299764124,6.762051658263521,10.810202852588425,14.810995702359339,16.831334881061153,19.62778589107126,23.71709844323492,23.912288336071093,25.752003578456055
0.0,0.8021604396822901,3.5097120299764124,6.762051658263521,10.810202852588425,14.810995702359339,16.831334881061153,19.62778589107126,23.71709844323492,23.912288336071093,25.752003578456055
0.0,0.8021604396822901,3.5097120299764124,6.762051658263521,10.810202852588425,14.810995702359339,16.831334881061153,19.62778589107126,23.71709844323492,23.912288336071093,25.752003578456055
0.0,0.8021604396822901,3.5097120299764124,6.762051658263521,10.810202852588425,14.810995702359339,16.831334881061153,19.62778589107126,23.71709844323492,23.912288336071093,25.752003578456055
0.0,0.8021604396822901,3.5097120299764124,6.762051658263521,10.810202852588425,14.810995702359339,16.831334881061153,19.62778589107126,23.71709844323492,23.912288336071093,25.752003578456055
0.0,0.8021604396822901,3.5097120299764124,6.762051658263521,10.810202852588425,14.810995702359339,16.831334881061153,19.62778589107126,23.71709844323492,23.912288336071093,25.752003578456055
0.0,0.8021604396822901,3.5097120299764124,6.762051658263521,10.810202852588425,14.810995702359339,16.831334881061153,19.62778589107126,23.71709844323492,23.912288336071093,25.752003578456055
0.0,0.8021604396822901,3.5097120299764124,6.762051658263521,10.810202852588425,14.810995702359339,16.831334881061153,19.62778589107126,23.71709844323492,23.912288336071093,25.752003578456055
0.0,0.8021604396822901,3.5097120299764124,6.762051658263521,10.810202852588425,14.810995702359339,16.831334881061153,19.62778589107126,23.71709844323492,23.912288336071093,25.752003578456055
0.0,0.8021604396822901,3.5097120299764124,6.762051658263521,10.810202852588425,14.810995702359339,16.831334881061153,19.62778589107126,23.71709844323492,23.912288336071093,25.752003578456055
0.0,0.8021604396822901,3.5097120299764124,6.762051658263521,10.810202852588425,14.810995702359339,16.831334881061153,19.62778589107126,23.71709844323492,23.912288336071093,25.752003578456055
0.0,0.8021604396822901,3.5097120299764124,6.762051658263521,10.810202852588425,14.810995702359339,16.831334881061153,19.62778589107126,23.71709844323492,23.912288336071093,25.752003578456055
0.0,0.8021604396822901,3.5097120299764124,6.762051658263521,10.810202852588425,14.810995702359339,16.831334881061153,19.62778589107126,23.71709844323492,23.912288336071093,25.752003578456055
0.0,0.8021604396822901,3.5097120299764124,6.762051658263521,10.810202852588425,14.810995702359339,16.831334881061153,19.62778589107126,23.71709844323492,23.912288336071093,25.752003578456055
0.0,0.8021604396822901,3.5097120299764124,6.762051658263521,10.810202852588425,14.810995702359339,16.831334881061153,19.62778589107126,23.71709844323492,23.912288336071093,25.752003578456055
0.0,0.8021604396822901,3.5097120299764124,6.762051658263521,10.810202852588425,14.810995702359339,16.831334881061153,19.62778589107126,23.71709844323492,23.912288336071093,25.752003578456055
0.0,0.8021604396822901,3.528500443130117,6.762051658263521,10.810202852588425,14.810995702359339,16.831334881061153,19.62778589107126,23.71709844323492,23.912288336071093,25.752003578456055
0.0,0.8199463991026468,3.528500443130117,6.762051658263521,10.810202852588425,14.810995702359339,16.831334881061153,19.62778589107126,23.71709844323492,23.936225716127897,25.752003578456055
0.0,0.8199463991026468,3.528500443130117,6.762051658263521,10.810202852588425,14.941937424104012,16.831334881061153,19.62778589107126,23.71709844323492,23.936225716127897,25.752003578456055
0.0,0.8199463991026468,3.528500443130117,6.762051658263521,10.810202852588425,14.941937424104012,16.831334881061153,19.62778589107126,23.71709844323492,23.936225716127897,25.752003578456055
0.0,0.8199463991026468,3.528500443130117,6.762051658263521,10.810202852588425,14.941937424104012,16.831334881061153,19.62778589107126,23.71709844323492,23.936225716127897,25.752003578456055
0.0,0.8163019816123094,3.4560469544506125,6.758192446844904,10.80619730948106,14.937782527954163,16.82711168738304,19.623461611890374,24.001459276865123,24.05241549962234,25.899567183463525
0.0,0.8062388666789896,3.451050444831675,6.753036456922963,10.800845817258104,14.932231496836252,16.821469409290245,19.617684281379592,23.99547050673251,24.04642426850978,25.893486742377952
0.0,0.8062388666789896,3.451050444831675,6.8238553514587075,10.800845817258104,14.932231496836252,16.821469409290245,19.617684281379592,23.99547050673251,24.04642426850978,25.893486742377952
0.0,0.8062388666789896,3.451050444831675,6.8238553514587075,10.800845817258104,14.932231496836252,16.821469409290245,19.617684281379592,23.99547050673251,24.04642426850978,25.893486742377952
0.0,0.8096178716008571,3.4374595248004782,6.827286430260883,10.845508602341733,14.963657541358161,16.917490798036933,19.65845422812002,24.184479297424183,24.019640369927956,25.926478740773934
0.0,0.7856046803247018,3.4045500559433095,6.793298460409114,10.840373113269914,14.927080918875893,16.880292547616314,19.620383917895772,24.144968995520426,23.980182512869387,25.88641420758208
0.0,0.7937411190282273,3.449883853126249,6.760676741429183,10.77639344381701,14.891974606111248,16.84458959515817,19.583843960757097,24.107046931591995,23.94231078560445,25.847960191394975
0.0,0.7978928759261193,3.4156574682503154,6.799762079321146,10.739743083894336,14.85396260652691,16.805931573078293,19.854210630187914,24.065986126148005,23.901304483099718,25.80632340495376
0.0,0.8080851274184909,3.3746815258132177,6.757445267627505,10.695865150424757,14.808454513500644,16.759650059759874,19.80672131033193,24.016827992550414,23.85221160060328,25.756475704980016
0.0,0.812518749004291,3.37428264926406,6.720370737258979,10.657422892801401,14.768584043363841,16.719101982001856,19.765115051242102,23.97375965531088,23.809200431043305,25.71280322606414
0.0,0.7935273844922699,3.354808691988488,6.700266433878014,10.666660604462388,14.746963593432197,16.697114087653393,19.74255333981988,23.95040510680087,23.785876882693305,25.689121071312726
0.0,0.7980809327314287,3.3346384914150615,6.680929458428094,10.616526574311584,14.72616833872368,16.675965412906756,19.72085274907508,23.92794193945683,23.763443532315396,25.666342801588492
0.0,0.8100889704296362,3.3404960870945577,6.643956506038401,10.578189642009743,14.686407106970517,16.635528430063314,19.679360484138734,23.884991602219042,23.720550206127346,25.62278997792098
0.0,0.8051837707847749,3.37240631296294,6.695199267956964,10.64823478185566,14.628552343682353,16.82478748162778,19.61898697304922,23.82249651631564,23.658138074414293,25.55941824136468
0.0,0.7790840121214727,3.340457972749998,6.662223983285924,10.614037769569135,14.59312517197363,16.78868154012084,19.582017454508925,23.784227858500493,23.619920213321464,25.520612769440483
0.0,0.7932742279908012,3.304121588479022,6.62471960567928,10.57514386237144,14.552832145285489,16.74761651588743,19.53997024257116,23.992570023309078,23.576453201344382,25.476477439396543
0.0,0.7755410135627817,3.2838381179716656,6.60378414519405,10.534917422255303,14.693922314294625,16.787333944460098,19.516498909350553,23.787594127132515,23.55218931617339,25.45184048986952
0.0,0.7708307713344603,3.279010638099929,6.638764891925621,10.529751027408796,14.68856152783014,16.781875312072263,19.510912715969877,23.781808303039334,23.54641449488575,25.445976879009656
0.0,0.7708307713344603,3.279010638099929,6.589756028128047,10.529751027408796,14.68856152783014,16.781875312072263,19.510912715969877,23.781808303039334,23.54641449488575,25.445976879009656
0.0,0.7708307713344603,3.279010638099929,6.589756028128047,10.529751027408796,14.68856152783014,16.781875312072263,19.510912715969877,23.985134583029087,23.678950193834577,25.55260141015442
0.0,0.7708307713344603,3.279010638099929,6.589756028128047,10.529751027408796,14.68856152783014,16.781875312072263,19.510912715969877,23.985134583029087,23.678950193834577,25.55260141015442
0.0,0.7708307713344603,3.279010638099929,6.589756028128047,10.529751027408796,14.68856152783014,16.781875312072263,19.510912715969877,23.985134583029087,23.678950193834577,25.55260141015442
0.0,0.7708307713344603,3.279010638099929,6.589756028128047,10.529751027408796,14.68856152783014,16.781875312072263,19.510912715969877,23.985134583029087,23.678950193834577,25.55260141015442
0.0,0.7708307713344603,3.279010638099929,6.589756028128047,10.529751027408796,14.57939579634033,16.781875312072263,19.510912715969877,23.985134583029087,23.678950193834577,25.55260141015442
0.0,0.7708307713344603,3.279010638099929,6.589756028128047,10.529751027408796,14.57939579634033,16.781875312072263,19.510912715969877,23.985134583029087,23.678950193834577,25.55260141015442
0.0,0.7708307713344603,3.279010638099929,6.602431777468287,10.529751027408796,14.57939579634033,16.781875312072263,19.510912715969877,24.106945811474095,23.678950193834577,25.55260141015442
0.0,0.7708307713344603,3.279010638099929,6.602431777468287,10.529751027408796,14.57939579634033,16.781875312072263,19.510912715969877,24.106945811474095,23.678950193834577,25.643600584415573
0.0,0.7708307713344603,3.279010638099929,6.602431777468287,10.529751027408796,14.57939579634033,16.781875312072263,19.510912715969877,24.106945811474095,23.678950193834577,25.643600584415573
0.0,0.7708307713344603,3.279010638099929,6.602431777468287,10.529751027408796,14.57939579634033,16.781875312072263,19.510912715969877,24.106945811474095,23.678950193834577,25.643600584415573
0.0,0.7915258377696388,3.277354713359453,6.600722566631695,10.527978847871502,14.577558686795268,16.780002889056455,19.50899653691374,24.10495594188913,23.676967186520343,25.64158607686554
0.0,0.7740725617409926,3.2594709858899242,6.582263357681894,10.508839586830595,14.557718191854574,16.75978101417057,19.488302103655307,24.08346566247751,23.65555101855632,25.619829711295623
0.0,0.7819518170681956,3.2594709858899242,6.582263357681894,10.508839586830595,14.557718191854574,16.75978101417057,19.488302103655307,24.08346566247751,23.65555101855632,25.619829711295623
0.0,0.7819518170681956,3.2594709858899242,6.582263357681894,10.508839586830595,14.557718191854574,16.75978101417057,19.488302103655307,24.08346566247751,23.65555101855632,25.619829711295623
0.0,0.7819518170681956,3.2594709858899242,6.600517217912083,10.508839586830595,14.557718191854574,16.75978101417057,19.488302103655307,24.08346566247751,23.65555101855632,25.619829711295623
0.0,0.7819518170681956,3.2594709858899242,6.600517217912083,10.508839586830595,14.557718191854574,16.75978101417057,19.488302103655307,24.08346566247751,23.65555101855632,25.619829711295623
0.0,0.7819518170681956,3.2594709858899242,6.600517217912083,10.508839586830595,14.557718191854574,16.75978101417057,19.488302103655307,24.08346566247751,23.65555101855632,25.619829711295623
0.0,0.7819518170681956,3.2594709858899242,6.600517217912083,10.508839586830595,14.557718191854574,16.75978101417057,19.488302103655307,24.08346566247751,23.65555101855632,25.619829711295623
0.0,0.7813116744415286,3.286218407940797,6.599840117162737,10.508137661361129,14.55699054888571,16.75903938423029,19.4875431428078,24.082677514260467,23.654765588349782,25.61903180446506
0.0,0.7750139729348486,3.2793147334012547,6.676371101793137,10.520909196489708,14.653555900207843,16.75123518324508,19.521823183699937,24.074383799622083,23.646500475442718,25.610635399553367
0.0,0.7750139729348486,3.2793147334012547,6.676371101793137,10.520909196489708,14.653555900207843,16.75123518324508,19.521823183699937,24.074383799622083,23.646500475442718,25.610635399553367
0.0,0.7750139729348486,3.2793147334012547,6.676371101793137,10.520909196489708,14.653555900207843,16.75123518324508,19.521823183699937,24.074383799622083,23.646500475442718,25.610635399553367
0.0,0.7750139729348486,3.2793147334012547,6.676371101793137,10.520909196489708,14.653555900207843,16.75123518324508,19.521823183699937,24.074383799622083,23.646500475442718,25.610635399553367
0.0,0.7750139729348486,3.2793147334012547,6.676371101793137,10.520909196489708,14.653555900207843,16.75123518324508,19.521823183699937,24.074383799622083,23.646500475442718,25.610635399553367
0.0,0.7750139729348486,3.2793147334012547,6.676371101793137,10.520909196489708,14.653555900207843,16.75123518324508,19.521823183699937,24.074383799622083,23.646500475442718,25.610635399553367
0.0,0.7750139729348486,3.2793147334012547,6.676371101793137,10.520909196489708,14.653555900207843,16.75123518324508,19.521823183699937,24.074383799622083,23.646500475442718,25.610635399553367
0.0,0.7750139729348486,3.2793147334012547,6.697330504066068,10.615937251239412,14.694779082456039,16.75123518324508,19.521823183699937,24.074383799622083,23.646500475442718,25.610635399553367
0.0,0.7750139729348486,3.2793147334012547,6.697330504066068,10.615937251239412,14.694779082456039,16.75123518324508,19.521823183699937,24.074383799622083,23.646500475442718,25.610635399553367
0.0,0.7750139729348486,3.2793147334012547,6.697330504066068,10.615937251239412,14.694779082456039,16.75123518324508,19.521823183699937,24.074383799622083,23.646500475442718,25.610635399553367
0.0,0.7750139729348486,3.2793147334012547,6.697330504066068,10.615937251239412,14.694779082456039,16.75123518324508,19.521823183699937,24.074383799622083,23.646500475442718,25.610635399553367
0.0,0.7750139729348486,3.2793147334012547,6.697330504066068,10.615937251239412,14.694779082456039,16.75123518324508,19.521823183699937,24.074383799622083,23.646500475442718,25.610635399553367
0.0,0.7750139729348486,3.2793147334012547,6.697330504066068,10.615937251239412,14.694779082456039,16.75123518324508,19.521823183699937,24.074383799622083,23.646500475442718,25.610635399553367
0.0,0.7750139729348486,3.2793147334012547,6.697330504066068,10.615937251239412,14.694779082456039,16.75123518324508,19.521823183699937,24.074383799622083,23.646500475442718,25.610635399553367
0.0,0.7750139729348486,3.319207159949574,6.731703318904714,10.615937251239412,14.694779082456039,16.75123518324508,19.521823183699937,24.074383799622083,23.646500475442718,25.610635399553367
0.0,0.7809935803383118,3.2920438858554104,6.703642877952046,10.529572578400586,14.664625098438687,16.720540543891087,19.490400139208834,24.041763858104375,23.613993027161595,25.577611567757813
0.0,0.7917021528297369,3.3170931729532427,6.742665601213021,10.635106757638155,14.590928203201269,16.645522277000723,19.413601636676976,23.962040117079034,23.53454422168928,25.496900711415414
0.0,0.815353667996678,3.347489345239013,6.772883820181227,10.632230555693539,14.67576199114577,16.69253688790525,19.352652013535753,23.89876893586183,23.471491237673746,25.432846125514686
0.0,0.7934905160586305,3.3144816698136355,6.720459564011867,10.577911404728143,14.61945751281806,16.635242196331998,19.294051236074434,23.83793606735281,23.41086815759325,25.371260042774708
0.0,0.8014211538484781,3.359410556763462,6.699233769667315,10.641888425177548,14.596660674770412,16.612044435806038,19.27032466097899,23.81330575209969,23.386322782525546,25.34632476238652
0.0,0.8014211538484781,3.359410556763462,6.699233769667315,10.555918395926309,14.596660674770412,16.612044435806038,19.27032466097899,23.81330575209969,23.386322782525546,25.34632476238652
0.0,0.8014211538484781,3.359410556763462,6.708454006260698,10.555918395926309,14.596660674770412,16.612044435806038,19.27032466097899,23.81330575209969,23.386322782525546,25.34632476238652
0.0,0.8192677926141448,3.356837057728272,6.7057971209132265,10.553165714309861,14.593807384546581,16.609140965456984,19.26735500331755,23.810222980814714,23.383250642495668,25.34320382115724
0.0,0.8042381248648596,3.3966143711691275,6.790256006849668,10.640702965929902,14.621225965169504,16.609140965456984,19.26735500331755,23.810222980814714,23.383250642495668,25.34320382115724
0.0,0.8306603590660723,3.3450794815317715,6.6966776150847815,10.636629361970348,14.617005805070878,16.604847613682967,19.262963780588816,23.805664497353852,23.37870787943572,25.338588895928982
0.0,0.8157328529224483,3.369952592619402,6.727351735001476,10.717462875283278,14.607961180869248,16.595646125480183,19.253552535887465,23.795894780359887,23.368971854319607,25.328698213245698
0.0,0.8157328529224483,3.369952592619402,6.727351735001476,10.717462875283278,14.607961180869248,16.595646125480183,19.253552535887465,23.795894780359887,23.368971854319607,25.328698213245698
0.0,0.8157328529224483,3.369952592619402,6.727351735001476,10.717462875283278,14.607961180869248,16.595646125480183,19.27010438073165,23.795894780359887,23.368971854319607,25.328698213245698
0.0,0.8157328529224483,3.369952592619402,6.727351735001476,10.717462875283278,14.607961180869248,16.595646125480183,19.27010438073165,23.795894780359887,23.368971854319607,25.328698213245698
0.0,0.8157328529224483,3.369952592619402,6.727351735001476,10.717462875283278,14.607961180869248,16.595646125480183,19.27010438073165,23.795894780359887,23.368971854319607,25.328698213245698
0.0,0.8157328529224483,3.369952592619402,6.727351735001476,10.717462875283278,14.607961180869248,16.595646125480183,19.27010438073165,23.795894780359887,23.368971854319607,25.328698213245698
0.0,0.8157328529224483,3.369952592619402,6.727351735001476,10.717462875283278,14.607961180869248,16.551120606669606,19.249252375649924,23.795894780359887,23.368971854319607,25.345114263556052
0.0,0.8157328529224483,3.369952592619402,6.727351735001476,10.717462875283278,14.607961180869248,16.551120606669606,19.249252375649924,23.795894780359887,23.368971854319607,25.345114263556052
0.0,0.8157328529224483,3.369952592619402,6.727351735001476,10.717462875283278,14.607961180869248,16.551120606669606,19.249252375649924,23.795894780359887,23.368971854319607,25.345114263556052
0.0,0.8157328529224483,3.369952592619402,6.727351735001476,10.717462875283278,14.607961180869248,16.551120606669606,19.249252375649924,23.795894780359887,23.368971854319607,25.345114263556052
0.0,0.8157328529224483,3.369952592619402,6.727351735001476,10.717462875283278,14.607961180869248,16.551120606669606,19.249252375649924,23.795894780359887,23.368971854319607,25.345114263556052
0.0,0.8157328529224483,3.369952592619402,6.727351735001476,10.717462875283278,14.607961180869248,16.551120606669606,19.249252375649924,23.795894780359887,23.368971854319607,25.345114263556052
0.0,0.8157328529224483,3.369952592619402,6.727351735001476,10.717462875283278,14.607961180869248,16.551120606669606,19.249252375649924,23.795894780359887,23.368971854319607,25.345114263556052
0.0,0.8157328529224483,3.369952592619402,6.727351735001476,10.673193857258802,14.607961180869248,16.551120606669606,19.249252375649924,23.795894780359887,23.368971854319607,25.345114263556052
0.0,0.8157328529224483,3.369952592619402,6.727351735001476,10.673193857258802,14.607961180869248,16.551120606669606,19.249252375649924,23.795894780359887,23.368971854319607,25.345114263556052
0.0,0.8157328529224483,3.369952592619402,6.727351735001476,10.673193857258802,14.607961180869248,16.551120606669606,19.249252375649924,23.795894780359887,23.368971854319607,25.345114263556052
0.0,0.8157328529224483,3.369952592619402,6.727351735001476,10.673193857258802,14.607961180869248,16.551120606669606,19.249252375649924,23.795894780359887,23.368971854319607,25.345114263556052
0.0,0.8157328529224483,3.369952592619402,6.727351735001476,10.673193857258802,14.607961180869248,16.551120606669606,19.249252375649924,23.795894780359887,23.368971854319607,25.345114263556052
0.0,0.8157328529224483,3.369952592619402,6.727351735001476,10.673193857258802,14.607961180869248,16.551120606669606,19.249252375649924,23.795894780359887,23.368971854319607,25.345114263556052
0.0,0.8157328529224483,3.369952592619402,6.727351735001476,10.637902366747824,14.607961180869248,16.455023341571515,19.20970598974599,23.93371114390297,23.257967367064687,25.445451335765547
0.0,0.8157328529224483,3.369952592619402,6.727351735001476,10.637902366747824,14.607961180869248,16.455023341571515,19.20970598974599,23.93371114390297,23.257967367064687,25.445451335765547
0.0,0.8157328529224483,3.3764405536795694,6.727351735001476,10.637902366747824,14.607961180869248,16.455023341571515,19.20970598974599,23.93371114390297,23.257967367064687,25.445451335765547
0.0,0.8157328529224483,3.3764405536795694,6.727351735001476,10.637902366747824,14.607961180869248,16.455023341571515,19.20970598974599,23.93371114390297,23.257967367064687,25.445451335765547
0.0,0.8157328529224483,3.3764405536795694,6.727351735001476,10.637902366747824,14.607961180869248,16.455023341571515,19.20970598974599,23.93371114390297,23.257967367064687,25.445451335765547
0.0,0.8157328529224483,3.3764405536795694,6.727351735001476,10.637902366747824,14.607961180869248,16.455023341571515,19.20970598974599,23.93371114390297,23.386413907774386,25.419605109495656
0.0,0.8157328529224483,3.3764405536795694,6.727351735001476,10.637902366747824,14.607961180869248,16.455023341571515,19.20970598974599,23.93371114390297,23.386413907774386,25.419605109495656
0.0,0.8157328529224483,3.3764405536795694,6.727351735001476,10.637902366747824,14.607961180869248,16.455023341571515,19.20970598974599,23.93371114390297,23.386413907774386,25.419605109495656
0.0,0.8157328529224483,3.3764405536795694,6.727351735001476,10.637902366747824,14.607961180869248,16.455023341571515,19.20970598974599,23.93371114390297,23.386413907774386,25.419605109495656
0.0,0.8157328529224483,3.3764405536795694,6.727351735001476,10.637902366747824,14.607961180869248,16.455023341571515,19.20970598974599,23.93371114390297,23.386413907774386,25.419605109495656
0.0,0.8157328529224483,3.3764405536795694,6.727351735001476,10.637902366747824,14.607961180869248,16.54018160255654,19.20970598974599,23.93371114390297,23.386413907774386,25.419605109495656
0.0,0.8157328529224483,3.3764405536795694,6.727351735001476,10.637902366747824,14.607961180869248,16.54018160255654,19.20970598974599,23.93371114390297,23.386413907774386,25.419605109495656
0.0,0.8157328529224483,3.3764405536795694,6.727351735001476,10.637902366747824,14.607961180869248,16.54018160255654,19.20970598974599,23.93371114390297,23.386413907774386,25.419605109495656
0.0,0.8157328529224483,3.3764405536795694,6.727351735001476,10.637902366747824,14.607961180869248,16.54018160255654,19.20970598974599,23.93371114390297,23.386413907774386,25.419605109495656
0.0,0.8157328529224483,3.3764405536795694,6.727351735001476,10.637902366747824,14.607961180869248,16.54018160255654,19.20970598974599,23.93371114390297,23.386413907774386,25.419605109495656
0.0,0.8157328529224483,3.3764405536795694,6.727351735001476,10.637902366747824,14.607961180869248,16.54018160255654,19.20970598974599,23.93371114390297,23.386413907774386,25.419605109495656
0.0,0.8157328529224483,3.3764405536795694,6.727351735001476,10.637902366747824,14.607961180869248,16.54018160255654,19.20970598974599,23.93371114390297,23.386413907774386,25.419605109495656
0.0,0.8157328529224483,3.3764405536795694,6.727351735001476,10.637902366747824,14.607961180869248,16.54018160255654,19.20970598974599,23.93371114390297,23.386413907774386,25.419605109495656
0.0,0.8157328529224483,3.3764405536795694,6.727351735001476,10.637902366747824,14.607961180869248,16.54018160255654,19.20970598974599,23.93371114390297,23.386413907774386,25.419605109495656
0.0,0.8157328529224483,3.3764405536795694,6.727351735001476,10.637902366747824,14.607961180869248,16.54018160255654,19.20970598974599,23.93371114390297,23.386413907774386,25.419605109495656
0.0,0.8157328529224483,3.3764405536795694,6.727351735001476,10.637902366747824,14.607961180869248,16.54018160255654,19.20970598974599,23.93371114390297,23.386413907774386,25.419605109495656
0.0,0.8157328529224483,3.3764405536795694,6.727351735001476,10.637902366747824,14.607961180869248,16.54018160255654,19.20970598974599,23.93371114390297,23.386413907774386,25.419605109495656
0.0,0.8157328529224483,3.3764405536795694,6.727351735001476,10.637902366747824,14.607961180869248,16.537993801733933,19.20970598974599,23.93371114390297,23.386413907774386,25.419605109495656
0.0,0.8157328529224483,3.3764405536795694,6.716080788694634,10.637902366747824,14.607961180869248,16.537993801733933,19.20970598974599,23.93371114390297,23.386413907774386,25.419605109495656
0.0,0.8157328529224483,3.3764405536795694,6.716080788694634,10.637902366747824,14.607961180869248,16.537993801733933,19.20970598974599,23.93371114390297,23.386413907774386,25.419605109495656
0.0,0.8157328529224483,3.3764405536795694,6.716080788694634,10.637902366747824,14.607961180869248,16.537993801733933,19.20970598974599,23.93371114390297,23.386413907774386,25.419605109495656
0.0,0.8157328529224483,3.3764405536795694,6.716080788694634,10.637902366747824,14.607961180869248,16.537993801733933,19.20970598974599,23.93371114390297,23.386413907774386,25.419605109495656
0.0,0.8157328529224483,3.3764405536795694,6.716080788694634,10.637902366747824,14.607961180869248,16.537993801733933,19.20970598974599,23.93371114390297,23.386413907774386,25.419605109495656
0.0,0.8157328529224483,3.3764405536795694,6.716080788694634,10.637902366747824,14.607961180869248,16.537993801733933,19.216224127369237,23.853139720504654,23.386413907774386,25.419605109495656
0.0,0.8157328529224483,3.3764405536795694,6.716080788694634,10.637902366747824,14.607961180869248,16.537993801733933,19.216224127369237,23.853139720504654,23.386413907774386,25.419605109495656
0.0,0.8157328529224483,3.3764405536795694,6.716080788694634,10.637902366747824,14.607961180869248,16.537993801733933,19.216224127369237,23.853139720504654,23.386413907774386,25.419605109495656
0.0,0.8157328529224483,3.3764405536795694,6.716080788694634,10.637902366747824,14.607961180869248,16.537993801733933,19.216224127369237,23.853139720504654,23.386413907774386,25.419605109495656
0.0,0.8157328529224483,3.3764405536795694,6.716080788694634,10.637902366747824,14.607961180869248,16.537993801733933,19.216224127369237,23.853139720504654,23.386413907774386,25.419605109495656
0.0,0.8157328529224483,3.3764405536795694,6.716080788694634,10.637902366747824,14.607961180869248,16.537993801733933,19.073866191084026,23.853139720504654,23.386413907774386,25.419605109495656
0.0,0.8157328529224483,3.3764405536795694,6.716080788694634,10.637902366747824,14.607961180869248,16.537993801733933,19.073866191084026,23.853139720504654,23.386413907774386,25.419605109495656
0.0,0.8157328529224483,3.3764405536795694,6.716080788694634,10.637902366747824,14.607961180869248,16.537993801733933,19.073866191084026,23.853139720504654,23.386413907774386,25.419605109495656
0.0,0.8157328529224483,3.3764405536795694,6.716080788694634,10.637902366747824,14.607961180869248,16.537993801733933,19.073866191084026,23.853139720504654,23.386413907774386,25.419605109495656
0.0,0.8157328529224483,3.3764405536795694,6.716080788694634,10.637902366747824,14.607961180869248,16.537993801733933,19.073866191084026,23.853139720504654,23.386413907774386,25.419605109495656
0.0,0.8157328529224483,3.3764405536795694,6.716080788694634,10.637902366747824,14.607961180869248,16.537993801733933,19.073866191084026,23.853139720504654,23.386413907774386,25.419605109495656
0.0,0.8157328529224483,3.3764405536795694,6.716080788694634,10.637902366747824,14.607961180869248,16.537993801733933,19.073866191084026,23.853139720504654,23.386413907774386,25.419605109495656
0.0,0.8157328529224483,3.3764405536795694,6.716080788694634,10.637902366747824,14.607961180869248,16.537993801733933,19.073866191084026,23.853139720504654,23.386413907774386,25.419605109495656
0.0,0.8157328529224483,3.3764405536795694,6.716080788694634,10.637902366747824,14.607961180869248,16.537993801733933,19.073866191084026,23.853139720504654,23.386413907774386,25.419605109495656
0.0,0.8157328529224483,3.3764405536795694,6.716080788694634,10.637902366747824,14.607961180869248,16.537993801733933,19.073866191084026,23.853139720504654,23.386413907774386,25.419605109495656
0.0,0.8157328529224483,3.3764405536795694,6.716080788694634,10.637902366747824,14.607961180869248,16.537993801733933,19.073866191084026,23.853139720504654,23.386413907774386,25.419605109495656
0.0,0.8157328529224483,3.3764405536795694,6.716080788694634,10.637902366747824,14.607961180869248,16.537993801733933,19.073866191084026,23.853139720504654,23.386413907774386,25.419605109495656
0.0,0.8157328529224483,3.3764405536795694,6.716080788694634,10.637902366747824,14.607961180869248,16.537993801733933,19.073866191084026,23.853139720504654,23.386413907774386,25.35896530600543
0.0,0.8157328529224483,3.3764405536795694,6.716080788694634,10.637902366747824,14.607961180869248,16.537993801733933,19.073866191084026,23.853139720504654,23.386413907774386,25.35896530600543
0.0,0.8157328529224483,3.3764405536795694,6.716080788694634,10.637902366747824,14.607961180869248,16.537993801733933,19.073866191084026,23.853139720504654,23.386413907774386,25.35896530600543
0.0,0.8157328529224483,3.3764405536795694,6.716080788694634,10.637902366747824,14.607961180869248,16.537993801733933,19.073866191084026,23.853139720504654,23.386413907774386,25.35896530600543
0.0,0.8157328529224483,3.3764405536795694,6.716080788694634,10.637902366747824,14.607961180869248,16.537993801733933,19.073866191084026,23.853139720504654,23.386413907774386,25.35896530600543
0.0,0.8157328529224483,3.3764405536795694,6.716080788694634,10.637902366747824,14.607961180869248,16.537993801733933,19.073866191084026,23.853139720504654,23.386413907774386,25.35896530600543
0.0,0.8157328529224483,3.3764405536795694,6.716080788694634,10.637902366747824,14.607961180869248,16.537993801733933,19.073866191084026,23.853139720504654,23.386413907774386,25.35896530600543
0.0,0.8157328529224483,3.3764405536795694,6.716080788694634,10.637902366747824,14.607961180869248,16.537993801733933,19.073866191084026,23.853139720504654,23.386413907774386,25.35896530600543
0.0,0.8157328529224483,3.3764405536795694,6.716080788694634,10.637902366747824,14.607961180869248,16.537993801733933,19.073866191084026,23.853139720504654,23.386413907774386,25.35896530600543
0.0,0.8157328529224483,3.3764405536795694,6.716080788694634,10.637902366747824,14.607961180869248,16.537993801733933,19.073866191084026,23.853139720504654,23.386413907774386,25.35896530600543
0.0,0.8157328529224483,3.3764405536795694,6.716080788694634,10.637902366747824,14.607961180869248,16.537993801733933,19.073866191084026,23.853139720504654,23.386413907774386,25.35896530600543
0.0,0.8157328529224483,3.3764405536795694,6.716080788694634,10.637902366747824,14.607961180869248,16.537993801733933,19.073866191084026,23.853139720504654,23.386413907774386,25.35896530600543
0.0,0.8157328529224483,3.277069131488328,6.716080788694634,10.637902366747824,14.607961180869248,16.537993801733933,19.073866191084026,23.853139720504654,23.386413907774386,25.35896530600543
0.0,0.8157328529224483,3.277069131488328,6.716080788694634,10.637902366747824,14.607961180869248,16.537993801733933,19.073866191084026,23.853139720504654,23.386413907774386,25.35896530600543
0.0,0.8157328529224483,3.277069131488328,6.716080788694634,10.637902366747824,14.607961180869248,16.537993801733933,19.073866191084026,23.853139720504654,23.386413907774386,25.35896530600543
0.0,0.8157328529224483,3.277069131488328,6.716080788694634,10.637902366747824,14.607961180869248,16.537993801733933,19.073866191084026,23.853139720504654,23.468660130423096,25.659267373401768
0.0,0.8157328529224483,3.277069131488328,6.716080788694634,10.637902366747824,14.607961180869248,16.537993801733933,19.073866191084026,23.853139720504654,23.468660130423096,25.659267373401768
0.0,0.8157328529224483,3.277069131488328,6.716080788694634,10.637902366747824,14.607961180869248,16.537993801733933,19.073866191084026,23.853139720504654,23.468660130423096,25.659267373401768
0.0,0.8157328529224483,3.277069131488328,6.716080788694634,10.637902366747824,14.607961180869248,16.537993801733933,19.073866191084026,23.853139720504654,23.468660130423096,25.659267373401768
0.0,0.8157328529224483,3.277069131488328,6.716080788694634,10.637902366747824,14.607961180869248,16.537993801733933,19.073866191084026,23.853139720504654,23.468660130423096,25.659267373401768
0.0,0.8157328529224483,3.277069131488328,6.716080788694634,10.637902366747824,14.607961180869248,16.537993801733933,19.073866191084026,23.853139720504654,23.468660130423096,25.659267373401768
0.0,0.8157328529224483,3.277069131488328,6.716080788694634,10.637902366747824,14.607961180869248,16.537993801733933,19.073866191084026,23.853139720504654,23.468660130423096,25.659267373401768
0.0,0.8157328529224483,3.277069131488328,6.716080788694634,10.637902366747824,14.607961180869248,16.537993801733933,19.073866191084026,23.853139720504654,23.468660130423096,25.659267373401768
0.0,0.8157328529224483,3.277069131488328,6.716080788694634,10.637902366747824,14.607961180869248,16.537993801733933,19.073866191084026,23.853139720504654,23.468660130423096,25.659267373401768
0.0,0.8157328529224483,3.277069131488328,6.716080788694634,10.637902366747824,14.607961180869248,16.537993801733933,19.073866191084026,23.853139720504654,23.468660130423096,25.659267373401768
0.0,0.8157328529224483,3.277069131488328,6.716080788694634,10.637902366747824,14.607961180869248,16.537993801733933,19.073866191084026,23.853139720504654,23.468660130423096,25.659267373401768
0.0,0.8157328529224483,3.277069131488328,6.716080788694634,10.637902366747824,14.607961180869248,16.537993801733933,19.073866191084026,23.853139720504654,23.468660130423096,25.659267373401768
0.0,0.8157328529224483,3.277069131488328,6.716080788694634,10.637902366747824,14.607961180869248,16.537993801733933,19.15037886674935,23.629199445958285,23.413859491887013,25.672484708026648
0.0,0.8157328529224483,3.277069131488328,6.716080788694634,10.637902366747824,14.607961180869248,16.537993801733933,19.15037886674935,23.629199445958285,23.413859491887013,25.672484708026648
0.0,0.8157328529224483,3.277069131488328,6.716080788694634,10.637902366747824,14.607961180869248,16.537993801733933,19.15037886674935,23.629199445958285,23.413859491887013,25.672484708026648
0.0,0.8157328529224483,3.277069131488328,6.716080788694634,10.637902366747824,14.607961180869248,16.537993801733933,19.15037886674935,23.629199445958285,23.413859491887013,25.672484708026648
0.0,0.8157328529224483,3.277069131488328,6.716080788694634,10.637902366747824,14.607961180869248,16.537993801733933,19.15037886674935,23.629199445958285,23.413859491887013,25.672484708026648
0.0,0.8157328529224483,3.277069131488328,6.716080788694634,10.637902366747824,14.607961180869248,16.537993801733933,19.15037886674935,23.629199445958285,23.413859491887013,25.672484708026648
0.0,0.8157328529224483,3.277069131488328,6.716080788694634,10.637902366747824,14.607961180869248,16.537993801733933,19.15037886674935,23.629199445958285,23.413859491887013,25.672484708026648
0.0,0.8157328529224483,3.277069131488328,6.716080788694634,10.637902366747824,14.607961180869248,16.537993801733933,19.15037886674935,23.629199445958285,23.413859491887013,25.672484708026648
0.0,0.8157328529224483,3.277069131488328,6.716080788694634,10.637902366747824,14.607961180869248,16.537993801733933,19.15037886674935,23.629199445958285,23.413859491887013,25.672484708026648
0.0,0.8157328529224483,3.277069131488328,6.716080788694634,10.637902366747824,14.607961180869248,16.537993801733933,19.15037886674935,23.629199445958285,23.413859491887013,25.672484708026648
0.0,0.8157328529224483,3.277069131488328,6.716080788694634,10.637902366747824,14.607961180869248,16.537993801733933,19.15037886674935,23.629199445958285,23.413859491887013,25.672484708026648
0.0,0.8157328529224483,3.277069131488328,6.716080788694634,10.637902366747824,14.607961180869248,16.537993801733933,19.15037886674935,23.887661708657344,23.505354831116847,25.63479418075157
0.0,0.8157328529224483,3.277069131488328,6.716080788694634,10.637902366747824,14.607961180869248,16.537993801733933,19.15037886674935,23.887661708657344,23.505354831116847,25.63479418075157
0.0,0.8157328529224483,3.277069131488328,6.716080788694634,10.637902366747824,14.607961180869248,16.537993801733933,19.15037886674935,23.887661708657344,23.505354831116847,25.63479418075157
0.0,0.8157328529224483,3.277069131488328,6.716080788694634,10.637902366747824,14.607961180869248,16.537993801733933,19.15037886674935,23.887661708657344,23.505354831116847,25.63479418075157
0.0,0.8157328529224483,3.277069131488328,6.716080788694634,10.637902366747824,14.607961180869248,16.537993801733933,19.15037886674935,23.887661708657344,23.505354831116847,25.63479418075157
0.0,0.8157328529224483,3.277069131488328,6.716080788694634,10.637902366747824,14.607961180869248,16.537993801733933,19.15037886674935,23.887661708657344,23.505354831116847,25.63479418075157
0.0,0.8157328529224483,3.277069131488328,6.716080788694634,10.637902366747824,14.607961180869248,16.537993801733933,19.15037886674935,23.887661708657344,23.505354831116847,25.63479418075157
0.0,0.8157328529224483,3.277069131488328,6.716080788694634,10.637902366747824,14.607961180869248,16.537993801733933,19.4598093444745,23.887661708657344,23.708880660746004,25.87294761650415
0.0,0.8157328529224483,3.277069131488328,6.716080788694634,10.637902366747824,14.607961180869248,16.537993801733933,19.4598093444745,23.887661708657344,23.708880660746004,25.96660057999354
0.0,0.8157328529224483,3.277069131488328,6.716080788694634,10.637902366747824,14.607961180869248,16.537993801733933,19.4598093444745,23.887661708657344,23.708880660746004,25.96660057999354
0.0,0.8157328529224483,3.277069131488328,6.716080788694634,10.637902366747824,14.607961180869248,16.537993801733933,19.4598093444745,23.887661708657344,23.708880660746004,25.96660057999354
0.0,0.8111088110919217,3.2723321973384274,6.711186119900462,10.632827818618198,14.602704540941977,16.532648638405398,19.454330168359384,23.88197944346107,23.703206595569913,25.960822961621403
0.0,0.8111088110919217,3.2723321973384274,6.711186119900462,10.632827818618198,14.602704540941977,16.532648638405398,19.454330168359384,23.88197944346107,23.703206595569913,25.960822961621403
0.0,0.8111088110919217,3.2723321973384274,6.711186119900462,10.632827818618198,14.602704540941977,16.532648638405398,19.454330168359384,23.88197944346107,23.703206595569913,25.960822961621403
0.0,0.8111088110919217,3.2723321973384274,6.711186119900462,10.617981630558038,14.545054861492918,16.532648638405398,19.454330168359384,23.88197944346107,23.703206595569913,25.960822961621403
0.0,0.8111088110919217,3.2723321973384274,6.711186119900462,10.617981630558038,14.545054861492918,16.532648638405398,19.454330168359384,23.88197944346107,23.703206595569913,25.960822961621403
0.0,0.8111088110919217,3.2723321973384274,6.711186119900462,10.617981630558038,14.545054861492918,16.532648638405398,19.454330168359384,23.88197944346107,23.703206595569913,25.960822961621403
0.0,0.8111088110919217,3.2723321973384274,6.711186119900462,10.617981630558038,14.545054861492918,16.532648638405398,19.454330168359384,23.88197944346107,23.703206595569913,25.960822961621403
0.0,0.8111088110919217,3.2723321973384274,6.711186119900462,10.617981630558038,14.545054861492918,16.532648638405398,19.454330168359384,23.88197944346107,23.703206595569913,25.960822961621403
0.0,0.8111088110919217,3.2723321973384274,6.711186119900462,10.617981630558038,14.545054861492918,16.532648638405398,19.454330168359384,23.88197944346107,23.703206595569913,25.960822961621403
0.0,0.8111088110919217,3.2723321973384274,6.711186119900462,10.617981630558038,14.545054861492918,16.532648638405398,19.454330168359384,23.88197944346107,23.703206595569913,25.960822961621403
0.0,0.8111088110919217,3.2723321973384274,6.711186119900462,10.617981630558038,14.545054861492918,16.532648638405398,19.454330168359384,23.88197944346107,23.703206595569913,25.960822961621403
0.0,0.8111088110919217,3.2723321973384274,6.711186119900462,10.617981630558038,14.545054861492918,16.532648638405398,19.454330168359384,23.88197944346107,23.703206595569913,25.960822961621403
0.0,0.8111088110919217,3.2723321973384274,6.711186119900462,10.617981630558038,14.545054861492918,16.532648638405398,19.454330168359384,23.88197944346107,23.703206595569913,25.960822961621403
0.0,0.8111088110919217,3.2723321973384274,6.711186119900462,10.617981630558038,14.545054861492918,16.532648638405398,19.454330168359384,23.88197944346107,23.703206595569913,25.960822961621403
0.0,0.8111088110919217,3.2723321973384274,6.711186119900462,10.617981630558038,14.545054861492918,16.532648638405398,19.454330168359384,23.88197944346107,23.703206595569913,25.960822961621403
0.0,0.8111088110919217,3.2723321973384274,6.711186119900462,10.617981630558038,14.545054861492918,16.532648638405398,19.454330168359384,23.88197944346107,23.703206595569913,25.960822961621403
0.0,0.8111088110919217,3.2723321973384274,6.711186119900462,10.617981630558038,14.545054861492918,16.532648638405398,19.454330168359384,23.88197944346107,23.703206595569913,25.960822961621403
0.0,0.8111088110919217,3.2723321973384274,6.711186119900462,10.617981630558038,14.545054861492918,16.532648638405398,19.454330168359384,23.88197944346107,23.703206595569913,25.960822961621403
0.0,0.8111088110919217,3.2723321973384274,6.711186119900462,10.617981630558038,14.545054861492918,16.532648638405398,19.454330168359384,23.88197944346107,23.703206595569913,25.960822961621403
0.0,0.8111088110919217,3.2723321973384274,6.711186119900462,10.617981630558038,14.545054861492918,16.532648638405398,19.454330168359384,23.88197944346107,23.703206595569913,25.960822961621403
0.0,0.8111088110919217,3.2723321973384274,6.711186119900462,10.617981630558038,14.545054861492918,16.532648638405398,19.454330168359384,23.88197944346107,23.703206595569913,25.960822961621403
0.0,0.8111088110919217,3.2723321973384274,6.711186119900462,10.617981630558038,14.545054861492918,16.532648638405398,19.454330168359384,23.88197944346107,23.703206595569913,25.960822961621403
0.0,0.8111088110919217,3.2723321973384274,6.711186119900462,10.59293623200127,14.545054861492918,16.605385907346516,19.516491037066597,23.94235997660821,23.855772300513404,26.084224356076767
0.0,0.8111088110919217,3.2723321973384274,6.711186119900462,10.59293623200127,14.545054861492918,16.605385907346516,19.516491037066597,23.94235997660821,23.855772300513404,26.084224356076767
0.0,0.824793254761188,3.2723321973384274,6.711186119900462,10.677245682082757,14.681748422290758,16.605385907346516,19.516491037066597,23.94235997660821,23.855772300513404,26.084224356076767
0.0,0.824793254761188,3.2723321973384274,6.711186119900462,10.677245682082757,14.681748422290758,16.605385907346516,19.516491037066597,23.94235997660821,23.855772300513404,26.084224356076767
0.0,0.824793254761188,3.2723321973384274,6.711186119900462,10.677245682082757,14.681748422290758,16.605385907346516,19.516491037066597,23.94235997660821,23.855772300513404,26.084224356076767
0.0,0.824793254761188,3.2723321973384274,6.787695286214592,10.677245682082757,14.681748422290758,16.553062146988122,19.516491037066597,23.94235997660821,23.855772300513404,26.084224356076767
0.0,0.824793254761188,3.2723321973384274,6.787695286214592,10.677245682082757,14.681748422290758,16.553062146988122,19.516491037066597,23.94235997660821,23.855772300513404,26.084224356076767
0.0,0.824793254761188,3.2723321973384274,6.787695286214592,10.677245682082757,14.681748422290758,16.553062146988122,19.516491037066597,23.94235997660821,23.855772300513404,26.084224356076767
0.0,0.824793254761188,3.2723321973384274,6.787695286214592,10.677245682082757,14.681748422290758,16.553062146988122,19.516491037066597,23.94235997660821,23.855772300513404,26.084224356076767
0.0,0.824793254761188,3.2723321973384274,6.787695286214592,10.677245682082757,14.681748422290758,16.553062146988122,19.516491037066597,23.94235997660821,23.855772300513404,26.084224356076767
0.0,0.824793254761188,3.2723321973384274,6.787695286214592,10.677245682082757,14.681748422290758,16.553062146988122,19.516491037066597,23.94235997660821,23.855772300513404,26.084224356076767
0.0,0.824793254761188,3.2723321973384274,6.787695286214592,10.677245682082757,14.681748422290758,16.553062146988122,19.516491037066597,23.94235997660821,23.855772300513404,26.084224356076767
0.0,0.824793254761188,3.2723321973384274,6.787695286214592,10.677245682082757,14.681748422290758,16.553062146988122,19.516491037066597,23.94235997660821,23.855772300513404,26.084224356076767
0.0,0.824793254761188,3.2723321973384274,6.787695286214592,10.677245682082757,14.681748422290758,16.553062146988122,19.516491037066597,23.94235997660821,23.855772300513404,26.084224356076767
0.0,0.824793254761188,3.2723321973384274,6.787695286214592,10.677245682082757,14.681748422290758,16.553062146988122,19.516491037066597,23.94235997660821,23.855772300513404,26.084224356076767
0.0,0.824793254761188,3.2723321973384274,6.787695286214592,10.677245682082757,14.681748422290758,16.553062146988122,19.516491037066597,23.94235997660821,23.855772300513404,26.084224356076767
0.0,0.824793254761188,3.2723321973384274,6.787695286214592,10.677245682082757,14.681748422290758,16.553062146988122,19.516491037066597,23.94235997660821,23.855772300513404,26.084224356076767
0.0,0.824793254761188,3.2723321973384274,6.787695286214592,10.677245682082757,14.681748422290758,16.553062146988122,19.516491037066597,23.94235997660821,23.855772300513404,26.084224356076767
0.0,0.824793254761188,3.2723321973384274,6.787695286214592,10.677245682082757,14.681748422290758,16.553062146988122,19.516491037066597,23.94235997660821,23.855772300513404,26.084224356076767
0.0,0.824793254761188,3.2723321973384274,6.787695286214592,10.677245682082757,14.681748422290758,16.553062146988122,19.516491037066597,23.94235997660821,23.855772300513404,26.084224356076767
0.0,0.824793254761188,3.2723321973384274,6.787695286214592,10.677245682082757,14.681748422290758,16.553062146988122,19.516491037066597,23.94235997660821,23.855772300513404,26.084224356076767
0.0,0.824793254761188,3.2723321973384274,6.787695286214592,10.677245682082757,14.681748422290758,16.553062146988122,19.516491037066597,23.94235997660821,23.855772300513404,26.084224356076767
0.0,0.824793254761188,3.2723321973384274,6.787695286214592,10.677245682082757,14.681748422290758,16.553062146988122,19.516491037066597,23.94235997660821,23.855772300513404,26.084224356076767
0.0,0.824793254761188,3.2723321973384274,6.787695286214592,10.677245682082757,14.681748422290758,16.553062146988122,19.516491037066597,23.94235997660821,23.855772300513404,26.084224356076767
0.0,0.824793254761188,3.2723321973384274,6.787695286214592,10.677245682082757,14.719738972631719,16.553062146988122,19.516491037066597,23.94235997660821,23.855772300513404,26.084224356076767
0.0,0.824793254761188,3.2723321973384274,6.787695286214592,10.677245682082757,14.719738972631719,16.553062146988122,19.516491037066597,23.94235997660821,23.91055533795899,26.084224356076767
0.0,0.824793254761188,3.2723321973384274,6.787695286214592,10.677245682082757,14.697514953309957,16.553062146988122,19.588971816986334,24.118281270085344,24.11841705839079,26.239143724981012
0.0,0.824793254761188,3.2723321973384274,6.787695286214592,10.677245682082757,14.697514953309957,16.553062146988122,19.588971816986334,24.342603550652964,24.11841705839079,26.239143724981012
0.0,0.824793254761188,3.2723321973384274,6.787695286214592,10.677245682082757,14.697514953309957,16.553062146988122,19.588971816986334,24.342603550652964,24.11841705839079,26.239143724981012
0.0,0.824793254761188,3.2723321973384274,6.787695286214592,10.677245682082757,14.697514953309957,16.726569426146547,19.639017351331418,24.342603550652964,24.11841705839079,26.239143724981012
0.0,0.824793254761188,3.3252896364554863,6.773030149228329,10.677245682082757,14.697514953309957,16.726569426146547,19.639017351331418,24.342603550652964,24.11841705839079,26.239143724981012
0.0,0.824793254761188,3.3252896364554863,6.773030149228329,10.677245682082757,14.697514953309957,16.726569426146547,19.639017351331418,24.342603550652964,24.11841705839079,26.239143724981012
0.0,0.824793254761188,3.3252896364554863,6.773030149228329,10.677245682082757,14.697514953309957,16.726569426146547,19.639017351331418,24.342603550652964,24.111763431424794,26.327104371719575
0.0,0.824793254761188,3.3252896364554863,6.773030149228329,10.677245682082757,14.697514953309957,16.72586030944042,19.6335405563458,24.441985502637007,24.111763431424794,26.327104371719575
0.0,0.824793254761188,3.3252896364554863,6.773030149228329,10.677245682082757,14.697514953309957,16.72586030944042,19.6335405563458,24.441985502637007,24.111763431424794,26.327104371719575
0.0,0.824793254761188,3.3252896364554863,6.773030149228329,10.677245682082757,14.697514953309957,16.72586030944042,19.6335405563458,24.441985502637007,24.111763431424794,26.327104371719575
0.0,0.824793254761188,3.3252896364554863,6.773030149228329,10.677245682082757,14.697514953309957,16.72586030944042,19.6335405563458,24.441985502637007,24.111763431424794,26.327104371719575
0.0,0.824793254761188,3.3252896364554863,6.773030149228329,10.677245682082757,14.697514953309957,16.72586030944042,19.6335405563458,24.441985502637007,24.111763431424794,26.327104371719575
0.0,0.824793254761188,3.3252896364554863,6.773030149228329,10.677245682082757,14.697514953309957,16.72586030944042,19.6335405563458,24.441985502637007,24.111763431424794,26.327104371719575
0.0,0.824793254761188,3.3252896364554863,6.773030149228329,10.677245682082757,14.697514953309957,16.72586030944042,19.6335405563458,24.441985502637007,24.111763431424794,26.327104371719575
0.0,0.824793254761188,3.336952343132825,6.773030149228329,10.677245682082757,14.697514953309957,16.72586030944042,19.6335405563458,24.441985502637007,24.111763431424794,26.327104371719575
0.0,0.824793254761188,3.336952343132825,6.773030149228329,10.677245682082757,14.697514953309957,16.72586030944042,19.6335405563458,24.441985502637007,24.111763431424794,26.327104371719575
0.0,0.824793254761188,3.336952343132825,6.773030149228329,10.677245682082757,14.697514953309957,16.72586030944042,19.6335405563458,24.46067902601764,24.143703858379435,26.238494958632845
0.0,0.824793254761188,3.336952343132825,6.773030149228329,10.653437465864325,14.645975747605153,16.72586030944042,19.6335405563458,24.46067902601764,24.143703858379435,26.238494958632845
0.0,0.824793254761188,3.336952343132825,6.773030149228329,10.653437465864325,14.739730028708669,16.72586030944042,19.6335405563458,24.46067902601764,24.143703858379435,26.238494958632845
0.0,0.824793254761188,3.336952343132825,6.773030149228329,10.653437465864325,14.739730028708669,16.72586030944042,19.6335405563458,24.46067902601764,24.143703858379435,26.238494958632845
0.0,0.824793254761188,3.336952343132825,6.773030149228329,10.647658919088872,14.739730028708669,16.72586030944042,19.6335405563458,24.46067902601764,24.143703858379435,26.238494958632845
0.0,0.824793254761188,3.336952343132825,6.773030149228329,10.647658919088872,14.645975747605153,16.72586030944042,19.6335405563458,24.46067902601764,24.143703858379435,26.238494958632845
0.0,0.824793254761188,3.336952343132825,6.773030149228329,10.647658919088872,14.739730028708669,16.72586030944042,19.6335405563458,24.46067902601764,24.143703858379435,26.238494958632845
0.0,0.824793254761188,3.336952343132825,6.773030149228329,10.647658919088872,14.645975747605153,16.72586030944042,19.6335405563458,24.46067902601764,24.143703858379435,26.238494958632845
0.0,0.8167515695619296,3.336952343132825,6.773030149228329,10.647658919088872,14.645975747605153,16.72586030944042,19.77065656964944,24.523201996872643,24.143703858379435,26.238494958632845
0.0,0.8119451803484359,3.332025804582784,6.767939797353153,10.642383846186329,14.640510056907674,16.72029546126596,19.76494656230575,24.517265414255274,24.1377853681498,26.232476600264317
0.0,0.8117626682710986,3.3318387300981946,6.767746502417216,10.642183536874954,14.734052150991545,16.720084148374873,19.764729737313928,24.51703998556491,24.137560626478134,26.232248066319347
0.0,0.8117626682710986,3.399774783609414,6.767746502417216,10.642183536874954,14.640302509304062,16.720084148374873,19.764729737313928,24.51703998556491,24.137560626478134,26.232248066319347
0.0,0.8117626682710986,3.399774783609414,6.767746502417216,10.642183536874954,14.640302509304062,16.720084148374873,19.764729737313928,24.51703998556491,24.137560626478134,26.232248066319347
0.0,0.827437898028628,3.399774783609414,6.767746502417216,10.642183536874954,14.640302509304062,16.720084148374873,19.764729737313928,24.51703998556491,24.137560626478134,26.232248066319347
0.0,0.827437898028628,3.399774783609414,6.767746502417216,10.642183536874954,14.734052150991545,16.720084148374873,19.764729737313928,24.51703998556491,24.137560626478134,26.232248066319347
0.0,0.827437898028628,3.4078613313957833,6.767746502417216,10.642183536874954,14.734052150991545,16.720084148374873,19.764729737313928,24.51703998556491,24.137560626478134,26.232248066319347
0.0,0.8291125375888655,3.4078613313957833,6.76316010218018,10.659186408806374,14.75678802321925,16.720084148374873,19.764729737313928,24.51703998556491,24.137560626478134,26.232248066319347
0.0,0.8291125375888655,3.4078613313957833,6.76316010218018,10.659186408806374,14.75678802321925,16.720084148374873,19.764729737313928,24.51703998556491,24.137560626478134,26.232248066319347
0.0,0.8291125375888655,3.4078613313957833,6.76316010218018,10.659186408806374,14.75678802321925,16.720084148374873,19.764729737313928,24.51703998556491,24.137560626478134,26.232248066319347
0.0,0.8291125375888655,3.4078613313957833,6.76316010218018,10.659186408806374,14.75678802321925,16.720084148374873,19.764729737313928,24.51703998556491,24.137560626478134,26.232248066319347
0.0,0.8291125375888655,3.4078613313957833,6.76316010218018,10.659186408806374,14.75678802321925,16.720084148374873,19.764729737313928,24.51703998556491,24.137560626478134,26.232248066319347
0.0,0.8291125375888655,3.4078613313957833,6.76316010218018,10.659186408806374,14.75678802321925,16.720084148374873,19.764729737313928,24.51703998556491,24.137560626478134,26.232248066319347
0.0,0.8291125375888655,3.4078613313957833,6.76316010218018,10.659186408806374,14.75678802321925,16.720084148374873,19.764729737313928,24.51703998556491,24.137560626478134,26.232248066319347
0.0,0.8291125375888655,3.4078613313957833,6.76316010218018,10.659186408806374,14.75678802321925,16.720084148374873,19.764729737313928,24.51703998556491,24.137560626478134,26.232248066319347
0.0,0.8291125375888655,3.4078613313957833,6.76316010218018,10.659186408806374,14.75678802321925,16.720084148374873,19.764729737313928,24.51703998556491,24.137560626478134,26.232248066319347
0.0,0.8291125375888655,3.4078613313957833,6.76316010218018,10.659186408806374,14.75678802321925,16.720084148374873,19.764729737313928,24.51703998556491,24.137560626478134,26.232248066319347
0.0,0.8291125375888655,3.4078613313957833,6.76316010218018,10.659186408806374,14.75678802321925,16.720084148374873,19.764729737313928,24.51703998556491,24.137560626478134,26.232248066319347
0.0,0.8291125375888655,3.4078613313957833,6.76316010218018,10.659186408806374,14.75678802321925,16.720084148374873,19.764729737313928,24.51703998556491,24.137560626478134,26.232248066319347
0.0,0.8291125375888655,3.4078613313957833,6.76316010218018,10.659186408806374,14.768887671213038,16.720084148374873,19.764729737313928,24.51703998556491,24.137560626478134,26.232248066319347
0.0,0.8291125375888655,3.4078613313957833,6.76316010218018,10.659186408806374,14.768887671213038,16.720084148374873,19.764729737313928,24.51703998556491,24.137560626478134,26.232248066319347
0.0,0.8291125375888655,3.4078613313957833,6.76316010218018,10.659186408806374,14.768887671213038,16.720084148374873,19.764729737313928,24.51703998556491,24.137560626478134,26.232248066319347
0.0,0.8291125375888655,3.4078613313957833,6.76316010218018,10.659186408806374,14.768887671213038,16.720084148374873,19.764729737313928,24.51703998556491,24.260759785477173,26.446511408972334
0.0,0.8291125375888655,3.4078613313957833,6.76316010218018,10.659186408806374,14.768887671213038,16.720084148374873,19.764729737313928,24.51703998556491,24.260759785477173,26.446511408972334
0.0,0.8291125375888655,3.4078613313957833,6.76316010218018,10.659186408806374,14.768887671213038,16.720084148374873,19.764729737313928,24.51703998556491,24.260759785477173,26.446511408972334
0.0,0.8291125375888655,3.4078613313957833,6.76316010218018,10.659186408806374,14.768887671213038,16.720084148374873,19.764729737313928,24.51703998556491,24.260759785477173,26.446511408972334
0.0,0.8291125375888655,3.4078613313957833,6.76316010218018,10.659186408806374,14.768887671213038,16.720084148374873,19.764729737313928,24.51703998556491,24.260759785477173,26.446511408972334
0.0,0.8291125375888655,3.4078613313957833,6.76316010218018,10.659186408806374,14.768887671213038,16.720084148374873,19.764729737313928,24.51703998556491,24.260759785477173,26.446511408972334
0.0,0.8291125375888655,3.4078613313957833,6.656405601925802,10.638577781425438,14.768887671213038,16.720084148374873,19.764729737313928,24.471779456909868,24.260759785477173,26.446511408972334
0.0,0.8291125375888655,3.4078613313957833,6.656405601925802,10.638577781425438,14.768887671213038,16.720084148374873,19.764729737313928,24.471779456909868,24.260759785477173,26.446511408972334
0.0,0.8291125375888655,3.4078613313957833,6.664688278669682,10.638577781425438,14.768887671213038,16.720084148374873,19.764729737313928,24.471779456909868,24.260759785477173,26.446511408972334
0.0,0.8291125375888655,3.4078613313957833,6.543344801345498,10.638577781425438,14.768887671213038,16.720084148374873,19.764729737313928,24.471779456909868,24.260759785477173,26.446511408972334
0.0,0.8291125375888655,3.4078613313957833,6.543344801345498,10.638577781425438,14.768887671213038,16.635084875560704,19.88331232239015,24.44531713448956,24.259884748589837,26.446511408972334
0.0,0.8291125375888655,3.4078613313957833,6.543344801345498,10.638577781425438,14.768887671213038,16.635084875560704,19.88331232239015,24.44531713448956,24.259884748589837,26.446511408972334
0.0,0.8291125375888655,3.4078613313957833,6.543344801345498,10.638577781425438,14.768887671213038,16.635084875560704,19.88331232239015,24.44531713448956,24.259884748589837,26.446511408972334
0.0,0.8291125375888655,3.4078613313957833,6.543344801345498,10.638577781425438,14.768887671213038,16.635084875560704,19.88331232239015,24.44531713448956,24.259884748589837,26.446511408972334
0.0,0.8291125375888655,3.4078613313957833,6.543344801345498,10.638577781425438,14.768887671213038,16.635084875560704,19.88331232239015,24.44531713448956,24.259884748589837,26.446511408972334
0.0,0.8291125375888655,3.4078613313957833,6.543344801345498,10.638577781425438,14.768887671213038,16.635084875560704,19.88331232239015,24.44531713448956,24.259884748589837,26.446511408972334
0.0,0.8291125375888655,3.4078613313957833,6.543344801345498,10.638577781425438,14.768887671213038,16.635084875560704,19.88331232239015,24.44531713448956,24.259884748589837,26.446511408972334
0.0,0.8291125375888655,3.4078613313957833,6.543344801345498,10.638577781425438,14.768887671213038,16.635084875560704,19.88331232239015,24.44531713448956,24.259884748589837,26.446511408972334
0.0,0.8291125375888655,3.4078613313957833,6.543344801345498,10.638577781425438,14.768887671213038,16.618308306272574,19.895246015112203,24.55709555342463,24.211501243457587,26.43963180861677
0.0,0.8291125375888655,3.4078613313957833,6.543344801345498,10.638577781425438,14.768887671213038,16.618308306272574,19.895246015112203,24.55709555342463,24.211501243457587,26.43963180861677
0.0,0.8291125375888655,3.4078613313957833,6.543344801345498,10.638577781425438,14.768887671213038,16.618308306272574,19.895246015112203,24.55709555342463,24.211501243457587,26.43963180861677
0.0,0.8291125375888655,3.4078613313957833,6.543344801345498,10.638577781425438,14.768887671213038,16.618308306272574,19.895246015112203,24.55709555342463,24.211501243457587,26.43963180861677
0.0,0.8291125375888655,3.4078613313957833,6.543344801345498,10.638577781425438,14.768887671213038,16.618308306272574,19.895246015112203,24.55709555342463,24.211501243457587,26.43963180861677
0.0,0.8516153870058869,3.3673293593695632,6.534954819972312,10.629865312256456,14.759849952042703,16.609124950556772,19.885804609995102,24.547287041090613,24.201719945679567,26.42967505197763
0.0,0.8616378267602544,3.3426661092338863,6.545054020906127,10.603469234718393,14.732468467946697,16.581302232928465,19.85720008277032,24.517570292935737,24.172085649182925,26.399509169588054
0.0,0.8741492572422805,3.3222678029254853,6.608979138848893,10.710669428148567,14.833349794660638,16.558290816615035,19.833542052910982,24.492992375263974,24.147575925044904,26.37455978515329
0.0,0.8608718962671769,3.3086682131744247,6.594946942199541,10.6960973546033,14.818235081441934,16.54294906143585,19.81776919924652,24.47660623063913,24.13123524517917,26.357925982928514
0.0,0.881546371344356,3.3073442748410313,6.593580889003388,10.694678743666003,14.90291305317335,16.62201140024752,19.846508106924755,24.665507655070048,24.2574814972508,26.643431152766244
0.0,0.8906678961376449,3.3537208207321685,6.593580889003388,10.694678743666003,14.90291305317335,16.62201140024752,19.846508106924755,24.665507655070048,24.2574814972508,26.643431152766244
0.0,0.8906678961376449,3.3537208207321685,6.593580889003388,10.694678743666003,14.90291305317335,16.62201140024752,19.846508106924755,24.665507655070048,24.2574814972508,26.643431152766244
0.0,0.8906678961376449,3.3537208207321685,6.593580889003388,10.694678743666003,14.90291305317335,16.62201140024752,19.846508106924755,24.665507655070048,24.270749169677398,26.802070299666948
0.0,0.8906678961376449,3.3537208207321685,6.593580889003388,10.694678743666003,14.90291305317335,16.62201140024752,19.846508106924755,24.665507655070048,24.270749169677398,26.802070299666948
0.0,0.8906678961376449,3.3537208207321685,6.6360374407685,10.694678743666003,14.90291305317335,16.62201140024752,19.846508106924755,24.665507655070048,24.270749169677398,26.802070299666948
0.0,0.8906678961376449,3.3537208207321685,6.6360374407685,10.694678743666003,14.90291305317335,16.62201140024752,19.846508106924755,24.665507655070048,24.270749169677398,26.802070299666948
0.0,0.8906678961376449,3.3537208207321685,6.6360374407685,10.694678743666003,14.90291305317335,16.62201140024752,19.846508106924755,24.665507655070048,24.270749169677398,26.802070299666948
0.0,0.8906678961376449,3.3537208207321685,6.6360374407685,10.694678743666003,14.90291305317335,16.62201140024752,19.846508106924755,24.665507655070048,24.270749169677398,26.802070299666948
0.0,0.8906678961376449,3.3537208207321685,6.6360374407685,10.694678743666003,14.90291305317335,16.62201140024752,19.846508106924755,24.665507655070048,24.270749169677398,26.802070299666948
0.0,0.8906678961376449,3.3537208207321685,6.6360374407685,10.694678743666003,14.90291305317335,16.62201140024752,19.846508106924755,24.665507655070048,24.270749169677398,26.802070299666948
0.0,0.8906678961376449,3.3537208207321685,6.6360374407685,10.694678743666003,14.90291305317335,16.62201140024752,19.846508106924755,24.665507655070048,24.270749169677398,26.802070299666948
0.0,0.8906678961376449,3.3537208207321685,6.6360374407685,10.694678743666003,14.90291305317335,16.62201140024752,19.846508106924755,24.665507655070048,24.270749169677398,26.802070299666948
0.0,0.8906678961376449,3.3537208207321685,6.6360374407685,10.694678743666003,14.90291305317335,16.62201140024752,19.846508106924755,24.665507655070048,24.270749169677398,26.802070299666948
0.0,0.8906678961376449,3.3537208207321685,6.6360374407685,10.694678743666003,14.90291305317335,16.62201140024752,19.846508106924755,24.665507655070048,24.270749169677398,26.802070299666948
0.0,0.8906678961376449,3.3537208207321685,6.6360374407685,10.694678743666003,14.90291305317335,16.62201140024752,19.846508106924755,24.665507655070048,24.270749169677398,26.802070299666948
0.0,0.8906678961376449,3.3537208207321685,6.6360374407685,10.694678743666003,14.90291305317335,16.62201140024752,19.846508106924755,24.665507655070048,24.270749169677398,26.802070299666948
0.0,0.8906678961376449,3.3537208207321685,6.6360374407685,10.694678743666003,14.90291305317335,16.62201140024752,19.846508106924755,24.665507655070048,24.270749169677398,26.802070299666948
0.0,0.8906678961376449,3.3537208207321685,6.6360374407685,10.694678743666003,14.90291305317335,16.62201140024752,19.846508106924755,24.665507655070048,24.270749169677398,26.802070299666948
0.0,0.8906678961376449,3.3537208207321685,6.6360374407685,10.694678743666003,14.90291305317335,16.62201140024752,19.846508106924755,24.665507655070048,24.270749169677398,26.802070299666948
0.0,0.8906678961376449,3.3537208207321685,6.6360374407685,10.694678743666003,14.90291305317335,16.62201140024752,19.846508106924755,24.665507655070048,24.270749169677398,26.802070299666948
0.0,0.8906678961376449,3.3537208207321685,6.6360374407685,10.694678743666003,14.90291305317335,16.62201140024752,19.846508106924755,24.665507655070048,24.270749169677398,26.802070299666948
0.0,0.8906678961376449,3.3537208207321685,6.6360374407685,10.694678743666003,14.90291305317335,16.62201140024752,19.846508106924755,24.665507655070048,24.270749169677398,26.802070299666948
0.0,0.8906678961376449,3.3537208207321685,6.585122747831456,10.665414479825062,14.973684024048852,16.513141101847026,19.869575764666454,24.68338885904498,24.222156319414974,26.947879004255142
0.0,0.8906678961376449,3.3537208207321685,6.585122747831456,10.665414479825062,14.973684024048852,16.513141101847026,19.869575764666454,24.68338885904498,24.222156319414974,26.947879004255142
0.0,0.8906678961376449,3.3537208207321685,6.585122747831456,10.665414479825062,14.973684024048852,16.513141101847026,19.869575764666454,24.659733202184402,24.094922356224025,26.947879004255142
0.0,0.8906678961376449,3.3537208207321685,6.585122747831456,10.665414479825062,14.973684024048852,16.513141101847026,19.869575764666454,24.659733202184402,24.094922356224025,26.947879004255142
0.0,0.8906678961376449,3.3537208207321685,6.585122747831456,10.665414479825062,14.973684024048852,16.513141101847026,19.869575764666454,24.659733202184402,24.094922356224025,26.947879004255142
0.0,0.8906678961376449,3.3537208207321685,6.585122747831456,10.665414479825062,14.973684024048852,16.513141101847026,19.869575764666454,24.659733202184402,24.094922356224025,26.947879004255142
0.0,0.8906678961376449,3.3537208207321685,6.585122747831456,10.665414479825062,14.973684024048852,16.513141101847026,19.869575764666454,24.659733202184402,24.094922356224025,26.947879004255142
0.0,0.8906678961376449,3.3537208207321685,6.585122747831456,10.665414479825062,14.973684024048852,16.513141101847026,19.869575764666454,24.659733202184402,24.094922356224025,26.947879004255142
0.0,0.8906678961376449,3.3537208207321685,6.585122747831456,10.665414479825062,14.973684024048852,16.513141101847026,19.869575764666454,24.659733202184402,24.094922356224025,26.947879004255142
0.0,0.8906678961376449,3.3537208207321685,6.585122747831456,10.665414479825062,14.973684024048852,16.513141101847026,19.869575764666454,24.659733202184402,24.094922356224025,26.947879004255142
0.0,0.8906678961376449,3.3537208207321685,6.585122747831456,10.665414479825062,14.973684024048852,16.513141101847026,19.869575764666454,24.659733202184402,24.094922356224025,26.947879004255142
0.0,0.8906678961376449,3.3537208207321685,6.585122747831456,10.665414479825062,14.973684024048852,16.513141101847026,19.869575764666454,24.659733202184402,24.094922356224025,26.947879004255142
0.0,0.8906678961376449,3.3537208207321685,6.585122747831456,10.665414479825062,14.973684024048852,16.513141101847026,19.869575764666454,24.659733202184402,24.094922356224025,26.947879004255142
0.0,0.8906678961376449,3.3537208207321685,6.585122747831456,10.665414479825062,14.973684024048852,16.513141101847026,19.869575764666454,24.659733202184402,24.094922356224025,26.947879004255142
0.0,0.8906678961376449,3.3537208207321685,6.585122747831456,10.665414479825062,14.973684024048852,16.513141101847026,19.869575764666454,24.659733202184402,24.094922356224025,26.947879004255142
0.0,0.8906678961376449,3.3537208207321685,6.585122747831456,10.665414479825062,14.973684024048852,16.513141101847026,19.869575764666454,24.659733202184402,24.094922356224025,26.947879004255142
0.0,0.8906678961376449,3.3537208207321685,6.585122747831456,10.665414479825062,14.973684024048852,16.513141101847026,19.869575764666454,24.659733202184402,24.094922356224025,26.947879004255142
0.0,0.8906678961376449,3.3537208207321685,6.585122747831456,10.665414479825062,14.973684024048852,16.513141101847026,19.869575764666454,24.659733202184402,24.094922356224025,26.947879004255142
0.0,0.8906678961376449,3.3537208207321685,6.585122747831456,10.662142792419871,14.973684024048852,16.513141101847026,19.869575764666454,24.659733202184402,24.094922356224025,26.947879004255142
0.0,0.8906678961376449,3.3537208207321685,6.585122747831456,10.662142792419871,14.973684024048852,16.513141101847026,19.869575764666454,24.659733202184402,24.094922356224025,26.947879004255142
0.0,0.8906678961376449,3.3537208207321685,6.585122747831456,10.584330909017984,14.973684024048852,16.513141101847026,19.869575764666454,24.659733202184402,24.094922356224025,26.947879004255142
0.0,0.8906678961376449,3.3537208207321685,6.585122747831456,10.584330909017984,14.973684024048852,16.513141101847026,19.869575764666454,24.659733202184402,24.094922356224025,26.947879004255142
0.0,0.8906678961376449,3.3537208207321685,6.585122747831456,10.584330909017984,14.973684024048852,16.513141101847026,19.869575764666454,24.659733202184402,24.094922356224025,26.947879004255142
0.0,0.8906678961376449,3.3537208207321685,6.585122747831456,10.584330909017984,14.973684024048852,16.513141101847026,19.869575764666454,24.659733202184402,24.094922356224025,26.947879004255142
0.0,0.8906678961376449,3.3537208207321685,6.585122747831456,10.584330909017984,14.973684024048852,16.513141101847026,19.869575764666454,24.659733202184402,24.094922356224025,26.947879004255142
0.0,0.8906678961376449,3.3537208207321685,6.585122747831456,10.584330909017984,14.973684024048852,16.513141101847026,19.869575764666454,24.659733202184402,24.094922356224025,26.947879004255142
0.0,0.8906678961376449,3.3537208207321685,6.585122747831456,10.584330909017984,14.973684024048852,16.513141101847026,19.869575764666454,24.659733202184402,24.094922356224025,26.947879004255142
0.0,0.8906678961376449,3.3537208207321685,6.585122747831456,10.584330909017984,14.973684024048852,16.513141101847026,19.869575764666454,24.659733202184402,24.094922356224025,26.947879004255142
0.0,0.8906678961376449,3.3537208207321685,6.585122747831456,10.584330909017984,14.973684024048852,16.513141101847026,19.869575764666454,24.659733202184402,24.094922356224025,26.947879004255142
0.0,0.8906678961376449,3.3537208207321685,6.585122747831456,10.5610521746695,14.973684024048852,16.513141101847026,19.869575764666454,24.659733202184402,24.094922356224025,26.947879004255142
0.0,0.8906678961376449,3.3537208207321685,6.585122747831456,10.5610521746695,14.973684024048852,16.513141101847026,19.869575764666454,24.659733202184402,24.094922356224025,26.947879004255142
0.0,0.8906678961376449,3.3537208207321685,6.585122747831456,10.5610521746695,14.973684024048852,16.513141101847026,19.869575764666454,24.659733202184402,24.094922356224025,26.947879004255142
0.0,0.8906678961376449,3.3537208207321685,6.585122747831456,10.5610521746695,14.973684024048852,16.513141101847026,19.869575764666454,24.659733202184402,24.094922356224025,26.947879004255142
0.0,0.8906678961376449,3.3537208207321685,6.585122747831456,10.5610521746695,14.973684024048852,16.513141101847026,19.869575764666454,24.659733202184402,24.094922356224025,26.947879004255142
0.0,0.8906678961376449,3.3537208207321685,6.585122747831456,10.5610521746695,14.973684024048852,16.513141101847026,19.869575764666454,24.659733202184402,24.094922356224025,26.947879004255142
0.0,0.8906678961376449,3.3537208207321685,6.585122747831456,10.5610521746695,14.973684024048852,16.513141101847026,19.869575764666454,24.659733202184402,24.094922356224025,26.947879004255142
0.0,0.8906678961376449,3.3537208207321685,6.585122747831456,10.5610521746695,14.973684024048852,16.513141101847026,19.869575764666454,24.659733202184402,24.094922356224025,26.947879004255142
0.0,0.8906678961376449,3.3537208207321685,6.585122747831456,10.5610521746695,14.973684024048852,16.513141101847026,19.869575764666454,24.659733202184402,24.094922356224025,26.947879004255142
0.0,0.8906678961376449,3.3537208207321685,6.585122747831456,10.5610521746695,14.973684024048852,16.513141101847026,19.869575764666454,24.659733202184402,24.094922356224025,26.947879004255142
0.0,0.8906678961376449,3.3537208207321685,6.585122747831456,10.5610521746695,14.973684024048852,16.513141101847026,19.869575764666454,24.659733202184402,24.094922356224025,26.947879004255142
0.0,0.8906678961376449,3.3537208207321685,6.585122747831456,10.5610521746695,14.973684024048852,16.513141101847026,19.869575764666454,24.659733202184402,24.094922356224025,26.947879004255142
0.0,0.8906678961376449,3.3537208207321685,6.585122747831456,10.5610521746695,14.973684024048852,16.513141101847026,19.869575764666454,24.659733202184402,24.094922356224025,26.947879004255142
0.0,0.8906678961376449,3.3537208207321685,6.585122747831456,10.5610521746695,14.973684024048852,16.513141101847026,19.869575764666454,24.659733202184402,24.094922356224025,26.947879004255142
0.0,0.8906678961376449,3.3537208207321685,6.585122747831456,10.5610521746695,14.973684024048852,16.513141101847026,19.869575764666454,24.659733202184402,24.094922356224025,26.947879004255142
0.0,0.8906678961376449,3.3537208207321685,6.585122747831456,10.5610521746695,14.973684024048852,16.513141101847026,19.869575764666454,24.659733202184402,24.094922356224025,26.947879004255142
0.0,0.8906678961376449,3.3537208207321685,6.585122747831456,10.5610521746695,14.973684024048852,16.513141101847026,19.869575764666454,24.659733202184402,24.094922356224025,26.947879004255142
0.0,0.8906678961376449,3.3537208207321685,6.543404964190083,10.52069131207177,14.973684024048852,16.513141101847026,19.869575764666454,24.659733202184402,24.094922356224025,26.947879004255142
0.0,0.8906678961376449,3.3537208207321685,6.543404964190083,10.402985949987203,14.94524898973458,16.598792973500988,19.869575764666454,24.699234681454488,24.40702927315921,27.12549996886619
0.0,0.8906678961376449,3.3537208207321685,6.543404964190083,10.402985949987203,14.94524898973458,16.598792973500988,19.869575764666454,24.699234681454488,24.40702927315921,27.12549996886619
0.0,0.8906678961376449,3.3537208207321685,6.543404964190083,10.402985949987203,14.94524898973458,16.598792973500988,19.869575764666454,24.699234681454488,24.40702927315921,27.12549996886619
0.0,0.8906678961376449,3.3537208207321685,6.543404964190083,10.402985949987203,14.94524898973458,16.598792973500988,19.869575764666454,24.699234681454488,24.40702927315921,27.12549996886619
0.0,0.8906678961376449,3.3537208207321685,6.543404964190083,10.402985949987203,14.94524898973458,16.598792973500988,19.869575764666454,24.699234681454488,24.40702927315921,27.12549996886619
0.0,0.8906678961376449,3.3537208207321685,6.543404964190083,10.402985949987203,14.94524898973458,16.598792973500988,19.869575764666454,24.699234681454488,24.40702927315921,27.12549996886619
0.0,0.8906678961376449,3.3537208207321685,6.543404964190083,10.402985949987203,14.94524898973458,16.598792973500988,19.869575764666454,24.699234681454488,24.40702927315921,27.12549996886619
0.0,0.8906678961376449,3.3537208207321685,6.543404964190083,10.402985949987203,14.94524898973458,16.598792973500988,19.869575764666454,24.699234681454488,24.40702927315921,27.12549996886619
0.0,0.8906678961376449,3.3537208207321685,6.543404964190083,10.388557356223268,14.94524898973458,16.598792973500988,19.869575764666454,24.699234681454488,24.40702927315921,27.12549996886619
0.0,0.8906678961376449,3.3537208207321685,6.543404964190083,10.388557356223268,14.94524898973458,16.598792973500988,19.869575764666454,24.699234681454488,24.40702927315921,27.12549996886619
0.0,0.8906678961376449,3.3537208207321685,6.543404964190083,10.388557356223268,14.94524898973458,16.598792973500988,19.869575764666454,24.699234681454488,24.40702927315921,27.12549996886619
0.0,0.8906678961376449,3.3537208207321685,6.543404964190083,10.388557356223268,14.94524898973458,16.52476539212077,19.869575764666454,24.699234681454488,24.40702927315921,27.12549996886619
0.0,0.8906678961376449,3.3537208207321685,6.543404964190083,10.405805330377847,15.0296645555488,16.52476539212077,19.869575764666454,24.699234681454488,24.40702927315921,27.12549996886619
0.0,0.8906678961376449,3.3537208207321685,6.543404964190083,10.405805330377847,15.0296645555488,16.52476539212077,19.869575764666454,24.699234681454488,24.40702927315921,27.215252757452006
0.0,0.8906678961376449,3.3107516543505815,6.5629898579198045,10.405805330377847,14.995545529751764,16.52476539212077,19.869575764666454,24.699234681454488,24.40702927315921,27.215252757452006
0.0,0.8906678961376449,3.3107516543505815,6.435861433032255,10.398945340657272,15.012718119403914,16.540475522425893,19.938311353976506,24.765512735985514,24.40702927315921,27.215252757452006
0.0,0.8961106572126467,3.2858144609487847,6.467040463234744,10.398945340657272,15.012718119403914,16.540475522425893,19.938311353976506,24.765512735985514,24.40702927315921,27.215252757452006
0.0,0.8961106572126467,3.2858144609487847,6.467040463234744,10.398945340657272,15.012718119403914,16.540475522425893,19.938311353976506,24.765512735985514,24.40702927315921,27.215252757452006
0.0,0.8961106572126467,3.2858144609487847,6.467040463234744,10.398945340657272,15.012718119403914,16.540475522425893,19.938311353976506,24.765512735985514,24.40702927315921,27.215252757452006
0.0,0.8961106572126467,3.2858144609487847,6.467040463234744,10.398945340657272,15.012718119403914,16.540475522425893,19.938311353976506,24.765512735985514,24.40702927315921,27.215252757452006
0.0,0.8961106572126467,3.2858144609487847,6.467040463234744,10.398945340657272,15.012718119403914,16.540475522425893,19.938311353976506,24.765512735985514,24.40702927315921,27.215252757452006
0.0,0.8961106572126467,3.2858144609487847,6.467040463234744,10.398945340657272,15.012718119403914,16.540475522425893,19.938311353976506,24.765512735985514,24.40702927315921,27.215252757452006
0.0,0.8961106572126467,3.2858144609487847,6.467040463234744,10.398945340657272,15.012718119403914,16.540475522425893,19.938311353976506,24.765512735985514,24.40702927315921,27.215252757452006
0.0,0.8961106572126467,3.2858144609487847,6.53518805342589,10.478023683699897,15.012718119403914,16.611442493007704,19.938311353976506,24.765512735985514,24.40702927315921,27.215252757452006
0.0,0.8961106572126467,3.246674827290319,6.53518805342589,10.478023683699897,15.012718119403914,16.611442493007704,19.938311353976506,24.765512735985514,24.40702927315921,27.215252757452006
0.0,0.926049462170101,3.2378338701004017,6.526065502618557,10.46856350999989,15.002869642260311,16.60145711795655,19.928041100935573,24.75482913228862,24.396376366208276,27.20435938383572
0.0,0.9172406203976234,3.2288232554142904,6.5167678905485555,10.45892179607194,14.992832173366422,16.59128012409158,19.917573762287414,24.743940510807498,24.385519030542024,27.193256966961656
0.0,0.9172406203976234,3.2288232554142904,6.5167678905485555,10.45892179607194,14.992832173366422,16.65398918570171,19.917573762287414,24.743940510807498,24.385519030542024,27.193256966961656
0.0,0.9172406203976234,3.2288232554142904,6.5167678905485555,10.45892179607194,14.992832173366422,16.65398918570171,19.917573762287414,24.743940510807498,24.385519030542024,27.193256966961656
0.0,0.9172406203976234,3.2288232554142904,6.5167678905485555,10.45892179607194,14.992832173366422,16.65398918570171,19.917573762287414,24.743940510807498,24.385519030542024,27.193256966961656
0.0,0.9172406203976234,3.2288232554142904,6.5167678905485555,10.45892179607194,14.992832173366422,16.65398918570171,19.917573762287414,24.743940510807498,24.385519030542024,27.193256966961656
0.0,0.9172406203976234,3.2288232554142904,6.5167678905485555,10.45892179607194,14.992832173366422,16.65398918570171,19.917573762287414,24.743940510807498,24.385519030542024,27.193256966961656
0.0,0.9172406203976234,3.2288232554142904,6.5167678905485555,10.45892179607194,14.992832173366422,16.65398918570171,19.917573762287414,24.743940510807498,24.385519030542024,27.193256966961656
0.0,0.9172406203976234,3.2288232554142904,6.5167678905485555,10.45892179607194,14.992832173366422,16.65398918570171,19.917573762287414,24.743940510807498,24.385519030542024,27.193256966961656
0.0,0.9172406203976234,3.2288232554142904,6.5167678905485555,10.45892179607194,14.992832173366422,16.65398918570171,19.917573762287414,24.743940510807498,24.385519030542024,27.193256966961656
0.0,0.9172406203976234,3.2288232554142904,6.5167678905485555,10.45892179607194,14.992832173366422,16.65398918570171,19.917573762287414,24.743940510807498,24.385519030542024,27.193256966961656
0.0,0.9172406203976234,3.2072670154858205,6.5167678905485555,10.45892179607194,14.992832173366422,16.566724099725477,19.917573762287414,24.743940510807498,24.385519030542024,27.193256966961656
0.0,0.9172406203976234,3.2072670154858205,6.5167678905485555,10.45892179607194,14.992832173366422,16.566724099725477,19.917573762287414,24.743940510807498,24.385519030542024,27.193256966961656
0.0,0.9172406203976234,3.1365836525315016,6.504256226813834,10.517651244156815,14.936966841076234,16.588039150955463,19.917573762287414,24.743940510807498,24.385519030542024,27.262824832185423
0.0,0.9172406203976234,3.1365836525315016,6.504256226813834,10.517651244156815,14.936966841076234,16.645517432666885,19.917573762287414,24.743940510807498,24.411838747265886,27.262824832185423
0.0,0.9172406203976234,3.1365836525315016,6.504256226813834,10.517651244156815,14.936966841076234,16.645517432666885,19.917573762287414,24.743940510807498,24.411838747265886,27.24012294593904
0.0,0.9172406203976234,3.1365836525315016,6.504256226813834,10.517651244156815,14.936966841076234,16.645517432666885,19.917573762287414,24.743940510807498,24.411838747265886,27.24012294593904
0.0,0.9172406203976234,3.1365836525315016,6.504256226813834,10.517651244156815,14.936966841076234,16.645517432666885,19.917573762287414,24.743940510807498,24.411838747265886,27.262824832185423
0.0,0.9172406203976234,3.1365836525315016,6.504256226813834,10.517651244156815,14.936966841076234,16.645517432666885,19.917573762287414,24.743940510807498,24.411838747265886,27.262824832185423
0.0,0.9172406203976234,3.1365836525315016,6.504256226813834,10.517651244156815,14.936966841076234,16.645517432666885,19.917573762287414,24.743940510807498,24.411838747265886,27.262824832185423
0.0,0.9172406203976234,3.1365836525315016,6.504256226813834,10.517651244156815,14.936966841076234,16.645517432666885,19.917573762287414,24.743940510807498,24.411838747265886,27.24012294593904
0.0,0.9172406203976234,3.1365836525315016,6.504256226813834,10.517651244156815,14.936966841076234,16.645517432666885,19.917573762287414,24.743940510807498,24.411838747265886,27.24012294593904
0.0,0.9172406203976234,3.1365836525315016,6.504256226813834,10.517651244156815,14.936966841076234,16.645517432666885,19.916277373032973,24.81111156333992,24.411838747265886,27.24012294593904
0.0,0.9172406203976234,3.1365836525315016,6.504256226813834,10.517651244156815,14.936966841076234,16.645517432666885,19.916277373032973,24.81111156333992,24.411838747265886,27.24012294593904
0.0,0.9172406203976234,3.1365836525315016,6.504256226813834,10.517651244156815,14.936966841076234,16.645517432666885,19.916277373032973,24.81111156333992,24.411838747265886,27.262824832185423
0.0,0.9172406203976234,3.1365836525315016,6.504256226813834,10.517651244156815,14.936966841076234,16.645517432666885,19.916277373032973,24.81111156333992,24.411838747265886,27.262824832185423
0.0,0.9172406203976234,3.1365836525315016,6.504256226813834,10.521449966158205,14.988566148261691,16.694493812756164,19.916277373032973,24.81111156333992,24.411838747265886,27.24012294593904
0.0,0.9172406203976234,3.1365836525315016,6.504256226813834,10.521449966158205,14.934826291377043,16.694493812756164,19.916277373032973,24.81111156333992,24.411838747265886,27.262824832185423
0.0,0.9172406203976234,3.1365836525315016,6.504256226813834,10.521449966158205,14.934826291377043,16.694493812756164,19.916277373032973,24.81111156333992,24.411838747265886,27.262824832185423
0.0,0.9172406203976234,3.1365836525315016,6.504256226813834,10.521449966158205,14.934826291377043,16.694493812756164,19.916277373032973,24.81111156333992,24.411838747265886,27.262824832185423
0.0,0.9172406203976234,3.1365836525315016,6.504256226813834,10.521449966158205,14.934826291377043,16.694493812756164,19.916277373032973,24.81111156333992,24.411838747265886,27.262824832185423
0.0,0.9172406203976234,3.1365836525315016,6.504256226813834,10.521449966158205,14.934826291377043,16.694493812756164,19.916277373032973,24.81111156333992,24.411838747265886,27.24012294593904
0.0,0.9172406203976234,3.1365836525315016,6.504256226813834,10.521449966158205,14.934826291377043,16.694493812756164,19.916277373032973,24.81111156333992,24.411838747265886,27.24012294593904
0.0,0.9172406203976234,3.1365836525315016,6.504256226813834,10.521449966158205,14.934826291377043,16.694493812756164,19.916277373032973,24.81111156333992,24.411838747265886,27.24012294593904
0.0,0.9172406203976234,3.1365836525315016,6.504256226813834,10.521449966158205,14.934826291377043,16.694493812756164,19.916277373032973,24.81111156333992,24.411838747265886,27.262824832185423
0.0,0.9172406203976234,3.1365836525315016,6.504256226813834,10.521449966158205,14.988566148261691,16.694493812756164,19.916277373032973,24.81111156333992,24.411838747265886,27.24012294593904
0.0,0.9172406203976234,3.1365836525315016,6.504256226813834,10.521449966158205,14.934826291377043,16.694493812756164,19.916277373032973,24.81111156333992,24.411838747265886,27.262824832185423
0.0,0.9172406203976234,3.1365836525315016,6.504256226813834,10.521449966158205,14.934826291377043,16.694493812756164,19.916277373032973,24.81111156333992,24.411838747265886,27.24012294593904
0.0,0.9172406203976234,3.1365836525315016,6.504256226813834,10.521449966158205,14.988566148261691,16.694493812756164,19.916277373032973,24.81111156333992,24.411838747265886,27.262824832185423
0.0,0.9172406203976234,3.1365836525315016,6.504256226813834,10.521449966158205,14.988566148261691,16.694493812756164,19.916277373032973,24.81111156333992,24.411838747265886,27.24012294593904
0.0,0.9172406203976234,3.1365836525315016,6.504256226813834,10.521449966158205,14.988566148261691,16.694493812756164,19.916277373032973,24.81111156333992,24.411838747265886,27.24012294593904
0.0,0.9172406203976234,3.1365836525315016,6.504256226813834,10.521449966158205,14.988566148261691,16.694493812756164,19.916277373032973,24.81111156333992,24.411838747265886,27.24012294593904
0.0,0.9172406203976234,3.1365836525315016,6.504256226813834,10.521449966158205,14.988566148261691,16.694493812756164,19.916277373032973,24.81111156333992,24.411838747265886,27.24012294593904
0.0,0.9172406203976234,3.1365836525315016,6.504256226813834,10.521449966158205,14.934826291377043,16.694493812756164,19.916277373032973,24.81111156333992,24.411838747265886,27.24012294593904
0.0,0.9172406203976234,3.1365836525315016,6.504256226813834,10.521449966158205,14.934826291377043,16.694493812756164,19.916277373032973,24.81111156333992,24.411838747265886,27.262824832185423
0.0,0.9172406203976234,3.1365836525315016,6.504256226813834,10.521449966158205,14.988566148261691,16.694493812756164,19.916277373032973,24.81111156333992,24.411838747265886,27.262824832185423
0.0,0.9172406203976234,3.1365836525315016,6.504256226813834,10.521449966158205,14.988566148261691,16.694493812756164,19.916277373032973,24.81111156333992,24.411838747265886,27.165686083864323
0.0,0.9172406203976234,3.1365836525315016,6.504256226813834,10.521449966158205,14.934826291377043,16.694493812756164,19.916277373032973,24.81111156333992,24.411838747265886,27.165686083864323
0.0,0.9172406203976234,3.1365836525315016,6.504256226813834,10.521449966158205,14.934826291377043,16.694493812756164,19.916277373032973,24.81111156333992,24.411838747265886,27.165686083864323
0.0,0.9172406203976234,3.1365836525315016,6.504256226813834,10.521449966158205,14.988566148261691,16.694493812756164,19.916277373032973,24.81111156333992,24.411838747265886,27.165686083864323
0.0,0.9172406203976234,3.1365836525315016,6.504256226813834,10.521449966158205,14.988566148261691,16.694493812756164,19.916277373032973,24.81111156333992,24.411838747265886,27.165686083864323
0.0,0.9172406203976234,3.1365836525315016,6.504256226813834,10.521449966158205,14.988566148261691,16.694493812756164,19.916277373032973,24.81111156333992,24.411838747265886,27.165686083864323
0.0,0.9172406203976234,3.1365836525315016,6.504256226813834,10.521449966158205,14.934826291377043,16.694493812756164,19.916277373032973,24.81111156333992,24.411838747265886,27.165686083864323
0.0,0.9172406203976234,3.1365836525315016,6.504256226813834,10.521449966158205,14.934826291377043,16.694493812756164,19.916277373032973,24.81111156333992,24.411838747265886,27.165686083864323
0.0,0.9172406203976234,3.1365836525315016,6.504256226813834,10.521449966158205,14.988566148261691,16.694493812756164,19.916277373032973,24.81111156333992,24.411838747265886,27.165686083864323
0.0,0.9172406203976234,3.1365836525315016,6.504256226813834,10.521449966158205,14.988566148261691,16.694493812756164,19.916277373032973,24.81111156333992,24.411838747265886,27.165686083864323
0.0,0.9172406203976234,3.1365836525315016,6.504256226813834,10.521449966158205,14.988566148261691,16.694493812756164,19.916277373032973,24.81111156333992,24.411838747265886,27.165686083864323
0.0,0.9172406203976234,3.1365836525315016,6.504256226813834,10.521449966158205,14.988566148261691,16.694493812756164,19.916277373032973,24.81111156333992,24.411838747265886,27.165686083864323
0.0,0.9172406203976234,3.1365836525315016,6.504256226813834,10.521449966158205,14.934826291377043,16.694493812756164,19.916277373032973,24.81111156333992,24.411838747265886,27.165686083864323
0.0,0.9172406203976234,3.1365836525315016,6.504256226813834,10.521449966158205,14.988566148261691,16.694493812756164,19.916277373032973,24.81111156333992,24.411838747265886,27.165686083864323
0.0,0.9172406203976234,3.1365836525315016,6.504256226813834,10.521449966158205,14.988566148261691,16.694493812756164,19.916277373032973,24.81111156333992,24.411838747265886,27.165686083864323
0.0,0.9172406203976234,3.1365836525315016,6.504256226813834,10.521449966158205,14.988566148261691,16.694493812756164,19.916277373032973,24.81111156333992,24.411838747265886,27.165686083864323
0.0,0.9172406203976234,3.1365836525315016,6.504256226813834,10.521449966158205,14.934826291377043,16.694493812756164,19.916277373032973,24.81111156333992,24.411838747265886,27.165686083864323
0.0,0.9172406203976234,3.1365836525315016,6.504256226813834,10.521449966158205,14.988566148261691,16.694493812756164,19.916277373032973,24.81111156333992,24.411838747265886,27.165686083864323
0.0,0.9172406203976234,3.1365836525315016,6.504256226813834,10.521449966158205,14.988566148261691,16.694493812756164,19.916277373032973,24.81111156333992,24.411838747265886,27.165686083864323
0.0,0.9172406203976234,3.1365836525315016,6.504256226813834,10.521449966158205,14.988566148261691,16.694493812756164,19.916277373032973,24.81111156333992,24.411838747265886,27.165686083864323
0.0,0.9172406203976234,3.1365836525315016,6.504256226813834,10.521449966158205,14.988566148261691,16.694493812756164,19.916277373032973,24.81111156333992,24.411838747265886,27.165686083864323
0.0,0.9172406203976234,3.1365836525315016,6.504256226813834,10.521449966158205,14.988566148261691,16.694493812756164,19.916277373032973,24.81111156333992,24.411838747265886,27.165686083864323
0.0,0.9172406203976234,3.1365836525315016,6.504256226813834,10.521449966158205,14.988566148261691,16.694493812756164,19.916277373032973,24.81111156333992,24.411838747265886,27.165686083864323
0.0,0.9172406203976234,3.1365836525315016,6.504256226813834,10.521449966158205,14.934826291377043,16.694493812756164,19.916277373032973,24.81111156333992,24.411838747265886,27.202663326203187
0.0,0.9172406203976234,3.1365836525315016,6.504256226813834,10.521449966158205,14.988566148261691,16.694493812756164,19.916277373032973,24.81111156333992,24.411838747265886,27.202663326203187
0.0,0.9172406203976234,3.1365836525315016,6.504256226813834,10.521449966158205,14.934826291377043,16.694493812756164,19.916277373032973,24.81111156333992,24.411838747265886,27.202663326203187
0.0,0.9172406203976234,3.1365836525315016,6.504256226813834,10.521449966158205,14.988566148261691,16.694493812756164,19.916277373032973,24.81111156333992,24.411838747265886,27.202663326203187
0.0,0.9172406203976234,3.1365836525315016,6.504256226813834,10.521449966158205,14.988566148261691,16.694493812756164,19.916277373032973,24.81111156333992,24.411838747265886,27.202663326203187
0.0,0.9172406203976234,3.1365836525315016,6.504256226813834,10.521449966158205,14.988566148261691,16.694493812756164,19.916277373032973,24.81111156333992,24.411838747265886,27.202663326203187
0.0,0.9172406203976234,3.1365836525315016,6.504256226813834,10.521449966158205,14.988566148261691,16.694493812756164,19.916277373032973,24.81111156333992,24.411838747265886,27.202663326203187
0.0,0.9172406203976234,3.1365836525315016,6.504256226813834,10.521449966158205,14.988566148261691,16.694493812756164,19.916277373032973,24.81111156333992,24.411838747265886,27.202663326203187
0.0,0.9172406203976234,3.1365836525315016,6.504256226813834,10.521449966158205,14.988566148261691,16.694493812756164,19.916277373032973,24.81111156333992,24.411838747265886,27.202663326203187
0.0,0.9172406203976234,3.1365836525315016,6.504256226813834,10.521449966158205,14.988566148261691,16.694493812756164,19.916277373032973,24.81111156333992,24.411838747265886,27.202663326203187
0.0,0.9172406203976234,3.1365836525315016,6.504256226813834,10.521449966158205,14.988566148261691,16.694493812756164,19.916277373032973,24.81111156333992,24.411838747265886,27.202663326203187
0.0,0.9172406203976234,3.1365836525315016,6.504256226813834,10.521449966158205,14.934826291377043,16.694493812756164,19.916277373032973,24.81111156333992,24.411838747265886,27.202663326203187
0.0,0.9172406203976234,3.1365836525315016,6.504256226813834,10.521449966158205,14.988566148261691,16.694493812756164,19.916277373032973,24.81111156333992,24.411838747265886,27.202663326203187
0.0,0.9172406203976234,3.1365836525315016,6.504256226813834,10.521449966158205,14.934826291377043,16.694493812756164,19.916277373032973,24.81111156333992,24.411838747265886,27.202663326203187
0.0,0.9172406203976234,3.1365836525315016,6.504256226813834,10.521449966158205,14.934826291377043,16.694493812756164,19.916277373032973,24.81111156333992,24.411838747265886,27.202663326203187
0.0,0.9172406203976234,3.1365836525315016,6.504256226813834,10.521449966158205,14.934826291377043,16.694493812756164,19.916277373032973,24.81111156333992,24.411838747265886,27.202663326203187
0.0,0.9172406203976234,3.1365836525315016,6.504256226813834,10.521449966158205,14.988566148261691,16.694493812756164,19.916277373032973,24.81111156333992,24.411838747265886,27.202663326203187
0.0,0.9172406203976234,3.1365836525315016,6.504256226813834,10.521449966158205,14.988566148261691,16.694493812756164,19.916277373032973,24.81111156333992,24.411838747265886,27.202663326203187
0.0,0.9172406203976234,3.1365836525315016,6.504256226813834,10.521449966158205,14.988566148261691,16.694493812756164,19.916277373032973,24.81111156333992,24.411838747265886,27.202663326203187
0.0,0.9172406203976234,3.1365836525315016,6.504256226813834,10.521449966158205,14.988566148261691,16.694493812756164,19.916277373032973,24.81111156333992,24.411838747265886,27.202663326203187
0.0,0.9172406203976234,3.1365836525315016,6.504256226813834,10.521449966158205,14.988566148261691,16.694493812756164,19.916277373032973,24.81111156333992,24.411838747265886,27.202663326203187
0.0,0.9172406203976234,3.1365836525315016,6.504256226813834,10.521449966158205,14.988566148261691,16.694493812756164,19.916277373032973,24.81111156333992,24.411838747265886,27.202663326203187
0.0,0.9172406203976234,3.1365836525315016,6.504256226813834,10.521449966158205,14.988566148261691,16.694493812756164,19.916277373032973,24.81111156333992,24.411838747265886,27.202663326203187
0.0,0.9172406203976234,3.1365836525315016,6.504256226813834,10.521449966158205,14.988566148261691,16.694493812756164,19.916277373032973,24.81111156333992,24.411838747265886,27.202663326203187
0.0,0.9172406203976234,3.1365836525315016,6.504256226813834,10.521449966158205,14.934826291377043,16.694493812756164,19.916277373032973,24.81111156333992,24.411838747265886,27.202663326203187
0.0,0.9172406203976234,3.1365836525315016,6.504256226813834,10.521449966158205,14.988566148261691,16.694493812756164,19.916277373032973,24.81111156333992,24.411838747265886,27.202663326203187
0.0,0.9172406203976234,3.1365836525315016,6.504256226813834,10.521449966158205,14.988566148261691,16.694493812756164,19.916277373032973,24.81111156333992,24.411838747265886,27.219968615320596
0.0,0.9172406203976234,3.1365836525315016,6.504256226813834,10.521449966158205,14.988566148261691,16.694493812756164,19.916277373032973,24.81111156333992,24.411838747265886,27.219968615320596
0.0,0.9172406203976234,3.1365836525315016,6.504256226813834,10.521449966158205,14.934826291377043,16.694493812756164,19.916277373032973,24.81111156333992,24.411838747265886,27.219968615320596
0.0,0.9172406203976234,3.1365836525315016,6.504256226813834,10.521449966158205,14.934826291377043,16.694493812756164,19.916277373032973,24.81111156333992,24.411838747265886,27.219968615320596
0.0,0.9172406203976234,3.1365836525315016,6.504256226813834,10.521449966158205,14.934826291377043,16.694493812756164,19.916277373032973,24.81111156333992,24.411838747265886,27.219968615320596
0.0,0.9172406203976234,3.1365836525315016,6.504256226813834,10.521449966158205,14.988566148261691,16.694493812756164,19.916277373032973,24.81111156333992,24.530714627039348,27.201623199940894
0.0,0.9172406203976234,3.1365836525315016,6.504256226813834,10.521449966158205,14.988566148261691,16.694493812756164,19.916277373032973,24.81111156333992,24.530714627039348,27.201623199940894
0.0,0.9172406203976234,3.1365836525315016,6.504256226813834,10.521449966158205,14.934826291377043,16.694493812756164,19.916277373032973,24.81111156333992,24.530714627039348,27.201623199940894
0.0,0.9172406203976234,3.1365836525315016,6.504256226813834,10.521449966158205,14.934826291377043,16.694493812756164,19.916277373032973,24.81111156333992,24.530714627039348,27.201623199940894
0.0,0.9172406203976234,3.1365836525315016,6.504256226813834,10.521449966158205,14.934826291377043,16.694493812756164,19.916277373032973,24.81111156333992,24.530714627039348,27.201623199940894
0.0,0.9172406203976234,3.1365836525315016,6.504256226813834,10.521449966158205,14.988566148261691,16.694493812756164,19.916277373032973,24.81111156333992,24.530714627039348,27.201623199940894
0.0,0.9172406203976234,3.1365836525315016,6.504256226813834,10.521449966158205,14.934826291377043,16.694493812756164,19.916277373032973,24.81111156333992,24.530714627039348,27.201623199940894
0.0,0.9172406203976234,3.1365836525315016,6.504256226813834,10.521449966158205,14.988566148261691,16.694493812756164,19.916277373032973,24.81111156333992,24.530714627039348,27.201623199940894
0.0,0.9172406203976234,3.1365836525315016,6.504256226813834,10.521449966158205,14.988566148261691,16.694493812756164,19.916277373032973,24.81111156333992,24.530714627039348,27.201623199940894
0.0,0.9172406203976234,3.1365836525315016,6.504256226813834,10.521449966158205,14.988566148261691,16.694493812756164,19.916277373032973,24.81111156333992,24.530714627039348,27.201623199940894
0.0,0.9172406203976234,3.1365836525315016,6.504256226813834,10.521449966158205,14.934826291377043,16.694493812756164,19.916277373032973,24.81111156333992,24.530714627039348,27.201623199940894
0.0,0.9172406203976234,3.1365836525315016,6.504256226813834,10.521449966158205,14.934826291377043,16.694493812756164,19.916277373032973,24.81111156333992,24.530714627039348,27.201623199940894
0.0,0.9172406203976234,3.1365836525315016,6.504256226813834,10.521449966158205,14.934826291377043,16.694493812756164,19.916277373032973,24.81111156333992,24.530714627039348,27.201623199940894
0.0,0.9172406203976234,3.1365836525315016,6.504256226813834,10.521449966158205,14.934826291377043,16.694493812756164,19.916277373032973,24.81111156333992,24.530714627039348,27.201623199940894
0.0,0.9172406203976234,3.1365836525315016,6.504256226813834,10.521449966158205,14.988566148261691,16.694493812756164,19.916277373032973,24.81111156333992,24.530714627039348,27.0641757903829
0.0,0.9172406203976234,3.1365836525315016,6.504256226813834,10.521449966158205,14.934826291377043,16.694493812756164,19.916277373032973,24.81111156333992,24.530714627039348,27.0641757903829
0.0,0.9172406203976234,3.1365836525315016,6.504256226813834,10.521449966158205,14.988566148261691,16.694493812756164,19.916277373032973,24.81111156333992,24.530714627039348,27.0641757903829
0.0,0.9172406203976234,3.1365836525315016,6.504256226813834,10.521449966158205,14.988566148261691,16.694493812756164,19.916277373032973,24.81111156333992,24.530714627039348,27.0641757903829
0.0,0.9172406203976234,3.1365836525315016,6.504256226813834,10.521449966158205,14.988566148261691,16.694493812756164,19.916277373032973,24.81111156333992,24.530714627039348,27.0641757903829
0.0,0.9172406203976234,3.1365836525315016,6.504256226813834,10.521449966158205,14.934826291377043,16.694493812756164,19.916277373032973,24.81111156333992,24.530714627039348,27.0641757903829
0.0,0.9172406203976234,3.1365836525315016,6.504256226813834,10.521449966158205,14.988566148261691,16.694493812756164,19.916277373032973,24.81111156333992,24.530714627039348,27.0641757903829
0.0,0.9172406203976234,3.1365836525315016,6.504256226813834,10.521449966158205,14.988566148261691,16.694493812756164,19.916277373032973,24.81111156333992,24.530714627039348,27.0641757903829
0.0,0.9172406203976234,3.1365836525315016,6.504256226813834,10.521449966158205,14.934826291377043,16.694493812756164,19.916277373032973,24.81111156333992,24.530714627039348,27.0641757903829
0.0,0.9172406203976234,3.1365836525315016,6.504256226813834,10.521449966158205,14.988566148261691,16.694493812756164,19.916277373032973,24.81111156333992,24.530714627039348,27.0641757903829
0.0,0.9172406203976234,3.1365836525315016,6.504256226813834,10.521449966158205,14.934826291377043,16.694493812756164,19.916277373032973,24.81111156333992,24.530714627039348,27.0641757903829
0.0,0.9172406203976234,3.1365836525315016,6.504256226813834,10.521449966158205,14.934826291377043,16.694493812756164,19.916277373032973,25.0498431519745,24.530714627039348,27.0641757903829
0.0,0.9172406203976234,3.1365836525315016,6.504256226813834,10.521449966158205,14.988566148261691,16.694493812756164,19.916277373032973,25.0498431519745,24.530714627039348,27.0641757903829
0.0,0.9172406203976234,3.1365836525315016,6.504256226813834,10.521449966158205,14.934826291377043,16.694493812756164,19.916277373032973,25.0498431519745,24.530714627039348,27.0641757903829
0.0,0.9172406203976234,3.1365836525315016,6.504256226813834,10.521449966158205,14.988566148261691,16.694493812756164,19.916277373032973,25.0498431519745,24.530714627039348,27.0641757903829
0.0,0.9172406203976234,3.1365836525315016,6.504256226813834,10.521449966158205,14.988566148261691,16.694493812756164,19.916277373032973,25.0498431519745,24.530714627039348,27.0641757903829
0.0,0.9172406203976234,3.1365836525315016,6.504256226813834,10.521449966158205,14.988566148261691,16.71859760831255,19.87397890503344,25.0498431519745,24.530714627039348,27.0641757903829
0.0,0.9172406203976234,3.1210722043591717,6.504256226813834,10.521449966158205,14.988566148261691,16.71859760831255,19.885706705498027,25.0498431519745,24.761140279869323,27.0641757903829
0.0,0.9172406203976234,3.1210722043591717,6.504256226813834,10.521449966158205,14.934826291377043,16.71859760831255,19.885706705498027,25.0498431519745,24.761140279869323,27.0641757903829
0.0,0.9172406203976234,3.1210722043591717,6.504256226813834,10.521449966158205,14.934826291377043,16.71859760831255,19.885706705498027,25.0498431519745,24.761140279869323,27.0641757903829
0.0,0.9172406203976234,3.1210722043591717,6.504256226813834,10.521449966158205,14.954377650249247,16.71859760831255,19.885706705498027,25.0498431519745,24.761140279869323,27.0641757903829
0.0,0.9172406203976234,3.1210722043591717,6.504256226813834,10.521449966158205,14.954377650249247,16.71859760831255,19.885706705498027,25.0498431519745,24.761140279869323,27.0641757903829
0.0,0.9172406203976234,3.1210722043591717,6.504256226813834,10.521449966158205,14.954377650249247,16.71859760831255,19.885706705498027,25.0498431519745,24.761140279869323,27.0641757903829
0.0,0.9172406203976234,3.1210722043591717,6.504256226813834,10.521449966158205,14.954377650249247,16.71859760831255,19.885706705498027,25.0498431519745,24.761140279869323,27.0641757903829
0.0,0.9172406203976234,3.1210722043591717,6.504256226813834,10.521449966158205,14.954377650249247,16.71859760831255,19.885706705498027,25.0498431519745,24.761140279869323,27.0641757903829
0.0,0.9172406203976234,3.1210722043591717,6.504256226813834,10.521449966158205,14.954377650249247,16.71859760831255,19.885706705498027,25.0498431519745,24.761140279869323,27.0641757903829
0.0,0.9172406203976234,3.1210722043591717,6.504256226813834,10.521449966158205,14.954377650249247,16.71859760831255,19.885706705498027,25.0498431519745,24.761140279869323,27.0641757903829
0.0,0.9172406203976234,3.1210722043591717,6.504256226813834,10.521449966158205,14.954377650249247,16.71859760831255,19.885706705498027,25.0498431519745,24.761140279869323,27.0641757903829
0.0,0.9172406203976234,3.1210722043591717,6.504256226813834,10.521449966158205,14.954377650249247,16.71859760831255,19.885706705498027,25.0498431519745,24.761140279869323,27.0641757903829
0.0,0.9172406203976234,3.1210722043591717,6.504256226813834,10.521449966158205,14.954377650249247,16.71859760831255,19.885706705498027,25.0498431519745,24.761140279869323,27.0641757903829
0.0,0.9172406203976234,3.1210722043591717,6.504256226813834,10.521449966158205,14.954377650249247,16.791858675482104,19.780096204142097,24.980019023758576,24.722022487831268,27.15792282263132
0.0,0.9172406203976234,3.1210722043591717,6.504256226813834,10.521449966158205,14.954377650249247,16.791858675482104,19.780096204142097,24.980019023758576,24.722022487831268,27.15792282263132
0.0,0.9172406203976234,3.1210722043591717,6.504256226813834,10.521449966158205,14.954377650249247,16.791858675482104,19.780096204142097,24.980019023758576,24.722022487831268,27.15792282263132
0.0,0.9172406203976234,3.1210722043591717,6.504256226813834,10.521449966158205,14.954377650249247,16.791858675482104,19.780096204142097,24.980019023758576,24.722022487831268,27.15792282263132
0.0,0.9172406203976234,3.1210722043591717,6.504256226813834,10.521449966158205,14.954377650249247,16.791858675482104,19.780096204142097,24.980019023758576,24.722022487831268,27.15792282263132
0.0,0.9172406203976234,3.1210722043591717,6.504256226813834,10.521449966158205,14.954377650249247,16.791858675482104,19.780096204142097,24.980019023758576,24.722022487831268,27.15792282263132
0.0,0.9172406203976234,3.1210722043591717,6.504256226813834,10.521449966158205,14.954377650249247,16.791858675482104,19.780096204142097,24.980019023758576,24.722022487831268,27.15792282263132
0.0,0.9172406203976234,3.1210722043591717,6.504256226813834,10.521449966158205,14.954377650249247,16.791858675482104,19.780096204142097,24.980019023758576,24.722022487831268,27.15792282263132
0.0,0.9172406203976234,3.1210722043591717,6.504256226813834,10.521449966158205,14.954377650249247,16.791858675482104,19.780096204142097,24.909923558256853,24.81370434184878,27.09470123503688
0.0,0.9172406203976234,3.1210722043591717,6.504256226813834,10.521449966158205,14.954377650249247,16.791858675482104,19.780096204142097,24.909923558256853,24.81370434184878,27.09470123503688
0.0,0.9172406203976234,3.1210722043591717,6.504256226813834,10.521449966158205,14.954377650249247,16.791858675482104,19.780096204142097,24.909923558256853,24.81370434184878,27.09470123503688
0.0,0.9172406203976234,3.1210722043591717,6.504256226813834,10.521449966158205,14.954377650249247,16.791858675482104,19.780096204142097,24.909923558256853,24.81370434184878,27.09470123503688
0.0,0.9172406203976234,3.1210722043591717,6.504256226813834,10.521449966158205,14.954377650249247,16.791858675482104,19.780096204142097,24.909923558256853,24.81370434184878,27.09470123503688
0.0,0.9172406203976234,3.1210722043591717,6.504256226813834,10.521449966158205,14.954377650249247,16.791858675482104,19.780096204142097,24.909923558256853,24.81370434184878,27.09470123503688
0.0,0.9172406203976234,3.1210722043591717,6.504256226813834,10.521449966158205,14.954377650249247,16.791858675482104,19.780096204142097,24.909923558256853,24.81370434184878,27.09470123503688
0.0,0.9172406203976234,3.1210722043591717,6.504256226813834,10.521449966158205,14.954377650249247,16.791858675482104,19.780096204142097,24.909923558256853,24.81370434184878,27.09470123503688
0.0,0.9172406203976234,3.1210722043591717,6.504256226813834,10.521449966158205,14.954377650249247,16.791858675482104,19.780096204142097,24.909923558256853,24.81370434184878,27.09470123503688
0.0,0.9172406203976234,3.1210722043591717,6.504256226813834,10.521449966158205,14.954377650249247,16.791858675482104,19.780096204142097,24.909923558256853,24.81370434184878,27.09470123503688
0.0,0.9172406203976234,3.1210722043591717,6.504256226813834,10.521449966158205,14.954377650249247,16.791858675482104,19.780096204142097,24.909923558256853,24.81370434184878,27.09470123503688
0.0,0.9172406203976234,3.1210722043591717,6.504256226813834,10.521449966158205,14.954377650249247,16.791858675482104,19.780096204142097,24.909923558256853,24.81370434184878,27.09470123503688
0.0,0.9172406203976234,3.1210722043591717,6.504256226813834,10.521449966158205,14.954377650249247,16.791858675482104,19.780096204142097,24.909923558256853,24.81370434184878,27.09470123503688
0.0,0.9172406203976234,3.1210722043591717,6.504256226813834,10.521449966158205,14.954377650249247,16.791858675482104,19.780096204142097,24.909923558256853,24.81370434184878,27.09470123503688
0.0,0.9172406203976234,3.1210722043591717,6.504256226813834,10.521449966158205,14.954377650249247,16.791858675482104,19.780096204142097,24.909923558256853,24.81370434184878,27.09470123503688
0.0,0.9172406203976234,3.1210722043591717,6.504256226813834,10.521449966158205,14.954377650249247,16.791858675482104,19.780096204142097,24.909923558256853,24.81370434184878,27.09470123503688
0.0,0.9172406203976234,3.1210722043591717,6.504256226813834,10.521449966158205,14.954377650249247,16.791858675482104,19.780096204142097,24.909923558256853,24.81370434184878,27.09470123503688
0.0,0.9172406203976234,3.1210722043591717,6.504256226813834,10.521449966158205,14.954377650249247,16.791858675482104,19.780096204142097,24.909923558256853,24.81370434184878,27.09470123503688
0.0,0.9172406203976234,3.1210722043591717,6.504256226813834,10.521449966158205,14.954377650249247,16.791858675482104,19.780096204142097,24.909923558256853,24.81370434184878,27.09470123503688
0.0,0.9172406203976234,3.1210722043591717,6.504256226813834,10.521449966158205,14.954377650249247,16.791858675482104,19.780096204142097,24.909923558256853,24.81370434184878,27.09470123503688
0.0,0.9172406203976234,3.1210722043591717,6.504256226813834,10.521449966158205,14.954377650249247,16.791858675482104,19.780096204142097,24.909923558256853,24.81370434184878,27.09470123503688
0.0,0.9172406203976234,3.1210722043591717,6.504256226813834,10.521449966158205,14.954377650249247,16.791858675482104,19.780096204142097,24.909923558256853,24.81370434184878,27.09470123503688
0.0,0.9172406203976234,3.1210722043591717,6.504256226813834,10.521449966158205,14.954377650249247,16.791858675482104,19.780096204142097,24.909923558256853,24.81370434184878,27.09470123503688
0.0,0.9172406203976234,3.1210722043591717,6.504256226813834,10.521449966158205,14.954377650249247,16.791858675482104,19.780096204142097,24.909923558256853,24.81370434184878,27.09470123503688
0.0,0.9172406203976234,3.1210722043591717,6.504256226813834,10.521449966158205,14.954377650249247,16.791858675482104,19.780096204142097,24.909923558256853,24.81370434184878,27.09470123503688
0.0,0.9172406203976234,3.1210722043591717,6.504256226813834,10.521449966158205,14.954377650249247,16.791858675482104,19.780096204142097,24.909923558256853,24.81370434184878,27.09470123503688
0.0,0.9172406203976234,3.1210722043591717,6.504256226813834,10.521449966158205,14.954377650249247,16.791858675482104,19.780096204142097,24.909923558256853,24.81370434184878,27.09470123503688
0.0,0.9172406203976234,3.1210722043591717,6.504256226813834,10.521449966158205,14.954377650249247,16.791858675482104,19.780096204142097,24.909923558256853,24.81370434184878,27.09470123503688
0.0,0.9172406203976234,3.1210722043591717,6.504256226813834,10.521449966158205,14.954377650249247,16.791858675482104,19.780096204142097,24.909923558256853,24.81370434184878,27.09470123503688
0.0,0.9172406203976234,3.1210722043591717,6.504256226813834,10.521449966158205,14.954377650249247,16.791858675482104,19.780096204142097,24.909923558256853,24.81370434184878,27.09470123503688
0.0,0.9172406203976234,3.1210722043591717,6.504256226813834,10.521449966158205,14.954377650249247,16.791858675482104,19.780096204142097,24.909923558256853,24.81370434184878,27.09470123503688
0.0,0.9172406203976234,3.1210722043591717,6.504256226813834,10.521449966158205,14.954377650249247,16.791858675482104,19.780096204142097,24.909923558256853,24.81370434184878,27.09470123503688
0.0,0.9172406203976234,3.1210722043591717,6.504256226813834,10.521449966158205,14.954377650249247,16.791858675482104,19.780096204142097,24.909923558256853,24.81370434184878,27.09470123503688
0.0,0.9172406203976234,3.1210722043591717,6.504256226813834,10.521449966158205,14.954377650249247,16.791858675482104,19.780096204142097,24.909923558256853,24.81370434184878,27.09470123503688
0.0,0.9172406203976234,3.1210722043591717,6.504256226813834,10.521449966158205,14.954377650249247,16.791858675482104,19.780096204142097,24.909923558256853,24.81370434184878,27.09470123503688
0.0,0.9172406203976234,3.1210722043591717,6.504256226813834,10.521449966158205,14.954377650249247,16.791858675482104,19.780096204142097,24.909923558256853,24.81370434184878,27.09470123503688
0.0,0.9172406203976234,3.1210722043591717,6.504256226813834,10.521449966158205,14.954377650249247,16.791858675482104,19.780096204142097,24.909923558256853,24.81370434184878,27.09470123503688
0.0,0.9172406203976234,3.1210722043591717,6.504256226813834,10.521449966158205,14.954377650249247,16.791858675482104,19.780096204142097,24.909923558256853,24.81370434184878,27.09470123503688
0.0,0.9172406203976234,3.1210722043591717,6.504256226813834,10.521449966158205,14.954377650249247,16.791858675482104,19.780096204142097,24.909923558256853,24.81370434184878,27.09470123503688
0.0,0.9172406203976234,3.1210722043591717,6.504256226813834,10.521449966158205,14.954377650249247,16.791858675482104,19.780096204142097,24.909923558256853,24.81370434184878,27.09470123503688
0.0,0.9172406203976234,3.1210722043591717,6.504256226813834,10.521449966158205,14.954377650249247,16.791858675482104,19.780096204142097,24.909923558256853,24.81370434184878,27.09470123503688
0.0,0.9172406203976234,3.1210722043591717,6.504256226813834,10.521449966158205,14.954377650249247,16.791858675482104,19.780096204142097,24.909923558256853,24.81370434184878,27.09470123503688
0.0,0.9172406203976234,3.1210722043591717,6.504256226813834,10.521449966158205,14.954377650249247,16.791858675482104,19.780096204142097,24.909923558256853,24.81370434184878,27.09470123503688
0.0,0.9172406203976234,3.1210722043591717,6.504256226813834,10.521449966158205,14.954377650249247,16.791858675482104,19.780096204142097,24.909923558256853,24.81370434184878,27.09470123503688
0.0,0.9172406203976234,3.1210722043591717,6.504256226813834,10.521449966158205,14.954377650249247,16.791858675482104,19.780096204142097,24.909923558256853,24.81370434184878,27.09470123503688
0.0,0.9172406203976234,3.1210722043591717,6.504256226813834,10.521449966158205,14.954377650249247,16.791858675482104,19.780096204142097,24.909923558256853,24.81370434184878,27.09470123503688
0.0,0.9172406203976234,3.1210722043591717,6.504256226813834,10.521449966158205,14.954377650249247,16.791858675482104,19.780096204142097,24.909923558256853,24.81370434184878,27.09470123503688
0.0,0.9172406203976234,3.1210722043591717,6.504256226813834,10.521449966158205,14.954377650249247,16.791858675482104,19.780096204142097,24.909923558256853,24.81370434184878,27.09470123503688
0.0,0.9172406203976234,3.1210722043591717,6.504256226813834,10.521449966158205,14.954377650249247,16.791858675482104,19.780096204142097,24.909923558256853,24.81370434184878,27.09470123503688
0.0,0.9172406203976234,3.1210722043591717,6.504256226813834,10.521449966158205,14.954377650249247,16.791858675482104,19.780096204142097,24.909923558256853,24.81370434184878,27.09470123503688
0.0,0.9172406203976234,3.1210722043591717,6.504256226813834,10.521449966158205,14.954377650249247,16.791858675482104,19.780096204142097,24.909923558256853,24.81370434184878,27.09470123503688
0.0,0.9172406203976234,3.1210722043591717,6.504256226813834,10.521449966158205,14.954377650249247,16.791858675482104,19.780096204142097,24.909923558256853,24.81370434184878,27.09470123503688
0.0,0.9172406203976234,3.1210722043591717,6.504256226813834,10.521449966158205,14.954377650249247,16.791858675482104,19.780096204142097,24.909923558256853,24.81370434184878,27.09470123503688
0.0,0.9172406203976234,3.1210722043591717,6.504256226813834,10.521449966158205,14.954377650249247,16.791858675482104,19.780096204142097,24.909923558256853,24.81370434184878,27.09470123503688
0.0,0.9172406203976234,3.1210722043591717,6.504256226813834,10.521449966158205,14.954377650249247,16.791858675482104,19.780096204142097,24.909923558256853,24.81370434184878,27.09470123503688
0.0,0.9172406203976234,3.1210722043591717,6.504256226813834,10.521449966158205,14.954377650249247,16.791858675482104,19.780096204142097,24.909923558256853,24.81370434184878,27.09470123503688
0.0,0.9172406203976234,3.1210722043591717,6.504256226813834,10.521449966158205,14.954377650249247,16.791858675482104,19.780096204142097,24.909923558256853,24.81370434184878,27.09470123503688
0.0,0.9172406203976234,3.1210722043591717,6.504256226813834,10.521449966158205,14.954377650249247,16.791858675482104,19.780096204142097,24.909923558256853,24.81370434184878,27.09470123503688
0.0,0.9172406203976234,3.1210722043591717,6.504256226813834,10.521449966158205,14.954377650249247,16.791858675482104,19.780096204142097,24.909923558256853,24.81370434184878,27.09470123503688
0.0,0.9172406203976234,3.1210722043591717,6.504256226813834,10.521449966158205,14.954377650249247,16.791858675482104,19.780096204142097,24.909923558256853,24.81370434184878,27.09470123503688
0.0,0.9172406203976234,3.1210722043591717,6.504256226813834,10.521449966158205,14.954377650249247,16.791858675482104,19.780096204142097,24.909923558256853,24.81370434184878,27.09470123503688
0.0,0.9172406203976234,3.1210722043591717,6.504256226813834,10.521449966158205,14.954377650249247,16.791858675482104,19.780096204142097,24.909923558256853,24.81370434184878,27.09470123503688
0.0,0.9172406203976234,3.1210722043591717,6.504256226813834,10.521449966158205,14.954377650249247,16.791858675482104,19.780096204142097,24.909923558256853,24.81370434184878,27.09470123503688
0.0,0.9172406203976234,3.1210722043591717,6.504256226813834,10.521449966158205,14.954377650249247,16.791858675482104,19.780096204142097,24.909923558256853,24.81370434184878,27.09470123503688
0.0,0.9172406203976234,3.1210722043591717,6.504256226813834,10.521449966158205,14.954377650249247,16.791858675482104,19.780096204142097,24.909923558256853,24.81370434184878,27.09470123503688
0.0,0.9172406203976234,3.1210722043591717,6.504256226813834,10.521449966158205,14.954377650249247,16.791858675482104,19.780096204142097,24.909923558256853,24.81370434184878,27.09470123503688
0.0,0.9172406203976234,3.1210722043591717,6.504256226813834,10.521449966158205,14.954377650249247,16.791858675482104,19.780096204142097,24.909923558256853,24.81370434184878,27.09470123503688
0.0,0.9172406203976234,3.1210722043591717,6.504256226813834,10.521449966158205,14.954377650249247,16.791858675482104,19.780096204142097,24.909923558256853,24.81370434184878,27.09470123503688
0.0,0.9172406203976234,3.1210722043591717,6.504256226813834,10.521449966158205,14.954377650249247,16.791858675482104,19.780096204142097,24.909923558256853,24.81370434184878,27.09470123503688
0.0,0.9172406203976234,3.1210722043591717,6.504256226813834,10.521449966158205,14.954377650249247,16.791858675482104,19.780096204142097,24.909923558256853,24.81370434184878,27.09470123503688
0.0,0.9172406203976234,3.1210722043591717,6.504256226813834,10.521449966158205,14.954377650249247,16.791858675482104,19.780096204142097,24.909923558256853,24.81370434184878,27.09470123503688
0.0,0.9172406203976234,3.1210722043591717,6.504256226813834,10.521449966158205,14.954377650249247,16.791858675482104,19.780096204142097,24.909923558256853,24.81370434184878,27.09470123503688
0.0,0.9172406203976234,3.1210722043591717,6.504256226813834,10.521449966158205,14.954377650249247,16.791858675482104,19.780096204142097,24.909923558256853,24.81370434184878,27.09470123503688
0.0,0.9172406203976234,3.1210722043591717,6.504256226813834,10.521449966158205,14.954377650249247,16.791858675482104,19.780096204142097,24.909923558256853,24.81370434184878,27.09470123503688
0.0,0.9172406203976234,3.1210722043591717,6.504256226813834,10.521449966158205,14.954377650249247,16.791858675482104,19.780096204142097,24.909923558256853,24.81370434184878,27.09470123503688
0.0,0.9172406203976234,3.1210722043591717,6.504256226813834,10.521449966158205,14.954377650249247,16.791858675482104,19.780096204142097,24.909923558256853,24.81370434184878,27.09470123503688
0.0,0.9172406203976234,3.1210722043591717,6.504256226813834,10.521449966158205,14.954377650249247,16.791858675482104,19.780096204142097,24.909923558256853,24.81370434184878,27.09470123503688
0.0,0.9172406203976234,3.1210722043591717,6.504256226813834,10.521449966158205,14.954377650249247,16.791858675482104,19.780096204142097,24.909923558256853,24.81370434184878,27.09470123503688
0.0,0.9172406203976234,3.1210722043591717,6.504256226813834,10.521449966158205,14.954377650249247,16.791858675482104,19.780096204142097,24.909923558256853,24.81370434184878,27.09470123503688
0.0,0.9172406203976234,3.1210722043591717,6.504256226813834,10.521449966158205,14.954377650249247,16.791858675482104,19.780096204142097,24.909923558256853,24.81370434184878,27.09470123503688
0.0,0.9172406203976234,3.1210722043591717,6.504256226813834,10.521449966158205,14.954377650249247,16.791858675482104,19.780096204142097,24.909923558256853,24.81370434184878,27.09470123503688
0.0,0.9172406203976234,3.1210722043591717,6.504256226813834,10.521449966158205,14.954377650249247,16.791858675482104,19.780096204142097,24.909923558256853,24.81370434184878,27.09470123503688
0.0,0.9172406203976234,3.1210722043591717,6.504256226813834,10.521449966158205,14.954377650249247,16.791858675482104,19.780096204142097,24.909923558256853,24.677281984259402,27.09470123503688
0.0,0.9172406203976234,3.1210722043591717,6.504256226813834,10.521449966158205,14.954377650249247,16.791858675482104,19.780096204142097,24.909923558256853,24.677281984259402,27.09470123503688
0.0,0.9172406203976234,3.1210722043591717,6.504256226813834,10.521449966158205,14.954377650249247,16.791858675482104,19.780096204142097,24.909923558256853,24.677281984259402,27.09470123503688
0.0,0.9172406203976234,3.1210722043591717,6.504256226813834,10.521449966158205,14.954377650249247,16.791858675482104,19.780096204142097,24.909923558256853,24.677281984259402,27.09470123503688
0.0,0.9172406203976234,3.1210722043591717,6.504256226813834,10.521449966158205,14.954377650249247,16.791858675482104,19.780096204142097,24.909923558256853,24.677281984259402,27.09470123503688
0.0,0.9172406203976234,3.1210722043591717,6.504256226813834,10.521449966158205,14.954377650249247,16.791858675482104,19.780096204142097,24.909923558256853,24.677281984259402,27.09470123503688
0.0,0.9172406203976234,3.1210722043591717,6.504256226813834,10.521449966158205,14.954377650249247,16.791858675482104,19.780096204142097,24.91886261439504,24.617633004261492,26.96385636610032
0.0,0.9172406203976234,3.1210722043591717,6.504256226813834,10.521449966158205,14.954377650249247,16.791858675482104,19.780096204142097,24.91886261439504,24.617633004261492,26.96385636610032
0.0,0.9172406203976234,3.1210722043591717,6.504256226813834,10.521449966158205,14.954377650249247,16.791858675482104,19.780096204142097,24.91886261439504,24.617633004261492,26.96385636610032
0.0,0.9172406203976234,3.1210722043591717,6.504256226813834,10.521449966158205,14.954377650249247,16.791858675482104,19.780096204142097,24.91886261439504,24.617633004261492,26.96385636610032
0.0,0.9172406203976234,3.1210722043591717,6.504256226813834,10.521449966158205,14.954377650249247,16.791858675482104,19.780096204142097,24.91886261439504,24.617633004261492,26.96385636610032
0.0,0.9172406203976234,3.1210722043591717,6.504256226813834,10.521449966158205,14.954377650249247,16.791858675482104,19.780096204142097,24.91886261439504,24.617633004261492,26.96385636610032
0.0,0.9172406203976234,3.1210722043591717,6.504256226813834,10.521449966158205,14.954377650249247,16.791858675482104,19.780096204142097,24.881387920365512,24.617633004261492,26.96385636610032
0.0,0.9172406203976234,3.1210722043591717,6.504256226813834,10.521449966158205,14.954377650249247,16.791858675482104,19.780096204142097,24.881387920365512,24.617633004261492,26.96385636610032
0.0,0.9172406203976234,3.1210722043591717,6.504256226813834,10.521449966158205,14.954377650249247,16.791858675482104,19.780096204142097,24.881387920365512,24.617633004261492,26.96385636610032
0.0,0.9172406203976234,3.1210722043591717,6.504256226813834,10.521449966158205,14.954377650249247,16.791858675482104,19.780096204142097,24.881387920365512,24.617633004261492,26.96385636610032
0.0,0.9172406203976234,3.1210722043591717,6.504256226813834,10.521449966158205,14.954377650249247,16.791858675482104,19.780096204142097,24.91886261439504,24.617633004261492,26.96385636610032
0.0,0.9172406203976234,3.1210722043591717,6.504256226813834,10.521449966158205,14.954377650249247,16.791858675482104,19.780096204142097,24.881387920365512,24.617633004261492,26.96385636610032
0.0,0.9172406203976234,3.1210722043591717,6.504256226813834,10.521449966158205,14.954377650249247,16.791858675482104,19.780096204142097,24.881387920365512,24.617633004261492,26.96385636610032
0.0,0.9172406203976234,3.1210722043591717,6.504256226813834,10.521449966158205,14.954377650249247,16.791858675482104,19.780096204142097,24.91886261439504,24.617633004261492,26.96385636610032
0.0,0.9172406203976234,3.1210722043591717,6.504256226813834,10.521449966158205,14.954377650249247,16.791858675482104,19.780096204142097,24.91886261439504,24.617633004261492,26.96385636610032
0.0,0.9172406203976234,3.1210722043591717,6.504256226813834,10.521449966158205,14.954377650249247,16.791858675482104,19.780096204142097,24.881387920365512,24.617633004261492,26.96385636610032
0.0,0.9172406203976234,3.1210722043591717,6.504256226813834,10.521449966158205,14.954377650249247,16.791858675482104,19.780096204142097,24.91886261439504,24.617633004261492,26.96385636610032
0.0,0.9172406203976234,3.1210722043591717,6.504256226813834,10.521449966158205,14.954377650249247,16.791858675482104,19.780096204142097,24.881387920365512,24.617633004261492,26.96385636610032
0.0,0.9172406203976234,3.1210722043591717,6.504256226813834,10.521449966158205,14.954377650249247,16.791858675482104,19.780096204142097,24.91886261439504,24.617633004261492,26.96385636610032
0.0,0.9172406203976234,3.1210722043591717,6.504256226813834,10.521449966158205,14.954377650249247,16.791858675482104,19.780096204142097,24.91886261439504,24.617633004261492,26.96385636610032
0.0,0.9172406203976234,3.1210722043591717,6.504256226813834,10.521449966158205,14.954377650249247,16.791858675482104,19.780096204142097,24.91886261439504,24.617633004261492,26.96385636610032
0.0,0.9172406203976234,3.1210722043591717,6.504256226813834,10.521449966158205,14.954377650249247,16.791858675482104,19.780096204142097,24.881387920365512,24.617633004261492,26.96385636610032
0.0,0.9172406203976234,3.1210722043591717,6.504256226813834,10.521449966158205,14.954377650249247,16.791858675482104,19.780096204142097,24.91886261439504,24.617633004261492,26.96385636610032
0.0,0.9172406203976234,3.1210722043591717,6.504256226813834,10.521449966158205,14.954377650249247,16.791858675482104,19.780096204142097,24.91886261439504,24.617633004261492,26.96385636610032
0.0,0.9172406203976234,3.1210722043591717,6.504256226813834,10.521449966158205,14.954377650249247,16.791858675482104,19.780096204142097,24.91886261439504,24.617633004261492,26.96385636610032
0.0,0.9172406203976234,3.1210722043591717,6.504256226813834,10.521449966158205,14.954377650249247,16.791858675482104,19.780096204142097,24.91886261439504,24.617633004261492,26.96385636610032
0.0,0.9172406203976234,3.1210722043591717,6.504256226813834,10.521449966158205,14.954377650249247,16.791858675482104,19.780096204142097,24.881387920365512,24.617633004261492,26.96385636610032
0.0,0.9172406203976234,3.1210722043591717,6.504256226813834,10.521449966158205,14.954377650249247,16.791858675482104,19.780096204142097,24.881387920365512,24.617633004261492,26.96385636610032
0.0,0.9172406203976234,3.1210722043591717,6.504256226813834,10.521449966158205,14.954377650249247,16.791858675482104,19.780096204142097,24.91886261439504,24.617633004261492,26.96385636610032
0.0,0.9172406203976234,3.1210722043591717,6.504256226813834,10.521449966158205,14.954377650249247,16.791858675482104,19.780096204142097,24.881387920365512,24.617633004261492,26.96385636610032
0.0,0.9172406203976234,3.1210722043591717,6.504256226813834,10.521449966158205,14.954377650249247,16.791858675482104,19.780096204142097,24.881387920365512,24.617633004261492,26.96385636610032
0.0,0.9172406203976234,3.1210722043591717,6.504256226813834,10.521449966158205,14.954377650249247,16.791858675482104,19.780096204142097,24.876760112213024,24.423687142079725,26.728019041847745
0.0,0.9172406203976234,3.1210722043591717,6.504256226813834,10.521449966158205,14.954377650249247,16.791858675482104,19.780096204142097,24.876760112213024,24.423687142079725,26.728019041847745
0.0,0.9172406203976234,3.1210722043591717,6.504256226813834,10.521449966158205,14.954377650249247,16.791858675482104,19.780096204142097,24.876760112213024,24.423687142079725,26.728019041847745
0.0,0.9172406203976234,3.1210722043591717,6.504256226813834,10.521449966158205,14.954377650249247,16.791858675482104,19.780096204142097,24.876760112213024,24.423687142079725,26.728019041847745
0.0,0.9172406203976234,3.1210722043591717,6.504256226813834,10.521449966158205,14.954377650249247,16.791858675482104,19.780096204142097,24.876760112213024,24.423687142079725,26.728019041847745
0.0,0.9172406203976234,3.1210722043591717,6.504256226813834,10.521449966158205,14.954377650249247,16.791858675482104,19.780096204142097,24.876760112213024,24.423687142079725,26.728019041847745
0.0,0.9172406203976234,3.1210722043591717,6.504256226813834,10.521449966158205,14.954377650249247,16.791858675482104,19.780096204142097,24.876760112213024,24.423687142079725,26.728019041847745
0.0,0.9172406203976234,3.1210722043591717,6.504256226813834,10.521449966158205,14.954377650249247,16.791858675482104,19.780096204142097,24.876760112213024,24.423687142079725,26.728019041847745
0.0,0.9172406203976234,3.1210722043591717,6.504256226813834,10.521449966158205,14.954377650249247,16.791858675482104,19.780096204142097,24.876760112213024,24.423687142079725,26.728019041847745
0.0,0.9172406203976234,3.1210722043591717,6.504256226813834,10.521449966158205,14.954377650249247,16.791858675482104,19.780096204142097,24.876760112213024,24.423687142079725,26.728019041847745
0.0,0.9172406203976234,3.1210722043591717,6.504256226813834,10.521449966158205,14.954377650249247,16.791858675482104,19.754982430910722,24.69724034906033,24.423687142079725,26.728019041847745
0.0,0.9172406203976234,3.1210722043591717,6.504256226813834,10.521449966158205,14.954377650249247,16.791858675482104,19.754982430910722,24.69724034906033,24.423687142079725,26.728019041847745
0.0,0.9172406203976234,3.1210722043591717,6.504256226813834,10.521449966158205,14.954377650249247,16.791858675482104,19.754982430910722,24.69724034906033,24.423687142079725,26.728019041847745
0.0,0.9172406203976234,3.1210722043591717,6.504256226813834,10.521449966158205,14.954377650249247,16.791858675482104,19.754982430910722,24.69724034906033,24.423687142079725,26.728019041847745
0.0,0.9172406203976234,3.1210722043591717,6.504256226813834,10.521449966158205,14.954377650249247,16.791858675482104,19.754982430910722,24.69724034906033,24.423687142079725,26.728019041847745
0.0,0.9172406203976234,3.1210722043591717,6.504256226813834,10.521449966158205,14.954377650249247,16.791858675482104,19.754982430910722,24.69724034906033,24.423687142079725,26.728019041847745
0.0,0.9172406203976234,3.1210722043591717,6.504256226813834,10.521449966158205,14.954377650249247,16.791858675482104,19.754982430910722,24.69724034906033,24.423687142079725,26.728019041847745
0.0,0.9172406203976234,3.1210722043591717,6.504256226813834,10.521449966158205,14.954377650249247,16.791858675482104,19.754982430910722,24.69724034906033,24.423687142079725,26.728019041847745
0.0,0.9172406203976234,3.1210722043591717,6.504256226813834,10.521449966158205,14.954377650249247,16.791858675482104,19.754982430910722,24.69724034906033,24.423687142079725,26.728019041847745
0.0,0.9172406203976234,3.1210722043591717,6.504256226813834,10.521449966158205,14.954377650249247,16.791858675482104,19.754982430910722,24.69724034906033,24.423687142079725,26.728019041847745
0.0,0.9172406203976234,3.1210722043591717,6.504256226813834,10.521449966158205,14.954377650249247,16.791858675482104,19.754982430910722,24.69724034906033,24.423687142079725,26.728019041847745
0.0,0.9172406203976234,3.1210722043591717,6.504256226813834,10.521449966158205,14.954377650249247,16.791858675482104,19.754982430910722,24.69724034906033,24.225339586150323,26.728019041847745
0.0,0.9172406203976234,3.1210722043591717,6.504256226813834,10.521449966158205,14.954377650249247,16.791858675482104,19.754982430910722,24.69724034906033,24.225339586150323,26.728019041847745
0.0,0.9172406203976234,3.1210722043591717,6.504256226813834,10.521449966158205,14.954377650249247,16.791858675482104,19.754982430910722,24.69724034906033,24.225339586150323,26.728019041847745
0.0,0.9172406203976234,3.1210722043591717,6.504256226813834,10.521449966158205,14.954377650249247,16.791858675482104,19.754982430910722,24.69724034906033,24.225339586150323,26.728019041847745
0.0,0.9172406203976234,3.1210722043591717,6.504256226813834,10.521449966158205,14.954377650249247,16.791858675482104,19.754982430910722,24.69724034906033,24.225339586150323,26.728019041847745
0.0,0.9172406203976234,3.1210722043591717,6.504256226813834,10.521449966158205,14.954377650249247,16.791858675482104,19.754982430910722,24.69724034906033,24.225339586150323,26.728019041847745
0.0,0.9172406203976234,3.1210722043591717,6.504256226813834,10.521449966158205,14.954377650249247,16.791858675482104,19.754982430910722,24.69724034906033,24.225339586150323,26.728019041847745
0.0,0.9172406203976234,3.1210722043591717,6.504256226813834,10.521449966158205,14.954377650249247,16.791858675482104,19.754982430910722,24.69724034906033,24.225339586150323,26.728019041847745
0.0,0.9172406203976234,3.1210722043591717,6.504256226813834,10.521449966158205,14.954377650249247,16.791858675482104,19.754982430910722,24.69724034906033,24.225339586150323,26.728019041847745
0.0,0.9172406203976234,3.1210722043591717,6.504256226813834,10.521449966158205,14.954377650249247,16.791858675482104,19.754982430910722,24.69724034906033,24.225339586150323,26.728019041847745
0.0,0.9172406203976234,3.1210722043591717,6.504256226813834,10.521449966158205,14.954377650249247,16.791858675482104,19.754982430910722,24.69724034906033,24.225339586150323,26.728019041847745
0.0,0.9172406203976234,3.1210722043591717,6.504256226813834,10.521449966158205,14.954377650249247,16.791858675482104,19.754982430910722,24.69724034906033,24.225339586150323,26.728019041847745
0.0,0.9172406203976234,3.1210722043591717,6.504256226813834,10.521449966158205,14.954377650249247,16.791858675482104,19.754982430910722,24.69724034906033,24.225339586150323,26.728019041847745
0.0,0.9172406203976234,3.1210722043591717,6.504256226813834,10.521449966158205,14.954377650249247,16.791858675482104,19.754982430910722,24.69724034906033,24.225339586150323,26.728019041847745
0.0,0.9172406203976234,3.1210722043591717,6.504256226813834,10.521449966158205,14.954377650249247,16.791858675482104,19.754982430910722,24.69724034906033,24.225339586150323,26.728019041847745
0.0,0.9172406203976234,3.1210722043591717,6.504256226813834,10.521449966158205,14.954377650249247,16.791858675482104,19.754982430910722,24.69724034906033,24.225339586150323,26.728019041847745
0.0,0.9172406203976234,3.1210722043591717,6.504256226813834,10.521449966158205,14.954377650249247,16.791858675482104,19.754982430910722,24.69724034906033,24.225339586150323,26.728019041847745
0.0,0.9172406203976234,3.1210722043591717,6.504256226813834,10.521449966158205,14.954377650249247,16.791858675482104,19.754982430910722,24.69724034906033,24.225339586150323,26.728019041847745
0.0,0.9172406203976234,3.1210722043591717,6.504256226813834,10.521449966158205,14.954377650249247,16.791858675482104,19.754982430910722,24.69724034906033,24.225339586150323,26.728019041847745
0.0,0.9172406203976234,3.1210722043591717,6.504256226813834,10.521449966158205,14.954377650249247,16.791858675482104,19.754982430910722,24.69724034906033,24.225339586150323,26.728019041847745
0.0,0.9172406203976234,3.1210722043591717,6.504256226813834,10.521449966158205,14.954377650249247,16.791858675482104,19.754982430910722,24.69724034906033,24.225339586150323,26.728019041847745
0.0,0.9172406203976234,3.1210722043591717,6.504256226813834,10.521449966158205,14.954377650249247,16.791858675482104,19.754982430910722,24.69724034906033,24.225339586150323,26.728019041847745
0.0,0.9172406203976234,3.1210722043591717,6.504256226813834,10.521449966158205,14.954377650249247,16.791858675482104,19.754982430910722,24.69724034906033,24.225339586150323,26.728019041847745
0.0,0.9172406203976234,3.1210722043591717,6.504256226813834,10.521449966158205,14.954377650249247,16.791858675482104,19.754982430910722,24.69724034906033,24.225339586150323,26.728019041847745
0.0,0.9172406203976234,3.1210722043591717,6.504256226813834,10.521449966158205,14.954377650249247,16.791858675482104,19.754982430910722,24.69724034906033,24.225339586150323,26.728019041847745
0.0,0.9172406203976234,3.1210722043591717,6.504256226813834,10.521449966158205,14.954377650249247,16.791858675482104,19.754982430910722,24.69724034906033,24.225339586150323,26.728019041847745
0.0,0.9172406203976234,3.1210722043591717,6.504256226813834,10.521449966158205,14.954377650249247,16.791858675482104,19.754982430910722,24.69724034906033,24.225339586150323,26.728019041847745
0.0,0.9172406203976234,3.1210722043591717,6.504256226813834,10.521449966158205,14.954377650249247,16.791858675482104,19.754982430910722,24.69724034906033,24.225339586150323,26.728019041847745
0.0,0.9172406203976234,3.1210722043591717,6.504256226813834,10.521449966158205,14.954377650249247,16.791858675482104,19.754982430910722,24.69724034906033,24.225339586150323,26.728019041847745
0.0,0.9172406203976234,3.1210722043591717,6.504256226813834,10.521449966158205,14.954377650249247,16.791858675482104,19.754982430910722,24.69724034906033,24.225339586150323,26.728019041847745
0.0,0.9172406203976234,3.1210722043591717,6.504256226813834,10.521449966158205,14.954377650249247,16.791858675482104,19.754982430910722,24.69724034906033,24.225339586150323,26.728019041847745
0.0,0.9172406203976234,3.1210722043591717,6.504256226813834,10.521449966158205,14.954377650249247,16.791858675482104,19.754982430910722,24.69724034906033,24.225339586150323,26.728019041847745
0.0,0.9172406203976234,3.1210722043591717,6.504256226813834,10.521449966158205,14.954377650249247,16.791858675482104,19.754982430910722,24.69724034906033,24.225339586150323,26.728019041847745
0.0,0.9172406203976234,3.1210722043591717,6.504256226813834,10.521449966158205,14.954377650249247,16.791858675482104,19.754982430910722,24.69724034906033,24.225339586150323,26.728019041847745
0.0,0.9172406203976234,3.1210722043591717,6.504256226813834,10.521449966158205,14.954377650249247,16.791858675482104,19.754982430910722,24.69724034906033,24.225339586150323,26.728019041847745
0.0,0.9172406203976234,3.1210722043591717,6.504256226813834,10.521449966158205,14.954377650249247,16.791858675482104,19.754982430910722,24.69724034906033,24.225339586150323,26.728019041847745
0.0,0.9172406203976234,3.1210722043591717,6.504256226813834,10.521449966158205,14.954377650249247,16.791858675482104,19.754982430910722,24.69724034906033,24.225339586150323,26.728019041847745
0.0,0.9172406203976234,3.1210722043591717,6.504256226813834,10.521449966158205,14.954377650249247,16.791858675482104,19.754982430910722,24.69724034906033,24.225339586150323,26.728019041847745
0.0,0.9172406203976234,3.1210722043591717,6.504256226813834,10.521449966158205,14.954377650249247,16.791858675482104,19.754982430910722,24.69724034906033,24.225339586150323,26.728019041847745
0.0,0.9172406203976234,3.1210722043591717,6.504256226813834,10.521449966158205,14.954377650249247,16.791858675482104,19.754982430910722,24.69724034906033,24.225339586150323,26.728019041847745
0.0,0.9172406203976234,3.1210722043591717,6.504256226813834,10.521449966158205,14.954377650249247,16.791858675482104,19.754982430910722,24.69724034906033,24.225339586150323,26.728019041847745
0.0,0.9172406203976234,3.1210722043591717,6.504256226813834,10.521449966158205,14.954377650249247,16.791858675482104,19.754982430910722,24.69724034906033,24.225339586150323,26.728019041847745
0.0,0.9172406203976234,3.1210722043591717,6.504256226813834,10.521449966158205,14.954377650249247,16.791858675482104,19.754982430910722,24.69724034906033,24.225339586150323,26.728019041847745
0.0,0.9172406203976234,3.1210722043591717,6.504256226813834,10.521449966158205,14.954377650249247,16.791858675482104,19.754982430910722,24.69724034906033,24.225339586150323,26.728019041847745
0.0,0.9172406203976234,3.1210722043591717,6.504256226813834,10.521449966158205,14.954377650249247,16.791858675482104,19.754982430910722,24.69724034906033,24.225339586150323,26.728019041847745
0.0,0.9172406203976234,3.1210722043591717,6.504256226813834,10.521449966158205,14.954377650249247,16.791858675482104,19.754982430910722,24.69724034906033,24.225339586150323,26.728019041847745
0.0,0.9172406203976234,3.1210722043591717,6.504256226813834,10.521449966158205,14.954377650249247,16.791858675482104,19.754982430910722,24.69724034906033,24.225339586150323,26.728019041847745
0.0,0.9172406203976234,3.1210722043591717,6.504256226813834,10.521449966158205,14.954377650249247,16.791858675482104,19.754982430910722,24.69724034906033,24.225339586150323,26.728019041847745
0.0,0.9172406203976234,3.1210722043591717,6.504256226813834,10.521449966158205,14.954377650249247,16.791858675482104,19.754982430910722,24.69724034906033,24.225339586150323,26.728019041847745
0.0,0.9172406203976234,3.1210722043591717,6.504256226813834,10.521449966158205,14.954377650249247,16.791858675482104,19.754982430910722,24.69724034906033,24.225339586150323,26.728019041847745
0.0,0.9172406203976234,3.1210722043591717,6.504256226813834,10.521449966158205,14.954377650249247,16.791858675482104,19.754982430910722,24.69724034906033,24.225339586150323,26.728019041847745
0.0,0.9172406203976234,3.1210722043591717,6.504256226813834,10.521449966158205,14.954377650249247,16.791858675482104,19.754982430910722,24.69724034906033,24.225339586150323,26.728019041847745
0.0,0.9172406203976234,3.1210722043591717,6.504256226813834,10.521449966158205,14.954377650249247,16.791858675482104,19.754982430910722,24.69724034906033,24.225339586150323,26.728019041847745
0.0,0.9172406203976234,3.1210722043591717,6.504256226813834,10.521449966158205,14.954377650249247,16.791858675482104,19.754982430910722,24.69724034906033,24.225339586150323,26.728019041847745
0.0,0.9172406203976234,3.1210722043591717,6.504256226813834,10.521449966158205,14.954377650249247,16.791858675482104,19.754982430910722,24.69724034906033,24.225339586150323,26.728019041847745
0.0,0.9172406203976234,3.1210722043591717,6.504256226813834,10.521449966158205,14.954377650249247,16.791858675482104,19.754982430910722,24.69724034906033,24.225339586150323,26.728019041847745
0.0,0.9172406203976234,3.1210722043591717,6.504256226813834,10.521449966158205,14.954377650249247,16.791858675482104,19.754982430910722,24.69724034906033,24.225339586150323,26.728019041847745
0.0,0.9172406203976234,3.1210722043591717,6.504256226813834,10.521449966158205,14.954377650249247,16.791858675482104,19.754982430910722,24.69724034906033,24.225339586150323,26.728019041847745
0.0,0.9172406203976234,3.1210722043591717,6.504256226813834,10.521449966158205,14.954377650249247,16.791858675482104,19.754982430910722,24.69724034906033,24.225339586150323,26.728019041847745
0.0,0.9172406203976234,3.1210722043591717,6.504256226813834,10.521449966158205,14.954377650249247,16.791858675482104,19.754982430910722,24.69724034906033,24.225339586150323,26.728019041847745
0.0,0.9172406203976234,3.1210722043591717,6.504256226813834,10.521449966158205,14.954377650249247,16.791858675482104,19.754982430910722,24.69724034906033,24.225339586150323,26.728019041847745
0.0,0.9172406203976234,3.1210722043591717,6.504256226813834,10.521449966158205,14.954377650249247,16.791858675482104,19.754982430910722,24.69724034906033,24.225339586150323,26.728019041847745
0.0,0.9172406203976234,3.1210722043591717,6.504256226813834,10.521449966158205,14.954377650249247,16.791858675482104,19.754982430910722,24.69724034906033,24.225339586150323,26.728019041847745
0.0,0.9172406203976234,3.1210722043591717,6.504256226813834,10.521449966158205,14.954377650249247,16.791858675482104,19.754982430910722,24.69724034906033,24.225339586150323,26.728019041847745
0.0,0.9172406203976234,3.1210722043591717,6.504256226813834,10.521449966158205,14.954377650249247,16.791858675482104,19.754982430910722,24.69724034906033,24.225339586150323,26.728019041847745
0.0,0.9172406203976234,3.1210722043591717,6.504256226813834,10.521449966158205,14.954377650249247,16.791858675482104,19.754982430910722,24.69724034906033,24.225339586150323,26.728019041847745
0.0,0.9172406203976234,3.1210722043591717,6.504256226813834,10.521449966158205,14.954377650249247,16.791858675482104,19.754982430910722,24.69724034906033,24.225339586150323,26.728019041847745
0.0,0.9172406203976234,3.1210722043591717,6.504256226813834,10.521449966158205,14.954377650249247,16.791858675482104,19.754982430910722,24.69724034906033,24.225339586150323,26.728019041847745
0.0,0.9172406203976234,3.1210722043591717,6.504256226813834,10.521449966158205,14.954377650249247,16.791858675482104,19.754982430910722,24.69724034906033,24.225339586150323,26.728019041847745
0.0,0.9172406203976234,3.1210722043591717,6.504256226813834,10.521449966158205,14.954377650249247,16.791858675482104,19.754982430910722,24.69724034906033,24.225339586150323,26.728019041847745
0.0,0.9172406203976234,3.1210722043591717,6.504256226813834,10.521449966158205,14.954377650249247,16.791858675482104,19.754982430910722,24.69724034906033,24.225339586150323,26.728019041847745
0.0,0.9172406203976234,3.1210722043591717,6.504256226813834,10.521449966158205,14.954377650249247,16.791858675482104,19.754982430910722,24.69724034906033,24.225339586150323,26.728019041847745
0.0,0.9172406203976234,3.1210722043591717,6.504256226813834,10.521449966158205,14.954377650249247,16.791858675482104,19.754982430910722,24.69724034906033,24.225339586150323,26.728019041847745
0.0,0.9172406203976234,3.1210722043591717,6.504256226813834,10.521449966158205,14.954377650249247,16.791858675482104,19.754982430910722,24.69724034906033,24.225339586150323,26.728019041847745
0.0,0.9172406203976234,3.1210722043591717,6.504256226813834,10.521449966158205,14.954377650249247,16.791858675482104,19.754982430910722,24.69724034906033,24.225339586150323,26.728019041847745
0.0,0.9172406203976234,3.1210722043591717,6.504256226813834,10.521449966158205,14.954377650249247,16.791858675482104,19.754982430910722,24.69724034906033,24.225339586150323,26.728019041847745
0.0,0.9172406203976234,3.1210722043591717,6.504256226813834,10.521449966158205,14.954377650249247,16.791858675482104,19.754982430910722,24.69724034906033,24.225339586150323,26.728019041847745
0.0,0.9172406203976234,3.1210722043591717,6.504256226813834,10.521449966158205,14.954377650249247,16.791858675482104,19.56145864895135,24.69724034906033,24.225339586150323,26.728019041847745
0.0,0.9172406203976234,3.1210722043591717,6.504256226813834,10.521449966158205,14.954377650249247,16.791858675482104,19.56145864895135,24.69724034906033,24.225339586150323,26.728019041847745
0.0,0.9172406203976234,3.1210722043591717,6.504256226813834,10.521449966158205,14.954377650249247,16.791858675482104,19.56145864895135,24.69724034906033,24.225339586150323,26.728019041847745
0.0,0.9172406203976234,3.1210722043591717,6.504256226813834,10.521449966158205,14.954377650249247,16.791858675482104,19.51305509202102,24.69724034906033,24.225339586150323,26.728019041847745
0.0,0.9172406203976234,3.1210722043591717,6.504256226813834,10.521449966158205,14.954377650249247,16.791858675482104,19.51305509202102,24.69724034906033,24.225339586150323,26.728019041847745
0.0,0.9172406203976234,3.1210722043591717,6.504256226813834,10.521449966158205,14.954377650249247,16.791858675482104,19.51305509202102,24.69724034906033,24.225339586150323,26.728019041847745
0.0,0.9172406203976234,3.1210722043591717,6.504256226813834,10.521449966158205,14.954377650249247,16.791858675482104,19.51305509202102,24.69724034906033,24.225339586150323,26.728019041847745
0.0,0.9172406203976234,3.1210722043591717,6.504256226813834,10.521449966158205,14.954377650249247,16.791858675482104,19.56145864895135,24.69724034906033,24.225339586150323,26.728019041847745
0.0,0.9172406203976234,3.1210722043591717,6.504256226813834,10.521449966158205,14.954377650249247,16.791858675482104,19.51305509202102,24.69724034906033,24.225339586150323,26.728019041847745
0.0,0.9172406203976234,3.1210722043591717,6.504256226813834,10.521449966158205,14.954377650249247,16.791858675482104,19.56145864895135,24.69724034906033,24.225339586150323,26.728019041847745
0.0,0.9172406203976234,3.1210722043591717,6.504256226813834,10.521449966158205,14.954377650249247,16.791858675482104,19.56145864895135,24.69724034906033,24.225339586150323,26.728019041847745
0.0,0.9172406203976234,3.1210722043591717,6.504256226813834,10.521449966158205,14.954377650249247,16.791858675482104,19.56145864895135,24.69724034906033,24.225339586150323,26.728019041847745
0.0,0.9172406203976234,3.1210722043591717,6.504256226813834,10.521449966158205,14.954377650249247,16.791858675482104,19.51305509202102,24.69724034906033,24.225339586150323,26.392781825225626
0.0,0.9172406203976234,3.1210722043591717,6.504256226813834,10.521449966158205,14.954377650249247,16.791858675482104,19.56145864895135,24.69724034906033,24.225339586150323,26.392781825225626
0.0,0.9172406203976234,3.1210722043591717,6.504256226813834,10.521449966158205,14.954377650249247,16.791858675482104,19.51305509202102,24.69724034906033,24.225339586150323,26.392781825225626
0.0,0.9172406203976234,3.1210722043591717,6.504256226813834,10.521449966158205,14.954377650249247,16.791858675482104,19.56145864895135,24.69724034906033,24.225339586150323,26.392781825225626
0.0,0.9172406203976234,3.1210722043591717,6.504256226813834,10.521449966158205,14.954377650249247,16.791858675482104,19.51305509202102,24.69724034906033,24.225339586150323,26.392781825225626
0.0,0.9172406203976234,3.1210722043591717,6.504256226813834,10.521449966158205,14.954377650249247,16.791858675482104,19.51305509202102,24.69724034906033,24.225339586150323,26.392781825225626
0.0,0.9172406203976234,3.1210722043591717,6.504256226813834,10.521449966158205,14.954377650249247,16.791858675482104,19.51305509202102,24.69724034906033,24.225339586150323,26.392781825225626
0.0,0.9172406203976234,3.1210722043591717,6.504256226813834,10.521449966158205,14.954377650249247,16.791858675482104,19.56145864895135,24.69724034906033,24.225339586150323,26.392781825225626
0.0,0.9172406203976234,3.1210722043591717,6.504256226813834,10.521449966158205,14.954377650249247,16.791858675482104,19.56145864895135,24.69724034906033,24.225339586150323,26.392781825225626
0.0,0.9172406203976234,3.1210722043591717,6.504256226813834,10.521449966158205,14.954377650249247,16.791858675482104,19.51305509202102,24.69724034906033,24.225339586150323,26.392781825225626
0.0,0.9172406203976234,3.1210722043591717,6.504256226813834,10.521449966158205,14.954377650249247,16.791858675482104,19.51305509202102,24.69724034906033,24.225339586150323,26.392781825225626
0.0,0.9172406203976234,3.1210722043591717,6.504256226813834,10.521449966158205,14.954377650249247,16.791858675482104,19.56145864895135,24.69724034906033,24.225339586150323,26.392781825225626
0.0,0.9172406203976234,3.1210722043591717,6.504256226813834,10.521449966158205,14.954377650249247,16.791858675482104,19.51305509202102,24.69724034906033,24.225339586150323,26.392781825225626
0.0,0.9172406203976234,3.1210722043591717,6.504256226813834,10.521449966158205,14.954377650249247,16.791858675482104,19.51305509202102,24.69724034906033,24.225339586150323,26.392781825225626
0.0,0.9172406203976234,3.1210722043591717,6.504256226813834,10.521449966158205,14.954377650249247,16.791858675482104,19.56145864895135,24.69724034906033,24.225339586150323,26.392781825225626
0.0,0.9172406203976234,3.1210722043591717,6.504256226813834,10.521449966158205,14.954377650249247,16.791858675482104,19.51305509202102,24.69724034906033,24.225339586150323,26.392781825225626
0.0,0.9172406203976234,3.1210722043591717,6.504256226813834,10.521449966158205,14.954377650249247,16.791858675482104,19.51305509202102,24.69724034906033,24.225339586150323,26.392781825225626
0.0,0.9172406203976234,3.1210722043591717,6.504256226813834,10.521449966158205,14.954377650249247,16.791858675482104,19.51305509202102,24.69724034906033,24.225339586150323,26.392781825225626
0.0,0.9172406203976234,3.1210722043591717,6.504256226813834,10.521449966158205,14.954377650249247,16.791858675482104,19.51305509202102,24.69724034906033,24.225339586150323,26.392781825225626
0.0,0.9172406203976234,3.1210722043591717,6.504256226813834,10.521449966158205,14.954377650249247,16.791858675482104,19.51305509202102,24.69724034906033,24.225339586150323,26.392781825225626
0.0,0.9172406203976234,3.1210722043591717,6.504256226813834,10.521449966158205,14.954377650249247,16.791858675482104,19.56145864895135,24.69724034906033,24.225339586150323,26.392781825225626
0.0,0.9172406203976234,3.1210722043591717,6.504256226813834,10.521449966158205,14.954377650249247,16.791858675482104,19.56145864895135,24.69724034906033,24.225339586150323,26.392781825225626
0.0,0.9172406203976234,3.1210722043591717,6.504256226813834,10.521449966158205,14.954377650249247,16.791858675482104,19.51305509202102,24.69724034906033,24.225339586150323,26.392781825225626
0.0,0.9172406203976234,3.1210722043591717,6.504256226813834,10.521449966158205,14.954377650249247,16.791858675482104,19.56145864895135,24.69724034906033,24.225339586150323,26.392781825225626
0.0,0.9172406203976234,3.1210722043591717,6.504256226813834,10.521449966158205,14.954377650249247,16.791858675482104,19.51305509202102,24.69724034906033,24.225339586150323,26.392781825225626
0.0,0.9172406203976234,3.1210722043591717,6.504256226813834,10.521449966158205,14.954377650249247,16.791858675482104,19.51305509202102,24.69724034906033,24.225339586150323,26.392781825225626
0.0,0.9172406203976234,3.1210722043591717,6.504256226813834,10.521449966158205,14.954377650249247,16.791858675482104,19.51305509202102,24.69724034906033,24.225339586150323,26.392781825225626
0.0,0.9172406203976234,3.1210722043591717,6.504256226813834,10.521449966158205,14.954377650249247,16.791858675482104,19.56145864895135,24.69724034906033,24.225339586150323,26.218327024741424
0.0,0.9172406203976234,3.1210722043591717,6.504256226813834,10.521449966158205,14.954377650249247,16.791858675482104,19.56145864895135,24.69724034906033,24.225339586150323,26.218327024741424
0.0,0.9172406203976234,3.1210722043591717,6.504256226813834,10.521449966158205,14.954377650249247,16.791858675482104,19.51305509202102,24.69724034906033,24.225339586150323,26.218327024741424
0.0,0.9172406203976234,3.1210722043591717,6.504256226813834,10.521449966158205,14.954377650249247,16.791858675482104,19.56145864895135,24.69724034906033,24.225339586150323,26.218327024741424
0.0,0.9172406203976234,3.1210722043591717,6.504256226813834,10.521449966158205,14.954377650249247,16.791858675482104,19.51305509202102,24.69724034906033,24.225339586150323,26.218327024741424
0.0,0.9172406203976234,3.1210722043591717,6.504256226813834,10.521449966158205,14.954377650249247,16.791858675482104,19.56145864895135,24.69724034906033,24.225339586150323,26.218327024741424
0.0,0.9172406203976234,3.1210722043591717,6.504256226813834,10.521449966158205,14.954377650249247,16.791858675482104,19.56145864895135,24.69724034906033,24.225339586150323,26.218327024741424
0.0,0.9172406203976234,3.1210722043591717,6.504256226813834,10.521449966158205,14.954377650249247,16.791858675482104,19.56145864895135,24.69724034906033,24.225339586150323,26.218327024741424
0.0,0.9172406203976234,3.1210722043591717,6.504256226813834,10.521449966158205,14.954377650249247,16.791858675482104,19.56145864895135,24.69724034906033,24.225339586150323,26.218327024741424
0.0,0.9172406203976234,3.1210722043591717,6.504256226813834,10.521449966158205,14.954377650249247,16.791858675482104,19.51305509202102,24.69724034906033,24.225339586150323,26.218327024741424
0.0,0.9172406203976234,3.1210722043591717,6.504256226813834,10.521449966158205,14.954377650249247,16.791858675482104,19.56145864895135,24.69724034906033,24.225339586150323,26.218327024741424
0.0,0.9172406203976234,3.1210722043591717,6.504256226813834,10.521449966158205,14.954377650249247,16.791858675482104,19.56145864895135,24.69724034906033,24.225339586150323,26.218327024741424
0.0,0.9172406203976234,3.1210722043591717,6.504256226813834,10.521449966158205,14.954377650249247,16.791858675482104,19.51305509202102,24.69724034906033,24.225339586150323,26.218327024741424
0.0,0.9172406203976234,3.1210722043591717,6.504256226813834,10.521449966158205,14.954377650249247,16.791858675482104,19.56145864895135,24.69724034906033,24.225339586150323,26.218327024741424
0.0,0.9172406203976234,3.1210722043591717,6.504256226813834,10.521449966158205,14.954377650249247,16.791858675482104,19.56145864895135,24.69724034906033,24.225339586150323,26.218327024741424
0.0,0.9172406203976234,3.1210722043591717,6.504256226813834,10.521449966158205,14.954377650249247,16.791858675482104,19.56145864895135,24.69724034906033,24.225339586150323,26.218327024741424
0.0,0.9172406203976234,3.1210722043591717,6.504256226813834,10.521449966158205,14.954377650249247,16.791858675482104,19.56145864895135,24.69724034906033,24.225339586150323,26.218327024741424
0.0,0.9172406203976234,3.1210722043591717,6.504256226813834,10.521449966158205,14.954377650249247,16.791858675482104,19.56145864895135,24.69724034906033,24.225339586150323,26.218327024741424
0.0,0.9172406203976234,3.1210722043591717,6.504256226813834,10.521449966158205,14.954377650249247,16.791858675482104,19.51305509202102,24.69724034906033,24.225339586150323,26.218327024741424
0.0,0.9172406203976234,3.1210722043591717,6.504256226813834,10.521449966158205,14.954377650249247,16.791858675482104,19.51305509202102,24.69724034906033,24.225339586150323,26.218327024741424
0.0,0.9172406203976234,3.1210722043591717,6.504256226813834,10.521449966158205,14.954377650249247,16.791858675482104,19.56145864895135,24.69724034906033,24.225339586150323,26.218327024741424
0.0,0.9172406203976234,3.1210722043591717,6.504256226813834,10.521449966158205,14.954377650249247,16.791858675482104,19.51305509202102,24.69724034906033,24.225339586150323,26.218327024741424
0.0,0.9172406203976234,3.1210722043591717,6.504256226813834,10.521449966158205,14.954377650249247,16.791858675482104,19.56145864895135,24.69724034906033,24.225339586150323,26.218327024741424
0.0,0.9172406203976234,3.1210722043591717,6.504256226813834,10.521449966158205,14.954377650249247,16.791858675482104,19.51305509202102,24.69724034906033,24.225339586150323,26.218327024741424
0.0,0.9172406203976234,3.1210722043591717,6.504256226813834,10.521449966158205,14.954377650249247,16.791858675482104,19.51305509202102,24.69724034906033,24.225339586150323,26.218327024741424
0.0,0.9172406203976234,3.1210722043591717,6.504256226813834,10.521449966158205,14.954377650249247,16.791858675482104,19.51305509202102,24.69724034906033,24.225339586150323,26.218327024741424
0.0,0.9172406203976234,3.1210722043591717,6.504256226813834,10.521449966158205,14.954377650249247,16.791858675482104,19.51305509202102,24.69724034906033,24.225339586150323,26.218327024741424
0.0,0.9172406203976234,3.1210722043591717,6.504256226813834,10.521449966158205,14.954377650249247,16.791858675482104,19.56145864895135,24.69724034906033,24.225339586150323,26.218327024741424
0.0,0.9172406203976234,3.1210722043591717,6.504256226813834,10.521449966158205,14.954377650249247,16.791858675482104,19.51305509202102,24.69724034906033,24.225339586150323,26.218327024741424
0.0,0.9172406203976234,3.1210722043591717,6.504256226813834,10.521449966158205,14.954377650249247,16.791858675482104,19.51305509202102,24.69724034906033,24.225339586150323,26.218327024741424
0.0,0.9172406203976234,3.1210722043591717,6.504256226813834,10.521449966158205,14.954377650249247,16.791858675482104,19.56145864895135,24.69724034906033,24.225339586150323,26.218327024741424
0.0,0.9172406203976234,3.1210722043591717,6.504256226813834,10.521449966158205,14.954377650249247,16.791858675482104,19.51305509202102,24.69724034906033,24.225339586150323,26.218327024741424
0.0,0.9172406203976234,3.1210722043591717,6.504256226813834,10.521449966158205,14.954377650249247,16.791858675482104,19.56145864895135,24.69724034906033,24.225339586150323,26.218327024741424
0.0,0.9172406203976234,3.1210722043591717,6.504256226813834,10.521449966158205,14.954377650249247,16.791858675482104,19.56145864895135,24.69724034906033,24.225339586150323,26.218327024741424
0.0,0.9172406203976234,3.1210722043591717,6.504256226813834,10.521449966158205,14.954377650249247,16.791858675482104,19.56145864895135,24.69724034906033,24.225339586150323,26.218327024741424
0.0,0.9172406203976234,3.1210722043591717,6.504256226813834,10.521449966158205,14.954377650249247,16.791858675482104,19.56145864895135,24.69724034906033,24.225339586150323,26.218327024741424
0.0,0.9172406203976234,3.1210722043591717,6.504256226813834,10.521449966158205,14.954377650249247,16.791858675482104,19.56145864895135,24.69724034906033,24.225339586150323,26.218327024741424
0.0,0.9172406203976234,3.1210722043591717,6.504256226813834,10.521449966158205,14.954377650249247,16.791858675482104,19.56145864895135,24.69724034906033,24.225339586150323,26.218327024741424
0.0,0.9172406203976234,3.1210722043591717,6.504256226813834,10.521449966158205,14.954377650249247,16.791858675482104,19.56145864895135,24.69724034906033,24.225339586150323,26.218327024741424
0.0,0.9172406203976234,3.1210722043591717,6.504256226813834,10.521449966158205,14.954377650249247,16.791858675482104,19.51305509202102,24.69724034906033,24.225339586150323,26.218327024741424
0.0,0.9172406203976234,3.1210722043591717,6.504256226813834,10.521449966158205,14.954377650249247,16.791858675482104,19.56145864895135,24.69724034906033,24.225339586150323,26.218327024741424
0.0,0.9172406203976234,3.1210722043591717,6.504256226813834,10.521449966158205,14.954377650249247,16.791858675482104,19.56145864895135,24.69724034906033,24.225339586150323,26.18538969310245
0.0,0.9172406203976234,3.1210722043591717,6.504256226813834,10.521449966158205,14.954377650249247,16.791858675482104,19.56145864895135,24.69724034906033,24.225339586150323,26.18538969310245
0.0,0.9172406203976234,3.1210722043591717,6.504256226813834,10.521449966158205,14.954377650249247,16.791858675482104,19.51305509202102,24.69724034906033,24.225339586150323,26.18538969310245
0.0,0.9172406203976234,3.1210722043591717,6.504256226813834,10.521449966158205,14.954377650249247,16.791858675482104,19.51305509202102,24.510424627778,24.225339586150323,26.18538969310245
0.0,0.9172406203976234,3.1210722043591717,6.504256226813834,10.521449966158205,14.954377650249247,16.791858675482104,19.51305509202102,24.510424627778,24.225339586150323,26.18538969310245
0.0,0.9172406203976234,3.1210722043591717,6.504256226813834,10.521449966158205,14.954377650249247,16.791858675482104,19.56145864895135,24.510424627778,24.225339586150323,26.18538969310245
0.0,0.9172406203976234,3.1210722043591717,6.504256226813834,10.521449966158205,14.954377650249247,16.791858675482104,19.51305509202102,24.510424627778,24.225339586150323,26.18538969310245
0.0,0.9172406203976234,3.1210722043591717,6.504256226813834,10.521449966158205,14.954377650249247,16.791858675482104,19.51305509202102,24.510424627778,24.225339586150323,26.18538969310245
0.0,0.9172406203976234,3.1210722043591717,6.504256226813834,10.521449966158205,14.954377650249247,16.791858675482104,19.51305509202102,24.510424627778,24.225339586150323,26.18538969310245
0.0,0.9172406203976234,3.1210722043591717,6.504256226813834,10.521449966158205,14.954377650249247,16.791858675482104,19.56145864895135,24.510424627778,24.225339586150323,26.18538969310245
0.0,0.9172406203976234,3.1210722043591717,6.504256226813834,10.521449966158205,14.954377650249247,16.791858675482104,19.51305509202102,24.510424627778,24.225339586150323,26.18538969310245
0.0,0.9172406203976234,3.1210722043591717,6.504256226813834,10.521449966158205,14.954377650249247,16.791858675482104,19.56145864895135,24.510424627778,24.225339586150323,26.18538969310245
0.0,0.9172406203976234,3.1210722043591717,6.504256226813834,10.521449966158205,14.954377650249247,16.791858675482104,19.51305509202102,24.510424627778,24.225339586150323,26.18538969310245
0.0,0.9172406203976234,3.1210722043591717,6.504256226813834,10.521449966158205,14.954377650249247,16.791858675482104,19.51305509202102,24.510424627778,24.225339586150323,26.18538969310245
0.0,0.9172406203976234,3.1210722043591717,6.504256226813834,10.521449966158205,14.954377650249247,16.791858675482104,19.56145864895135,24.510424627778,24.225339586150323,26.18538969310245
0.0,0.9172406203976234,3.1210722043591717,6.504256226813834,10.521449966158205,14.954377650249247,16.791858675482104,19.51305509202102,24.510424627778,24.225339586150323,26.18538969310245
0.0,0.9172406203976234,3.1210722043591717,6.504256226813834,10.521449966158205,14.954377650249247,16.791858675482104,19.51305509202102,24.510424627778,24.225339586150323,26.18538969310245
0.0,0.9172406203976234,3.1210722043591717,6.504256226813834,10.521449966158205,14.954377650249247,16.791858675482104,19.56145864895135,24.510424627778,24.225339586150323,26.18538969310245
0.0,0.9172406203976234,3.1210722043591717,6.504256226813834,10.521449966158205,14.954377650249247,16.791858675482104,19.51305509202102,24.510424627778,24.225339586150323,26.18538969310245
0.0,0.9172406203976234,3.1210722043591717,6.504256226813834,10.521449966158205,14.954377650249247,16.791858675482104,19.56145864895135,24.510424627778,24.225339586150323,26.18538969310245
0.0,0.9172406203976234,3.1210722043591717,6.504256226813834,10.521449966158205,14.954377650249247,16.791858675482104,19.56145864895135,24.510424627778,24.225339586150323,26.18538969310245
0.0,0.9172406203976234,3.1210722043591717,6.504256226813834,10.521449966158205,14.954377650249247,16.791858675482104,19.56145864895135,24.510424627778,24.225339586150323,26.18538969310245
0.0,0.9172406203976234,3.1210722043591717,6.504256226813834,10.521449966158205,14.954377650249247,16.791858675482104,19.51305509202102,24.510424627778,24.225339586150323,25.899957942720686
0.0,0.9172406203976234,3.1210722043591717,6.504256226813834,10.521449966158205,14.954377650249247,16.791858675482104,19.56145864895135,24.510424627778,24.225339586150323,25.899957942720686
0.0,0.9172406203976234,3.1210722043591717,6.504256226813834,10.521449966158205,14.954377650249247,16.791858675482104,19.56145864895135,24.510424627778,24.225339586150323,25.899957942720686
0.0,0.9172406203976234,3.1210722043591717,6.504256226813834,10.521449966158205,14.954377650249247,16.791858675482104,19.56145864895135,24.510424627778,24.225339586150323,25.899957942720686
0.0,0.9172406203976234,3.1210722043591717,6.504256226813834,10.521449966158205,14.954377650249247,16.791858675482104,19.56145864895135,24.510424627778,24.225339586150323,25.899957942720686
0.0,0.9172406203976234,3.1210722043591717,6.504256226813834,10.521449966158205,14.954377650249247,16.642442276761013,19.56145864895135,24.510424627778,24.225339586150323,25.899957942720686
0.0,0.9172406203976234,3.1210722043591717,6.504256226813834,10.521449966158205,14.954377650249247,16.642442276761013,19.56145864895135,24.510424627778,24.225339586150323,25.899957942720686
0.0,0.9172406203976234,3.1210722043591717,6.504256226813834,10.521449966158205,14.954377650249247,16.642442276761013,19.56145864895135,24.510424627778,24.225339586150323,25.899957942720686
0.0,0.9172406203976234,3.1210722043591717,6.504256226813834,10.521449966158205,14.954377650249247,16.642442276761013,19.51305509202102,24.510424627778,24.225339586150323,25.899957942720686
0.0,0.9172406203976234,3.1210722043591717,6.504256226813834,10.521449966158205,14.954377650249247,16.642442276761013,19.51305509202102,24.510424627778,24.225339586150323,25.899957942720686
0.0,0.9172406203976234,3.1210722043591717,6.504256226813834,10.521449966158205,14.954377650249247,16.642442276761013,19.56145864895135,24.510424627778,24.225339586150323,25.899957942720686
0.0,0.9172406203976234,3.1210722043591717,6.504256226813834,10.521449966158205,14.954377650249247,16.642442276761013,19.56145864895135,24.510424627778,24.225339586150323,25.73159315687364
0.0,0.9172406203976234,3.1210722043591717,6.504256226813834,10.521449966158205,14.954377650249247,16.642442276761013,19.51305509202102,24.510424627778,24.225339586150323,25.73159315687364
0.0,0.9172406203976234,3.1210722043591717,6.504256226813834,10.521449966158205,14.954377650249247,16.642442276761013,19.56145864895135,24.510424627778,24.225339586150323,25.73159315687364
0.0,0.9172406203976234,3.1210722043591717,6.504256226813834,10.521449966158205,14.954377650249247,16.642442276761013,19.51305509202102,24.510424627778,24.225339586150323,25.73159315687364
0.0,0.9172406203976234,3.1210722043591717,6.504256226813834,10.521449966158205,14.954377650249247,16.642442276761013,19.56145864895135,24.510424627778,24.225339586150323,25.712478952517476
0.0,0.9172406203976234,3.1210722043591717,6.504256226813834,10.521449966158205,14.954377650249247,16.642442276761013,19.56145864895135,24.510424627778,24.225339586150323,25.712478952517476
0.0,0.9172406203976234,3.1210722043591717,6.504256226813834,10.521449966158205,14.954377650249247,16.642442276761013,19.51305509202102,24.402357016556092,24.225339586150323,25.712478952517476
0.0,0.9172406203976234,3.1210722043591717,6.504256226813834,10.521449966158205,14.954377650249247,16.642442276761013,19.51305509202102,24.402357016556092,24.225339586150323,25.712478952517476
0.0,0.9172406203976234,3.1210722043591717,6.504256226813834,10.521449966158205,14.954377650249247,16.642442276761013,19.56145864895135,24.402357016556092,24.225339586150323,25.712478952517476
0.0,0.9172406203976234,3.1210722043591717,6.504256226813834,10.521449966158205,14.954377650249247,16.642442276761013,19.56145864895135,24.402357016556092,24.225339586150323,25.712478952517476
0.0,0.9172406203976234,3.1210722043591717,6.504256226813834,10.521449966158205,14.954377650249247,16.642442276761013,19.51305509202102,24.402357016556092,24.225339586150323,25.712478952517476
0.0,0.9172406203976234,3.1210722043591717,6.504256226813834,10.521449966158205,14.954377650249247,16.642442276761013,19.56145864895135,24.402357016556092,24.225339586150323,25.712478952517476
0.0,0.9172406203976234,3.1210722043591717,6.504256226813834,10.521449966158205,14.954377650249247,16.642442276761013,19.56145864895135,24.402357016556092,24.225339586150323,25.712478952517476
0.0,0.9172406203976234,3.1210722043591717,6.504256226813834,10.521449966158205,14.954377650249247,16.642442276761013,19.51305509202102,24.402357016556092,24.225339586150323,25.712478952517476
0.0,0.9172406203976234,3.1210722043591717,6.504256226813834,10.521449966158205,14.954377650249247,16.642442276761013,19.51305509202102,24.402357016556092,24.225339586150323,25.712478952517476
0.0,0.9172406203976234,3.1210722043591717,6.504256226813834,10.521449966158205,14.954377650249247,16.642442276761013,19.51305509202102,24.402357016556092,24.225339586150323,25.712478952517476
0.0,0.9172406203976234,3.1210722043591717,6.504256226813834,10.521449966158205,14.954377650249247,16.642442276761013,19.56145864895135,24.402357016556092,24.225339586150323,25.712478952517476
0.0,0.9172406203976234,3.1210722043591717,6.504256226813834,10.521449966158205,14.954377650249247,16.642442276761013,19.51305509202102,24.402357016556092,24.225339586150323,25.712478952517476
0.0,0.9172406203976234,3.1210722043591717,6.504256226813834,10.521449966158205,14.954377650249247,16.642442276761013,19.56145864895135,24.402357016556092,24.225339586150323,25.712478952517476
0.0,0.9172406203976234,3.1210722043591717,6.504256226813834,10.521449966158205,14.954377650249247,16.642442276761013,19.56145864895135,24.402357016556092,24.225339586150323,25.712478952517476
0.0,0.9172406203976234,3.1210722043591717,6.504256226813834,10.521449966158205,14.954377650249247,16.642442276761013,19.51305509202102,24.402357016556092,24.225339586150323,25.712478952517476
0.0,0.9172406203976234,3.1210722043591717,6.504256226813834,10.521449966158205,14.954377650249247,16.642442276761013,19.56145864895135,24.402357016556092,24.225339586150323,25.712478952517476
0.0,0.9172406203976234,3.1210722043591717,6.504256226813834,10.521449966158205,14.954377650249247,16.642442276761013,19.51305509202102,24.402357016556092,24.225339586150323,25.712478952517476
0.0,0.9172406203976234,3.1210722043591717,6.504256226813834,10.521449966158205,14.954377650249247,16.642442276761013,19.51305509202102,24.402357016556092,24.225339586150323,25.712478952517476
0.0,0.9172406203976234,3.1210722043591717,6.504256226813834,10.521449966158205,14.954377650249247,16.642442276761013,19.51305509202102,24.402357016556092,24.225339586150323,25.712478952517476
0.0,0.9172406203976234,3.1210722043591717,6.504256226813834,10.521449966158205,14.954377650249247,16.642442276761013,19.56145864895135,24.402357016556092,24.225339586150323,25.712478952517476
0.0,0.9172406203976234,3.1210722043591717,6.504256226813834,10.521449966158205,14.954377650249247,16.642442276761013,19.51305509202102,24.402357016556092,24.225339586150323,25.712478952517476
0.0,0.9172406203976234,3.1210722043591717,6.504256226813834,10.521449966158205,14.954377650249247,16.642442276761013,19.51305509202102,24.402357016556092,24.225339586150323,25.712478952517476
0.0,0.9172406203976234,3.1210722043591717,6.504256226813834,10.521449966158205,14.954377650249247,16.642442276761013,19.56145864895135,24.402357016556092,24.225339586150323,25.712478952517476
0.0,0.9172406203976234,3.1210722043591717,6.504256226813834,10.521449966158205,14.954377650249247,16.642442276761013,19.51305509202102,24.375901631189308,24.225339586150323,25.712478952517476
0.0,0.9172406203976234,3.1210722043591717,6.504256226813834,10.521449966158205,14.954377650249247,16.642442276761013,19.56145864895135,24.375901631189308,24.225339586150323,25.712478952517476
0.0,0.9172406203976234,3.1210722043591717,6.504256226813834,10.521449966158205,14.954377650249247,16.642442276761013,19.51305509202102,24.375901631189308,24.225339586150323,25.712478952517476
0.0,0.9172406203976234,3.1210722043591717,6.504256226813834,10.521449966158205,14.954377650249247,16.642442276761013,19.56145864895135,24.375901631189308,24.225339586150323,25.712478952517476
0.0,0.9172406203976234,3.1210722043591717,6.504256226813834,10.521449966158205,14.954377650249247,16.642442276761013,19.56145864895135,24.375901631189308,24.225339586150323,25.712478952517476
0.0,0.9172406203976234,3.1210722043591717,6.504256226813834,10.521449966158205,14.954377650249247,16.642442276761013,19.51305509202102,24.375901631189308,24.225339586150323,25.712478952517476
0.0,0.9172406203976234,3.1210722043591717,6.504256226813834,10.521449966158205,14.954377650249247,16.642442276761013,19.51305509202102,24.375901631189308,24.225339586150323,25.712478952517476
0.0,0.9172406203976234,3.1210722043591717,6.504256226813834,10.521449966158205,14.954377650249247,16.642442276761013,19.56145864895135,24.375901631189308,24.225339586150323,25.712478952517476
0.0,0.9172406203976234,3.1210722043591717,6.504256226813834,10.521449966158205,14.954377650249247,16.642442276761013,19.56145864895135,24.375901631189308,24.225339586150323,25.712478952517476
0.0,0.9172406203976234,3.1210722043591717,6.504256226813834,10.521449966158205,14.954377650249247,16.642442276761013,19.51305509202102,24.375901631189308,24.225339586150323,25.712478952517476
0.0,0.9172406203976234,3.1210722043591717,6.504256226813834,10.521449966158205,14.954377650249247,16.642442276761013,19.51305509202102,24.375901631189308,24.225339586150323,25.712478952517476
0.0,0.9172406203976234,3.1210722043591717,6.504256226813834,10.521449966158205,14.954377650249247,16.642442276761013,19.51305509202102,24.375901631189308,24.225339586150323,25.712478952517476
0.0,0.9172406203976234,3.1210722043591717,6.504256226813834,10.521449966158205,14.954377650249247,16.642442276761013,19.56145864895135,24.375901631189308,24.225339586150323,25.712478952517476
0.0,0.9172406203976234,3.1210722043591717,6.504256226813834,10.521449966158205,14.954377650249247,16.642442276761013,19.51305509202102,24.375901631189308,24.225339586150323,25.712478952517476
0.0,0.9172406203976234,3.1210722043591717,6.504256226813834,10.521449966158205,14.954377650249247,16.642442276761013,19.51305509202102,24.375901631189308,24.225339586150323,25.712478952517476
0.0,0.9172406203976234,3.1210722043591717,6.504256226813834,10.521449966158205,14.954377650249247,16.642442276761013,19.56145864895135,24.375901631189308,24.225339586150323,25.712478952517476
0.0,0.9172406203976234,3.1210722043591717,6.504256226813834,10.521449966158205,14.954377650249247,16.642442276761013,19.56145864895135,24.375901631189308,24.225339586150323,25.712478952517476
0.0,0.9172406203976234,3.1210722043591717,6.504256226813834,10.521449966158205,14.954377650249247,16.642442276761013,19.56145864895135,24.375901631189308,24.225339586150323,25.712478952517476
0.0,0.9172406203976234,3.1210722043591717,6.504256226813834,10.521449966158205,14.954377650249247,16.642442276761013,19.56145864895135,24.375901631189308,24.225339586150323,25.712478952517476
0.0,0.9172406203976234,3.1210722043591717,6.504256226813834,10.521449966158205,14.954377650249247,16.642442276761013,19.51305509202102,24.375901631189308,24.225339586150323,25.712478952517476
0.0,0.9172406203976234,3.1210722043591717,6.504256226813834,10.521449966158205,14.954377650249247,16.642442276761013,19.51305509202102,24.375901631189308,24.225339586150323,25.712478952517476
0.0,0.9172406203976234,3.1210722043591717,6.504256226813834,10.521449966158205,14.954377650249247,16.642442276761013,19.51305509202102,24.375901631189308,24.225339586150323,25.712478952517476
0.0,0.9172406203976234,3.1210722043591717,6.504256226813834,10.521449966158205,14.954377650249247,16.642442276761013,19.51305509202102,24.375901631189308,24.225339586150323,25.712478952517476
0.0,0.9172406203976234,3.1210722043591717,6.504256226813834,10.521449966158205,14.954377650249247,16.642442276761013,19.56145864895135,24.375901631189308,24.225339586150323,25.712478952517476
0.0,0.9172406203976234,3.1210722043591717,6.504256226813834,10.521449966158205,14.954377650249247,16.642442276761013,19.56145864895135,24.375901631189308,24.225339586150323,25.712478952517476
0.0,0.9172406203976234,3.1210722043591717,6.504256226813834,10.521449966158205,14.954377650249247,16.642442276761013,19.56145864895135,24.375901631189308,24.225339586150323,25.712478952517476
0.0,0.9172406203976234,3.1210722043591717,6.504256226813834,10.521449966158205,14.954377650249247,16.642442276761013,19.51305509202102,24.375901631189308,24.225339586150323,25.712478952517476
0.0,0.9172406203976234,3.1210722043591717,6.504256226813834,10.521449966158205,14.954377650249247,16.642442276761013,19.51305509202102,24.375901631189308,24.225339586150323,25.712478952517476
0.0,0.9172406203976234,3.1210722043591717,6.504256226813834,10.521449966158205,14.954377650249247,16.642442276761013,19.56145864895135,24.375901631189308,24.225339586150323,25.712478952517476
0.0,0.9172406203976234,3.1210722043591717,6.504256226813834,10.521449966158205,14.954377650249247,16.642442276761013,19.56145864895135,24.375901631189308,24.225339586150323,25.712478952517476
0.0,0.9172406203976234,3.1210722043591717,6.504256226813834,10.521449966158205,14.954377650249247,16.642442276761013,19.56145864895135,24.375901631189308,24.225339586150323,25.712478952517476
0.0,0.9172406203976234,3.1210722043591717,6.504256226813834,10.521449966158205,14.954377650249247,16.642442276761013,19.56145864895135,24.375901631189308,24.225339586150323,25.712478952517476
0.0,0.9172406203976234,3.1210722043591717,6.504256226813834,10.521449966158205,14.954377650249247,16.642442276761013,19.51305509202102,24.375901631189308,24.225339586150323,25.712478952517476
0.0,0.9172406203976234,3.1210722043591717,6.504256226813834,10.521449966158205,14.954377650249247,16.642442276761013,19.51305509202102,24.375901631189308,24.225339586150323,25.712478952517476
0.0,0.9172406203976234,3.1210722043591717,6.504256226813834,10.521449966158205,14.954377650249247,16.642442276761013,19.51305509202102,24.375901631189308,24.225339586150323,25.712478952517476
0.0,0.9172406203976234,3.1210722043591717,6.504256226813834,10.521449966158205,14.954377650249247,16.578497123071056,19.51305509202102,24.375901631189308,24.225339586150323,25.712478952517476
0.0,0.9172406203976234,3.1210722043591717,6.504256226813834,10.521449966158205,14.954377650249247,16.578497123071056,19.56145864895135,24.375901631189308,24.225339586150323,25.712478952517476
0.0,0.9172406203976234,3.1210722043591717,6.504256226813834,10.521449966158205,14.954377650249247,16.578497123071056,19.56145864895135,24.375901631189308,24.225339586150323,25.712478952517476
0.0,0.9172406203976234,3.1210722043591717,6.504256226813834,10.521449966158205,14.954377650249247,16.578497123071056,19.51305509202102,24.375901631189308,24.225339586150323,25.712478952517476
0.0,0.9172406203976234,3.1210722043591717,6.504256226813834,10.521449966158205,14.954377650249247,16.578497123071056,19.56145864895135,24.375901631189308,24.225339586150323,25.712478952517476
0.0,0.9172406203976234,3.1210722043591717,6.504256226813834,10.521449966158205,14.954377650249247,16.578497123071056,19.56145864895135,24.375901631189308,24.225339586150323,25.712478952517476
0.0,0.9172406203976234,3.1210722043591717,6.504256226813834,10.521449966158205,14.954377650249247,16.578497123071056,19.56145864895135,24.375901631189308,24.225339586150323,25.712478952517476
0.0,0.9172406203976234,3.1210722043591717,6.504256226813834,10.521449966158205,14.954377650249247,16.578497123071056,19.56145864895135,24.375901631189308,24.225339586150323,25.712478952517476
0.0,0.9172406203976234,3.1210722043591717,6.504256226813834,10.521449966158205,14.954377650249247,16.578497123071056,19.51305509202102,24.375901631189308,24.225339586150323,25.712478952517476
0.0,0.9172406203976234,3.1210722043591717,6.504256226813834,10.521449966158205,14.954377650249247,16.578497123071056,19.56145864895135,24.375901631189308,24.225339586150323,25.712478952517476
0.0,0.9172406203976234,3.1210722043591717,6.504256226813834,10.521449966158205,14.954377650249247,16.4179257470443,19.56145864895135,24.375901631189308,24.225339586150323,25.712478952517476
0.0,0.9172406203976234,3.1210722043591717,6.504256226813834,10.521449966158205,14.954377650249247,16.4179257470443,19.51305509202102,24.375901631189308,24.225339586150323,25.712478952517476
0.0,0.9172406203976234,3.1210722043591717,6.504256226813834,10.521449966158205,14.954377650249247,16.4179257470443,19.51305509202102,24.375901631189308,24.225339586150323,25.712478952517476
0.0,0.9172406203976234,3.1210722043591717,6.504256226813834,10.521449966158205,14.954377650249247,16.4179257470443,19.56145864895135,24.375901631189308,24.225339586150323,25.712478952517476
0.0,0.9172406203976234,3.1210722043591717,6.504256226813834,10.462449180787505,14.954377650249247,16.4179257470443,19.56145864895135,24.375901631189308,24.225339586150323,25.712478952517476
0.0,0.9172406203976234,3.1210722043591717,6.504256226813834,10.462449180787505,14.954377650249247,16.4179257470443,19.56145864895135,24.375901631189308,24.225339586150323,25.712478952517476
0.0,0.9172406203976234,3.1210722043591717,6.504256226813834,10.462449180787505,14.954377650249247,16.4179257470443,19.56145864895135,24.375901631189308,24.225339586150323,25.712478952517476
0.0,0.9172406203976234,3.1210722043591717,6.504256226813834,10.462449180787505,14.954377650249247,16.4179257470443,19.51305509202102,24.375901631189308,24.225339586150323,25.712478952517476
0.0,0.9172406203976234,3.1210722043591717,6.504256226813834,10.462449180787505,14.954377650249247,16.4179257470443,19.51305509202102,24.375901631189308,24.225339586150323,25.712478952517476
0.0,0.9172406203976234,3.1210722043591717,6.504256226813834,10.462449180787505,14.954377650249247,16.4179257470443,19.56145864895135,24.375901631189308,24.225339586150323,25.712478952517476
0.0,0.9172406203976234,3.1210722043591717,6.504256226813834,10.462449180787505,14.954377650249247,16.4179257470443,19.56145864895135,24.375901631189308,24.225339586150323,25.712478952517476
0.0,0.9172406203976234,3.1210722043591717,6.504256226813834,10.462449180787505,14.954377650249247,16.4179257470443,19.51305509202102,24.375901631189308,24.225339586150323,25.712478952517476
0.0,0.9172406203976234,3.1210722043591717,6.504256226813834,10.462449180787505,14.954377650249247,16.4179257470443,19.51305509202102,24.375901631189308,24.225339586150323,25.712478952517476
0.0,0.9172406203976234,3.1210722043591717,6.504256226813834,10.462449180787505,14.954377650249247,16.4179257470443,19.51305509202102,24.375901631189308,24.225339586150323,25.712478952517476
0.0,0.9172406203976234,3.1210722043591717,6.504256226813834,10.462449180787505,14.954377650249247,16.4179257470443,19.56145864895135,24.375901631189308,24.225339586150323,25.712478952517476
0.0,0.9172406203976234,3.1210722043591717,6.504256226813834,10.462449180787505,14.954377650249247,16.4179257470443,19.56145864895135,24.375901631189308,24.225339586150323,25.712478952517476
0.0,0.9172406203976234,3.1210722043591717,6.504256226813834,10.462449180787505,14.954377650249247,16.4179257470443,19.51305509202102,24.375901631189308,24.225339586150323,25.712478952517476
0.0,0.9172406203976234,3.1210722043591717,6.504256226813834,10.462449180787505,14.954377650249247,16.4179257470443,19.41184628441272,24.375901631189308,24.225339586150323,25.712478952517476
0.0,0.9172406203976234,3.1210722043591717,6.504256226813834,10.462449180787505,14.954377650249247,16.4179257470443,19.41184628441272,24.375901631189308,24.225339586150323,25.712478952517476
0.0,0.9172406203976234,3.1210722043591717,6.504256226813834,10.462449180787505,14.954377650249247,16.4179257470443,19.41184628441272,24.375901631189308,24.225339586150323,25.712478952517476
0.0,0.9172406203976234,3.1210722043591717,6.504256226813834,10.462449180787505,14.954377650249247,16.4179257470443,19.41184628441272,24.375901631189308,24.225339586150323,25.712478952517476
0.0,0.9172406203976234,3.1210722043591717,6.504256226813834,10.462449180787505,14.954377650249247,16.4179257470443,19.41184628441272,24.375901631189308,24.225339586150323,25.712478952517476
0.0,0.9172406203976234,3.1210722043591717,6.504256226813834,10.462449180787505,14.954377650249247,16.4179257470443,19.41184628441272,24.375901631189308,24.225339586150323,25.712478952517476
0.0,0.9172406203976234,3.1210722043591717,6.504256226813834,10.462449180787505,14.954377650249247,16.4179257470443,19.41184628441272,24.375901631189308,24.225339586150323,25.712478952517476
0.0,0.9172406203976234,3.1210722043591717,6.504256226813834,10.462449180787505,14.954377650249247,16.4179257470443,19.41184628441272,24.375901631189308,24.225339586150323,25.712478952517476
0.0,0.9172406203976234,3.1210722043591717,6.504256226813834,10.462449180787505,14.954377650249247,16.4179257470443,19.41184628441272,24.375901631189308,24.225339586150323,25.712478952517476
0.0,0.9172406203976234,3.1210722043591717,6.504256226813834,10.462449180787505,14.954377650249247,16.4179257470443,19.41184628441272,24.375901631189308,24.225339586150323,25.712478952517476
0.0,0.9172406203976234,3.1210722043591717,6.504256226813834,10.462449180787505,14.954377650249247,16.4179257470443,19.41184628441272,24.375901631189308,24.225339586150323,25.712478952517476
0.0,0.9172406203976234,3.1210722043591717,6.504256226813834,10.462449180787505,14.954377650249247,16.4179257470443,19.41184628441272,24.375901631189308,24.225339586150323,25.712478952517476
0.0,0.9172406203976234,3.1210722043591717,6.504256226813834,10.462449180787505,14.954377650249247,16.4179257470443,19.41184628441272,24.375901631189308,24.225339586150323,25.712478952517476
0.0,0.9172406203976234,3.1210722043591717,6.504256226813834,10.462449180787505,14.954377650249247,16.4179257470443,19.41184628441272,24.375901631189308,24.225339586150323,25.712478952517476
0.0,0.9172406203976234,3.1210722043591717,6.504256226813834,10.462449180787505,14.954377650249247,16.4179257470443,19.41184628441272,24.375901631189308,24.225339586150323,25.712478952517476
0.0,0.9172406203976234,3.1210722043591717,6.504256226813834,10.462449180787505,14.954377650249247,16.4179257470443,19.41184628441272,24.375901631189308,24.225339586150323,25.712478952517476
0.0,0.9172406203976234,3.1210722043591717,6.504256226813834,10.462449180787505,14.954377650249247,16.4179257470443,19.41184628441272,24.375901631189308,24.225339586150323,25.712478952517476
0.0,0.9172406203976234,3.1210722043591717,6.504256226813834,10.462449180787505,14.954377650249247,16.4179257470443,19.41184628441272,24.375901631189308,24.225339586150323,25.712478952517476
0.0,0.9172406203976234,3.1210722043591717,6.504256226813834,10.462449180787505,14.954377650249247,16.4179257470443,19.41184628441272,24.375901631189308,24.225339586150323,25.712478952517476
0.0,0.9172406203976234,3.1210722043591717,6.504256226813834,10.462449180787505,14.954377650249247,16.4179257470443,19.41184628441272,24.375901631189308,24.225339586150323,25.712478952517476
0.0,0.9172406203976234,3.1210722043591717,6.504256226813834,10.462449180787505,14.954377650249247,16.4179257470443,19.41184628441272,24.375901631189308,24.225339586150323,25.712478952517476
0.0,0.9172406203976234,3.1210722043591717,6.504256226813834,10.462449180787505,14.954377650249247,16.4179257470443,19.41184628441272,24.375901631189308,24.225339586150323,25.712478952517476
0.0,0.9172406203976234,3.1210722043591717,6.504256226813834,10.462449180787505,14.954377650249247,16.4179257470443,19.41184628441272,24.375901631189308,24.225339586150323,25.712478952517476
0.0,0.9172406203976234,3.1210722043591717,6.504256226813834,10.462449180787505,14.954377650249247,16.4179257470443,19.41184628441272,24.375901631189308,24.225339586150323,25.712478952517476
0.0,0.9172406203976234,3.1210722043591717,6.504256226813834,10.462449180787505,14.954377650249247,16.4179257470443,19.41184628441272,24.375901631189308,24.225339586150323,25.712478952517476
0.0,0.9172406203976234,3.1210722043591717,6.504256226813834,10.462449180787505,14.954377650249247,16.4179257470443,19.41184628441272,24.375901631189308,24.0521058034523,25.64117754352325
0.0,0.9172406203976234,3.1210722043591717,6.504256226813834,10.462449180787505,14.954377650249247,16.4179257470443,19.41184628441272,24.375901631189308,24.0521058034523,25.64117754352325
0.0,0.9172406203976234,3.1210722043591717,6.504256226813834,10.462449180787505,14.954377650249247,16.4179257470443,19.41184628441272,24.375901631189308,24.0521058034523,25.64117754352325
0.0,0.9172406203976234,3.1210722043591717,6.504256226813834,10.462449180787505,14.954377650249247,16.4179257470443,19.41184628441272,24.375901631189308,24.070647184649534,25.64117754352325
0.0,0.9172406203976234,3.1210722043591717,6.504256226813834,10.462449180787505,14.954377650249247,16.4179257470443,19.41184628441272,24.375901631189308,24.070647184649534,25.64117754352325
0.0,0.9172406203976234,3.1210722043591717,6.504256226813834,10.462449180787505,14.954377650249247,16.4179257470443,19.41184628441272,24.375901631189308,24.070647184649534,25.64117754352325
0.0,0.9172406203976234,3.1210722043591717,6.504256226813834,10.462449180787505,14.954377650249247,16.4179257470443,19.41184628441272,24.375901631189308,24.070647184649534,25.64117754352325
0.0,0.9172406203976234,3.1210722043591717,6.504256226813834,10.462449180787505,14.954377650249247,16.4179257470443,19.41184628441272,24.375901631189308,24.070647184649534,25.64117754352325
0.0,0.9172406203976234,3.1210722043591717,6.504256226813834,10.462449180787505,14.954377650249247,16.4179257470443,19.41184628441272,24.375901631189308,24.070647184649534,25.64117754352325
0.0,0.9172406203976234,3.1210722043591717,6.504256226813834,10.462449180787505,14.954377650249247,16.4179257470443,19.41184628441272,24.375901631189308,24.070647184649534,25.64117754352325
0.0,0.9172406203976234,3.1210722043591717,6.504256226813834,10.462449180787505,14.954377650249247,16.4179257470443,19.41184628441272,24.375901631189308,24.070647184649534,25.64117754352325
0.0,0.9172406203976234,3.1210722043591717,6.504256226813834,10.462449180787505,14.954377650249247,16.4179257470443,19.41184628441272,24.375901631189308,24.070647184649534,25.64117754352325
0.0,0.9172406203976234,3.1210722043591717,6.504256226813834,10.462449180787505,14.954377650249247,16.4179257470443,19.41184628441272,24.375901631189308,24.070647184649534,25.64117754352325
0.0,0.9172406203976234,3.1210722043591717,6.504256226813834,10.462449180787505,14.954377650249247,16.4179257470443,19.41184628441272,24.375901631189308,24.070647184649534,25.64117754352325
0.0,0.9172406203976234,3.1210722043591717,6.504256226813834,10.462449180787505,14.954377650249247,16.4179257470443,19.41184628441272,24.375901631189308,24.070647184649534,25.64117754352325
0.0,0.9172406203976234,3.1210722043591717,6.504256226813834,10.462449180787505,14.954377650249247,16.4179257470443,19.41184628441272,24.375901631189308,24.070647184649534,25.64117754352325
0.0,0.9172406203976234,3.1210722043591717,6.504256226813834,10.462449180787505,14.954377650249247,16.4179257470443,19.41184628441272,24.375901631189308,24.070647184649534,25.64117754352325
0.0,0.9172406203976234,3.1210722043591717,6.504256226813834,10.462449180787505,14.954377650249247,16.4179257470443,19.41184628441272,24.375901631189308,24.070647184649534,25.64117754352325
0.0,0.9172406203976234,3.1210722043591717,6.504256226813834,10.462449180787505,14.954377650249247,16.4179257470443,19.41184628441272,24.375901631189308,24.070647184649534,25.64117754352325
0.0,0.9172406203976234,3.1210722043591717,6.504256226813834,10.462449180787505,14.954377650249247,16.4179257470443,19.41184628441272,24.375901631189308,24.070647184649534,25.64117754352325
0.0,0.9172406203976234,3.1210722043591717,6.504256226813834,10.462449180787505,14.954377650249247,16.4179257470443,19.41184628441272,24.375901631189308,24.070647184649534,25.64117754352325
0.0,0.9172406203976234,3.1210722043591717,6.504256226813834,10.462449180787505,14.954377650249247,16.4179257470443,19.41184628441272,24.375901631189308,24.070647184649534,25.64117754352325
0.0,0.9172406203976234,3.1210722043591717,6.504256226813834,10.462449180787505,14.954377650249247,16.4179257470443,19.41184628441272,24.375901631189308,24.070647184649534,25.64117754352325
0.0,0.9172406203976234,3.1210722043591717,6.504256226813834,10.462449180787505,14.954377650249247,16.4179257470443,19.41184628441272,24.375901631189308,24.070647184649534,25.64117754352325
0.0,0.9172406203976234,3.1210722043591717,6.504256226813834,10.462449180787505,14.954377650249247,16.4179257470443,19.41184628441272,24.375901631189308,24.070647184649534,25.64117754352325
0.0,0.9172406203976234,3.1210722043591717,6.504256226813834,10.462449180787505,14.954377650249247,16.4179257470443,19.41184628441272,24.375901631189308,24.070647184649534,25.64117754352325
0.0,0.9172406203976234,3.1210722043591717,6.504256226813834,10.462449180787505,14.954377650249247,16.4179257470443,19.41184628441272,24.375901631189308,24.070647184649534,25.64117754352325
0.0,0.9172406203976234,3.1210722043591717,6.504256226813834,10.462449180787505,14.954377650249247,16.4179257470443,19.41184628441272,24.375901631189308,24.070647184649534,25.64117754352325
0.0,0.9172406203976234,3.1210722043591717,6.504256226813834,10.462449180787505,14.954377650249247,16.4179257470443,19.41184628441272,24.375901631189308,24.070647184649534,25.64117754352325
0.0,0.9172406203976234,3.1210722043591717,6.504256226813834,10.462449180787505,14.954377650249247,16.4179257470443,19.41184628441272,24.375901631189308,24.070647184649534,25.64117754352325
0.0,0.9172406203976234,3.1210722043591717,6.504256226813834,10.462449180787505,14.954377650249247,16.4179257470443,19.41184628441272,24.375901631189308,24.070647184649534,25.64117754352325
0.0,0.9172406203976234,3.1210722043591717,6.504256226813834,10.462449180787505,14.954377650249247,16.4179257470443,19.41184628441272,24.375901631189308,24.070647184649534,25.64117754352325
0.0,0.9172406203976234,3.1210722043591717,6.504256226813834,10.462449180787505,14.954377650249247,16.4179257470443,19.41184628441272,24.375901631189308,24.070647184649534,25.64117754352325
0.0,0.9172406203976234,3.1210722043591717,6.504256226813834,10.462449180787505,14.954377650249247,16.4179257470443,19.41184628441272,24.375901631189308,24.070647184649534,25.64117754352325
0.0,0.9172406203976234,3.1210722043591717,6.504256226813834,10.462449180787505,14.954377650249247,16.4179257470443,19.41184628441272,24.375901631189308,24.070647184649534,25.64117754352325
0.0,0.9172406203976234,3.1210722043591717,6.504256226813834,10.462449180787505,14.954377650249247,16.4179257470443,19.41184628441272,24.375901631189308,24.070647184649534,25.64117754352325
0.0,0.9172406203976234,3.1210722043591717,6.504256226813834,10.462449180787505,14.954377650249247,16.4179257470443,19.41184628441272,24.375901631189308,24.070647184649534,25.64117754352325
0.0,0.9172406203976234,3.1210722043591717,6.504256226813834,10.462449180787505,14.954377650249247,16.4179257470443,19.41184628441272,24.375901631189308,24.070647184649534,25.64117754352325
0.0,0.9172406203976234,3.1210722043591717,6.504256226813834,10.462449180787505,14.954377650249247,16.4179257470443,19.41184628441272,24.375901631189308,24.070647184649534,25.64117754352325
0.0,0.9172406203976234,3.1210722043591717,6.504256226813834,10.462449180787505,14.954377650249247,16.4179257470443,19.41184628441272,24.375901631189308,24.070647184649534,25.64117754352325
0.0,0.9172406203976234,3.1210722043591717,6.504256226813834,10.462449180787505,14.954377650249247,16.4179257470443,19.41184628441272,24.375901631189308,24.070647184649534,25.64117754352325
0.0,0.9172406203976234,3.1210722043591717,6.504256226813834,10.462449180787505,14.954377650249247,16.4179257470443,19.41184628441272,24.375901631189308,24.070647184649534,25.64117754352325
0.0,0.9172406203976234,3.1210722043591717,6.504256226813834,10.462449180787505,14.954377650249247,16.4179257470443,19.41184628441272,24.375901631189308,24.070647184649534,25.64117754352325
0.0,0.9172406203976234,3.1210722043591717,6.504256226813834,10.462449180787505,14.954377650249247,16.4179257470443,19.41184628441272,24.375901631189308,24.070647184649534,25.64117754352325
0.0,0.9172406203976234,3.1210722043591717,6.504256226813834,10.462449180787505,14.954377650249247,16.4179257470443,19.41184628441272,24.375901631189308,24.070647184649534,25.64117754352325
0.0,0.9172406203976234,3.1210722043591717,6.504256226813834,10.462449180787505,14.954377650249247,16.4179257470443,19.41184628441272,24.375901631189308,24.070647184649534,25.64117754352325
0.0,0.9172406203976234,3.1210722043591717,6.504256226813834,10.462449180787505,14.954377650249247,16.4179257470443,19.41184628441272,24.375901631189308,24.070647184649534,25.64117754352325
0.0,0.9172406203976234,3.1210722043591717,6.504256226813834,10.462449180787505,14.954377650249247,16.4179257470443,19.41184628441272,24.375901631189308,24.070647184649534,25.64117754352325
0.0,0.9172406203976234,3.1210722043591717,6.504256226813834,10.462449180787505,14.954377650249247,16.4179257470443,19.41184628441272,24.375901631189308,24.070647184649534,25.64117754352325
0.0,0.9172406203976234,3.1210722043591717,6.504256226813834,10.462449180787505,14.954377650249247,16.4179257470443,19.41184628441272,24.375901631189308,24.070647184649534,25.64117754352325
0.0,0.9172406203976234,3.1210722043591717,6.504256226813834,10.462449180787505,14.954377650249247,16.4179257470443,19.41184628441272,24.375901631189308,24.070647184649534,25.64117754352325
0.0,0.9172406203976234,3.1210722043591717,6.504256226813834,10.462449180787505,14.954377650249247,16.4179257470443,19.41184628441272,24.375901631189308,24.070647184649534,25.64117754352325
0.0,0.9172406203976234,3.1210722043591717,6.504256226813834,10.462449180787505,14.84279772860542,16.383420688865066,19.41184628441272,24.375901631189308,24.070647184649534,25.64117754352325
0.0,0.9172406203976234,3.1210722043591717,6.504256226813834,10.462449180787505,14.84279772860542,16.383420688865066,19.41184628441272,24.375901631189308,24.070647184649534,25.64117754352325
0.0,0.9172406203976234,3.1210722043591717,6.504256226813834,10.462449180787505,14.84279772860542,16.383420688865066,19.41184628441272,24.375901631189308,24.070647184649534,25.64117754352325
0.0,0.9172406203976234,3.1210722043591717,6.504256226813834,10.462449180787505,14.84279772860542,16.383420688865066,19.41184628441272,24.375901631189308,24.070647184649534,25.64117754352325
0.0,0.9172406203976234,3.1210722043591717,6.504256226813834,10.462449180787505,14.84279772860542,16.383420688865066,19.41184628441272,24.375901631189308,24.070647184649534,25.64117754352325
0.0,0.9172406203976234,3.1210722043591717,6.504256226813834,10.462449180787505,14.84279772860542,16.383420688865066,19.41184628441272,24.375901631189308,24.070647184649534,25.64117754352325
0.0,0.9172406203976234,3.1210722043591717,6.504256226813834,10.462449180787505,14.84279772860542,16.383420688865066,19.41184628441272,24.375901631189308,24.070647184649534,25.64117754352325
0.0,0.9172406203976234,3.1210722043591717,6.504256226813834,10.462449180787505,14.84279772860542,16.383420688865066,19.41184628441272,24.375901631189308,24.070647184649534,25.64117754352325
0.0,0.9172406203976234,3.1210722043591717,6.504256226813834,10.462449180787505,14.84279772860542,16.383420688865066,19.41184628441272,24.375901631189308,24.070647184649534,25.64117754352325
0.0,0.9172406203976234,3.1210722043591717,6.504256226813834,10.462449180787505,14.84279772860542,16.383420688865066,19.41184628441272,24.375901631189308,24.070647184649534,25.64117754352325
0.0,0.9172406203976234,3.1210722043591717,6.504256226813834,10.462449180787505,14.84279772860542,16.383420688865066,19.41184628441272,24.375901631189308,24.070647184649534,25.64117754352325
0.0,0.9172406203976234,3.1210722043591717,6.504256226813834,10.462449180787505,14.84279772860542,16.383420688865066,19.41184628441272,24.375901631189308,24.070647184649534,25.64117754352325
0.0,0.9172406203976234,3.1210722043591717,6.504256226813834,10.462449180787505,14.84279772860542,16.383420688865066,19.41184628441272,24.375901631189308,24.070647184649534,25.64117754352325
0.0,0.9172406203976234,3.1210722043591717,6.504256226813834,10.462449180787505,14.84279772860542,16.383420688865066,19.41184628441272,24.375901631189308,24.070647184649534,25.64117754352325
0.0,0.9172406203976234,3.1210722043591717,6.504256226813834,10.462449180787505,14.84279772860542,16.383420688865066,19.41184628441272,24.375901631189308,24.070647184649534,25.64117754352325
0.0,0.9172406203976234,3.1210722043591717,6.504256226813834,10.462449180787505,14.84279772860542,16.383420688865066,19.41184628441272,24.375901631189308,24.070647184649534,25.64117754352325
0.0,0.9172406203976234,3.1210722043591717,6.504256226813834,10.462449180787505,14.84279772860542,16.383420688865066,19.41184628441272,24.375901631189308,24.070647184649534,25.64117754352325
0.0,0.9172406203976234,3.1210722043591717,6.504256226813834,10.462449180787505,14.736644552677863,16.383420688865066,19.41184628441272,24.375901631189308,24.070647184649534,25.64117754352325
0.0,0.9172406203976234,3.1210722043591717,6.504256226813834,10.462449180787505,14.736644552677863,16.383420688865066,19.41184628441272,24.375901631189308,24.070647184649534,25.64117754352325
0.0,0.9172406203976234,3.1210722043591717,6.504256226813834,10.462449180787505,14.736644552677863,16.383420688865066,19.41184628441272,24.375901631189308,24.070647184649534,25.64117754352325
0.0,0.9172406203976234,3.1210722043591717,6.504256226813834,10.462449180787505,14.736644552677863,16.383420688865066,19.41184628441272,24.375901631189308,24.070647184649534,25.64117754352325
0.0,0.9172406203976234,3.1210722043591717,6.504256226813834,10.462449180787505,14.736644552677863,16.383420688865066,19.41184628441272,24.375901631189308,24.070647184649534,25.64117754352325
0.0,0.9172406203976234,3.1210722043591717,6.504256226813834,10.462449180787505,14.736644552677863,16.383420688865066,19.41184628441272,24.375901631189308,24.070647184649534,25.64117754352325
0.0,0.9172406203976234,3.1210722043591717,6.504256226813834,10.462449180787505,14.736644552677863,16.383420688865066,19.41184628441272,24.375901631189308,24.070647184649534,25.64117754352325
0.0,0.9172406203976234,3.1210722043591717,6.504256226813834,10.462449180787505,14.736644552677863,16.383420688865066,19.41184628441272,24.375901631189308,24.070647184649534,25.64117754352325
0.0,0.9172406203976234,3.1210722043591717,6.504256226813834,10.462449180787505,14.736644552677863,16.383420688865066,19.41184628441272,24.375901631189308,24.070647184649534,25.64117754352325
0.0,0.9172406203976234,3.1210722043591717,6.504256226813834,10.462449180787505,14.736644552677863,16.383420688865066,19.41184628441272,24.375901631189308,24.070647184649534,25.64117754352325
0.0,0.9172406203976234,3.1210722043591717,6.504256226813834,10.462449180787505,14.736644552677863,16.383420688865066,19.41184628441272,24.375901631189308,24.070647184649534,25.64117754352325
0.0,0.9172406203976234,3.1210722043591717,6.504256226813834,10.462449180787505,14.736644552677863,16.383420688865066,19.41184628441272,24.185648970953324,24.070647184649534,25.64117754352325
0.0,0.9172406203976234,3.1210722043591717,6.504256226813834,10.462449180787505,14.736644552677863,16.383420688865066,19.41184628441272,24.185648970953324,24.070647184649534,25.64117754352325
0.0,0.9172406203976234,3.1210722043591717,6.504256226813834,10.462449180787505,14.736644552677863,16.383420688865066,19.41184628441272,24.185648970953324,24.070647184649534,25.64117754352325
0.0,0.9172406203976234,3.1210722043591717,6.504256226813834,10.462449180787505,14.736644552677863,16.383420688865066,19.41184628441272,24.185648970953324,24.070647184649534,25.64117754352325
0.0,0.9172406203976234,3.1210722043591717,6.504256226813834,10.462449180787505,14.736644552677863,16.383420688865066,19.41184628441272,24.185648970953324,24.070647184649534,25.64117754352325
0.0,0.9172406203976234,3.1210722043591717,6.504256226813834,10.462449180787505,14.736644552677863,16.383420688865066,19.41184628441272,24.185648970953324,24.070647184649534,25.64117754352325
0.0,0.9172406203976234,3.1210722043591717,6.504256226813834,10.462449180787505,14.736644552677863,16.383420688865066,19.41184628441272,24.185648970953324,24.070647184649534,25.64117754352325
0.0,0.9172406203976234,3.1210722043591717,6.504256226813834,10.462449180787505,14.736644552677863,16.383420688865066,19.41184628441272,24.185648970953324,24.070647184649534,25.64117754352325
0.0,0.9172406203976234,3.1210722043591717,6.504256226813834,10.462449180787505,14.736644552677863,16.383420688865066,19.41184628441272,24.185648970953324,24.070647184649534,25.64117754352325
0.0,0.9172406203976234,3.1210722043591717,6.504256226813834,10.462449180787505,14.736644552677863,16.383420688865066,19.41184628441272,24.185648970953324,24.070647184649534,25.64117754352325
0.0,0.9172406203976234,3.1210722043591717,6.504256226813834,10.462449180787505,14.736644552677863,16.383420688865066,19.41184628441272,24.185648970953324,24.070647184649534,25.64117754352325
0.0,0.9172406203976234,3.1210722043591717,6.504256226813834,10.462449180787505,14.736644552677863,16.383420688865066,19.41184628441272,24.185648970953324,24.070647184649534,25.64117754352325
0.0,0.9172406203976234,3.1210722043591717,6.504256226813834,10.462449180787505,14.736644552677863,16.383420688865066,19.41184628441272,24.185648970953324,24.070647184649534,25.64117754352325
0.0,0.9172406203976234,3.1210722043591717,6.504256226813834,10.462449180787505,14.736644552677863,16.383420688865066,19.41184628441272,24.185648970953324,24.070647184649534,25.64117754352325
0.0,0.9172406203976234,3.1210722043591717,6.504256226813834,10.462449180787505,14.736644552677863,16.383420688865066,19.41184628441272,24.185648970953324,24.070647184649534,25.64117754352325
0.0,0.9172406203976234,3.1210722043591717,6.504256226813834,10.462449180787505,14.736644552677863,16.383420688865066,19.41184628441272,24.185648970953324,24.070647184649534,25.64117754352325
0.0,0.9172406203976234,3.1210722043591717,6.504256226813834,10.462449180787505,14.736644552677863,16.383420688865066,19.41184628441272,24.185648970953324,24.070647184649534,25.64117754352325
0.0,0.9172406203976234,3.1210722043591717,6.504256226813834,10.462449180787505,14.736644552677863,16.383420688865066,19.41184628441272,24.185648970953324,24.070647184649534,25.64117754352325
0.0,0.9172406203976234,3.1210722043591717,6.504256226813834,10.462449180787505,14.736644552677863,16.383420688865066,19.41184628441272,24.185648970953324,24.070647184649534,25.64117754352325
0.0,0.9172406203976234,3.1210722043591717,6.504256226813834,10.462449180787505,14.736644552677863,16.383420688865066,19.41184628441272,24.185648970953324,24.070647184649534,25.64117754352325
0.0,0.9172406203976234,3.1210722043591717,6.504256226813834,10.462449180787505,14.736644552677863,16.383420688865066,19.41184628441272,24.185648970953324,24.070647184649534,25.64117754352325
0.0,0.9172406203976234,3.1210722043591717,6.504256226813834,10.462449180787505,14.736644552677863,16.383420688865066,19.41184628441272,24.185648970953324,24.070647184649534,25.64117754352325
0.0,0.9172406203976234,3.1210722043591717,6.504256226813834,10.462449180787505,14.736644552677863,16.383420688865066,19.41184628441272,24.185648970953324,24.070647184649534,25.64117754352325
0.0,0.9172406203976234,3.1210722043591717,6.504256226813834,10.462449180787505,14.736644552677863,16.383420688865066,19.41184628441272,24.185648970953324,24.070647184649534,25.64117754352325
0.0,0.9172406203976234,3.1210722043591717,6.504256226813834,10.462449180787505,14.736644552677863,16.383420688865066,19.41184628441272,24.185648970953324,24.070647184649534,25.64117754352325
0.0,0.9172406203976234,3.1210722043591717,6.504256226813834,10.462449180787505,14.736644552677863,16.383420688865066,19.41184628441272,24.185648970953324,24.070647184649534,25.64117754352325
0.0,0.9172406203976234,3.1210722043591717,6.504256226813834,10.462449180787505,14.736644552677863,16.383420688865066,19.41184628441272,24.185648970953324,24.070647184649534,25.64117754352325
0.0,0.9172406203976234,3.1210722043591717,6.504256226813834,10.462449180787505,14.736644552677863,16.383420688865066,19.41184628441272,24.185648970953324,24.070647184649534,25.64117754352325
0.0,0.9172406203976234,3.1210722043591717,6.504256226813834,10.462449180787505,14.736644552677863,16.383420688865066,19.41184628441272,24.185648970953324,24.070647184649534,25.64117754352325
0.0,0.9172406203976234,3.1210722043591717,6.504256226813834,10.462449180787505,14.736644552677863,16.383420688865066,19.41184628441272,24.185648970953324,24.070647184649534,25.64117754352325
0.0,0.9172406203976234,3.1210722043591717,6.504256226813834,10.462449180787505,14.736644552677863,16.383420688865066,19.41184628441272,24.185648970953324,24.070647184649534,25.64117754352325
0.0,0.9172406203976234,3.1210722043591717,6.504256226813834,10.462449180787505,14.736644552677863,16.383420688865066,19.41184628441272,24.185648970953324,24.070647184649534,25.64117754352325
0.0,0.9172406203976234,3.1210722043591717,6.504256226813834,10.462449180787505,14.736644552677863,16.383420688865066,19.41184628441272,24.185648970953324,24.070647184649534,25.64117754352325
0.0,0.9172406203976234,3.1210722043591717,6.504256226813834,10.462449180787505,14.736644552677863,16.383420688865066,19.41184628441272,24.185648970953324,24.070647184649534,25.64117754352325
0.0,0.9172406203976234,3.1210722043591717,6.504256226813834,10.462449180787505,14.736644552677863,16.383420688865066,19.41184628441272,24.185648970953324,24.070647184649534,25.64117754352325
0.0,0.9172406203976234,3.1210722043591717,6.504256226813834,10.462449180787505,14.736644552677863,16.383420688865066,19.41184628441272,24.185648970953324,24.070647184649534,25.64117754352325
0.0,0.9172406203976234,3.1210722043591717,6.504256226813834,10.462449180787505,14.736644552677863,16.383420688865066,19.41184628441272,24.185648970953324,24.070647184649534,25.64117754352325
0.0,0.9172406203976234,3.1210722043591717,6.504256226813834,10.462449180787505,14.736644552677863,16.383420688865066,19.41184628441272,24.185648970953324,24.070647184649534,25.64117754352325
0.0,0.9172406203976234,3.1210722043591717,6.504256226813834,10.462449180787505,14.736644552677863,16.383420688865066,19.41184628441272,24.185648970953324,24.070647184649534,25.64117754352325
0.0,0.9172406203976234,3.1210722043591717,6.504256226813834,10.462449180787505,14.736644552677863,16.383420688865066,19.41184628441272,24.185648970953324,24.070647184649534,25.64117754352325
0.0,0.9172406203976234,3.1210722043591717,6.504256226813834,10.462449180787505,14.736644552677863,16.383420688865066,19.41184628441272,24.185648970953324,24.070647184649534,25.64117754352325
0.0,0.9172406203976234,3.1210722043591717,6.504256226813834,10.462449180787505,14.736644552677863,16.383420688865066,19.41184628441272,24.185648970953324,24.070647184649534,25.64117754352325
0.0,0.9172406203976234,3.1210722043591717,6.504256226813834,10.462449180787505,14.736644552677863,16.383420688865066,19.41184628441272,24.185648970953324,24.070647184649534,25.64117754352325
0.0,0.9172406203976234,3.1210722043591717,6.504256226813834,10.462449180787505,14.736644552677863,16.383420688865066,19.41184628441272,24.185648970953324,24.070647184649534,25.64117754352325
0.0,0.9172406203976234,3.1210722043591717,6.504256226813834,10.462449180787505,14.736644552677863,16.383420688865066,19.41184628441272,24.185648970953324,24.070647184649534,25.64117754352325
0.0,0.9172406203976234,3.1210722043591717,6.504256226813834,10.462449180787505,14.736644552677863,16.383420688865066,19.41184628441272,24.185648970953324,24.070647184649534,25.64117754352325
0.0,0.9172406203976234,3.1210722043591717,6.504256226813834,10.462449180787505,14.736644552677863,16.383420688865066,19.41184628441272,24.185648970953324,24.070647184649534,25.64117754352325
0.0,0.9172406203976234,3.1210722043591717,6.504256226813834,10.462449180787505,14.736644552677863,16.383420688865066,19.41184628441272,24.185648970953324,24.070647184649534,25.64117754352325
0.0,0.9172406203976234,3.1210722043591717,6.504256226813834,10.462449180787505,14.736644552677863,16.383420688865066,19.41184628441272,24.185648970953324,24.070647184649534,25.64117754352325
0.0,0.9172406203976234,3.1210722043591717,6.504256226813834,10.462449180787505,14.736644552677863,16.383420688865066,19.41184628441272,24.185648970953324,24.070647184649534,25.64117754352325
0.0,0.9172406203976234,3.1210722043591717,6.504256226813834,10.462449180787505,14.736644552677863,16.383420688865066,19.41184628441272,24.185648970953324,24.070647184649534,25.64117754352325
0.0,0.9172406203976234,3.1210722043591717,6.504256226813834,10.462449180787505,14.736644552677863,16.383420688865066,19.41184628441272,24.185648970953324,24.070647184649534,25.64117754352325
0.0,0.9172406203976234,3.1210722043591717,6.504256226813834,10.462449180787505,14.736644552677863,16.383420688865066,19.41184628441272,24.185648970953324,24.070647184649534,25.64117754352325
0.0,0.9172406203976234,3.1210722043591717,6.504256226813834,10.462449180787505,14.736644552677863,16.383420688865066,19.41184628441272,24.185648970953324,24.070647184649534,25.64117754352325
0.0,0.9172406203976234,3.1210722043591717,6.504256226813834,10.462449180787505,14.736644552677863,16.383420688865066,19.41184628441272,24.185648970953324,24.070647184649534,25.64117754352325
0.0,0.9172406203976234,3.1210722043591717,6.504256226813834,10.462449180787505,14.736644552677863,16.383420688865066,19.41184628441272,24.185648970953324,24.070647184649534,25.64117754352325
0.0,0.9172406203976234,3.1210722043591717,6.504256226813834,10.462449180787505,14.736644552677863,16.383420688865066,19.41184628441272,24.185648970953324,24.070647184649534,25.64117754352325
0.0,0.9172406203976234,3.1210722043591717,6.504256226813834,10.462449180787505,14.736644552677863,16.383420688865066,19.41184628441272,24.185648970953324,24.070647184649534,25.64117754352325
0.0,0.9172406203976234,3.1210722043591717,6.504256226813834,10.462449180787505,14.736644552677863,16.383420688865066,19.41184628441272,24.185648970953324,24.070647184649534,25.64117754352325
0.0,0.9172406203976234,3.1210722043591717,6.504256226813834,10.462449180787505,14.736644552677863,16.383420688865066,19.41184628441272,24.185648970953324,24.070647184649534,25.64117754352325
0.0,0.9172406203976234,3.1210722043591717,6.504256226813834,10.462449180787505,14.736644552677863,16.383420688865066,19.41184628441272,24.185648970953324,24.070647184649534,25.64117754352325
0.0,0.9172406203976234,3.1210722043591717,6.504256226813834,10.462449180787505,14.736644552677863,16.383420688865066,19.41184628441272,24.185648970953324,24.070647184649534,25.64117754352325
0.0,0.9172406203976234,3.1210722043591717,6.504256226813834,10.462449180787505,14.736644552677863,16.383420688865066,19.41184628441272,24.185648970953324,24.070647184649534,25.64117754352325
0.0,0.9172406203976234,3.1210722043591717,6.504256226813834,10.462449180787505,14.736644552677863,16.383420688865066,19.41184628441272,24.185648970953324,24.070647184649534,25.64117754352325
0.0,0.9172406203976234,3.1210722043591717,6.504256226813834,10.462449180787505,14.736644552677863,16.383420688865066,19.41184628441272,24.185648970953324,24.070647184649534,25.64117754352325
0.0,0.9172406203976234,3.1210722043591717,6.504256226813834,10.462449180787505,14.736644552677863,16.383420688865066,19.41184628441272,24.185648970953324,24.070647184649534,25.64117754352325
0.0,0.9172406203976234,3.1210722043591717,6.504256226813834,10.462449180787505,14.736644552677863,16.383420688865066,19.41184628441272,24.185648970953324,24.070647184649534,25.64117754352325
0.0,0.9172406203976234,3.1210722043591717,6.504256226813834,10.462449180787505,14.572229231768752,16.383420688865066,19.41184628441272,24.185648970953324,24.070647184649534,25.64117754352325
0.0,0.9172406203976234,3.1210722043591717,6.504256226813834,10.462449180787505,14.572229231768752,16.383420688865066,19.41184628441272,24.185648970953324,24.070647184649534,25.64117754352325
0.0,0.9172406203976234,3.1210722043591717,6.504256226813834,10.462449180787505,14.572229231768752,16.383420688865066,19.41184628441272,24.185648970953324,24.070647184649534,25.64117754352325
0.0,0.9172406203976234,3.1210722043591717,6.504256226813834,10.462449180787505,14.572229231768752,16.383420688865066,19.41184628441272,24.185648970953324,24.070647184649534,25.64117754352325
0.0,0.9172406203976234,3.1210722043591717,6.504256226813834,10.462449180787505,14.572229231768752,16.383420688865066,19.41184628441272,24.185648970953324,24.070647184649534,25.64117754352325
0.0,0.9172406203976234,3.1210722043591717,6.504256226813834,10.462449180787505,14.572229231768752,16.383420688865066,19.41184628441272,24.185648970953324,24.070647184649534,25.64117754352325
0.0,0.9172406203976234,3.1210722043591717,6.504256226813834,10.462449180787505,14.572229231768752,16.383420688865066,19.41184628441272,24.185648970953324,24.070647184649534,25.64117754352325
0.0,0.9172406203976234,3.1210722043591717,6.504256226813834,10.462449180787505,14.572229231768752,16.383420688865066,19.41184628441272,24.185648970953324,24.070647184649534,25.64117754352325
0.0,0.9172406203976234,3.1210722043591717,6.504256226813834,10.462449180787505,14.572229231768752,16.383420688865066,19.41184628441272,24.185648970953324,24.070647184649534,25.64117754352325
0.0,0.9172406203976234,3.1210722043591717,6.504256226813834,10.462449180787505,14.572229231768752,16.383420688865066,19.41184628441272,24.185648970953324,24.070647184649534,25.64117754352325
0.0,0.9172406203976234,3.1210722043591717,6.504256226813834,10.462449180787505,14.572229231768752,16.383420688865066,19.41184628441272,24.185648970953324,24.070647184649534,25.64117754352325
0.0,0.9172406203976234,3.1210722043591717,6.504256226813834,10.462449180787505,14.572229231768752,16.383420688865066,19.41184628441272,24.185648970953324,24.070647184649534,25.64117754352325
0.0,0.9172406203976234,3.1210722043591717,6.504256226813834,10.462449180787505,14.572229231768752,16.383420688865066,19.41184628441272,24.185648970953324,24.070647184649534,25.64117754352325
0.0,0.9172406203976234,3.1210722043591717,6.504256226813834,10.462449180787505,14.572229231768752,16.383420688865066,19.41184628441272,24.185648970953324,24.070647184649534,25.64117754352325
0.0,0.9172406203976234,3.1210722043591717,6.504256226813834,10.462449180787505,14.572229231768752,16.383420688865066,19.41184628441272,24.185648970953324,24.070647184649534,25.64117754352325
0.0,0.9172406203976234,3.1210722043591717,6.504256226813834,10.462449180787505,14.572229231768752,16.383420688865066,19.41184628441272,24.185648970953324,24.070647184649534,25.64117754352325
0.0,0.9172406203976234,3.1210722043591717,6.504256226813834,10.462449180787505,14.572229231768752,16.383420688865066,19.41184628441272,24.185648970953324,24.070647184649534,25.64117754352325
0.0,0.9172406203976234,3.1210722043591717,6.504256226813834,10.462449180787505,14.572229231768752,16.383420688865066,19.41184628441272,24.185648970953324,24.070647184649534,25.467853315063287
0.0,0.9172406203976234,3.1210722043591717,6.504256226813834,10.462449180787505,14.572229231768752,16.383420688865066,19.41184628441272,24.185648970953324,24.070647184649534,25.467853315063287
0.0,0.9172406203976234,3.1210722043591717,6.427678815039924,10.462449180787505,14.572229231768752,16.383420688865066,19.41184628441272,24.185648970953324,24.041493500718286,25.563062553796367
0.0,0.9172406203976234,3.1210722043591717,6.427678815039924,10.462449180787505,14.572229231768752,16.383420688865066,19.41184628441272,24.185648970953324,24.041493500718286,25.563062553796367
0.0,0.9172406203976234,3.1210722043591717,6.427678815039924,10.462449180787505,14.572229231768752,16.383420688865066,19.41184628441272,24.185648970953324,24.041493500718286,25.563062553796367
0.0,0.9172406203976234,3.1210722043591717,6.427678815039924,10.462449180787505,14.572229231768752,16.383420688865066,19.41184628441272,24.185648970953324,24.041493500718286,25.563062553796367
0.0,0.9172406203976234,3.1210722043591717,6.427678815039924,10.462449180787505,14.572229231768752,16.383420688865066,19.41184628441272,24.185648970953324,24.041493500718286,25.563062553796367
0.0,0.9172406203976234,3.1210722043591717,6.427678815039924,10.462449180787505,14.572229231768752,16.383420688865066,19.41184628441272,24.185648970953324,24.041493500718286,25.563062553796367
0.0,0.9172406203976234,3.1210722043591717,6.427678815039924,10.462449180787505,14.572229231768752,16.383420688865066,19.41184628441272,24.185648970953324,24.041493500718286,25.563062553796367
0.0,0.9172406203976234,3.1210722043591717,6.427678815039924,10.462449180787505,14.572229231768752,16.383420688865066,19.41184628441272,24.185648970953324,24.041493500718286,25.563062553796367
0.0,0.9172406203976234,3.1210722043591717,6.427678815039924,10.462449180787505,14.572229231768752,16.383420688865066,19.41184628441272,24.185648970953324,24.041493500718286,25.563062553796367
0.0,0.9172406203976234,3.1210722043591717,6.427678815039924,10.462449180787505,14.572229231768752,16.383420688865066,19.41184628441272,24.185648970953324,24.041493500718286,25.563062553796367
0.0,0.9172406203976234,3.1210722043591717,6.427678815039924,10.462449180787505,14.343235636836143,16.26076116138386,19.218081313754823,23.87802786030953,24.041493500718286,25.563062553796367
0.0,0.9172406203976234,3.1210722043591717,6.427678815039924,10.462449180787505,14.343235636836143,16.26076116138386,19.218081313754823,23.87802786030953,24.041493500718286,25.563062553796367
0.0,0.9172406203976234,3.1210722043591717,6.427678815039924,10.462449180787505,14.343235636836143,16.26076116138386,19.218081313754823,23.87802786030953,24.041493500718286,25.563062553796367
0.0,0.9172406203976234,3.1210722043591717,6.427678815039924,10.462449180787505,14.343235636836143,16.26076116138386,19.218081313754823,23.87802786030953,24.041493500718286,25.563062553796367
0.0,0.9172406203976234,3.1210722043591717,6.427678815039924,10.462449180787505,14.343235636836143,16.26076116138386,19.218081313754823,23.87802786030953,24.041493500718286,25.563062553796367
0.0,0.9172406203976234,3.1210722043591717,6.427678815039924,10.462449180787505,14.343235636836143,16.26076116138386,19.218081313754823,23.87802786030953,24.041493500718286,25.563062553796367
0.0,0.9172406203976234,3.1210722043591717,6.427678815039924,10.462449180787505,14.343235636836143,16.26076116138386,19.218081313754823,23.87802786030953,24.041493500718286,25.563062553796367
0.0,0.9172406203976234,3.1210722043591717,6.427678815039924,10.462449180787505,14.343235636836143,16.26076116138386,19.218081313754823,23.87802786030953,24.041493500718286,25.563062553796367
0.0,0.9172406203976234,3.1210722043591717,6.427678815039924,10.462449180787505,14.343235636836143,16.26076116138386,19.218081313754823,23.87802786030953,24.041493500718286,25.563062553796367
0.0,0.9172406203976234,3.1210722043591717,6.427678815039924,10.462449180787505,14.343235636836143,16.26076116138386,19.218081313754823,23.87802786030953,24.041493500718286,25.563062553796367
0.0,0.9172406203976234,3.1210722043591717,6.427678815039924,10.462449180787505,14.343235636836143,16.26076116138386,19.218081313754823,23.87802786030953,24.041493500718286,25.563062553796367
0.0,0.9172406203976234,3.1210722043591717,6.427678815039924,10.462449180787505,14.343235636836143,16.26076116138386,19.218081313754823,23.87802786030953,24.041493500718286,25.563062553796367
0.0,0.9172406203976234,3.1210722043591717,6.427678815039924,10.462449180787505,14.343235636836143,16.26076116138386,19.218081313754823,23.87802786030953,24.041493500718286,25.563062553796367
0.0,0.9172406203976234,3.1210722043591717,6.427678815039924,10.462449180787505,14.343235636836143,16.26076116138386,19.218081313754823,23.87802786030953,24.041493500718286,25.563062553796367
0.0,0.9172406203976234,3.1210722043591717,6.427678815039924,10.462449180787505,14.343235636836143,16.26076116138386,19.218081313754823,23.87802786030953,24.041493500718286,25.563062553796367
0.0,0.9172406203976234,3.1210722043591717,6.427678815039924,10.462449180787505,14.343235636836143,16.26076116138386,19.218081313754823,23.87802786030953,24.041493500718286,25.563062553796367
0.0,0.9172406203976234,3.1210722043591717,6.427678815039924,10.462449180787505,14.343235636836143,16.26076116138386,19.218081313754823,23.87802786030953,24.041493500718286,25.563062553796367
0.0,0.9172406203976234,3.1210722043591717,6.427678815039924,10.462449180787505,14.343235636836143,16.26076116138386,19.218081313754823,23.87802786030953,24.041493500718286,25.563062553796367
0.0,0.9172406203976234,3.1210722043591717,6.427678815039924,10.462449180787505,14.343235636836143,16.26076116138386,19.218081313754823,23.87802786030953,24.041493500718286,25.563062553796367
0.0,0.9172406203976234,3.1210722043591717,6.427678815039924,10.462449180787505,14.343235636836143,16.26076116138386,19.218081313754823,23.87802786030953,24.041493500718286,25.563062553796367
0.0,0.9172406203976234,3.1210722043591717,6.427678815039924,10.462449180787505,14.343235636836143,16.26076116138386,19.218081313754823,23.87802786030953,24.041493500718286,25.563062553796367
0.0,0.9172406203976234,3.1210722043591717,6.427678815039924,10.462449180787505,14.343235636836143,16.26076116138386,19.218081313754823,23.87802786030953,24.041493500718286,25.563062553796367
0.0,0.9172406203976234,3.1210722043591717,6.427678815039924,10.462449180787505,14.343235636836143,16.26076116138386,19.218081313754823,23.87802786030953,24.041493500718286,25.563062553796367
0.0,0.9172406203976234,3.1210722043591717,6.427678815039924,10.462449180787505,14.343235636836143,16.26076116138386,19.218081313754823,23.87802786030953,24.041493500718286,25.563062553796367
0.0,0.9172406203976234,3.1210722043591717,6.427678815039924,10.462449180787505,14.343235636836143,16.26076116138386,19.218081313754823,23.87802786030953,24.041493500718286,25.563062553796367
0.0,0.9172406203976234,3.1210722043591717,6.427678815039924,10.462449180787505,14.343235636836143,16.26076116138386,19.218081313754823,23.87802786030953,24.041493500718286,25.563062553796367
0.0,0.9172406203976234,3.1210722043591717,6.427678815039924,10.462449180787505,14.343235636836143,16.26076116138386,19.218081313754823,23.87802786030953,24.041493500718286,25.563062553796367
0.0,0.9172406203976234,3.1210722043591717,6.427678815039924,10.462449180787505,14.343235636836143,16.26076116138386,19.218081313754823,23.87802786030953,24.041493500718286,25.563062553796367
0.0,0.9172406203976234,3.1210722043591717,6.427678815039924,10.462449180787505,14.343235636836143,16.26076116138386,19.218081313754823,23.87802786030953,24.041493500718286,25.563062553796367
0.0,0.9172406203976234,3.1210722043591717,6.427678815039924,10.462449180787505,14.343235636836143,16.26076116138386,19.218081313754823,23.87802786030953,24.041493500718286,25.563062553796367
0.0,0.9172406203976234,3.1210722043591717,6.427678815039924,10.462449180787505,14.343235636836143,16.26076116138386,19.218081313754823,23.87802786030953,24.041493500718286,25.563062553796367
0.0,0.9172406203976234,3.1210722043591717,6.427678815039924,10.462449180787505,14.343235636836143,16.26076116138386,19.218081313754823,23.87802786030953,24.041493500718286,25.563062553796367
0.0,0.9172406203976234,3.1210722043591717,6.427678815039924,10.462449180787505,14.343235636836143,16.26076116138386,19.218081313754823,23.87802786030953,24.041493500718286,25.563062553796367
0.0,0.9172406203976234,3.1210722043591717,6.427678815039924,10.462449180787505,14.343235636836143,16.26076116138386,19.218081313754823,23.87802786030953,24.041493500718286,25.563062553796367
0.0,0.9172406203976234,3.1210722043591717,6.427678815039924,10.462449180787505,14.343235636836143,16.26076116138386,19.218081313754823,23.87802786030953,24.041493500718286,25.563062553796367
0.0,0.9172406203976234,3.1210722043591717,6.427678815039924,10.462449180787505,14.343235636836143,16.26076116138386,19.218081313754823,23.87802786030953,24.041493500718286,25.563062553796367
0.0,0.9172406203976234,3.1210722043591717,6.427678815039924,10.462449180787505,14.343235636836143,16.26076116138386,19.218081313754823,23.87802786030953,24.041493500718286,25.563062553796367
0.0,0.9172406203976234,3.1210722043591717,6.427678815039924,10.462449180787505,14.343235636836143,16.26076116138386,19.218081313754823,23.87802786030953,24.041493500718286,25.563062553796367
0.0,0.9172406203976234,3.1210722043591717,6.427678815039924,10.462449180787505,14.343235636836143,16.26076116138386,19.218081313754823,23.87802786030953,24.041493500718286,25.563062553796367
0.0,0.9172406203976234,3.1210722043591717,6.427678815039924,10.462449180787505,14.343235636836143,16.26076116138386,19.218081313754823,23.87802786030953,24.041493500718286,25.563062553796367
0.0,0.9172406203976234,3.1210722043591717,6.427678815039924,10.462449180787505,14.343235636836143,16.26076116138386,19.218081313754823,23.87802786030953,24.041493500718286,25.563062553796367
0.0,0.9172406203976234,3.1210722043591717,6.427678815039924,10.462449180787505,14.343235636836143,16.26076116138386,19.218081313754823,23.87802786030953,24.041493500718286,25.563062553796367
0.0,0.9172406203976234,3.1210722043591717,6.427678815039924,10.462449180787505,14.343235636836143,16.26076116138386,19.218081313754823,23.87802786030953,24.041493500718286,25.563062553796367
0.0,0.9172406203976234,3.1210722043591717,6.427678815039924,10.462449180787505,14.343235636836143,16.26076116138386,19.218081313754823,23.87802786030953,24.041493500718286,25.563062553796367
0.0,0.9172406203976234,3.1210722043591717,6.427678815039924,10.462449180787505,14.343235636836143,16.26076116138386,19.218081313754823,23.87802786030953,24.041493500718286,25.563062553796367
0.0,0.9172406203976234,3.1210722043591717,6.427678815039924,10.462449180787505,14.343235636836143,16.26076116138386,19.218081313754823,23.87802786030953,24.041493500718286,25.563062553796367
0.0,0.9172406203976234,3.1210722043591717,6.427678815039924,10.462449180787505,14.343235636836143,16.26076116138386,19.218081313754823,23.87802786030953,24.041493500718286,25.563062553796367
0.0,0.9172406203976234,3.1210722043591717,6.427678815039924,10.462449180787505,14.343235636836143,16.26076116138386,19.218081313754823,23.87802786030953,24.041493500718286,25.563062553796367
0.0,0.9172406203976234,3.1210722043591717,6.427678815039924,10.462449180787505,14.343235636836143,16.26076116138386,19.218081313754823,23.87802786030953,24.041493500718286,25.563062553796367
0.0,0.9172406203976234,3.1210722043591717,6.427678815039924,10.462449180787505,14.343235636836143,16.26076116138386,19.218081313754823,23.87802786030953,24.041493500718286,25.563062553796367
0.0,0.9172406203976234,3.1210722043591717,6.427678815039924,10.462449180787505,14.343235636836143,16.26076116138386,19.218081313754823,23.87802786030953,24.041493500718286,25.563062553796367
0.0,0.9172406203976234,3.1210722043591717,6.427678815039924,10.462449180787505,14.343235636836143,16.26076116138386,19.218081313754823,23.87802786030953,24.041493500718286,25.563062553796367
0.0,0.9172406203976234,3.1210722043591717,6.427678815039924,10.462449180787505,14.343235636836143,16.26076116138386,19.218081313754823,23.87802786030953,24.041493500718286,25.563062553796367
0.0,0.9172406203976234,3.1210722043591717,6.427678815039924,10.462449180787505,14.343235636836143,16.26076116138386,19.218081313754823,23.87802786030953,24.041493500718286,25.563062553796367
0.0,0.9172406203976234,3.1210722043591717,6.427678815039924,10.462449180787505,14.343235636836143,16.26076116138386,19.218081313754823,23.87802786030953,24.041493500718286,25.563062553796367
0.0,0.9172406203976234,3.1210722043591717,6.427678815039924,10.462449180787505,14.343235636836143,16.26076116138386,19.218081313754823,23.87802786030953,24.041493500718286,25.563062553796367
0.0,0.9172406203976234,3.1210722043591717,6.427678815039924,10.462449180787505,14.343235636836143,16.26076116138386,19.218081313754823,23.87802786030953,24.041493500718286,25.563062553796367
0.0,0.9172406203976234,3.1210722043591717,6.427678815039924,10.462449180787505,14.343235636836143,16.26076116138386,19.218081313754823,23.87802786030953,24.041493500718286,25.563062553796367
0.0,0.9172406203976234,3.1210722043591717,6.427678815039924,10.462449180787505,14.343235636836143,16.26076116138386,19.218081313754823,23.87802786030953,24.041493500718286,25.563062553796367
0.0,0.9172406203976234,3.1210722043591717,6.427678815039924,10.462449180787505,14.343235636836143,16.26076116138386,19.218081313754823,23.87802786030953,24.041493500718286,25.563062553796367
0.0,0.9172406203976234,3.1210722043591717,6.427678815039924,10.462449180787505,14.343235636836143,16.26076116138386,19.218081313754823,23.87802786030953,24.041493500718286,25.563062553796367
0.0,0.9172406203976234,3.1210722043591717,6.427678815039924,10.462449180787505,14.343235636836143,16.26076116138386,19.218081313754823,23.87802786030953,24.041493500718286,25.563062553796367
0.0,0.9172406203976234,3.1210722043591717,6.427678815039924,10.462449180787505,14.343235636836143,16.26076116138386,19.218081313754823,23.87802786030953,24.041493500718286,25.563062553796367
0.0,0.9172406203976234,3.1210722043591717,6.427678815039924,10.462449180787505,14.343235636836143,16.26076116138386,19.218081313754823,23.87802786030953,24.041493500718286,25.563062553796367
0.0,0.9172406203976234,3.1210722043591717,6.427678815039924,10.462449180787505,14.343235636836143,16.26076116138386,19.218081313754823,23.87802786030953,24.041493500718286,25.563062553796367
0.0,0.9172406203976234,3.1210722043591717,6.427678815039924,10.462449180787505,14.343235636836143,16.26076116138386,19.218081313754823,23.87802786030953,24.041493500718286,25.563062553796367
0.0,0.9172406203976234,3.1210722043591717,6.427678815039924,10.462449180787505,14.343235636836143,16.26076116138386,19.218081313754823,23.87802786030953,24.041493500718286,25.563062553796367
0.0,0.9172406203976234,3.1210722043591717,6.427678815039924,10.462449180787505,14.343235636836143,16.26076116138386,19.218081313754823,23.87802786030953,24.041493500718286,25.563062553796367
0.0,0.9172406203976234,3.1210722043591717,6.427678815039924,10.462449180787505,14.343235636836143,16.26076116138386,19.218081313754823,23.87802786030953,24.041493500718286,25.563062553796367
0.0,0.9172406203976234,3.1210722043591717,6.427678815039924,10.462449180787505,14.343235636836143,16.26076116138386,19.218081313754823,23.87802786030953,24.041493500718286,25.563062553796367
0.0,0.9172406203976234,3.1210722043591717,6.427678815039924,10.462449180787505,14.343235636836143,16.26076116138386,19.218081313754823,23.87802786030953,24.041493500718286,25.563062553796367
0.0,0.9172406203976234,3.1210722043591717,6.427678815039924,10.462449180787505,14.343235636836143,16.26076116138386,19.218081313754823,23.87802786030953,24.041493500718286,25.563062553796367
0.0,0.9172406203976234,3.1210722043591717,6.427678815039924,10.462449180787505,14.343235636836143,16.26076116138386,19.218081313754823,23.87802786030953,24.041493500718286,25.563062553796367
0.0,0.9172406203976234,3.1210722043591717,6.427678815039924,10.462449180787505,14.343235636836143,16.26076116138386,19.218081313754823,23.87802786030953,24.041493500718286,25.563062553796367
0.0,0.9172406203976234,3.1210722043591717,6.427678815039924,10.462449180787505,14.343235636836143,16.26076116138386,19.218081313754823,23.87802786030953,24.041493500718286,25.563062553796367
0.0,0.9172406203976234,3.1210722043591717,6.427678815039924,10.462449180787505,14.343235636836143,16.26076116138386,19.218081313754823,23.87802786030953,24.041493500718286,25.563062553796367
0.0,0.9172406203976234,3.1210722043591717,6.427678815039924,10.462449180787505,14.343235636836143,16.26076116138386,19.218081313754823,23.87802786030953,24.041493500718286,25.563062553796367
0.0,0.9172406203976234,3.1210722043591717,6.427678815039924,10.462449180787505,14.343235636836143,16.26076116138386,19.218081313754823,23.87802786030953,24.041493500718286,25.563062553796367
0.0,0.9172406203976234,3.1210722043591717,6.427678815039924,10.462449180787505,14.343235636836143,16.26076116138386,19.218081313754823,23.87802786030953,24.041493500718286,25.563062553796367
0.0,0.9172406203976234,3.1210722043591717,6.427678815039924,10.462449180787505,14.343235636836143,16.26076116138386,19.218081313754823,23.87802786030953,24.041493500718286,25.563062553796367
0.0,0.9172406203976234,3.1210722043591717,6.427678815039924,10.462449180787505,14.343235636836143,16.26076116138386,19.218081313754823,23.87802786030953,24.041493500718286,25.563062553796367
0.0,0.9172406203976234,3.1210722043591717,6.427678815039924,10.462449180787505,14.343235636836143,16.26076116138386,19.218081313754823,23.87802786030953,24.041493500718286,25.563062553796367
0.0,0.9172406203976234,3.1210722043591717,6.427678815039924,10.462449180787505,14.343235636836143,16.26076116138386,19.218081313754823,23.87802786030953,24.041493500718286,25.563062553796367
0.0,0.9172406203976234,3.1210722043591717,6.427678815039924,10.462449180787505,14.343235636836143,16.26076116138386,19.218081313754823,23.87802786030953,24.041493500718286,25.563062553796367
0.0,0.9172406203976234,3.1210722043591717,6.427678815039924,10.462449180787505,14.343235636836143,16.26076116138386,19.218081313754823,23.775251326160966,24.041493500718286,25.563062553796367
0.0,0.9172406203976234,3.1210722043591717,6.427678815039924,10.462449180787505,14.343235636836143,16.26076116138386,19.218081313754823,23.775251326160966,24.041493500718286,25.563062553796367
0.0,0.9172406203976234,3.1210722043591717,6.427678815039924,10.462449180787505,14.343235636836143,16.26076116138386,19.218081313754823,23.775251326160966,24.041493500718286,25.563062553796367
0.0,0.9172406203976234,3.1210722043591717,6.427678815039924,10.462449180787505,14.343235636836143,16.26076116138386,19.218081313754823,23.775251326160966,24.041493500718286,25.563062553796367
0.0,0.9172406203976234,3.1210722043591717,6.427678815039924,10.462449180787505,14.343235636836143,16.26076116138386,19.218081313754823,23.775251326160966,24.041493500718286,25.563062553796367
0.0,0.9172406203976234,3.1210722043591717,6.427678815039924,10.462449180787505,14.343235636836143,16.26076116138386,19.218081313754823,23.775251326160966,24.041493500718286,25.563062553796367
0.0,0.9172406203976234,3.1210722043591717,6.427678815039924,10.462449180787505,14.343235636836143,16.26076116138386,19.218081313754823,23.775251326160966,24.041493500718286,25.563062553796367
0.0,0.9172406203976234,3.1210722043591717,6.427678815039924,10.462449180787505,14.343235636836143,16.26076116138386,19.218081313754823,23.775251326160966,24.041493500718286,25.563062553796367
0.0,0.9172406203976234,3.1210722043591717,6.427678815039924,10.462449180787505,14.343235636836143,16.26076116138386,19.218081313754823,23.775251326160966,24.041493500718286,25.563062553796367
0.0,0.9172406203976234,3.1210722043591717,6.427678815039924,10.462449180787505,14.343235636836143,16.26076116138386,19.218081313754823,23.775251326160966,24.041493500718286,25.563062553796367
0.0,0.9172406203976234,3.1210722043591717,6.427678815039924,10.462449180787505,14.343235636836143,16.26076116138386,19.218081313754823,23.775251326160966,24.041493500718286,25.563062553796367
0.0,0.9172406203976234,3.1210722043591717,6.427678815039924,10.462449180787505,14.343235636836143,16.26076116138386,19.218081313754823,23.775251326160966,24.041493500718286,25.563062553796367
0.0,0.9172406203976234,3.1210722043591717,6.427678815039924,10.462449180787505,14.343235636836143,16.26076116138386,19.218081313754823,23.775251326160966,24.041493500718286,25.563062553796367
0.0,0.9172406203976234,3.1210722043591717,6.427678815039924,10.462449180787505,14.343235636836143,16.26076116138386,19.218081313754823,23.775251326160966,24.041493500718286,25.563062553796367
0.0,0.9172406203976234,3.1210722043591717,6.427678815039924,10.462449180787505,14.343235636836143,16.26076116138386,19.218081313754823,23.775251326160966,24.041493500718286,25.563062553796367
0.0,0.9172406203976234,3.1210722043591717,6.427678815039924,10.462449180787505,14.343235636836143,16.26076116138386,19.218081313754823,23.775251326160966,24.041493500718286,25.563062553796367
0.0,0.9172406203976234,3.1210722043591717,6.427678815039924,10.462449180787505,14.343235636836143,16.26076116138386,19.218081313754823,23.775251326160966,24.041493500718286,25.563062553796367
0.0,0.9172406203976234,3.1210722043591717,6.427678815039924,10.462449180787505,14.343235636836143,16.26076116138386,19.218081313754823,23.775251326160966,24.041493500718286,25.563062553796367
0.0,0.9172406203976234,3.1210722043591717,6.427678815039924,10.462449180787505,14.343235636836143,16.26076116138386,19.218081313754823,23.775251326160966,24.041493500718286,25.563062553796367
0.0,0.9172406203976234,3.1210722043591717,6.427678815039924,10.462449180787505,14.343235636836143,16.26076116138386,19.218081313754823,23.775251326160966,24.041493500718286,25.563062553796367
0.0,0.9172406203976234,3.1210722043591717,6.427678815039924,10.462449180787505,14.343235636836143,16.26076116138386,19.218081313754823,23.775251326160966,24.041493500718286,25.563062553796367
0.0,0.9172406203976234,3.1210722043591717,6.427678815039924,10.462449180787505,14.343235636836143,16.26076116138386,19.218081313754823,23.775251326160966,24.041493500718286,25.563062553796367
0.0,0.9172406203976234,3.1210722043591717,6.427678815039924,10.462449180787505,14.343235636836143,16.26076116138386,19.218081313754823,23.775251326160966,24.041493500718286,25.563062553796367
0.0,0.9172406203976234,3.1210722043591717,6.427678815039924,10.462449180787505,14.343235636836143,16.26076116138386,19.218081313754823,23.775251326160966,24.041493500718286,25.563062553796367
0.0,0.9172406203976234,3.1210722043591717,6.427678815039924,10.462449180787505,14.343235636836143,16.26076116138386,19.218081313754823,23.775251326160966,24.041493500718286,25.563062553796367
0.0,0.9172406203976234,3.1210722043591717,6.427678815039924,10.462449180787505,14.343235636836143,16.26076116138386,19.218081313754823,23.775251326160966,24.041493500718286,25.563062553796367
0.0,0.9172406203976234,3.1210722043591717,6.427678815039924,10.462449180787505,14.343235636836143,16.26076116138386,19.218081313754823,23.775251326160966,24.041493500718286,25.563062553796367
0.0,0.9172406203976234,3.1210722043591717,6.427678815039924,10.462449180787505,14.343235636836143,16.26076116138386,19.218081313754823,23.775251326160966,24.041493500718286,25.563062553796367
0.0,0.9172406203976234,3.1210722043591717,6.427678815039924,10.462449180787505,14.343235636836143,16.26076116138386,19.218081313754823,23.775251326160966,24.041493500718286,25.563062553796367
0.0,0.9172406203976234,3.1210722043591717,6.427678815039924,10.462449180787505,14.343235636836143,16.26076116138386,19.218081313754823,23.775251326160966,24.041493500718286,25.563062553796367
0.0,0.9172406203976234,3.1210722043591717,6.427678815039924,10.462449180787505,14.343235636836143,16.26076116138386,19.218081313754823,23.775251326160966,24.041493500718286,25.563062553796367
0.0,0.9172406203976234,3.1210722043591717,6.427678815039924,10.462449180787505,14.343235636836143,16.26076116138386,19.218081313754823,23.775251326160966,24.041493500718286,25.563062553796367
0.0,0.9172406203976234,3.1210722043591717,6.427678815039924,10.462449180787505,14.343235636836143,16.26076116138386,19.218081313754823,23.775251326160966,24.041493500718286,25.563062553796367
0.0,0.9172406203976234,3.1210722043591717,6.427678815039924,10.462449180787505,14.343235636836143,16.26076116138386,19.218081313754823,23.775251326160966,24.041493500718286,25.563062553796367
0.0,0.9172406203976234,3.1210722043591717,6.427678815039924,10.462449180787505,14.343235636836143,16.26076116138386,19.218081313754823,23.775251326160966,24.041493500718286,25.563062553796367
0.0,0.9172406203976234,3.1210722043591717,6.427678815039924,10.462449180787505,14.343235636836143,16.26076116138386,19.218081313754823,23.775251326160966,24.041493500718286,25.563062553796367
0.0,0.9172406203976234,3.1210722043591717,6.427678815039924,10.462449180787505,14.343235636836143,16.26076116138386,19.218081313754823,23.775251326160966,24.041493500718286,25.563062553796367
0.0,0.9172406203976234,3.1210722043591717,6.427678815039924,10.462449180787505,14.343235636836143,16.26076116138386,19.218081313754823,23.775251326160966,24.041493500718286,25.563062553796367
0.0,0.9172406203976234,3.1210722043591717,6.427678815039924,10.462449180787505,14.343235636836143,16.26076116138386,19.218081313754823,23.775251326160966,24.041493500718286,25.563062553796367
0.0,0.9172406203976234,3.1210722043591717,6.427678815039924,10.462449180787505,14.343235636836143,16.26076116138386,19.218081313754823,23.775251326160966,24.041493500718286,25.563062553796367
0.0,0.9172406203976234,3.1210722043591717,6.427678815039924,10.462449180787505,14.343235636836143,16.26076116138386,19.218081313754823,23.775251326160966,24.041493500718286,25.563062553796367
0.0,0.9172406203976234,3.1210722043591717,6.427678815039924,10.462449180787505,14.343235636836143,16.26076116138386,19.218081313754823,23.775251326160966,24.041493500718286,25.563062553796367
0.0,0.9172406203976234,3.1210722043591717,6.427678815039924,10.462449180787505,14.343235636836143,16.26076116138386,19.218081313754823,23.775251326160966,24.041493500718286,25.563062553796367
0.0,0.9172406203976234,3.1210722043591717,6.427678815039924,10.462449180787505,14.343235636836143,16.26076116138386,19.218081313754823,23.775251326160966,24.041493500718286,25.563062553796367
0.0,0.9172406203976234,3.1210722043591717,6.427678815039924,10.462449180787505,14.343235636836143,16.26076116138386,19.218081313754823,23.775251326160966,24.041493500718286,25.563062553796367
0.0,0.9172406203976234,3.1210722043591717,6.427678815039924,10.462449180787505,14.343235636836143,16.26076116138386,19.218081313754823,23.775251326160966,24.041493500718286,25.563062553796367
0.0,0.9172406203976234,3.1210722043591717,6.427678815039924,10.462449180787505,14.343235636836143,16.26076116138386,19.218081313754823,23.775251326160966,24.041493500718286,25.563062553796367
0.0,0.9172406203976234,3.1210722043591717,6.427678815039924,10.462449180787505,14.343235636836143,16.26076116138386,19.218081313754823,23.775251326160966,24.041493500718286,25.563062553796367
0.0,0.9172406203976234,3.1210722043591717,6.427678815039924,10.462449180787505,14.343235636836143,16.26076116138386,19.218081313754823,23.775251326160966,24.041493500718286,25.563062553796367
0.0,0.9172406203976234,3.1210722043591717,6.427678815039924,10.462449180787505,14.343235636836143,16.26076116138386,19.218081313754823,23.775251326160966,24.041493500718286,25.563062553796367
0.0,0.9172406203976234,3.1210722043591717,6.427678815039924,10.462449180787505,14.343235636836143,16.26076116138386,19.218081313754823,23.775251326160966,24.041493500718286,25.563062553796367
0.0,0.9172406203976234,3.1210722043591717,6.427678815039924,10.462449180787505,14.343235636836143,16.26076116138386,19.218081313754823,23.775251326160966,24.041493500718286,25.563062553796367
0.0,0.9172406203976234,3.1210722043591717,6.427678815039924,10.462449180787505,14.343235636836143,16.26076116138386,19.218081313754823,23.775251326160966,24.041493500718286,25.563062553796367
0.0,0.9172406203976234,3.1210722043591717,6.427678815039924,10.462449180787505,14.343235636836143,16.26076116138386,19.218081313754823,23.775251326160966,24.041493500718286,25.563062553796367
0.0,0.9172406203976234,3.1210722043591717,6.427678815039924,10.462449180787505,14.343235636836143,16.26076116138386,19.218081313754823,23.775251326160966,24.041493500718286,25.563062553796367
0.0,0.9172406203976234,3.1210722043591717,6.427678815039924,10.462449180787505,14.343235636836143,16.26076116138386,19.218081313754823,23.775251326160966,24.041493500718286,25.563062553796367
0.0,0.9172406203976234,3.1210722043591717,6.427678815039924,10.462449180787505,14.343235636836143,16.26076116138386,19.218081313754823,23.775251326160966,24.041493500718286,25.563062553796367
0.0,0.9172406203976234,3.1210722043591717,6.427678815039924,10.462449180787505,14.343235636836143,16.26076116138386,19.218081313754823,23.775251326160966,24.041493500718286,25.563062553796367
0.0,0.9172406203976234,3.1210722043591717,6.427678815039924,10.462449180787505,14.343235636836143,16.26076116138386,19.218081313754823,23.775251326160966,24.041493500718286,25.563062553796367
0.0,0.9172406203976234,3.1210722043591717,6.427678815039924,10.462449180787505,14.343235636836143,16.26076116138386,19.218081313754823,23.775251326160966,24.041493500718286,25.563062553796367
0.0,0.9172406203976234,3.1210722043591717,6.427678815039924,10.462449180787505,14.343235636836143,16.26076116138386,19.218081313754823,23.775251326160966,24.041493500718286,25.563062553796367
0.0,0.9172406203976234,3.1210722043591717,6.427678815039924,10.462449180787505,14.343235636836143,16.26076116138386,19.218081313754823,23.775251326160966,24.041493500718286,25.563062553796367
0.0,0.9172406203976234,3.1210722043591717,6.427678815039924,10.462449180787505,14.343235636836143,16.26076116138386,19.218081313754823,23.775251326160966,24.041493500718286,25.563062553796367
0.0,0.9172406203976234,3.1210722043591717,6.427678815039924,10.462449180787505,14.343235636836143,16.26076116138386,19.218081313754823,23.775251326160966,24.041493500718286,25.563062553796367
0.0,0.9172406203976234,3.1210722043591717,6.427678815039924,10.462449180787505,14.343235636836143,16.26076116138386,19.218081313754823,23.775251326160966,24.041493500718286,25.29660933912788
0.0,0.9172406203976234,3.1210722043591717,6.427678815039924,10.462449180787505,14.343235636836143,16.26076116138386,19.218081313754823,23.775251326160966,24.041493500718286,25.29660933912788
0.0,0.9172406203976234,3.1210722043591717,6.427678815039924,10.462449180787505,14.343235636836143,16.26076116138386,19.218081313754823,23.775251326160966,24.041493500718286,25.29660933912788
0.0,0.9172406203976234,3.1210722043591717,6.427678815039924,10.462449180787505,14.343235636836143,16.26076116138386,19.218081313754823,23.775251326160966,24.041493500718286,25.29660933912788
0.0,0.9172406203976234,3.1210722043591717,6.427678815039924,10.462449180787505,14.343235636836143,16.26076116138386,19.218081313754823,23.654099228045407,24.041493500718286,25.29660933912788
0.0,0.9172406203976234,3.1210722043591717,6.427678815039924,10.462449180787505,14.343235636836143,16.26076116138386,19.218081313754823,23.654099228045407,24.041493500718286,25.29660933912788
0.0,0.9172406203976234,3.1210722043591717,6.427678815039924,10.462449180787505,14.343235636836143,16.26076116138386,19.218081313754823,23.654099228045407,24.041493500718286,25.29660933912788
0.0,0.9172406203976234,3.1210722043591717,6.427678815039924,10.462449180787505,14.343235636836143,16.26076116138386,19.218081313754823,23.654099228045407,24.041493500718286,25.29660933912788
0.0,0.9172406203976234,3.1210722043591717,6.427678815039924,10.462449180787505,14.343235636836143,16.26076116138386,19.218081313754823,23.654099228045407,24.041493500718286,25.29660933912788
0.0,0.9172406203976234,3.1210722043591717,6.427678815039924,10.462449180787505,14.343235636836143,16.26076116138386,19.218081313754823,23.654099228045407,24.041493500718286,25.29660933912788
0.0,0.9172406203976234,3.1210722043591717,6.427678815039924,10.462449180787505,14.343235636836143,16.26076116138386,19.218081313754823,23.654099228045407,24.041493500718286,25.29660933912788
0.0,0.9172406203976234,3.1210722043591717,6.427678815039924,10.462449180787505,14.343235636836143,16.26076116138386,19.218081313754823,23.654099228045407,24.041493500718286,25.29660933912788
0.0,0.9172406203976234,3.1210722043591717,6.427678815039924,10.462449180787505,14.343235636836143,16.26076116138386,19.218081313754823,23.654099228045407,24.041493500718286,25.29660933912788
0.0,0.9172406203976234,3.1210722043591717,6.427678815039924,10.462449180787505,14.343235636836143,16.26076116138386,19.218081313754823,23.654099228045407,24.041493500718286,25.29660933912788
0.0,0.9172406203976234,3.1210722043591717,6.427678815039924,10.462449180787505,14.343235636836143,16.26076116138386,19.218081313754823,23.654099228045407,24.041493500718286,25.29660933912788
0.0,0.9172406203976234,3.1210722043591717,6.427678815039924,10.462449180787505,14.343235636836143,16.26076116138386,19.218081313754823,23.654099228045407,24.041493500718286,25.29660933912788
0.0,0.9172406203976234,3.1210722043591717,6.427678815039924,10.462449180787505,14.343235636836143,16.26076116138386,19.218081313754823,23.654099228045407,24.041493500718286,25.29660933912788
0.0,0.9172406203976234,3.1210722043591717,6.427678815039924,10.462449180787505,14.343235636836143,16.26076116138386,19.218081313754823,23.654099228045407,24.041493500718286,25.29660933912788
0.0,0.9172406203976234,3.1210722043591717,6.427678815039924,10.462449180787505,14.343235636836143,16.26076116138386,19.218081313754823,23.654099228045407,24.041493500718286,25.29660933912788
0.0,0.9172406203976234,3.1210722043591717,6.427678815039924,10.462449180787505,14.343235636836143,16.26076116138386,19.218081313754823,23.654099228045407,24.041493500718286,25.29660933912788
0.0,0.9172406203976234,3.1210722043591717,6.427678815039924,10.462449180787505,14.343235636836143,16.26076116138386,19.218081313754823,23.654099228045407,24.041493500718286,25.29660933912788
0.0,0.9172406203976234,3.1210722043591717,6.427678815039924,10.462449180787505,14.343235636836143,16.26076116138386,19.218081313754823,23.654099228045407,24.041493500718286,25.29660933912788
0.0,0.9172406203976234,3.1210722043591717,6.427678815039924,10.462449180787505,14.343235636836143,16.26076116138386,19.218081313754823,23.654099228045407,24.041493500718286,25.29660933912788
0.0,0.9172406203976234,3.1210722043591717,6.427678815039924,10.462449180787505,14.343235636836143,16.26076116138386,19.218081313754823,23.654099228045407,24.041493500718286,25.29660933912788
0.0,0.9172406203976234,3.1210722043591717,6.427678815039924,10.462449180787505,14.343235636836143,16.26076116138386,19.218081313754823,23.654099228045407,24.041493500718286,25.29660933912788
0.0,0.9172406203976234,3.1210722043591717,6.427678815039924,10.462449180787505,14.343235636836143,16.26076116138386,19.218081313754823,23.654099228045407,24.041493500718286,25.29660933912788
0.0,0.9172406203976234,3.1210722043591717,6.427678815039924,10.462449180787505,14.343235636836143,16.26076116138386,19.218081313754823,23.654099228045407,24.041493500718286,25.29660933912788
0.0,0.9172406203976234,3.1210722043591717,6.427678815039924,10.462449180787505,14.343235636836143,16.26076116138386,19.218081313754823,23.654099228045407,24.041493500718286,25.29660933912788
0.0,0.9172406203976234,3.1210722043591717,6.427678815039924,10.462449180787505,14.343235636836143,16.26076116138386,19.218081313754823,23.654099228045407,24.041493500718286,25.29660933912788
0.0,0.9172406203976234,3.1210722043591717,6.427678815039924,10.462449180787505,14.343235636836143,16.26076116138386,19.218081313754823,23.654099228045407,24.041493500718286,25.29660933912788
0.0,0.9172406203976234,3.1210722043591717,6.427678815039924,10.462449180787505,14.343235636836143,16.26076116138386,19.218081313754823,23.654099228045407,24.041493500718286,25.29660933912788
0.0,0.9172406203976234,3.1210722043591717,6.427678815039924,10.462449180787505,14.343235636836143,16.26076116138386,19.218081313754823,23.654099228045407,24.041493500718286,25.256451420827535
0.0,0.9172406203976234,3.1210722043591717,6.427678815039924,10.462449180787505,14.343235636836143,16.26076116138386,19.218081313754823,23.654099228045407,24.041493500718286,25.256451420827535
0.0,0.9172406203976234,3.1210722043591717,6.427678815039924,10.462449180787505,14.343235636836143,16.26076116138386,19.218081313754823,23.654099228045407,24.041493500718286,25.256451420827535
0.0,0.9172406203976234,3.1210722043591717,6.427678815039924,10.462449180787505,14.343235636836143,16.26076116138386,19.218081313754823,23.654099228045407,24.041493500718286,25.256451420827535
0.0,0.9172406203976234,3.1210722043591717,6.427678815039924,10.462449180787505,14.343235636836143,16.26076116138386,19.218081313754823,23.654099228045407,24.041493500718286,25.256451420827535
0.0,0.9172406203976234,3.1210722043591717,6.427678815039924,10.462449180787505,14.343235636836143,16.26076116138386,19.218081313754823,23.654099228045407,24.041493500718286,25.256451420827535
0.0,0.9172406203976234,3.1210722043591717,6.427678815039924,10.462449180787505,14.343235636836143,16.26076116138386,19.218081313754823,23.654099228045407,24.041493500718286,25.256451420827535
0.0,0.9172406203976234,3.1210722043591717,6.427678815039924,10.462449180787505,14.343235636836143,16.26076116138386,19.218081313754823,23.654099228045407,24.041493500718286,25.256451420827535
0.0,0.9172406203976234,3.1210722043591717,6.427678815039924,10.462449180787505,14.343235636836143,16.26076116138386,19.218081313754823,23.654099228045407,24.041493500718286,25.256451420827535
0.0,0.9172406203976234,3.1210722043591717,6.427678815039924,10.462449180787505,14.343235636836143,16.26076116138386,19.218081313754823,23.654099228045407,24.041493500718286,25.256451420827535
0.0,0.9172406203976234,3.1210722043591717,6.427678815039924,10.462449180787505,14.343235636836143,16.26076116138386,19.218081313754823,23.654099228045407,24.041493500718286,25.256451420827535
0.0,0.9172406203976234,3.1210722043591717,6.427678815039924,10.462449180787505,14.343235636836143,16.26076116138386,19.218081313754823,23.654099228045407,24.041493500718286,25.256451420827535
0.0,0.9172406203976234,3.1210722043591717,6.427678815039924,10.462449180787505,14.343235636836143,16.26076116138386,19.218081313754823,23.654099228045407,24.041493500718286,25.256451420827535
0.0,0.9172406203976234,3.1210722043591717,6.427678815039924,10.462449180787505,14.343235636836143,16.26076116138386,19.218081313754823,23.654099228045407,24.041493500718286,25.256451420827535
0.0,0.9172406203976234,3.1210722043591717,6.427678815039924,10.462449180787505,14.343235636836143,16.26076116138386,19.218081313754823,23.654099228045407,24.041493500718286,25.256451420827535
0.0,0.9172406203976234,3.1210722043591717,6.427678815039924,10.462449180787505,14.343235636836143,16.26076116138386,19.218081313754823,23.654099228045407,24.041493500718286,25.256451420827535
0.0,0.9172406203976234,3.1210722043591717,6.427678815039924,10.462449180787505,14.343235636836143,16.26076116138386,19.218081313754823,23.654099228045407,24.041493500718286,25.256451420827535
0.0,0.9172406203976234,3.1210722043591717,6.427678815039924,10.462449180787505,14.343235636836143,16.26076116138386,19.218081313754823,23.654099228045407,24.041493500718286,25.256451420827535
0.0,0.9172406203976234,3.1210722043591717,6.427678815039924,10.462449180787505,14.343235636836143,16.26076116138386,19.218081313754823,23.654099228045407,24.041493500718286,25.256451420827535
0.0,0.9172406203976234,3.1210722043591717,6.427678815039924,10.462449180787505,14.343235636836143,16.26076116138386,19.218081313754823,23.654099228045407,24.041493500718286,25.256451420827535
0.0,0.9172406203976234,3.1210722043591717,6.427678815039924,10.462449180787505,14.343235636836143,16.26076116138386,19.218081313754823,23.654099228045407,24.041493500718286,25.256451420827535
0.0,0.9172406203976234,3.1210722043591717,6.427678815039924,10.462449180787505,14.343235636836143,16.26076116138386,19.218081313754823,23.654099228045407,24.041493500718286,25.256451420827535
0.0,0.9172406203976234,3.1210722043591717,6.427678815039924,10.462449180787505,14.343235636836143,16.26076116138386,19.218081313754823,23.654099228045407,24.041493500718286,25.256451420827535
0.0,0.9172406203976234,3.1210722043591717,6.427678815039924,10.462449180787505,14.343235636836143,16.26076116138386,19.218081313754823,23.654099228045407,24.041493500718286,25.256451420827535
0.0,0.9172406203976234,3.1210722043591717,6.427678815039924,10.462449180787505,14.343235636836143,16.26076116138386,19.218081313754823,23.654099228045407,24.041493500718286,25.256451420827535
0.0,0.9172406203976234,3.1210722043591717,6.427678815039924,10.462449180787505,14.343235636836143,16.26076116138386,19.218081313754823,23.654099228045407,24.041493500718286,25.256451420827535
0.0,0.9172406203976234,3.1210722043591717,6.427678815039924,10.462449180787505,14.343235636836143,16.26076116138386,19.218081313754823,23.654099228045407,24.041493500718286,25.256451420827535
0.0,0.9172406203976234,3.1210722043591717,6.427678815039924,10.462449180787505,14.343235636836143,16.26076116138386,19.218081313754823,23.654099228045407,24.041493500718286,25.256451420827535
0.0,0.9172406203976234,3.1210722043591717,6.427678815039924,10.462449180787505,14.343235636836143,16.26076116138386,19.218081313754823,23.654099228045407,24.041493500718286,25.256451420827535
0.0,0.9172406203976234,3.1210722043591717,6.427678815039924,10.462449180787505,14.343235636836143,16.26076116138386,19.218081313754823,23.654099228045407,24.041493500718286,25.256451420827535
0.0,0.9172406203976234,3.1210722043591717,6.427678815039924,10.462449180787505,14.343235636836143,16.26076116138386,19.218081313754823,23.654099228045407,24.041493500718286,25.256451420827535
0.0,0.9172406203976234,3.1210722043591717,6.427678815039924,10.462449180787505,14.343235636836143,16.26076116138386,19.218081313754823,23.654099228045407,24.041493500718286,25.256451420827535
0.0,0.9172406203976234,3.1210722043591717,6.427678815039924,10.462449180787505,14.343235636836143,16.26076116138386,19.218081313754823,23.654099228045407,24.041493500718286,25.256451420827535
0.0,0.9172406203976234,3.1210722043591717,6.427678815039924,10.462449180787505,14.343235636836143,16.26076116138386,19.218081313754823,23.654099228045407,24.041493500718286,25.256451420827535
0.0,0.9172406203976234,3.1210722043591717,6.427678815039924,10.462449180787505,14.343235636836143,16.26076116138386,19.218081313754823,23.654099228045407,24.041493500718286,25.256451420827535
0.0,0.9172406203976234,3.1210722043591717,6.427678815039924,10.462449180787505,14.343235636836143,16.26076116138386,19.218081313754823,23.654099228045407,24.041493500718286,25.256451420827535
0.0,0.9172406203976234,3.1210722043591717,6.427678815039924,10.462449180787505,14.343235636836143,16.26076116138386,19.218081313754823,23.654099228045407,24.041493500718286,25.256451420827535
0.0,0.9172406203976234,3.1210722043591717,6.427678815039924,10.462449180787505,14.343235636836143,16.26076116138386,19.218081313754823,23.654099228045407,24.041493500718286,25.256451420827535
0.0,0.9172406203976234,3.1210722043591717,6.427678815039924,10.462449180787505,14.343235636836143,16.26076116138386,19.218081313754823,23.654099228045407,24.041493500718286,25.256451420827535
0.0,0.9172406203976234,3.1210722043591717,6.427678815039924,10.462449180787505,14.343235636836143,16.26076116138386,19.218081313754823,23.654099228045407,24.041493500718286,25.256451420827535
0.0,0.9172406203976234,3.1210722043591717,6.427678815039924,10.462449180787505,14.343235636836143,16.26076116138386,19.218081313754823,23.654099228045407,24.041493500718286,25.256451420827535
0.0,0.9172406203976234,3.1210722043591717,6.427678815039924,10.462449180787505,14.343235636836143,16.26076116138386,19.218081313754823,23.654099228045407,24.041493500718286,25.256451420827535
0.0,0.9172406203976234,3.1210722043591717,6.427678815039924,10.462449180787505,14.343235636836143,16.26076116138386,19.218081313754823,23.654099228045407,24.041493500718286,25.256451420827535
0.0,0.9172406203976234,3.1210722043591717,6.427678815039924,10.462449180787505,14.343235636836143,16.26076116138386,19.218081313754823,23.654099228045407,24.041493500718286,25.256451420827535
0.0,0.9172406203976234,3.1210722043591717,6.427678815039924,10.462449180787505,14.343235636836143,16.26076116138386,19.218081313754823,23.654099228045407,24.041493500718286,25.256451420827535
0.0,0.9172406203976234,3.1210722043591717,6.427678815039924,10.462449180787505,14.343235636836143,16.26076116138386,19.218081313754823,23.654099228045407,24.041493500718286,25.256451420827535
0.0,0.9172406203976234,3.1210722043591717,6.427678815039924,10.462449180787505,14.343235636836143,16.26076116138386,19.218081313754823,23.654099228045407,24.118236729722415,25.256451420827535
0.0,0.9172406203976234,3.1210722043591717,6.427678815039924,10.462449180787505,14.343235636836143,16.26076116138386,19.181571374519297,23.654099228045407,24.218887788465437,25.233056117072977
0.0,0.9172406203976234,3.1210722043591717,6.427678815039924,10.462449180787505,14.343235636836143,16.26076116138386,19.181571374519297,23.654099228045407,24.218887788465437,25.233056117072977
0.0,0.9172406203976234,3.1210722043591717,6.427678815039924,10.462449180787505,14.343235636836143,16.26076116138386,19.181571374519297,23.654099228045407,24.218887788465437,25.233056117072977
0.0,0.9146697630487045,3.1184452046049653,6.424967579788861,10.459635160135432,14.340322753508886,16.257799429271632,19.17853523503768,23.65094915133136,24.46263396371922,25.321213708997288
0.0,0.9256583683186359,3.0854023459875037,6.473657583691319,10.670539985711578,14.39646519963852,16.19532278947669,19.114488999398247,23.584499452056516,24.39574806713203,25.25386641388247
0.0,0.9048466503939291,3.0867845122282906,6.451701821758542,10.60959509196911,14.37287568827135,16.1713623385749,19.089926591920516,23.559015290902213,24.37009661970368,25.22803801524799
0.0,0.8807012238830092,3.0621169718443193,6.426229093454369,10.583127425267737,14.345507509670954,16.23804458215823,19.06142967461506,23.726933979709983,24.3403362154439,25.269557852837693
0.0,0.8784863449294347,3.0957526325077542,6.4151396826716125,10.608842142288818,14.333592925129729,16.22593279885128,19.049023699948002,23.71404186836225,24.327380188749125,25.256505003014514
0.0,0.8784863449294347,3.0957526325077542,6.4151396826716125,10.608842142288818,14.333592925129729,16.22593279885128,19.049023699948002,23.71404186836225,24.327380188749125,25.256505003014514
0.0,0.8688417395745345,3.08589604282314,6.404965739116228,10.598267254918113,14.322661928615762,16.214820882976397,19.037641879174576,23.70221404308541,24.315493724546744,25.244529708750502
0.0,0.8799224348614472,3.117626111830698,6.366674683657475,10.5584671914936,14.281521598766556,16.17299963788085,18.99480480935163,23.657698373112755,24.27075735879987,25.199459018678187
0.0,0.8801668723679761,3.0968957008576217,6.345291095194719,10.536240899560275,14.258546836849503,16.149644619759542,18.970882505276442,23.632838657039777,24.245774395468366,25.174289352376434
0.0,0.8801668723679761,3.0968957008576217,6.345291095194719,10.536240899560275,14.258546836849503,16.149644619759542,18.970882505276442,23.632838657039777,24.245774395468366,25.174289352376434
0.0,0.8801668723679761,3.0968957008576217,6.345291095194719,10.536240899560275,14.258546836849503,16.149644619759542,18.970882505276442,23.632838657039777,24.245774395468366,25.174289352376434
0.0,0.8801668723679761,3.0135166979206174,6.345291095194719,10.536240899560275,14.258546836849503,16.149644619759542,18.970882505276442,23.632838657039777,24.245774395468366,25.174289352376434
0.0,0.8801668723679761,3.0135166979206174,6.345291095194719,10.536240899560275,14.258546836849503,16.149644619759542,18.970882505276442,23.632838657039777,24.245774395468366,25.174289352376434
0.0,0.8801668723679761,3.0135166979206174,6.345291095194719,10.536240899560275,14.258546836849503,16.149644619759542,18.970882505276442,23.632838657039777,24.245774395468366,25.174289352376434
0.0,0.8801668723679761,3.0135166979206174,6.345291095194719,10.536240899560275,14.258546836849503,16.149644619759542,18.970882505276442,23.632838657039777,24.245774395468366,25.174289352376434
0.0,0.8801668723679761,3.0135166979206174,6.345291095194719,10.536240899560275,14.258546836849503,16.149644619759542,18.970882505276442,23.632838657039777,24.245774395468366,25.174289352376434
0.0,0.8801668723679761,3.0135166979206174,6.345291095194719,10.536240899560275,14.258546836849503,16.149644619759542,18.970882505276442,23.632838657039777,24.245774395468366,25.174289352376434
0.0,0.8801668723679761,3.0135166979206174,6.345291095194719,10.536240899560275,14.258546836849503,16.149644619759542,18.970882505276442,23.632838657039777,24.13026866968884,25.105461422502064
0.0,0.8801668723679761,3.0135166979206174,6.345291095194719,10.536240899560275,14.258546836849503,16.149644619759542,18.970882505276442,23.632838657039777,24.13026866968884,25.105461422502064
0.0,0.8801668723679761,3.0135166979206174,6.345291095194719,10.536240899560275,14.258546836849503,16.149644619759542,18.970882505276442,23.632838657039777,24.13026866968884,25.105461422502064
0.0,0.8801668723679761,3.0135166979206174,6.345291095194719,10.536240899560275,14.258546836849503,16.149644619759542,18.970882505276442,23.632838657039777,24.13026866968884,25.105461422502064
0.0,0.8801668723679761,3.0135166979206174,6.345291095194719,10.535954994298441,14.258546836849503,16.149644619759542,18.970882505276442,23.65900651231995,23.966068763525943,25.105461422502064
0.0,0.8801668723679761,3.0135166979206174,6.345291095194719,10.535954994298441,14.258546836849503,16.149644619759542,18.970882505276442,23.65900651231995,23.966068763525943,25.105461422502064
0.0,0.8801668723679761,3.0135166979206174,6.345291095194719,10.535954994298441,14.258546836849503,16.149644619759542,18.970882505276442,23.65900651231995,23.966068763525943,25.105461422502064
0.0,0.8801668723679761,3.0135166979206174,6.345291095194719,10.535954994298441,14.258546836849503,16.149644619759542,18.970882505276442,23.65900651231995,23.966068763525943,25.105461422502064
0.0,0.8801668723679761,3.0135166979206174,6.345291095194719,10.535954994298441,14.341414219844289,16.149644619759542,18.970882505276442,23.65900651231995,23.966068763525943,25.105461422502064
0.0,0.8801668723679761,3.0135166979206174,6.345291095194719,10.535954994298441,14.341414219844289,16.149644619759542,18.970882505276442,23.65900651231995,23.966068763525943,25.105461422502064
0.0,0.8801668723679761,3.0135166979206174,6.345291095194719,10.535954994298441,14.341414219844289,16.149644619759542,18.970882505276442,23.65900651231995,23.966068763525943,25.105461422502064
0.0,0.8801668723679761,3.0135166979206174,6.345291095194719,10.535954994298441,14.341414219844289,16.149644619759542,18.970882505276442,23.65900651231995,23.966068763525943,25.208402364406417
0.0,0.8801668723679761,3.0135166979206174,6.345291095194719,10.535954994298441,14.341414219844289,16.149644619759542,18.970882505276442,23.65900651231995,23.966068763525943,25.208402364406417
0.0,0.8801668723679761,3.0135166979206174,6.345291095194719,10.535954994298441,14.341414219844289,16.07610677688766,18.986065579444197,23.65900651231995,23.966068763525943,25.208402364406417
0.0,0.8801668723679761,3.0135166979206174,6.345291095194719,10.535954994298441,14.341414219844289,16.07610677688766,18.986065579444197,23.65900651231995,23.966068763525943,25.208402364406417
0.0,0.8801668723679761,3.0135166979206174,6.345291095194719,10.535954994298441,14.341414219844289,16.07610677688766,18.986065579444197,23.65900651231995,23.966068763525943,25.208402364406417
0.0,0.8801668723679761,3.0135166979206174,6.345291095194719,10.535954994298441,14.341414219844289,16.07610677688766,18.986065579444197,23.65900651231995,23.966068763525943,25.208402364406417
0.0,0.8801668723679761,3.0135166979206174,6.345291095194719,10.535954994298441,14.341414219844289,16.07610677688766,18.986065579444197,23.65900651231995,23.966068763525943,25.208402364406417
0.0,0.8801668723679761,3.0135166979206174,6.345291095194719,10.535954994298441,14.341414219844289,16.07610677688766,18.986065579444197,23.65900651231995,23.966068763525943,25.208402364406417
0.0,0.8801668723679761,3.0135166979206174,6.345291095194719,10.535954994298441,14.341414219844289,16.07610677688766,18.986065579444197,23.65900651231995,23.966068763525943,25.208402364406417
0.0,0.8801668723679761,3.0135166979206174,6.345291095194719,10.535954994298441,14.341414219844289,16.07610677688766,18.986065579444197,23.65900651231995,23.966068763525943,25.208402364406417
0.0,0.8801668723679761,3.0135166979206174,6.345291095194719,10.535954994298441,14.341414219844289,16.07610677688766,18.986065579444197,23.65900651231995,23.966068763525943,25.208402364406417
0.0,0.8801668723679761,3.0135166979206174,6.345291095194719,10.535954994298441,14.341414219844289,16.07610677688766,18.986065579444197,23.65900651231995,23.966068763525943,25.208402364406417
0.0,0.8801668723679761,3.0135166979206174,6.345291095194719,10.535954994298441,14.341414219844289,16.07610677688766,18.986065579444197,23.65900651231995,23.966068763525943,25.208402364406417
0.0,0.8801668723679761,3.0135166979206174,6.345291095194719,10.535954994298441,14.341414219844289,16.07610677688766,18.986065579444197,23.65900651231995,23.966068763525943,25.208402364406417
0.0,0.8801668723679761,3.0135166979206174,6.345291095194719,10.535954994298441,14.341414219844289,16.07610677688766,18.986065579444197,23.65900651231995,23.966068763525943,25.208402364406417
0.0,0.8801668723679761,3.0135166979206174,6.345291095194719,10.535954994298441,14.341414219844289,16.07610677688766,18.986065579444197,23.65900651231995,23.966068763525943,25.208402364406417
0.0,0.8801668723679761,3.0135166979206174,6.345291095194719,10.535954994298441,14.341414219844289,16.07610677688766,18.986065579444197,23.65900651231995,23.966068763525943,25.208402364406417
0.0,0.8801668723679761,3.0135166979206174,6.345291095194719,10.535954994298441,14.341414219844289,16.07610677688766,18.986065579444197,23.65900651231995,23.966068763525943,25.208402364406417
0.0,0.8801668723679761,3.0135166979206174,6.345291095194719,10.535954994298441,14.341414219844289,16.07610677688766,18.986065579444197,23.65900651231995,23.966068763525943,25.208402364406417
0.0,0.8801668723679761,3.0135166979206174,6.345291095194719,10.535954994298441,14.341414219844289,16.07610677688766,18.986065579444197,23.65900651231995,23.966068763525943,25.208402364406417
0.0,0.8801668723679761,3.0135166979206174,6.345291095194719,10.535954994298441,14.341414219844289,16.07610677688766,18.986065579444197,23.65900651231995,23.966068763525943,25.208402364406417
0.0,0.8801668723679761,3.0135166979206174,6.345291095194719,10.535954994298441,14.341414219844289,16.07610677688766,18.986065579444197,23.65900651231995,23.966068763525943,25.208402364406417
0.0,0.8801668723679761,3.0135166979206174,6.345291095194719,10.535954994298441,14.341414219844289,16.07610677688766,18.986065579444197,23.65900651231995,23.966068763525943,25.208402364406417
0.0,0.8801668723679761,3.0135166979206174,6.345291095194719,10.535954994298441,14.341414219844289,16.07610677688766,18.986065579444197,23.65900651231995,23.966068763525943,25.208402364406417
0.0,0.8801668723679761,3.0135166979206174,6.345291095194719,10.535954994298441,14.341414219844289,16.07610677688766,18.986065579444197,23.65900651231995,23.966068763525943,25.208402364406417
0.0,0.8801668723679761,3.0135166979206174,6.345291095194719,10.535954994298441,14.341414219844289,16.07610677688766,18.986065579444197,23.65900651231995,23.966068763525943,25.208402364406417
0.0,0.8801668723679761,3.0135166979206174,6.345291095194719,10.535954994298441,14.341414219844289,16.07610677688766,18.986065579444197,23.65900651231995,23.966068763525943,25.208402364406417
0.0,0.8801668723679761,3.0135166979206174,6.345291095194719,10.535954994298441,14.341414219844289,16.104953113041823,18.986065579444197,23.65900651231995,23.966068763525943,25.208402364406417
0.0,0.8801668723679761,3.0135166979206174,6.345291095194719,10.535954994298441,14.341414219844289,16.104953113041823,18.986065579444197,23.65900651231995,23.966068763525943,25.208402364406417
0.0,0.8801668723679761,3.0135166979206174,6.345291095194719,10.535954994298441,14.341414219844289,16.104953113041823,18.986065579444197,23.65900651231995,23.966068763525943,25.208402364406417
0.0,0.8801668723679761,3.0135166979206174,6.345291095194719,10.535954994298441,14.341414219844289,16.104953113041823,18.986065579444197,23.65900651231995,23.966068763525943,25.208402364406417
0.0,0.8801668723679761,3.0135166979206174,6.345291095194719,10.454727804647856,14.281675067767072,16.1170363722655,18.986065579444197,23.65900651231995,23.966068763525943,25.208402364406417
0.0,0.8801668723679761,3.0135166979206174,6.345291095194719,10.454727804647856,14.281675067767072,16.1170363722655,18.986065579444197,23.65900651231995,23.966068763525943,25.208402364406417
0.0,0.8801668723679761,3.0135166979206174,6.345291095194719,10.454727804647856,14.281675067767072,16.1170363722655,18.986065579444197,23.65900651231995,23.966068763525943,25.208402364406417
0.0,0.8801668723679761,3.0135166979206174,6.345291095194719,10.454727804647856,14.281675067767072,16.1170363722655,18.986065579444197,23.65900651231995,23.966068763525943,25.208402364406417
0.0,0.8801668723679761,3.0135166979206174,6.345291095194719,10.454727804647856,14.281675067767072,16.104351207227452,18.986065579444197,23.65900651231995,23.966068763525943,25.208402364406417
0.0,0.8801668723679761,3.0135166979206174,6.345291095194719,10.454727804647856,14.281675067767072,16.104351207227452,18.986065579444197,23.65900651231995,23.966068763525943,25.208402364406417
0.0,0.8801668723679761,3.0135166979206174,6.345291095194719,10.454727804647856,14.281675067767072,16.104351207227452,18.986065579444197,23.65900651231995,23.966068763525943,25.208402364406417
0.0,0.8801668723679761,3.0135166979206174,6.345291095194719,10.454727804647856,14.281675067767072,16.104351207227452,18.986065579444197,23.65900651231995,23.966068763525943,25.208402364406417
0.0,0.8801668723679761,3.0135166979206174,6.345291095194719,10.454727804647856,14.281675067767072,16.104351207227452,18.986065579444197,23.65900651231995,23.966068763525943,25.208402364406417
0.0,0.8801668723679761,3.0135166979206174,6.345291095194719,10.454727804647856,14.281675067767072,16.104351207227452,18.986065579444197,23.65900651231995,23.966068763525943,25.208402364406417
0.0,0.8801668723679761,3.0135166979206174,6.345291095194719,10.454727804647856,14.281675067767072,16.104351207227452,18.986065579444197,23.65900651231995,23.966068763525943,25.208402364406417
0.0,0.8801668723679761,3.0135166979206174,6.345291095194719,10.454727804647856,14.281675067767072,16.104351207227452,18.986065579444197,23.65900651231995,23.966068763525943,25.208402364406417
0.0,0.8677826602371123,3.0135166979206174,6.345291095194719,10.454727804647856,14.281675067767072,16.104351207227452,19.027235937147797,23.68394046068066,23.939690241210737,25.231109261253902
0.0,0.8677826602371123,3.0135166979206174,6.345291095194719,10.454727804647856,14.281675067767072,16.104351207227452,19.027235937147797,23.68394046068066,23.939690241210737,25.231109261253902
0.0,0.8677826602371123,3.0135166979206174,6.345291095194719,10.454727804647856,14.281675067767072,16.104351207227452,19.027235937147797,23.68394046068066,23.939690241210737,25.231109261253902
0.0,0.8677826602371123,3.0135166979206174,6.345291095194719,10.454727804647856,14.281675067767072,16.104351207227452,19.027235937147797,23.68394046068066,23.939690241210737,25.282391636639083
0.0,0.8677826602371123,3.0135166979206174,6.345291095194719,10.454727804647856,14.281675067767072,16.104351207227452,19.027235937147797,23.68394046068066,23.939690241210737,25.282391636639083
0.0,0.8677826602371123,3.0135166979206174,6.222231451444715,10.454727804647856,14.281675067767072,16.104351207227452,19.027235937147797,23.68394046068066,23.939690241210737,25.282391636639083
0.0,0.8677826602371123,3.0135166979206174,6.222231451444715,10.454727804647856,14.281675067767072,16.104351207227452,19.027235937147797,23.68394046068066,23.939690241210737,25.282391636639083
0.0,0.8677826602371123,3.0135166979206174,6.222231451444715,10.454727804647856,14.1708642073397,16.104351207227452,19.027235937147797,23.87930404038307,23.96656533582281,25.29149546208159
0.0,0.8077425552526869,3.0135166979206174,6.222231451444715,10.527558408187836,14.1708642073397,16.104351207227452,19.027235937147797,23.87930404038307,23.96656533582281,25.29149546208159
0.0,0.8077425552526869,3.0135166979206174,6.222231451444715,10.527558408187836,14.1708642073397,16.104351207227452,19.027235937147797,23.87930404038307,23.96656533582281,25.29149546208159
0.0,0.8534422542095087,3.0135166979206174,6.222231451444715,10.527558408187836,14.1708642073397,16.104351207227452,19.027235937147797,23.87930404038307,23.96656533582281,25.29149546208159
0.0,0.8077425552526869,3.0135166979206174,6.222231451444715,10.527558408187836,14.1708642073397,16.104351207227452,19.027235937147797,23.87930404038307,23.96656533582281,25.29149546208159
0.0,0.8077425552526869,3.0135166979206174,6.222231451444715,10.527558408187836,14.1708642073397,16.104351207227452,19.027235937147797,23.87930404038307,23.96656533582281,25.29149546208159
0.0,0.8077425552526869,3.0135166979206174,6.222231451444715,10.527558408187836,14.1708642073397,16.104351207227452,19.027235937147797,23.87930404038307,23.96656533582281,25.29149546208159
0.0,0.8534422542095087,3.0135166979206174,6.222231451444715,10.527558408187836,14.1708642073397,16.104351207227452,19.027235937147797,23.87930404038307,23.96656533582281,25.29149546208159
0.0,0.8534422542095087,3.0135166979206174,6.222231451444715,10.527558408187836,14.1708642073397,16.104351207227452,19.027235937147797,23.87930404038307,23.96656533582281,25.29149546208159
0.0,0.8534422542095087,3.0135166979206174,6.222231451444715,10.527558408187836,14.1708642073397,16.104351207227452,19.027235937147797,23.87930404038307,23.96656533582281,25.29149546208159
0.0,0.8077425552526869,3.0135166979206174,6.222231451444715,10.527558408187836,14.1708642073397,16.104351207227452,19.027235937147797,23.87930404038307,23.96656533582281,25.29149546208159
0.0,0.8534422542095087,3.0135166979206174,6.222231451444715,10.527558408187836,14.1708642073397,16.104351207227452,19.027235937147797,23.87930404038307,23.96656533582281,25.29149546208159
0.0,0.8534422542095087,3.0135166979206174,6.222231451444715,10.527558408187836,14.1708642073397,16.104351207227452,19.027235937147797,23.87930404038307,23.96656533582281,25.29149546208159
0.0,0.8534422542095087,3.0135166979206174,6.222231451444715,10.527558408187836,14.1708642073397,16.101958631615272,19.027235937147797,23.87930404038307,23.96656533582281,25.29149546208159
0.0,0.8534422542095087,3.0135166979206174,6.222231451444715,10.527558408187836,13.985266549475611,16.101958631615272,19.027235937147797,23.87930404038307,23.96656533582281,25.29149546208159
0.0,0.8534422542095087,3.0135166979206174,6.222231451444715,10.527558408187836,13.985266549475611,16.101958631615272,19.027235937147797,23.87930404038307,23.96656533582281,25.29149546208159
0.0,0.8534422542095087,3.0135166979206174,6.28633442067618,10.527558408187836,13.985266549475611,16.101958631615272,19.027235937147797,23.87930404038307,23.96656533582281,25.29149546208159
0.0,0.8077425552526869,3.0135166979206174,6.28633442067618,10.527558408187836,13.985266549475611,16.101958631615272,19.027235937147797,23.87930404038307,23.96656533582281,25.29149546208159
0.0,0.8002798654840023,3.0058907170424476,6.278466156589248,10.519376170808219,13.976828341646552,16.09336372732675,19.018424477697288,23.870133387500854,23.95738822307987,25.282220266173145
0.0,0.7959423056553185,3.0014582470702584,6.273892863677065,10.514620386330146,14.00764270719987,16.08836808731908,19.013302968733456,23.864803103544578,23.952054184440865,25.27682921838439
0.0,0.8416366551435328,2.9880975021425416,6.266715977043582,10.514620386330146,14.00764270719987,16.085990837658514,19.106662678504357,24.019760662115182,23.952054184440865,25.27682921838439
0.0,0.8416366551435328,2.9880975021425416,6.266715977043582,10.514620386330146,14.00764270719987,16.085990837658514,19.106662678504357,24.019760662115182,23.952054184440865,25.27682921838439
0.0,0.8416366551435328,2.9880975021425416,6.266715977043582,10.514620386330146,14.00764270719987,16.085990837658514,19.106662678504357,24.071157401611956,24.126195245019215,25.374311500351464
0.0,0.7899389979682099,2.999998796329277,6.287674893354775,10.514620386330146,14.00764270719987,16.085990837658514,19.106662678504357,24.071157401611956,24.126195245019215,25.374311500351464
0.0,0.7899389979682099,2.999998796329277,6.287674893354775,10.560179322862995,14.00764270719987,16.085990837658514,19.106662678504357,24.071157401611956,24.126195245019215,25.374311500351464
0.0,0.8168487620134526,3.037906464708301,6.284764443577838,10.557151880127313,14.004520863405478,16.082812082958327,19.1034012094754,24.067759991020875,24.122796327340136,25.370878405805875
0.0,0.8302539171918285,3.02479298561054,6.271237741757487,10.543081437995564,13.99001167981774,16.068038398378658,19.088243099069036,24.051970074152702,24.10699940608037,25.354922643020593
0.0,0.853065970445078,3.023579598308941,6.247630226079999,10.518524957958824,13.964689484979404,16.042254582415175,19.061788362813896,24.024412675833272,24.07942978332614,25.327075801632184
0.0,0.8333204263427312,3.0034090996238914,6.226828505793045,10.496887059421132,13.9423768782115,16.019535219017097,19.03847781919878,24.000130523509057,24.05513685946304,25.302538607064545
0.0,0.8460494088885359,3.0329437696116255,6.325215793643989,10.482150884900522,13.92718120351283,16.004062528660963,19.022602514197036,23.983593518597868,24.038592518752733,25.285827909361398
0.0,0.861867555105203,3.055400616715067,6.2974996128617065,10.476503336906529,13.921357554909742,16.110470474503746,19.403295862356185,24.116745873406536,24.032252002219103,25.279423637536325
0.0,0.861867555105203,3.055400616715067,6.2974996128617065,10.476503336906529,13.921357554909742,16.110470474503746,19.403295862356185,24.116745873406536,24.032252002219103,25.279423637536325
0.0,0.861867555105203,3.055400616715067,6.2974996128617065,10.476503336906529,13.921357554909742,16.110470474503746,19.403295862356185,24.116745873406536,24.032252002219103,25.279423637536325
0.0,0.861867555105203,3.055400616715067,6.2974996128617065,10.476503336906529,13.921357554909742,16.110470474503746,19.403295862356185,24.116745873406536,24.032252002219103,25.279423637536325
0.0,0.861867555105203,3.055400616715067,6.2974996128617065,10.476503336906529,13.921357554909742,16.110470474503746,19.403295862356185,24.116745873406536,24.032252002219103,25.279423637536325
0.0,0.861867555105203,3.055400616715067,6.2974996128617065,10.476503336906529,13.921357554909742,16.110470474503746,19.403295862356185,24.116745873406536,24.032252002219103,25.279423637536325
0.0,0.861867555105203,3.055400616715067,6.2974996128617065,10.476503336906529,13.921357554909742,16.110470474503746,19.403295862356185,24.116745873406536,24.032252002219103,25.279423637536325
0.0,0.861867555105203,3.055400616715067,6.2974996128617065,10.476503336906529,13.921357554909742,16.110470474503746,19.403295862356185,24.116745873406536,24.032252002219103,25.279423637536325
0.0,0.861867555105203,3.055400616715067,6.2974996128617065,10.476503336906529,13.921357554909742,16.110470474503746,19.403295862356185,24.116745873406536,24.032252002219103,25.279423637536325
0.0,0.861867555105203,3.055400616715067,6.2974996128617065,10.476503336906529,13.921357554909742,16.110470474503746,19.403295862356185,24.116745873406536,24.032252002219103,25.279423637536325
0.0,0.861867555105203,3.055400616715067,6.2974996128617065,10.476503336906529,13.921357554909742,16.110470474503746,19.403295862356185,24.116745873406536,24.032252002219103,25.279423637536325
0.0,0.861867555105203,3.055400616715067,6.2974996128617065,10.476503336906529,13.921357554909742,16.110470474503746,19.403295862356185,24.116745873406536,24.032252002219103,25.279423637536325
0.0,0.861867555105203,3.055400616715067,6.2974996128617065,10.574347841121453,13.921357554909742,16.110470474503746,19.403295862356185,24.198864294122863,24.10049358252511,25.279423637536325
0.0,0.861867555105203,3.0925508579435537,6.2974996128617065,10.574347841121453,13.921357554909742,16.110470474503746,19.403295862356185,24.198864294122863,24.10049358252511,25.279423637536325
0.0,0.861867555105203,3.00837271118581,6.391615561906799,10.593140961937165,13.972519947018434,16.15250692714434,19.403295862356185,24.2794942996706,24.10049358252511,25.279423637536325
0.0,0.8867244637335049,2.9984621189685328,6.3813794627488445,10.582500627629829,13.961554477518808,16.141331717781533,19.391807889645378,24.267537180491296,24.088553685277073,25.26737031363451
0.0,0.8926766152610797,2.9966195784838203,6.37947640522306,10.580522416206907,13.959515818168896,16.139254064375493,19.38967208843967,24.265314157317164,24.086333863940414,25.265129404435786
0.0,0.8926766152610797,2.9966195784838203,6.37947640522306,10.580522416206907,13.959515818168896,16.139254064375493,19.38967208843967,24.265314157317164,24.086333863940414,25.265129404435786
0.0,0.8926766152610797,2.9966195784838203,6.37947640522306,10.580522416206907,13.959515818168896,16.139254064375493,19.38967208843967,24.265314157317164,24.20919678496915,25.564492209937605
0.0,0.8926766152610797,2.9966195784838203,6.391863416960213,10.580522416206907,14.082318608072702,16.218792509886704,19.38967208843967,24.265314157317164,24.20919678496915,25.564492209937605
0.0,0.8676470345058144,2.9966195784838203,6.391863416960213,10.580522416206907,14.082318608072702,16.218792509886704,19.38967208843967,24.265314157317164,24.20919678496915,25.564492209937605
0.0,0.8676470345058144,2.9966195784838203,6.391863416960213,10.580522416206907,14.082318608072702,16.218792509886704,19.38967208843967,24.265314157317164,24.20919678496915,25.564492209937605
0.0,0.8676470345058144,2.9966195784838203,6.391863416960213,10.580522416206907,14.082318608072702,16.218792509886704,19.38967208843967,24.265314157317164,24.20919678496915,25.564492209937605
0.0,0.8676470345058144,2.9966195784838203,6.391863416960213,10.580522416206907,14.145245830319897,16.18675765307618,19.4386789552638,24.278407709772335,24.20919678496915,25.564492209937605
0.0,0.8676470345058144,2.9966195784838203,6.391863416960213,10.540294693623665,14.01381422398756,16.215500330796367,19.4386789552638,24.278407709772335,24.20919678496915,25.564492209937605
0.0,0.8676470345058144,2.9966195784838203,6.391863416960213,10.540294693623665,14.01381422398756,16.215500330796367,19.4386789552638,24.278407709772335,24.20919678496915,25.564492209937605
0.0,0.8676470345058144,2.9966195784838203,6.391863416960213,10.540294693623665,14.01381422398756,16.215500330796367,19.4386789552638,24.278407709772335,24.20919678496915,25.564492209937605
0.0,0.8676470345058144,2.9966195784838203,6.391863416960213,10.540294693623665,14.01381422398756,16.215500330796367,19.4386789552638,24.278407709772335,24.20919678496915,25.564492209937605
0.0,0.8676470345058144,2.9966195784838203,6.391863416960213,10.540294693623665,14.01381422398756,16.215500330796367,19.4386789552638,24.278407709772335,24.20919678496915,25.687986507778206
0.0,0.8676470345058144,2.9966195784838203,6.391863416960213,10.559807243665906,14.01381422398756,16.215500330796367,19.56569092391324,24.340327735676805,24.316545875764,25.786932273863005
0.0,0.8713632441500865,2.9952106214166037,6.390408014166712,10.558294824885529,14.012254555622047,16.213910544149183,19.564055307852122,24.338626804284882,24.314845269699443,25.785211553436298
0.0,0.8713632441500865,2.9952106214166037,6.390408014166712,10.628166236233914,14.068190769397287,16.213910544149183,19.612655624738817,24.338626804284882,24.314845269699443,25.785211553436298
0.0,0.8713632441500865,2.9952106214166037,6.390408014166712,10.628166236233914,14.068190769397287,16.213910544149183,19.612655624738817,24.338626804284882,24.314845269699443,25.785211553436298
0.0,0.8713632441500865,2.9952106214166037,6.390408014166712,10.628166236233914,14.068190769397287,16.213910544149183,19.612655624738817,24.338626804284882,24.314845269699443,25.785211553436298
0.0,0.8713632441500865,2.9952106214166037,6.390408014166712,10.628166236233914,14.068190769397287,16.19310545953082,19.612655624738817,24.338626804284882,24.314845269699443,25.79042785716648
0.0,0.8713632441500865,2.9952106214166037,6.390408014166712,10.628166236233914,14.068190769397287,16.19310545953082,19.612655624738817,24.338626804284882,24.314845269699443,25.79042785716648
0.0,0.8601282947547796,2.9837391200699845,6.378558359202774,10.615844584088187,14.055485970833134,16.180163990139135,19.599333289342898,24.324778095046693,24.300999209224283,25.776417447810076
0.0,0.8336049454288927,2.9886647218789744,6.356324113849568,10.711223973512892,14.233014777050428,16.149611906512554,19.777312643629447,24.29208420921659,24.268311576565836,25.743341822056582
0.0,0.8336049454288927,2.9886647218789744,6.356324113849568,10.711223973512892,14.233014777050428,16.149611906512554,19.777312643629447,24.29208420921659,24.268311576565836,25.743341822056582
0.0,0.8336049454288927,2.9886647218789744,6.356324113849568,10.711223973512892,14.233014777050428,16.149611906512554,19.777312643629447,24.29208420921659,24.268311576565836,25.743341822056582
0.0,0.8336049454288927,2.9886647218789744,6.366497358037037,10.791753390943658,14.233014777050428,16.34457153736653,19.777312643629447,24.29208420921659,24.268311576565836,25.743341822056582
0.0,0.8336049454288927,2.9886647218789744,6.366497358037037,10.791753390943658,14.233014777050428,16.34457153736653,19.777312643629447,24.29208420921659,24.268311576565836,25.743341822056582
0.0,0.8336049454288927,2.9886647218789744,6.366497358037037,10.791753390943658,14.140734285831497,16.34457153736653,19.777312643629447,24.29208420921659,24.268311576565836,25.743341822056582
0.0,0.8336049454288927,2.9886647218789744,6.366497358037037,10.791753390943658,14.140734285831497,16.34457153736653,19.777312643629447,24.29208420921659,24.268311576565836,25.743341822056582
0.0,0.8336049454288927,2.9886647218789744,6.366497358037037,10.791753390943658,14.140734285831497,16.34457153736653,19.777312643629447,24.29208420921659,24.268311576565836,25.743341822056582
0.0,0.8336049454288927,2.9886647218789744,6.366497358037037,10.791753390943658,14.140734285831497,16.34457153736653,19.777312643629447,24.29208420921659,24.268311576565836,25.743341822056582
0.0,0.8336049454288927,2.9886647218789744,6.366497358037037,10.791753390943658,14.140734285831497,16.34735152285351,19.777312643629447,24.29208420921659,24.268311576565836,25.743341822056582
0.0,0.8336049454288927,2.9886647218789744,6.366497358037037,10.791753390943658,14.034463705486234,16.515007188140846,19.777312643629447,24.29208420921659,24.268311576565836,25.733378955149206
0.0,0.8336049454288927,2.9886647218789744,6.366497358037037,10.791753390943658,14.034463705486234,16.515007188140846,19.777312643629447,24.29208420921659,24.268311576565836,25.733378955149206
0.0,0.8336049454288927,2.9886647218789744,6.366497358037037,10.791753390943658,14.034463705486234,16.515007188140846,19.777312643629447,24.29208420921659,24.268311576565836,25.79803991488136
0.0,0.8336049454288927,2.9886647218789744,6.366497358037037,10.791753390943658,14.034463705486234,16.515007188140846,19.777312643629447,24.29208420921659,24.268311576565836,25.733378955149206
0.0,0.8336049454288927,2.9886647218789744,6.366497358037037,10.791753390943658,14.034463705486234,16.515007188140846,19.777312643629447,24.29208420921659,24.268311576565836,25.79803991488136
0.0,0.8336049454288927,2.9886647218789744,6.366497358037037,10.791753390943658,14.034463705486234,16.515007188140846,19.777312643629447,24.29208420921659,24.268311576565836,25.79803991488136
0.0,0.8336049454288927,2.9886647218789744,6.366497358037037,10.791753390943658,14.034463705486234,16.515007188140846,19.777312643629447,24.29208420921659,24.268311576565836,25.79803991488136
0.0,0.8336049454288927,2.9886647218789744,6.366497358037037,10.791753390943658,14.034463705486234,16.515007188140846,19.777312643629447,24.29208420921659,24.268311576565836,25.733378955149206
0.0,0.8336049454288927,2.9886647218789744,6.366497358037037,10.791753390943658,14.034463705486234,16.515007188140846,19.777312643629447,24.29208420921659,24.268311576565836,25.733378955149206
0.0,0.8336049454288927,2.9886647218789744,6.366497358037037,10.791753390943658,14.034463705486234,16.515007188140846,19.777312643629447,24.29208420921659,24.268311576565836,25.79803991488136
0.0,0.8336049454288927,2.9886647218789744,6.366497358037037,10.7710011749571,14.016236016860828,16.515007188140846,19.777312643629447,24.29208420921659,24.268311576565836,25.733378955149206
0.0,0.8336049454288927,3.032753789007526,6.357601404478726,10.845594947699446,14.013621327808229,16.515007188140846,19.777312643629447,24.29208420921659,24.268311576565836,25.733378955149206
0.0,0.8119733884635157,3.0221041624096836,6.388661850787887,10.853411180691594,13.995651886486288,16.49664350878035,19.758434799331692,24.272494801495228,24.24872591559791,25.7782131567244
0.0,0.8388306839055186,3.0539979791519656,6.359242616071481,10.830417743568601,13.964129120985186,16.46442915398505,19.72531847432732,24.238130221381546,24.21436790819998,25.74343220628574
0.0,0.8321188197344535,3.0728982860309833,6.292378818962903,10.760743097687426,14.113265971047728,16.39121263072126,19.650051960516908,24.160026683522993,24.136279308756254,25.66438234534298
0.0,0.8231440346710664,3.063724055450435,6.28291803141879,10.750884593528252,14.103109068198128,16.3808529742065,19.639402243822087,24.148975546583767,24.125230285504482,25.588610800161238
0.0,0.8231440346710664,3.063724055450435,6.28291803141879,10.750884593528252,14.103109068198128,16.3808529742065,19.639402243822087,24.148975546583767,24.125230285504482,25.653197309911075
0.0,0.8231440346710664,3.063724055450435,6.352532772813069,10.750884593528252,14.103109068198128,16.3808529742065,19.639402243822087,24.148975546583767,24.125230285504482,25.653197309911075
0.0,0.8231440346710664,3.063724055450435,6.352532772813069,10.750884593528252,14.103109068198128,16.3808529742065,19.639402243822087,24.148975546583767,24.125230285504482,25.653197309911075
0.0,0.8231440346710664,3.063724055450435,6.352532772813069,10.750884593528252,14.103109068198128,16.3808529742065,19.639402243822087,24.148975546583767,24.125230285504482,25.653197309911075
0.0,0.8231440346710664,3.063724055450435,6.352532772813069,10.750884593528252,14.103109068198128,16.3808529742065,19.639402243822087,24.148975546583767,24.180495804653628,25.588610800161238
0.0,0.8231440346710664,3.063724055450435,6.352532772813069,10.750884593528252,14.103109068198128,16.3808529742065,19.639402243822087,24.148975546583767,24.180495804653628,25.588610800161238
0.0,0.8231440346710664,3.063724055450435,6.352532772813069,10.750884593528252,14.103109068198128,16.3808529742065,19.639402243822087,24.148975546583767,24.180495804653628,25.588610800161238
0.0,0.8231440346710664,3.063724055450435,6.352532772813069,10.750884593528252,14.103109068198128,16.3808529742065,19.639402243822087,24.148975546583767,24.180495804653628,25.588610800161238
0.0,0.8231440346710664,3.063724055450435,6.352532772813069,10.750884593528252,14.103109068198128,16.3808529742065,19.639402243822087,24.148975546583767,24.180495804653628,25.588610800161238
0.0,0.8231440346710664,3.063724055450435,6.352532772813069,10.750884593528252,14.103109068198128,16.3808529742065,19.639402243822087,24.148975546583767,24.180495804653628,25.653197309911075
0.0,0.8231440346710664,3.063724055450435,6.352532772813069,10.750884593528252,14.103109068198128,16.3808529742065,19.639402243822087,24.148975546583767,24.180495804653628,25.588610800161238
0.0,0.8231440346710664,3.063724055450435,6.352532772813069,10.750884593528252,14.103109068198128,16.3808529742065,19.639402243822087,24.148975546583767,24.180495804653628,25.588610800161238
0.0,0.8231440346710664,3.063724055450435,6.352532772813069,10.750884593528252,14.103109068198128,16.3808529742065,19.639402243822087,24.148975546583767,24.180495804653628,25.588610800161238
0.0,0.8231440346710664,3.063724055450435,6.352532772813069,10.750884593528252,14.103109068198128,16.3808529742065,19.639402243822087,24.148975546583767,24.180495804653628,25.588610800161238
0.0,0.8231440346710664,3.063724055450435,6.352532772813069,10.750884593528252,14.103109068198128,16.3808529742065,19.639402243822087,24.12908776470635,24.180495804653628,25.588610800161238
0.0,0.8231440346710664,3.063724055450435,6.310640848873569,10.750284207660261,14.103109068198128,16.3808529742065,19.639402243822087,24.12908776470635,24.180495804653628,25.588610800161238
0.0,0.8231440346710664,3.063724055450435,6.310640848873569,10.750284207660261,14.103109068198128,16.3808529742065,19.639402243822087,24.12908776470635,24.180495804653628,25.588610800161238
0.0,0.8231440346710664,2.9956853269596313,6.310640848873569,10.750284207660261,14.103109068198128,16.3808529742065,19.639402243822087,24.12908776470635,24.180495804653628,25.588610800161238
0.0,0.8231440346710664,2.9956853269596313,6.310640848873569,10.750284207660261,14.103109068198128,16.3808529742065,19.639402243822087,24.12908776470635,24.180495804653628,25.588610800161238
0.0,0.8231440346710664,2.9956853269596313,6.310640848873569,10.750284207660261,14.103109068198128,16.3808529742065,19.639402243822087,24.12908776470635,24.180495804653628,25.588610800161238
0.0,0.8231440346710664,2.9956853269596313,6.310640848873569,10.750284207660261,14.103109068198128,16.3808529742065,19.639402243822087,24.12908776470635,24.180495804653628,25.653197309911075
0.0,0.8231440346710664,2.9956853269596313,6.310640848873569,10.750284207660261,14.103109068198128,16.3808529742065,19.639402243822087,24.236361709670785,24.180495804653628,25.653197309911075
0.0,0.8231440346710664,2.9956853269596313,6.310640848873569,10.750284207660261,14.103109068198128,16.3808529742065,19.639402243822087,24.236361709670785,24.180495804653628,25.588610800161238
0.0,0.8231440346710664,2.9956853269596313,6.310640848873569,10.750284207660261,14.103109068198128,16.3808529742065,19.639402243822087,24.236361709670785,24.180495804653628,25.588610800161238
0.0,0.8231440346710664,2.9956853269596313,6.310640848873569,10.750284207660261,14.103109068198128,16.3808529742065,19.639402243822087,24.236361709670785,24.180495804653628,25.588610800161238
0.0,0.8231440346710664,2.9956853269596313,6.310640848873569,10.750284207660261,14.103109068198128,16.3808529742065,19.756702632782083,24.160232781608716,24.1217630571168,25.591597719854537
0.0,0.8231440346710664,2.9956853269596313,6.310640848873569,10.750284207660261,14.103109068198128,16.3808529742065,19.756702632782083,24.160232781608716,24.1217630571168,25.591597719854537
0.0,0.8231440346710664,2.8728613880140688,6.300374250530798,10.796603977376238,14.120114997909134,16.3808529742065,19.756702632782083,24.160232781608716,24.1217630571168,25.591597719854537
0.0,0.8231440346710664,2.8728613880140688,6.300374250530798,10.796603977376238,14.120114997909134,16.3808529742065,19.756702632782083,24.160232781608716,24.1217630571168,25.591597719854537
0.0,0.8231440346710664,2.8728613880140688,6.300374250530798,10.796603977376238,14.120114997909134,16.3808529742065,19.756702632782083,24.160232781608716,24.1217630571168,25.591597719854537
0.0,0.8231440346710664,2.8728613880140688,6.300374250530798,10.796603977376238,14.120114997909134,16.3808529742065,19.756702632782083,24.160232781608716,24.1217630571168,25.591597719854537
0.0,0.8231440346710664,2.8728613880140688,6.300374250530798,10.758059204650818,14.120114997909134,16.3808529742065,19.756702632782083,24.160232781608716,24.1217630571168,25.591597719854537
0.0,0.8231440346710664,2.8728613880140688,6.300374250530798,10.758059204650818,14.120114997909134,16.3808529742065,19.756702632782083,24.160232781608716,24.1217630571168,25.591597719854537
0.0,0.8231440346710664,2.8728613880140688,6.300374250530798,10.758059204650818,14.120114997909134,16.3808529742065,19.756702632782083,24.160232781608716,24.1217630571168,25.591597719854537
0.0,0.8231440346710664,2.8728613880140688,6.300374250530798,10.758059204650818,14.120114997909134,16.3808529742065,19.756702632782083,24.160232781608716,24.1217630571168,25.591597719854537
0.0,0.8231440346710664,2.8728613880140688,6.300374250530798,10.758059204650818,14.120114997909134,16.3808529742065,19.756702632782083,24.160232781608716,24.07283160887501,25.41236752861062
0.0,0.8231440346710664,2.8728613880140688,6.300374250530798,10.758059204650818,14.120114997909134,16.3808529742065,19.756702632782083,24.160232781608716,24.07283160887501,25.41236752861062
0.0,0.8231440346710664,2.8728613880140688,6.300374250530798,10.758059204650818,14.120114997909134,16.3808529742065,19.756702632782083,24.160232781608716,24.07283160887501,25.41236752861062
0.0,0.8231440346710664,2.8728613880140688,6.300374250530798,10.758059204650818,14.120114997909134,16.3808529742065,19.756702632782083,24.160232781608716,24.07283160887501,25.41236752861062
0.0,0.8231440346710664,2.8728613880140688,6.300374250530798,10.758059204650818,14.120114997909134,16.3808529742065,19.756702632782083,24.160232781608716,24.07283160887501,25.41236752861062
0.0,0.8231440346710664,2.747846040650306,6.300374250530798,10.758059204650818,14.120114997909134,16.3808529742065,19.756702632782083,24.160232781608716,24.07283160887501,25.41236752861062
0.0,0.8231440346710664,2.747846040650306,6.300374250530798,10.758059204650818,14.120114997909134,16.3808529742065,19.756702632782083,24.160232781608716,24.07283160887501,25.41236752861062
0.0,0.8231440346710664,2.747846040650306,6.300374250530798,10.758059204650818,14.120114997909134,16.3808529742065,19.756702632782083,24.160232781608716,24.07283160887501,25.41236752861062
0.0,0.8231440346710664,2.747846040650306,6.300374250530798,10.758059204650818,14.120114997909134,16.3808529742065,19.756702632782083,24.160232781608716,24.07283160887501,25.41236752861062
0.0,0.8231440346710664,2.747846040650306,6.300374250530798,10.758059204650818,14.120114997909134,16.3808529742065,19.756702632782083,24.160232781608716,24.07283160887501,25.41236752861062
0.0,0.8231440346710664,2.747846040650306,6.300374250530798,10.758059204650818,14.120114997909134,16.3808529742065,19.756702632782083,24.160232781608716,24.07283160887501,25.41236752861062
0.0,0.8231440346710664,2.747846040650306,6.300374250530798,10.758059204650818,14.120114997909134,16.3808529742065,19.756702632782083,24.160232781608716,24.327950573833785,25.41236752861062
0.0,0.8231440346710664,2.747846040650306,6.300374250530798,10.758059204650818,14.120114997909134,16.3808529742065,19.756702632782083,24.160232781608716,24.327950573833785,25.41236752861062
0.0,0.8231440346710664,2.747846040650306,6.300374250530798,10.729540875920943,14.120114997909134,16.3808529742065,19.756702632782083,24.160232781608716,24.327950573833785,25.41236752861062
0.0,0.8231440346710664,2.747846040650306,6.300374250530798,10.729540875920943,14.120114997909134,16.3808529742065,19.756702632782083,24.160232781608716,24.327950573833785,25.41236752861062
0.0,0.8231440346710664,2.747846040650306,6.300374250530798,10.784160980262001,13.971219302645792,16.3808529742065,19.756702632782083,24.160232781608716,24.327950573833785,25.41236752861062
0.0,0.8231440346710664,2.747846040650306,6.300374250530798,10.784160980262001,13.971219302645792,16.3808529742065,19.756702632782083,24.160232781608716,24.327950573833785,25.41236752861062
0.0,0.8231440346710664,2.747846040650306,6.282287626257395,10.784160980262001,13.916193937843852,16.409431341523188,19.742998825345037,24.301533595641896,24.494707748670063,25.518365653605567
0.0,0.8231440346710664,2.747846040650306,6.282287626257395,10.784160980262001,13.916193937843852,16.409431341523188,19.742998825345037,24.250215613574838,24.494707748670063,25.518365653605567
0.0,0.8231440346710664,2.747846040650306,6.282287626257395,10.784160980262001,13.916193937843852,16.409431341523188,19.742998825345037,24.301533595641896,24.494707748670063,25.518365653605567
0.0,0.8231440346710664,2.747846040650306,6.282287626257395,10.751545017983052,13.887720638054073,16.409431341523188,19.742998825345037,24.250215613574838,24.494707748670063,25.518365653605567
0.0,0.8231440346710664,2.747846040650306,6.282287626257395,10.751545017983052,13.887720638054073,16.409431341523188,19.742998825345037,24.301533595641896,24.494707748670063,25.518365653605567
0.0,0.8231440346710664,2.747846040650306,6.282287626257395,10.751545017983052,13.945267623501618,16.409431341523188,19.75123912138331,24.250215613574838,24.494707748670063,25.45101736886295
0.0,0.8231440346710664,2.747846040650306,6.282287626257395,10.751545017983052,13.945267623501618,16.409431341523188,19.75123912138331,24.250215613574838,24.494707748670063,25.45101736886295
0.0,0.8231440346710664,2.747846040650306,6.282287626257395,10.751545017983052,13.945267623501618,16.409431341523188,19.75123912138331,24.301533595641896,24.494707748670063,25.45101736886295
0.0,0.8231440346710664,2.747846040650306,6.282287626257395,10.751545017983052,13.945267623501618,16.409431341523188,19.75123912138331,24.250215613574838,24.494707748670063,25.45101736886295
0.0,0.8231440346710664,2.747846040650306,6.282287626257395,10.751545017983052,13.945267623501618,16.409431341523188,19.75123912138331,24.301533595641896,24.494707748670063,25.45101736886295
0.0,0.8231440346710664,2.747846040650306,6.282287626257395,10.751545017983052,13.945267623501618,16.409431341523188,19.75123912138331,24.301533595641896,24.494707748670063,25.45101736886295
0.0,0.8231440346710664,2.747846040650306,6.282287626257395,10.751545017983052,13.945267623501618,16.409431341523188,19.75123912138331,24.250215613574838,24.494707748670063,25.45101736886295
0.0,0.8231440346710664,2.747846040650306,6.282287626257395,10.751545017983052,13.945267623501618,16.409431341523188,19.75123912138331,24.250215613574838,24.494707748670063,25.45101736886295
0.0,0.8231440346710664,2.747846040650306,6.282287626257395,10.751545017983052,13.945267623501618,16.409431341523188,19.75123912138331,24.250215613574838,24.494707748670063,25.45101736886295
0.0,0.8231440346710664,2.747846040650306,6.282287626257395,10.751545017983052,13.945267623501618,16.409431341523188,19.75123912138331,24.250215613574838,24.494707748670063,25.45101736886295
0.0,0.8231440346710664,2.747846040650306,6.282287626257395,10.751545017983052,13.945267623501618,16.409431341523188,19.75123912138331,24.301533595641896,24.494707748670063,25.45101736886295
0.0,0.8231440346710664,2.747846040650306,6.282287626257395,10.751545017983052,13.945267623501618,16.409431341523188,19.75123912138331,24.301533595641896,24.494707748670063,25.45101736886295
0.0,0.8231440346710664,2.6975036856187367,6.343166753272324,10.751545017983052,13.945267623501618,16.409431341523188,19.75123912138331,24.250215613574838,24.494707748670063,25.45101736886295
0.0,0.8231440346710664,2.6648426943996877,6.352577801753167,10.751545017983052,13.945267623501618,16.409431341523188,19.75123912138331,24.250215613574838,24.494707748670063,25.45101736886295
0.0,0.8231440346710664,2.6648426943996877,6.336082200029954,10.751545017983052,14.04926946548545,16.409431341523188,19.75123912138331,24.301533595641896,24.494707748670063,25.45101736886295
0.0,0.8231440346710664,2.6648426943996877,6.336082200029954,10.751545017983052,14.04926946548545,16.409431341523188,19.75123912138331,24.301533595641896,24.494707748670063,25.45101736886295
0.0,0.8231440346710664,2.6648426943996877,6.336082200029954,10.751545017983052,14.04926946548545,16.409431341523188,19.75123912138331,24.301533595641896,24.494707748670063,25.45101736886295
0.0,0.8231440346710664,2.6648426943996877,6.336082200029954,10.751545017983052,14.04926946548545,16.409431341523188,19.75123912138331,24.250215613574838,24.494707748670063,25.3259269732657
0.0,0.8231440346710664,2.6648426943996877,6.336082200029954,10.751545017983052,14.04926946548545,16.409431341523188,19.75123912138331,24.250215613574838,24.494707748670063,25.3259269732657
0.0,0.8231440346710664,2.6648426943996877,6.336082200029954,10.751545017983052,14.04926946548545,16.409431341523188,19.75123912138331,24.384491912952438,24.494707748670063,25.469209060663285
0.0,0.8231440346710664,2.6648426943996877,6.336082200029954,10.751545017983052,14.04926946548545,16.409431341523188,19.75123912138331,24.384491912952438,24.494707748670063,25.469209060663285
0.0,0.8231440346710664,2.6648426943996877,6.336082200029954,10.751545017983052,14.04926946548545,16.409431341523188,19.75123912138331,24.384491912952438,24.494707748670063,25.469209060663285
0.0,0.8231440346710664,2.6648426943996877,6.336082200029954,10.751545017983052,14.04926946548545,16.409431341523188,19.75123912138331,24.384491912952438,24.494707748670063,25.469209060663285
0.0,0.8231440346710664,2.6648426943996877,6.336082200029954,10.751545017983052,14.04926946548545,16.409431341523188,19.75123912138331,24.384491912952438,24.494707748670063,25.469209060663285
0.0,0.8231440346710664,2.6648426943996877,6.277034249912418,10.751545017983052,14.04926946548545,16.409431341523188,19.75123912138331,24.384491912952438,24.494707748670063,25.469209060663285
0.0,0.8231440346710664,2.6648426943996877,6.277034249912418,10.751545017983052,14.04926946548545,16.409431341523188,19.75123912138331,24.384491912952438,24.494707748670063,25.469209060663285
0.0,0.8231440346710664,2.6648426943996877,6.277034249912418,10.751545017983052,14.04926946548545,16.409431341523188,19.75123912138331,24.384491912952438,24.494707748670063,25.469209060663285
0.0,0.8231440346710664,2.6648426943996877,6.277034249912418,10.751545017983052,14.04926946548545,16.409431341523188,19.75123912138331,24.384491912952438,24.494707748670063,25.469209060663285
0.0,0.8231440346710664,2.6648426943996877,6.277034249912418,10.751545017983052,14.04926946548545,16.409431341523188,19.75123912138331,24.384491912952438,24.494707748670063,25.469209060663285
0.0,0.8231440346710664,2.6648426943996877,6.277034249912418,10.751545017983052,14.04926946548545,16.409431341523188,19.75123912138331,24.298111396194315,24.494707748670063,25.469209060663285
0.0,0.8231440346710664,2.6648426943996877,6.277034249912418,10.751545017983052,14.04926946548545,16.409431341523188,19.75123912138331,24.298111396194315,24.494707748670063,25.469209060663285
0.0,0.8231440346710664,2.6648426943996877,6.277034249912418,10.751545017983052,14.04926946548545,16.409431341523188,19.75123912138331,24.298111396194315,24.494707748670063,25.469209060663285
0.0,0.8231440346710664,2.6648426943996877,6.277034249912418,10.751545017983052,14.04926946548545,16.409431341523188,19.75123912138331,24.298111396194315,24.494707748670063,25.469209060663285
0.0,0.8231440346710664,2.6648426943996877,6.277034249912418,10.751545017983052,14.04926946548545,16.409431341523188,19.75123912138331,24.298111396194315,24.494707748670063,25.469209060663285
0.0,0.8231440346710664,2.6648426943996877,6.277034249912418,10.751545017983052,14.04926946548545,16.409431341523188,19.75123912138331,24.298111396194315,24.494707748670063,25.469209060663285
0.0,0.8231440346710664,2.6648426943996877,6.277034249912418,10.751545017983052,14.04926946548545,16.409431341523188,19.75123912138331,24.55084382732781,24.44414024893798,25.469209060663285
0.0,0.8231440346710664,2.6648426943996877,6.277034249912418,10.751545017983052,14.04926946548545,16.409431341523188,19.75123912138331,24.55084382732781,24.44414024893798,25.469209060663285
0.0,0.8231440346710664,2.6648426943996877,6.277034249912418,10.751545017983052,14.04926946548545,16.409431341523188,19.75123912138331,24.55084382732781,24.44414024893798,25.469209060663285
0.0,0.8231440346710664,2.6648426943996877,6.277034249912418,10.751545017983052,14.04926946548545,16.409431341523188,19.75123912138331,24.55084382732781,24.44414024893798,25.469209060663285
0.0,0.8231440346710664,2.6648426943996877,6.277034249912418,10.751545017983052,14.04926946548545,16.409431341523188,19.75123912138331,24.55084382732781,24.44414024893798,25.469209060663285
0.0,0.8231440346710664,2.6648426943996877,6.277034249912418,10.751545017983052,14.04926946548545,16.409431341523188,19.75123912138331,24.55084382732781,24.44414024893798,25.469209060663285
0.0,0.8231440346710664,2.6648426943996877,6.277034249912418,10.751545017983052,14.04926946548545,16.409431341523188,19.75123912138331,24.55084382732781,24.44414024893798,25.469209060663285
0.0,0.8231440346710664,2.6648426943996877,6.277034249912418,10.751545017983052,14.04926946548545,16.409431341523188,19.75123912138331,24.55084382732781,24.44414024893798,25.469209060663285
0.0,0.8231440346710664,2.6648426943996877,6.277034249912418,10.751545017983052,14.04926946548545,16.409431341523188,19.75123912138331,24.55084382732781,24.44414024893798,25.469209060663285
0.0,0.8231440346710664,2.6648426943996877,6.277034249912418,10.751545017983052,14.04926946548545,16.409431341523188,19.75123912138331,24.55084382732781,24.44414024893798,25.469209060663285
0.0,0.8231440346710664,2.6648426943996877,6.277034249912418,10.751545017983052,14.04926946548545,16.409431341523188,19.75123912138331,24.55084382732781,24.44414024893798,25.469209060663285
0.0,0.8231440346710664,2.6648426943996877,6.277034249912418,10.751545017983052,14.04926946548545,16.409431341523188,19.75123912138331,24.55084382732781,24.44414024893798,25.469209060663285
0.0,0.8231440346710664,2.6648426943996877,6.277034249912418,10.751545017983052,14.04926946548545,16.409431341523188,19.75123912138331,24.55084382732781,24.44414024893798,25.469209060663285
0.0,0.8231440346710664,2.6648426943996877,6.277034249912418,10.751545017983052,14.04926946548545,16.409431341523188,19.75123912138331,24.55084382732781,24.44414024893798,25.469209060663285
0.0,0.8231440346710664,2.6648426943996877,6.277034249912418,10.751545017983052,14.04926946548545,16.409431341523188,19.75123912138331,24.55084382732781,24.44414024893798,25.469209060663285
0.0,0.8231440346710664,2.6648426943996877,6.277034249912418,10.751545017983052,14.04926946548545,16.409431341523188,19.75123912138331,24.55084382732781,24.44414024893798,25.469209060663285
0.0,0.8231440346710664,2.6648426943996877,6.277034249912418,10.751545017983052,14.04926946548545,16.409431341523188,19.75123912138331,24.55084382732781,24.44414024893798,25.469209060663285
0.0,0.8231440346710664,2.6648426943996877,6.277034249912418,10.751545017983052,14.04926946548545,16.409431341523188,19.75123912138331,24.55084382732781,24.44414024893798,25.469209060663285
0.0,0.8231440346710664,2.6648426943996877,6.277034249912418,10.751545017983052,14.04926946548545,16.409431341523188,19.75123912138331,24.55084382732781,24.44414024893798,25.469209060663285
0.0,0.8231440346710664,2.6648426943996877,6.277034249912418,10.751545017983052,14.04926946548545,16.409431341523188,19.75123912138331,24.55084382732781,24.44414024893798,25.469209060663285
0.0,0.8231440346710664,2.6648426943996877,6.277034249912418,10.751545017983052,14.04926946548545,16.409431341523188,19.75123912138331,24.55084382732781,24.44414024893798,25.469209060663285
0.0,0.8231440346710664,2.6648426943996877,6.277034249912418,10.751545017983052,14.04926946548545,16.409431341523188,19.75123912138331,24.55084382732781,24.44414024893798,25.469209060663285
0.0,0.8231440346710664,2.6648426943996877,6.277034249912418,10.751545017983052,14.04926946548545,16.409431341523188,19.75123912138331,24.55084382732781,24.44414024893798,25.469209060663285
0.0,0.8231440346710664,2.6648426943996877,6.277034249912418,10.751545017983052,14.04926946548545,16.409431341523188,19.75123912138331,24.55084382732781,24.44414024893798,25.469209060663285
0.0,0.8231440346710664,2.6648426943996877,6.277034249912418,10.751545017983052,14.04926946548545,16.409431341523188,19.75123912138331,24.55084382732781,24.44414024893798,25.469209060663285
0.0,0.8231440346710664,2.6648426943996877,6.277034249912418,10.751545017983052,14.04926946548545,16.409431341523188,19.75123912138331,24.55084382732781,24.44414024893798,25.469209060663285
0.0,0.8231440346710664,2.6648426943996877,6.277034249912418,10.751545017983052,14.04926946548545,16.409431341523188,19.75123912138331,24.55084382732781,24.44414024893798,25.469209060663285
0.0,0.8231440346710664,2.6648426943996877,6.277034249912418,10.751545017983052,14.04926946548545,16.409431341523188,19.75123912138331,24.55084382732781,24.44414024893798,25.469209060663285
0.0,0.8231440346710664,2.6648426943996877,6.277034249912418,10.751545017983052,14.04926946548545,16.409431341523188,19.75123912138331,24.55084382732781,24.44414024893798,25.469209060663285
0.0,0.8231440346710664,2.6648426943996877,6.277034249912418,10.751545017983052,14.04926946548545,16.409431341523188,19.75123912138331,24.55084382732781,24.44414024893798,25.469209060663285
0.0,0.8231440346710664,2.6648426943996877,6.277034249912418,10.751545017983052,14.04926946548545,16.409431341523188,19.75123912138331,24.55084382732781,24.44414024893798,25.469209060663285
0.0,0.8231440346710664,2.6648426943996877,6.277034249912418,10.751545017983052,14.04926946548545,16.409431341523188,19.75123912138331,24.55084382732781,24.44414024893798,25.469209060663285
0.0,0.8231440346710664,2.6648426943996877,6.277034249912418,10.751545017983052,14.04926946548545,16.409431341523188,19.75123912138331,24.55084382732781,24.44414024893798,25.469209060663285
0.0,0.8231440346710664,2.6648426943996877,6.277034249912418,10.751545017983052,14.04926946548545,16.409431341523188,19.75123912138331,24.55084382732781,24.44414024893798,25.469209060663285
0.0,0.8231440346710664,2.6648426943996877,6.277034249912418,10.751545017983052,13.997125952849892,16.409431341523188,19.75123912138331,24.55084382732781,24.44414024893798,25.469209060663285
0.0,0.8231440346710664,2.6648426943996877,6.277034249912418,10.751545017983052,13.997125952849892,16.409431341523188,19.75123912138331,24.55084382732781,24.44414024893798,25.469209060663285
0.0,0.8231440346710664,2.6648426943996877,6.277034249912418,10.751545017983052,13.997125952849892,16.409431341523188,19.75123912138331,24.55084382732781,24.44414024893798,25.469209060663285
0.0,0.8231440346710664,2.6648426943996877,6.277034249912418,10.751545017983052,13.997125952849892,16.409431341523188,19.75123912138331,24.55084382732781,24.44414024893798,25.469209060663285
0.0,0.8231440346710664,2.6648426943996877,6.277034249912418,10.751545017983052,13.997125952849892,16.409431341523188,19.75123912138331,24.55084382732781,24.44414024893798,25.469209060663285
0.0,0.8231440346710664,2.6648426943996877,6.277034249912418,10.751545017983052,13.997125952849892,16.409431341523188,19.75123912138331,24.55084382732781,24.44414024893798,25.469209060663285
0.0,0.8231440346710664,2.6648426943996877,6.277034249912418,10.751545017983052,13.997125952849892,16.409431341523188,19.75123912138331,24.55084382732781,24.44414024893798,25.469209060663285
0.0,0.8231440346710664,2.6648426943996877,6.277034249912418,10.751545017983052,13.997125952849892,16.409431341523188,19.75123912138331,24.55084382732781,24.44414024893798,25.469209060663285
0.0,0.8231440346710664,2.6648426943996877,6.277034249912418,10.751545017983052,13.994424216443898,16.409431341523188,19.75123912138331,24.55084382732781,24.44414024893798,25.469209060663285
0.0,0.8231440346710664,2.6648426943996877,6.277034249912418,10.751545017983052,13.994424216443898,16.409431341523188,19.75123912138331,24.55084382732781,24.44414024893798,25.469209060663285
0.0,0.8231440346710664,2.6648426943996877,6.277034249912418,10.751545017983052,13.994424216443898,16.409431341523188,19.75123912138331,24.55084382732781,24.44414024893798,25.469209060663285
0.0,0.8231440346710664,2.6648426943996877,6.277034249912418,10.751545017983052,13.994424216443898,16.409431341523188,19.75123912138331,24.55084382732781,24.44414024893798,25.469209060663285
0.0,0.8231440346710664,2.6648426943996877,6.277034249912418,10.751545017983052,13.994424216443898,16.409431341523188,19.75123912138331,24.55084382732781,24.44414024893798,25.469209060663285
0.0,0.8231440346710664,2.6648426943996877,6.277034249912418,10.751545017983052,13.994424216443898,16.491053800277417,19.75123912138331,24.578026297501392,24.44414024893798,25.469209060663285
0.0,0.8231440346710664,2.6648426943996877,6.277034249912418,10.751545017983052,13.994424216443898,16.491053800277417,19.75123912138331,24.578026297501392,24.44414024893798,25.469209060663285
0.0,0.8201721246244856,2.6648426943996877,6.277034249912418,10.751545017983052,13.994424216443898,16.491053800277417,19.75123912138331,24.578026297501392,24.44414024893798,25.469209060663285
0.0,0.8201721246244856,2.6648426943996877,6.277034249912418,10.751545017983052,13.994424216443898,16.491053800277417,19.75123912138331,24.578026297501392,24.44414024893798,25.469209060663285
0.0,0.818855592423766,2.663502074080949,6.275646460794046,10.750098799709239,13.992935651933239,16.489532634223124,19.749675383104975,24.576399529964036,24.442515229714388,25.546055073577072
0.0,0.7954210207715631,2.6396387284668386,6.250943499852513,10.724355786554014,13.96643886616154,16.462455533583494,19.721840487225595,24.547442698984316,24.41358951911596,25.516872853584736
0.0,0.8118165204661871,2.64438881331235,6.2108913916398345,10.75233881009479,13.923478342784282,16.418554117576285,19.67671042105708,24.50049358504446,24.36669086215905,25.46955830551152
0.0,0.8118165204661871,2.64438881331235,6.2108913916398345,10.87375128083857,13.911388096747778,16.449529747930377,19.67671042105708,24.50049358504446,24.36669086215905,25.46955830551152
0.0,0.8118165204661871,2.64438881331235,6.2108913916398345,10.87375128083857,14.059891118784279,16.64999382737439,19.98244664278918,24.497508524298464,24.529849182430876,25.54277479546709
0.0,0.8254678790801072,2.5960497007948757,6.233350005817381,10.889156168399273,14.229275442630449,16.82794896060856,20.17252122743068,24.43887795381841,24.47120338151562,25.483651969692055
0.0,0.8491690171852424,2.5503994595243373,6.283209301984023,11.01285083372535,14.178448982943918,16.775966217873854,20.47210392406845,24.383508718661755,24.415819763119284,25.427817861023833
0.0,0.8542735251469561,2.5988391936504196,6.336969455792241,10.98482453509164,14.149623497563649,16.746484963425534,20.441689542884202,24.352106864423465,24.384409751636365,25.396152360552964
0.0,0.8299098857842351,2.561605955233591,6.298379645543046,10.944548012812813,14.108198466049851,16.704117527856745,20.397981113263356,24.306979339795443,24.339270504252895,25.3506459505966
0.0,0.851454194018455,2.627284072611367,6.363417838644139,10.87133398132479,14.032896692459587,16.627102666932892,20.318528614350992,24.22494723220135,24.257217087217523,25.267925111185807
0.0,0.852411899642004,2.645403349054752,6.266363204062644,10.770165957357712,13.928843801497154,16.52068261141334,20.20874020151751,24.111594285252835,24.143834694628293,25.15362046637934
0.0,0.8431891188601296,2.6838240293432984,6.189618106024541,10.690168232868263,13.919860348623372,16.4365318892012,20.12192598040705,24.021961440165285,24.054178565659527,25.063235074587286
0.0,0.8245846380070214,2.646566849731766,6.151088905227289,10.650006079597613,13.878526353337842,16.39428475998735,20.07834166502105,23.976962059427084,24.009167495453752,25.017857884401597
0.0,0.8245846380070214,2.646566849731766,6.151088905227289,10.650006079597613,13.878526353337842,16.39428475998735,20.07834166502105,23.976962059427084,24.009167495453752,25.017857884401597
0.0,0.8245846380070214,2.646566849731766,6.151088905227289,10.650006079597613,13.878526353337842,16.39428475998735,20.07834166502105,23.976962059427084,24.009167495453752,25.017857884401597
0.0,0.8211098581872825,2.6323398726000513,6.172684434952093,10.640912858732433,13.862742608786558,16.49466428694113,20.06169861622446,23.959778655654205,23.991979627956308,25.0005302108148
0.0,0.8331063573581482,2.5703087948412007,6.152168874903978,10.619533910808006,13.840741112397298,16.472154228980525,20.03849930652867,23.93582612684611,23.96802087701128,24.976376579424258
0.0,0.8091127576696158,2.607753291756603,6.142785728534449,10.60975587905401,14.041120230491643,16.461858864479844,20.027888700820753,23.924871023344195,23.957062927707383,24.96532949817658
0.0,0.8311773923331991,2.643421763860529,6.117513376387967,10.583419951631102,14.013967303141353,16.434129564851467,19.999310337724047,23.89536479775653,23.927549037301638,24.935575541828985
0.0,0.8271892712386023,2.603720269830826,6.090400577974393,10.555166123609354,14.03657828062173,16.404380892997892,19.968650769784354,23.863709796209115,23.895885812749633,24.9036547686543
0.0,0.8238807573199083,2.591696451480099,6.042970684583309,10.505740165044683,13.985595885220572,16.35233992278822,19.915016319492118,23.808333979748316,23.84049561133953,24.847814023426086
0.0,0.8225160105916495,2.60214969135526,6.036459609664129,10.422655173503493,13.899894524768197,16.26485909904238,19.824856857172005,23.715247282477456,23.747384732981924,24.753945781318663
0.0,0.7941615495311987,2.6417975372202855,6.082553472948472,10.500913188951168,13.918057305958525,16.36713175245876,20.024907861767343,23.640495535355164,23.6726135676341,24.678566427420105
0.0,0.8164252164298089,2.662307277392088,6.095944180919523,10.433413435448777,13.90733712251427,16.296048604977077,19.95159035278927,23.564969435790005,23.597067848690248,24.60240621970769
0.0,0.8373313927646372,2.673632205506703,6.1162276487007325,10.341665243569736,13.812702791312908,16.199429729853556,19.851934449874374,23.75330758470006,23.86427939429027,24.498886414253892
0.0,0.853611092040262,2.6942499465768526,6.024955961204839,10.40340933239058,13.895380406919358,16.08086970193306,19.72964771638749,23.627040221455626,23.737898804837464,24.371858325702508
0.0,0.8605127676657243,2.699721269949423,5.943419774643097,10.3185059914859,13.80779164160285,15.991600233604025,19.637572234679702,23.53196753480192,23.64274086480115,24.276212852883962
0.0,0.8467190286882962,2.762428807531047,6.006025881640977,10.250958693342623,13.843604583089144,15.920579337040222,19.56431893335692,23.45632972076243,23.567035224977754,24.200119342314313
0.0,0.8348108254008638,2.784670269003668,5.9392734075898375,10.181533165896592,13.771916750273814,15.84758362382644,19.48902874083567,23.378588711441548,23.489224503900058,24.12190996530396
0.0,0.8323582223164279,2.8139962457917145,5.970806695325911,10.24356408202346,13.854036440868251,15.968501999749533,19.567754715177426,23.30087244955052,23.564734155958984,24.31622794699052
0.0,0.8165691237911045,2.8298297797070755,6.001071969190806,10.33074012391347,13.881852877117314,16.039139023263623,19.51286140813138,23.24426527593133,23.508005843980186,24.259154625778155
0.0,0.8286639003559473,2.8330740410728388,5.954312032266791,10.288338720608936,13.856248607760538,16.013049727239554,19.485991108625495,23.21655603793528,23.48023730870038,24.231217208316945
0.0,0.8318858220901383,2.81391743188552,6.033523027645611,10.37793741124276,13.83503850898199,15.99143784142385,19.463732254104496,23.19360222242955,23.457234372431696,24.20807437320172
0.0,0.8565848433201684,2.7817875166855814,6.107802408290879,10.449837685143965,13.799464432772915,15.955189878552162,19.426399180113464,23.15510354354005,23.418653307043996,24.169258666180315
0.0,0.8321794197062579,2.756916229718682,6.08212628738575,10.423110872204768,13.771927072264104,15.927130872453413,19.397500205721236,23.125302291823424,23.38878828117091,24.13921200772682
0.0,0.8607025874793839,2.740533625541688,6.120704644381574,10.406460152699076,13.754771384198996,15.909650200843908,19.379496236534866,23.106736206731984,23.370182464982715,24.120493035018377
0.0,0.8859235005138558,2.7347172908103428,6.137164677962441,10.361043446979478,13.707977320074388,15.861969707637694,19.330388390471963,23.056095126466676,23.319433013693036,24.069434936623168
0.0,0.8850878298463434,2.7704164677189915,6.213808535727449,10.360129290835145,13.707035440196488,15.861009985545596,19.32939993834841,23.055075813111674,23.318411519025315,24.06840722944744
0.0,0.8850878298463434,2.7704164677189915,6.25489973333617,10.360129290835145,13.707035440196488,15.861009985545596,19.32939993834841,23.055075813111674,23.318411519025315,24.06840722944744
0.0,0.8850878298463434,2.7704164677189915,6.25489973333617,10.353206799661331,13.707035440196488,15.861009985545596,19.32939993834841,23.055075813111674,23.318411519025315,24.06840722944744
0.0,0.912992527950115,2.7629531036761352,6.247183320137668,10.345192760369185,13.69877784011183,15.852595960132293,19.320734032503463,23.046139342289813,23.309455924312488,24.059397168758803
0.0,0.9107089612282759,2.76062767407518,6.269227310590277,10.342695751770092,13.696204943016172,15.849974324145233,19.318033915792657,23.043354923138086,23.306665546552573,24.056589820529314
0.0,0.9107089612282759,2.762535614895305,6.311527393888911,10.342695751770092,13.696204943016172,15.849974324145233,19.318033915792657,23.043354923138086,23.306665546552573,24.056589820529314
0.0,0.9107089612282759,2.762535614895305,6.311527393888911,10.342695751770092,13.696204943016172,15.849974324145233,19.318033915792657,23.043354923138086,23.306665546552573,24.056589820529314
0.0,0.8896720321443625,2.7817556013375,6.291467701551448,10.321875426987571,13.674751851832148,15.828114842871532,19.295520053849973,23.020138138425903,23.28339907832794,24.033181850714204
0.0,0.8814374119109609,2.7733665491456203,6.282792186476979,10.312870949826735,13.754486884899759,15.891675405335231,19.285783147351985,23.0100972284078,23.273336680938346,24.023058256016068
0.0,0.8814374119109609,2.7733665491456203,6.282792186476979,10.312870949826735,13.754486884899759,15.891675405335231,19.285783147351985,23.0100972284078,23.273336680938346,24.023058256016068
0.0,0.8814374119109609,2.7733665491456203,6.282792186476979,10.312870949826735,13.754486884899759,15.891675405335231,19.285783147351985,23.0100972284078,23.273336680938346,24.023058256016068
0.0,0.8814374119109609,2.7733665491456203,6.282792186476979,10.312870949826735,13.754486884899759,15.891675405335231,19.285783147351985,23.0100972284078,23.273336680938346,24.023058256016068
0.0,0.8814374119109609,2.7733665491456203,6.282792186476979,10.312870949826735,13.754486884899759,15.891675405335231,19.285783147351985,23.0100972284078,23.273336680938346,24.023058256016068
0.0,0.8814374119109609,2.7733665491456203,6.282792186476979,10.312870949826735,13.754486884899759,15.891675405335231,19.285783147351985,23.0100972284078,23.273336680938346,24.023058256016068
0.0,0.8490970258465222,2.765860116406527,6.275029429863481,10.30481384151312,13.746178405444013,15.883210828415539,19.27707066922666,23.001112731236223,23.264332957100258,24.013999773491314
0.0,0.8720372392499861,2.758142094243586,6.267047858633719,10.29652962147211,13.737635728674814,15.874507654146639,19.268112605975762,22.99187498133513,23.255075438576252,24.00468595275666
0.0,0.8660425802667148,2.7520353471561996,6.260732583057788,10.289974880433713,13.730876488369795,15.867621423063651,19.261024698541558,22.984565776837975,23.247750592509554,23.997316558572113
0.0,0.8758733898168934,2.7520353471561996,6.260732583057788,10.289974880433713,13.730876488369795,15.867621423063651,19.261024698541558,22.984565776837975,23.247750592509554,23.997316558572113
0.0,0.8758733898168934,2.7520353471561996,6.260732583057788,10.289974880433713,13.807689851411379,15.867621423063651,19.261024698541558,22.984565776837975,23.247750592509554,23.997316558572113
0.0,0.8758733898168934,2.7520353471561996,6.260732583057788,10.289974880433713,13.807689851411379,15.867621423063651,19.261024698541558,22.984565776837975,23.247750592509554,23.997316558572113
0.0,0.8758733898168934,2.7520353471561996,6.260732583057788,10.289974880433713,13.807689851411379,15.867621423063651,19.261024698541558,22.984565776837975,23.247750592509554,24.026661155500058
0.0,0.8758733898168934,2.7520353471561996,6.260732583057788,10.289974880433713,13.807689851411379,15.867621423063651,19.261024698541558,22.984565776837975,23.247750592509554,24.026661155500058
0.0,0.8758733898168934,2.7520353471561996,6.260732583057788,10.289974880433713,13.807689851411379,15.867621423063651,19.261024698541558,22.984565776837975,23.247750592509554,24.026661155500058
0.0,0.8758733898168934,2.7520353471561996,6.260732583057788,10.289974880433713,13.807689851411379,15.867621423063651,19.261024698541558,22.984565776837975,23.247750592509554,24.026661155500058
0.0,0.8758733898168934,2.7520353471561996,6.260732583057788,10.289974880433713,13.807689851411379,15.867621423063651,19.261024698541558,22.984565776837975,23.247750592509554,24.026661155500058
0.0,0.8758733898168934,2.7520353471561996,6.260732583057788,10.289974880433713,13.807689851411379,15.867621423063651,19.261024698541558,22.984565776837975,23.247750592509554,24.026661155500058
0.0,0.8758733898168934,2.7520353471561996,6.260732583057788,10.289974880433713,13.807689851411379,15.867621423063651,19.261024698541558,22.984565776837975,23.247750592509554,24.026661155500058
0.0,0.8758733898168934,2.7520353471561996,6.260732583057788,10.289974880433713,13.807689851411379,15.867621423063651,19.261024698541558,22.984565776837975,23.247750592509554,24.026661155500058
0.0,0.8758733898168934,2.7520353471561996,6.260732583057788,10.289974880433713,13.807689851411379,15.867621423063651,19.261024698541558,23.11727431417907,23.519361816366988,24.19452407646568
0.0,0.8758733898168934,2.7520353471561996,6.260732583057788,10.289974880433713,13.807689851411379,15.867621423063651,19.261024698541558,23.11727431417907,23.519361816366988,24.19452407646568
0.0,0.8758733898168934,2.7520353471561996,6.260732583057788,10.260763332056085,13.807689851411379,15.867621423063651,19.261024698541558,23.11727431417907,23.519361816366988,24.19452407646568
0.0,0.8758733898168934,2.7520353471561996,6.260732583057788,10.260763332056085,13.807689851411379,15.867621423063651,19.261024698541558,23.11727431417907,23.519361816366988,24.19452407646568
0.0,0.8758733898168934,2.7520353471561996,6.260732583057788,10.260763332056085,13.807689851411379,15.867621423063651,19.261024698541558,23.11727431417907,23.519361816366988,24.19452407646568
0.0,0.8758733898168934,2.7520353471561996,6.260732583057788,10.260763332056085,13.807689851411379,15.867621423063651,19.261024698541558,23.11727431417907,23.519361816366988,24.19452407646568
0.0,0.8758733898168934,2.7520353471561996,6.260732583057788,10.303102337396949,13.807689851411379,15.867621423063651,19.261024698541558,23.11727431417907,23.519361816366988,24.19452407646568
0.0,0.8758733898168934,2.7520353471561996,6.260732583057788,10.303102337396949,13.807689851411379,15.867621423063651,19.261024698541558,23.11727431417907,23.519361816366988,24.19452407646568
0.0,0.8758733898168934,2.7520353471561996,6.260732583057788,10.303102337396949,13.807689851411379,15.867621423063651,19.261024698541558,23.11727431417907,23.519361816366988,24.19452407646568
0.0,0.8758733898168934,2.7520353471561996,6.260732583057788,10.303102337396949,13.807689851411379,15.867621423063651,19.261024698541558,23.11727431417907,23.519361816366988,24.19452407646568
0.0,0.8758733898168934,2.7520353471561996,6.327463822620867,10.303102337396949,13.807689851411379,15.867621423063651,19.261024698541558,23.11727431417907,23.519361816366988,24.19452407646568
0.0,0.8758733898168934,2.7520353471561996,6.327463822620867,10.303102337396949,13.807689851411379,15.867621423063651,19.261024698541558,23.11727431417907,23.519361816366988,24.19452407646568
0.0,0.8758733898168934,2.7520353471561996,6.327463822620867,10.303102337396949,13.807689851411379,15.867621423063651,19.261024698541558,23.11727431417907,23.519361816366988,24.19452407646568
0.0,0.8758733898168934,2.7520353471561996,6.327463822620867,10.303102337396949,13.807689851411379,15.867621423063651,19.261024698541558,23.11727431417907,23.519361816366988,24.19452407646568
0.0,0.8758733898168934,2.7520353471561996,6.327463822620867,10.303102337396949,13.807689851411379,15.867621423063651,19.261024698541558,23.11727431417907,23.519361816366988,24.19452407646568
0.0,0.8758733898168934,2.7520353471561996,6.327463822620867,10.303102337396949,13.807689851411379,15.867621423063651,19.261024698541558,23.11727431417907,23.519361816366988,24.19452407646568
0.0,0.8758733898168934,2.7520353471561996,6.327463822620867,10.303102337396949,13.807689851411379,15.867621423063651,19.261024698541558,23.11727431417907,23.519361816366988,24.19452407646568
0.0,0.8758733898168934,2.7520353471561996,6.327463822620867,10.303102337396949,13.807689851411379,15.867621423063651,19.261024698541558,23.11727431417907,23.519361816366988,24.19452407646568
0.0,0.8758733898168934,2.7520353471561996,6.327463822620867,10.303102337396949,13.807689851411379,15.867621423063651,19.261024698541558,23.11727431417907,23.519361816366988,24.19452407646568
0.0,0.8758733898168934,2.7520353471561996,6.327463822620867,10.303102337396949,13.807689851411379,15.867621423063651,19.261024698541558,23.11727431417907,23.519361816366988,24.19452407646568
0.0,0.8758733898168934,2.7520353471561996,6.327463822620867,10.303102337396949,13.807689851411379,15.867621423063651,19.261024698541558,23.11727431417907,23.519361816366988,24.19452407646568
0.0,0.8758733898168934,2.7520353471561996,6.327463822620867,10.303102337396949,13.807689851411379,15.867621423063651,19.261024698541558,23.11727431417907,23.519361816366988,24.19452407646568
0.0,0.8758733898168934,2.7520353471561996,6.327463822620867,10.303102337396949,13.807689851411379,15.867621423063651,19.261024698541558,23.11727431417907,23.519361816366988,24.19452407646568
0.0,0.8758733898168934,2.7520353471561996,6.327463822620867,10.303102337396949,13.807689851411379,15.867621423063651,19.261024698541558,23.11727431417907,23.519361816366988,24.19452407646568
0.0,0.8758733898168934,2.7520353471561996,6.327463822620867,10.303102337396949,13.807689851411379,15.867621423063651,19.261024698541558,23.11727431417907,23.519361816366988,24.19452407646568
0.0,0.8758733898168934,2.7520353471561996,6.327463822620867,10.303102337396949,13.807689851411379,15.867621423063651,19.261024698541558,23.11727431417907,23.519361816366988,24.19452407646568
0.0,0.8758733898168934,2.7520353471561996,6.327463822620867,10.303102337396949,13.807689851411379,15.867621423063651,19.261024698541558,23.11727431417907,23.519361816366988,24.19452407646568
0.0,0.8758733898168934,2.7520353471561996,6.327463822620867,10.303102337396949,13.807689851411379,15.867621423063651,19.261024698541558,23.11727431417907,23.519361816366988,24.19452407646568
0.0,0.8758733898168934,2.7520353471561996,6.327463822620867,10.303102337396949,13.807689851411379,15.867621423063651,19.261024698541558,23.11727431417907,23.519361816366988,24.19452407646568
0.0,0.8758733898168934,2.7520353471561996,6.327463822620867,10.303102337396949,13.807689851411379,15.867621423063651,19.261024698541558,23.11727431417907,23.519361816366988,24.19452407646568
0.0,0.8758733898168934,2.7520353471561996,6.327463822620867,10.303102337396949,13.807689851411379,15.867621423063651,19.261024698541558,23.11727431417907,23.543059241493175,24.251217542066996
0.0,0.8758733898168934,2.7520353471561996,6.327463822620867,10.303102337396949,13.690666259833783,15.867621423063651,19.261024698541558,23.11727431417907,23.478279380667882,24.251217542066996
0.0,0.8758733898168934,2.7520353471561996,6.327463822620867,10.303102337396949,13.690666259833783,15.867621423063651,19.261024698541558,23.11727431417907,23.543059241493175,24.251217542066996
0.0,0.8758733898168934,2.7520353471561996,6.327463822620867,10.303102337396949,13.690666259833783,15.867621423063651,19.261024698541558,23.11727431417907,23.478279380667882,24.251217542066996
0.0,0.8758733898168934,2.7520353471561996,6.327463822620867,10.303102337396949,13.690666259833783,15.867621423063651,19.261024698541558,23.11727431417907,23.478279380667882,24.251217542066996
0.0,0.8758733898168934,2.7520353471561996,6.327463822620867,10.303102337396949,13.690666259833783,15.867621423063651,19.261024698541558,23.11727431417907,23.543059241493175,24.251217542066996
0.0,0.8758733898168934,2.7520353471561996,6.327463822620867,10.303102337396949,13.690666259833783,15.867621423063651,19.261024698541558,23.11727431417907,23.543059241493175,24.251217542066996
0.0,0.8758733898168934,2.7520353471561996,6.327463822620867,10.303102337396949,13.690666259833783,15.867621423063651,19.261024698541558,23.11727431417907,23.543059241493175,24.251217542066996
0.0,0.8758733898168934,2.7520353471561996,6.327463822620867,10.303102337396949,13.690666259833783,15.867621423063651,19.261024698541558,23.11727431417907,23.543059241493175,24.251217542066996
0.0,0.8758733898168934,2.7652071536362013,6.327463822620867,10.303102337396949,13.690666259833783,15.867621423063651,19.261024698541558,23.11727431417907,23.478279380667882,24.251217542066996
0.0,0.8758733898168934,2.694617506114334,6.400078764741784,10.303102337396949,13.690666259833783,15.867621423063651,19.261024698541558,23.11727431417907,23.478279380667882,24.251217542066996
0.0,0.8758733898168934,2.671230527605508,6.459950612378132,10.405150575479343,13.738962883593766,15.867621423063651,19.36019021803406,23.22372793759374,23.561479074124023,24.28916594524786
0.0,0.8758733898168934,2.671230527605508,6.459950612378132,10.405150575479343,13.738962883593766,15.867621423063651,19.36019021803406,23.22372793759374,23.561479074124023,24.28916594524786
0.0,0.8758733898168934,2.671230527605508,6.459950612378132,10.405150575479343,13.738962883593766,15.867621423063651,19.36019021803406,23.22372793759374,23.5772675020933,24.38534526394469
0.0,0.8758733898168934,2.671230527605508,6.459950612378132,10.405150575479343,13.738962883593766,15.867621423063651,19.33888766681332,23.22372793759374,23.5772675020933,24.38534526394469
0.0,0.8758733898168934,2.671230527605508,6.459950612378132,10.405150575479343,13.738962883593766,15.867621423063651,19.33888766681332,23.22372793759374,23.5772675020933,24.38534526394469
0.0,0.8758733898168934,2.671230527605508,6.459950612378132,10.405150575479343,13.738962883593766,15.867621423063651,19.36019021803406,23.22372793759374,23.5772675020933,24.38534526394469
0.0,0.8758733898168934,2.671230527605508,6.459950612378132,10.405150575479343,13.738962883593766,15.867621423063651,19.36019021803406,23.22372793759374,23.5772675020933,24.38534526394469
0.0,0.8758733898168934,2.671230527605508,6.459950612378132,10.405150575479343,13.738962883593766,15.867621423063651,19.36019021803406,23.22372793759374,23.5772675020933,24.38534526394469
0.0,0.8758733898168934,2.671230527605508,6.459950612378132,10.405150575479343,13.738962883593766,15.867621423063651,19.33888766681332,23.22372793759374,23.5772675020933,24.38534526394469
0.0,0.8758733898168934,2.671230527605508,6.459950612378132,10.405150575479343,13.738962883593766,15.867621423063651,19.36019021803406,23.22372793759374,23.5772675020933,24.38534526394469
0.0,0.8758733898168934,2.671230527605508,6.459950612378132,10.405150575479343,13.738962883593766,15.867621423063651,19.36019021803406,23.22372793759374,23.5772675020933,24.38534526394469
0.0,0.8758733898168934,2.671230527605508,6.459950612378132,10.405150575479343,13.738962883593766,15.867621423063651,19.36019021803406,23.22372793759374,23.5772675020933,24.38534526394469
0.0,0.8758733898168934,2.671230527605508,6.459950612378132,10.405150575479343,13.738962883593766,15.867621423063651,19.33888766681332,23.22372793759374,23.5772675020933,24.38534526394469
0.0,0.8758733898168934,2.671230527605508,6.459950612378132,10.405150575479343,13.738962883593766,15.867621423063651,19.36019021803406,23.22372793759374,23.5772675020933,24.38534526394469
0.0,0.8758733898168934,2.671230527605508,6.459950612378132,10.405150575479343,13.738962883593766,15.867621423063651,19.33888766681332,23.22372793759374,23.5772675020933,24.38534526394469
0.0,0.8758733898168934,2.671230527605508,6.453386883896514,10.405150575479343,13.738962883593766,15.867621423063651,19.36019021803406,23.22372793759374,23.5772675020933,24.38534526394469
0.0,0.8758733898168934,2.671230527605508,6.5168066928742885,10.405150575479343,13.738962883593766,15.867621423063651,19.36019021803406,23.22372793759374,23.5772675020933,24.38534526394469
0.0,0.8758733898168934,2.671230527605508,6.5168066928742885,10.405150575479343,13.738962883593766,15.867621423063651,19.36019021803406,23.22372793759374,23.5772675020933,24.38534526394469
0.0,0.8758733898168934,2.638485801058724,6.501092180766273,10.360194948649182,13.738962883593766,15.799633613858813,19.42565010478313,23.22372793759374,23.5772675020933,24.38534526394469
0.0,0.8758733898168934,2.638485801058724,6.530717657967064,10.360194948649182,13.738962883593766,15.799633613858813,19.479446068622313,23.22372793759374,23.5772675020933,24.38534526394469
0.0,0.873957181626308,2.625256454979228,6.547081291054965,10.424163232485675,13.724302767644412,15.78470789260523,19.46404604660238,23.207845305174043,23.561339301023455,24.36931290759345
0.0,0.8702297071791576,2.6214642668688772,6.531984740384046,10.633885984477299,13.756446241780079,15.726583273840944,19.490390314489396,23.203292553325156,23.55677348693458,24.36471723742421
0.0,0.8426341017829933,2.6214642668688772,6.531984740384046,10.633885984477299,13.756446241780079,15.726583273840944,19.490390314489396,23.203292553325156,23.55677348693458,24.36471723742421
0.0,0.8426341017829933,2.6214642668688772,6.531984740384046,10.633885984477299,13.756446241780079,15.726583273840944,19.490390314489396,23.203292553325156,23.55677348693458,24.36471723742421
0.0,0.8213498640912774,2.657337075811789,6.559048239837896,10.652568815340034,13.994356720867565,15.726583273840944,19.490390314489396,23.203292553325156,23.55677348693458,24.36471723742421
0.0,0.8213498640912774,2.657337075811789,6.57564698909331,10.652568815340034,13.994356720867565,15.726583273840944,19.490390314489396,23.203292553325156,23.55677348693458,24.36471723742421
0.0,0.8213498640912774,2.657337075811789,6.57564698909331,10.652568815340034,13.994356720867565,15.726583273840944,19.490390314489396,23.203292553325156,23.55677348693458,24.36471723742421
0.0,0.8213498640912774,2.657337075811789,6.57564698909331,10.652568815340034,13.994356720867565,15.726583273840944,19.490390314489396,23.203292553325156,23.55677348693458,24.36471723742421
0.0,0.8213498640912774,2.657337075811789,6.57564698909331,10.652568815340034,13.994356720867565,15.726583273840944,19.490390314489396,23.203292553325156,23.55677348693458,24.36471723742421
0.0,0.8213498640912774,2.657337075811789,6.57564698909331,10.652568815340034,13.994356720867565,15.726583273840944,19.490390314489396,23.203292553325156,23.55677348693458,24.36471723742421
0.0,0.8213498640912774,2.657337075811789,6.57564698909331,10.60179704001289,13.994356720867565,15.726583273840944,19.490390314489396,23.203292553325156,23.55677348693458,24.36471723742421
0.0,0.8213498640912774,2.657337075811789,6.57564698909331,10.60179704001289,13.994356720867565,15.726583273840944,19.490390314489396,23.203292553325156,23.55677348693458,24.36471723742421
0.0,0.8213498640912774,2.657337075811789,6.57564698909331,10.60179704001289,13.994356720867565,15.726583273840944,19.490390314489396,23.203292553325156,23.55677348693458,24.36471723742421
0.0,0.8213498640912774,2.657337075811789,6.57564698909331,10.60516704431408,13.994356720867565,15.72677542320898,19.490390314489396,23.203292553325156,23.55677348693458,24.36471723742421
0.0,0.8213498640912774,2.657337075811789,6.57564698909331,10.60516704431408,13.994356720867565,15.72677542320898,19.490390314489396,23.203292553325156,23.55677348693458,24.36471723742421
0.0,0.8213498640912774,2.657337075811789,6.57564698909331,10.60516704431408,13.994356720867565,15.72677542320898,19.53830941073701,23.203292553325156,23.55677348693458,24.36471723742421
0.0,0.8213498640912774,2.657337075811789,6.57564698909331,10.60516704431408,13.994356720867565,15.72677542320898,19.53830941073701,23.203292553325156,23.55677348693458,24.36471723742421
0.0,0.8213498640912774,2.657337075811789,6.57564698909331,10.60516704431408,13.994356720867565,15.72677542320898,19.53830941073701,23.203292553325156,23.55677348693458,24.36471723742421
0.0,0.8213498640912774,2.657337075811789,6.57564698909331,10.60516704431408,13.994356720867565,15.72677542320898,19.53830941073701,23.203292553325156,23.55677348693458,24.36471723742421
0.0,0.8213498640912774,2.657337075811789,6.57564698909331,10.60516704431408,13.994356720867565,15.72677542320898,19.53830941073701,23.203292553325156,23.55677348693458,24.36471723742421
0.0,0.8213498640912774,2.657337075811789,6.57564698909331,10.60516704431408,13.994356720867565,15.72677542320898,19.53830941073701,23.203292553325156,23.55677348693458,24.36471723742421
0.0,0.8213498640912774,2.657337075811789,6.57564698909331,10.60516704431408,13.994356720867565,15.72677542320898,19.53830941073701,23.203292553325156,23.55677348693458,24.36471723742421
0.0,0.8213498640912774,2.657337075811789,6.57564698909331,10.60516704431408,13.994356720867565,15.759426035056926,19.53830941073701,23.290809200111738,23.55677348693458,24.36471723742421
0.0,0.8213498640912774,2.657337075811789,6.57564698909331,10.60516704431408,13.994356720867565,15.759426035056926,19.53830941073701,23.290809200111738,23.55677348693458,24.36471723742421
0.0,0.8213498640912774,2.657337075811789,6.57564698909331,10.60516704431408,13.994356720867565,15.759426035056926,19.53830941073701,23.290809200111738,23.55677348693458,24.36471723742421
0.0,0.7802594607697495,2.657337075811789,6.57564698909331,10.60516704431408,13.994356720867565,15.759426035056926,19.53830941073701,23.290809200111738,23.55677348693458,24.36471723742421
0.0,0.7802594607697495,2.657337075811789,6.57564698909331,10.60516704431408,13.994356720867565,15.759426035056926,19.53830941073701,23.290809200111738,23.55677348693458,24.36471723742421
0.0,0.7802594607697495,2.657337075811789,6.57564698909331,10.60516704431408,13.994356720867565,15.759426035056926,19.53830941073701,23.290809200111738,23.55677348693458,24.36471723742421
0.0,0.7802594607697495,2.657337075811789,6.550844939894206,10.656323118377314,14.095057770446543,15.85332795315104,19.686781749357404,23.38079422724176,23.87741165932805,24.492806962310638
0.0,0.7802594607697495,2.657337075811789,6.550844939894206,10.656323118377314,14.095057770446543,15.85332795315104,19.686781749357404,23.38079422724176,23.87741165932805,24.492806962310638
0.0,0.7802594607697495,2.657337075811789,6.550844939894206,10.656323118377314,14.095057770446543,15.85332795315104,19.686781749357404,23.38079422724176,23.87741165932805,24.492806962310638
0.0,0.7802594607697495,2.657337075811789,6.550844939894206,10.656323118377314,14.095057770446543,15.85332795315104,19.686781749357404,23.38079422724176,23.87741165932805,24.492806962310638
0.0,0.7802594607697495,2.657337075811789,6.550844939894206,10.656323118377314,14.095057770446543,15.85332795315104,19.686781749357404,23.38079422724176,23.87741165932805,24.492806962310638
0.0,0.7802594607697495,2.657337075811789,6.550844939894206,10.656323118377314,14.095057770446543,15.85332795315104,19.686781749357404,23.38079422724176,23.87741165932805,24.492806962310638
0.0,0.7802594607697495,2.657337075811789,6.550844939894206,10.656323118377314,14.095057770446543,15.85332795315104,19.686781749357404,23.38079422724176,23.87741165932805,24.492806962310638
0.0,0.7802594607697495,2.657337075811789,6.550844939894206,10.656323118377314,14.095057770446543,15.85332795315104,19.686781749357404,23.38079422724176,23.87741165932805,24.492806962310638
0.0,0.7802594607697495,2.657337075811789,6.550844939894206,10.656323118377314,14.095057770446543,15.85332795315104,19.686781749357404,23.38079422724176,23.87741165932805,24.492806962310638
0.0,0.7802594607697495,2.657337075811789,6.550844939894206,10.656323118377314,14.095057770446543,15.85332795315104,19.686781749357404,23.38079422724176,23.87741165932805,24.492806962310638
0.0,0.7802594607697495,2.657337075811789,6.550844939894206,10.656323118377314,14.095057770446543,15.85332795315104,19.686781749357404,23.38079422724176,23.87741165932805,24.492806962310638
0.0,0.7802594607697495,2.657337075811789,6.550844939894206,10.656323118377314,14.095057770446543,15.85332795315104,19.686781749357404,23.38079422724176,23.87741165932805,24.492806962310638
0.0,0.7732609756901253,2.6742453208466155,6.66768548309264,10.64894714338012,14.087452581066465,15.84560556344711,19.678803834631882,23.37257008217975,23.869154411433243,24.484508694253222
0.0,0.7365481129898817,2.72721589247209,6.744288851601253,10.64894714338012,14.087452581066465,15.84560556344711,19.678803834631882,23.37257008217975,23.869154411433243,24.484508694253222
0.0,0.7365481129898817,2.72721589247209,6.744288851601253,10.738778375059713,14.087452581066465,15.84560556344711,19.678803834631882,23.37257008217975,23.869154411433243,24.484508694253222
0.0,0.7799857552910205,2.72721589247209,6.744288851601253,10.774752250990629,14.087452581066465,15.84560556344711,19.85562858879687,23.435945587517384,23.965577405095235,24.61550148898443
0.0,0.7486345234388194,2.72269161415534,6.739587654676052,10.769873545719602,14.082427978935069,15.84050352931927,19.850349946551447,23.43050926212613,23.96011775383335,24.610013213979414
0.0,0.7771131819024226,2.685540020516156,6.8276315972239665,10.752932386867895,14.064980197577967,15.822786867659074,19.832020018459232,23.411631784003042,23.941159277318732,24.590955342368684
0.0,0.7974647785773848,2.6708236780626886,6.812321632356825,10.737059868883327,14.153769825439792,15.806187765242916,19.814846334188495,23.393945088917135,23.923396693184294,24.573099632937183
0.0,0.7974647785773848,2.6708236780626886,6.812321632356825,10.737059868883327,14.153769825439792,15.806187765242916,20.001805469123514,23.393945088917135,23.923396693184294,24.573099632937183
0.0,0.7974647785773848,2.6708236780626886,6.820048803810217,10.785491356501256,14.153769825439792,15.806187765242916,20.001805469123514,23.393945088917135,23.923396693184294,24.573099632937183
0.0,0.7974647785773848,2.6708236780626886,6.820048803810217,10.785491356501256,14.153769825439792,15.806187765242916,20.001805469123514,23.393945088917135,23.923396693184294,24.573099632937183
0.0,0.7934312837269456,2.6708236780626886,6.88436310082082,10.785491356501256,14.153769825439792,15.806187765242916,20.001805469123514,23.393945088917135,23.923396693184294,24.573099632937183
0.0,0.7934312837269456,2.6708236780626886,6.88436310082082,10.785491356501256,14.172252983160957,15.806187765242916,20.062455638943995,23.43262527030324,23.923396693184294,24.573099632937183
0.0,0.7934312837269456,2.6708236780626886,6.88436310082082,10.785491356501256,14.172252983160957,15.806187765242916,20.062455638943995,23.43262527030324,23.923396693184294,24.573099632937183
0.0,0.7934312837269456,2.6708236780626886,6.88436310082082,10.785491356501256,14.172252983160957,15.806187765242916,20.062455638943995,23.43262527030324,23.923396693184294,24.573099632937183
0.0,0.7934312837269456,2.6708236780626886,6.88436310082082,10.785491356501256,14.172252983160957,15.806187765242916,20.062455638943995,23.43262527030324,23.923396693184294,24.573099632937183
0.0,0.7934312837269456,2.6708236780626886,6.88436310082082,10.785491356501256,14.172252983160957,15.806187765242916,20.062455638943995,23.43262527030324,23.923396693184294,24.573099632937183
0.0,0.7934312837269456,2.6708236780626886,6.88436310082082,10.785491356501256,14.172252983160957,15.806187765242916,20.062455638943995,23.43262527030324,23.923396693184294,24.573099632937183
0.0,0.7934312837269456,2.6708236780626886,6.88436310082082,10.785491356501256,14.172252983160957,15.806187765242916,20.062455638943995,23.43262527030324,23.923396693184294,24.573099632937183
0.0,0.7934312837269456,2.6708236780626886,6.88436310082082,10.785491356501256,14.172252983160957,15.806187765242916,20.062455638943995,23.43262527030324,23.923396693184294,24.573099632937183
0.0,0.7934312837269456,2.6708236780626886,6.88436310082082,10.785491356501256,14.172252983160957,15.806187765242916,19.973098214565358,23.43262527030324,23.923396693184294,24.573099632937183
0.0,0.7934312837269456,2.6708236780626886,6.88436310082082,10.785491356501256,14.172252983160957,15.806187765242916,19.973098214565358,23.43262527030324,23.923396693184294,24.573099632937183
0.0,0.7934312837269456,2.6708236780626886,6.88436310082082,10.785491356501256,14.172252983160957,15.806187765242916,19.973098214565358,23.43262527030324,23.923396693184294,24.573099632937183
0.0,0.7934312837269456,2.6708236780626886,6.88436310082082,10.785491356501256,14.172252983160957,15.806187765242916,19.973098214565358,23.43262527030324,23.923396693184294,24.573099632937183
0.0,0.7934312837269456,2.6708236780626886,6.88436310082082,10.829726827498193,14.172252983160957,15.806187765242916,19.973098214565358,23.43262527030324,23.923396693184294,24.573099632937183
0.0,0.8015912769285353,2.6467859464580776,6.859338877376353,10.803778898652846,14.145522487820736,15.779074726115239,19.945009600572174,23.40372669706491,24.044267064741934,24.54393404697169
0.0,0.8045583766254065,2.6329471144028314,6.819860755645224,10.762843542720596,14.103352557899978,15.847930670480565,20.16956738154256,23.522966931569865,24.192196840977306,24.497922527147274
0.0,0.8262130590339534,2.6535225893903087,6.883977275930711,10.815909564214259,14.053503490805136,15.915512228038864,20.11706812807741,23.627798389195203,24.2007264251655,24.53958609794208
0.0,0.83854507008237,2.6933622079458908,6.9114054670453315,10.776016032314855,14.01244443080516,15.873782848179149,20.073826195507667,23.583292599926434,24.156014382814753,24.494752066707086
0.0,0.8324084105102408,2.6904668500922773,6.970138725882993,10.92192835011523,14.031365690657324,15.77996775765514,20.0697162883151,23.579062570125338,24.151764749795795,24.4904908393175
0.0,0.851760663307188,2.6668224279766193,6.935655828865531,10.896388638628462,14.005110032975384,15.753309485332787,20.042070303811272,23.550608560618002,24.123178875934368,24.461826973964868
0.0,0.8305462143604496,2.720320538100044,6.919979624216041,10.880131811383015,13.988397483525791,15.73634065903923,20.02447276774115,23.532496691294785,24.104983070814715,24.443581524815375
0.0,0.8369763256869145,2.720320538100044,6.9293298319705725,10.880131811383015,13.988397483525791,15.73634065903923,20.02447276774115,23.532496691294785,24.104983070814715,24.443581524815375
0.0,0.8305462143604496,2.720320538100044,6.9293298319705725,10.880131811383015,13.988397483525791,15.73634065903923,20.02447276774115,23.532496691294785,24.104983070814715,24.443581524815375
0.0,0.8305462143604496,2.720320538100044,6.9293298319705725,10.880131811383015,13.988397483525791,15.73634065903923,20.02447276774115,23.532496691294785,24.104983070814715,24.443581524815375
0.0,0.8369763256869145,2.7213086515378238,6.9293298319705725,10.880131811383015,13.988397483525791,15.73634065903923,20.02447276774115,23.532496691294785,24.104983070814715,24.443581524815375
0.0,0.8369763256869145,2.7213086515378238,6.9293298319705725,10.880131811383015,13.988397483525791,15.73634065903923,20.02447276774115,23.532496691294785,24.104983070814715,24.443581524815375
0.0,0.8305462143604496,2.7213086515378238,6.9293298319705725,10.880131811383015,13.988397483525791,15.73634065903923,20.02447276774115,23.532496691294785,24.104983070814715,24.443581524815375
0.0,0.8305462143604496,2.7213086515378238,6.9293298319705725,10.880131811383015,14.076147855985566,15.893686663034751,19.891844347651936,23.664461453104874,24.104983070814715,24.443581524815375
0.0,0.8305462143604496,2.7213086515378238,6.9293298319705725,10.880131811383015,14.076147855985566,15.893686663034751,19.891844347651936,23.664461453104874,24.104983070814715,24.443581524815375
0.0,0.8305462143604496,2.685751315739417,6.983130396463573,10.880131811383015,14.076147855985566,15.893686663034751,19.891844347651936,23.664461453104874,24.104983070814715,24.443581524815375
0.0,0.8305462143604496,2.685751315739417,6.983130396463573,10.880131811383015,14.076147855985566,15.893686663034751,19.891844347651936,23.664461453104874,24.104983070814715,24.443581524815375
0.0,0.8369763256869145,2.682993446890688,6.983130396463573,10.880131811383015,14.076147855985566,15.893686663034751,19.891844347651936,23.664461453104874,24.104983070814715,24.443581524815375
0.0,0.8369763256869145,2.682993446890688,6.983130396463573,10.880131811383015,14.076147855985566,15.893686663034751,19.891844347651936,23.664461453104874,24.104983070814715,24.443581524815375
0.0,0.8305462143604496,2.682993446890688,6.925878808919219,10.880131811383015,14.076147855985566,15.893686663034751,19.891844347651936,23.664461453104874,24.104983070814715,24.443581524815375
0.0,0.8103859153276561,2.662462765155902,6.9044997946019775,10.857962174323223,14.053339199882517,15.87051460390326,19.867872887371405,23.639735686794694,24.080169225565395,24.584183260458573
0.0,0.8287476415758117,2.6456203051645923,6.965786252164639,10.795441232188312,13.98901615009385,15.805166715518832,19.800270595234355,23.570006164360443,24.010191310329656,24.513921094712607
0.0,0.8268797698584468,2.5674754537324924,6.8843524272226455,10.711091863275124,13.902235489550732,15.71700340644486,19.709065784747974,23.47593142698276,23.915781456823957,24.41912774808713
0.0,0.8403041103392295,2.6356209782634683,6.799459533346498,10.623159581710702,13.811768642251879,15.625095179779613,19.613986862652272,23.377860671957823,23.817361350925324,24.320307859410974
0.0,0.8149411714020399,2.6952183540344103,6.730767392766119,10.54979966501291,13.736294194601006,15.548418221874632,19.5346646651548,23.2960424558133,23.735251679236416,24.237864657979237
0.0,0.8430576819660456,2.707282168223658,6.6510871385877675,10.467268297986768,13.651383938148154,15.462155117441547,19.445425613508206,23.203995333488102,23.642876663620328,24.14511441476123
0.0,0.8460666431648232,2.7434030983975273,6.722532749770911,10.500467565463198,13.720260333167372,15.716777341200622,19.574144694369,23.115881500749314,23.554448948884364,24.05632750637185
0.0,0.8628967597540914,2.6652601711122137,6.6413634399673125,10.416424894677888,13.633768804114446,15.628767333309368,19.48320091197251,23.02224400105927,23.460477890608793,23.961974737364102
0.0,0.8779872114950916,2.7088879801279515,6.578254556320931,10.351081981885422,13.566521911703926,15.6273336587473,19.41249240655945,23.01894228926526,23.442987282609128,24.064656011094378
0.0,0.8730345986836936,2.7656231910394236,6.671072897722208,10.473733342907861,13.505957937590777,15.56567067281976,19.34881083053548,22.953337426927163,23.377156281004215,23.998493479315382
0.0,0.8675020650626438,2.780599541878295,6.712068753405154,10.465722889095876,13.43597134103118,15.639817922986332,19.27522159147495,23.01327791349585,23.50413305447664,24.179584292635486
0.0,0.8682186516560105,2.8049972185800907,6.771121997423898,10.495341542412596,13.353610891867667,15.555857365918499,19.188621541171525,22.923963838760482,23.41446259323171,24.089423418458
0.0,0.862946723316151,2.7966767784667708,6.768150242485802,10.45504562739588,13.451721089793232,15.659076601821,19.4369123841402,22.999175994308725,23.311523138328404,23.985920981729308
0.0,0.8354944054179535,2.8115439456790545,6.881392172158344,10.484539415865461,13.630614251956874,15.563327898570039,19.338036188539483,22.897350768408504,23.209439334935755,23.883278876118812
0.0,0.8062060361733687,2.7987365103148263,6.92769035335144,10.387396985270868,13.530705666404982,15.461719993798754,19.233109409109243,22.78929449709309,23.10110866285736,23.774355737336865
0.0,0.821931794231905,2.8000638841101466,7.011368600376451,10.380934531184725,13.575140038199216,15.361838578855677,19.129965512790324,22.683074284239076,22.994618711772553,23.66728338655795
0.0,0.8342165997716693,2.82486831189922,6.966982115494785,10.335150408003486,13.528031013222023,15.313988461891714,19.08055244124151,22.632187443960554,22.943602648195576,23.615988313182214
0.0,0.8342165997716693,2.82486831189922,6.966982115494785,10.335150408003486,13.528031013222023,15.313988461891714,19.08055244124151,22.632187443960554,22.943602648195576,23.615988313182214
0.0,0.8342165997716693,2.82486831189922,6.966982115494785,10.335150408003486,13.528031013222023,15.313988461891714,19.08055244124151,22.632187443960554,22.943602648195576,23.615988313182214
0.0,0.8342165997716693,2.82486831189922,6.966982115494785,10.335150408003486,13.528031013222023,15.313988461891714,19.08055244124151,22.632187443960554,22.943602648195576,23.615988313182214
0.0,0.8342165997716693,2.82486831189922,6.966982115494785,10.335150408003486,13.528031013222023,15.313988461891714,19.08055244124151,22.632187443960554,22.943602648195576,23.615988313182214
0.0,0.8342165997716693,2.82486831189922,6.966982115494785,10.335150408003486,13.528031013222023,15.313988461891714,19.08055244124151,22.632187443960554,22.943602648195576,23.615988313182214
0.0,0.8342165997716693,2.82486831189922,6.966982115494785,10.335150408003486,13.528031013222023,15.313988461891714,19.08055244124151,22.632187443960554,22.943602648195576,23.615988313182214
0.0,0.8342165997716693,2.82486831189922,6.966982115494785,10.226359197610133,13.47663875690515,15.258951364701304,19.040707040812002,22.632187443960554,22.943602648195576,23.615988313182214
0.0,0.8342165997716693,2.82486831189922,6.966982115494785,10.226359197610133,13.47663875690515,15.258951364701304,19.040707040812002,22.632187443960554,22.943602648195576,23.615988313182214
0.0,0.8342165997716693,2.82486831189922,6.966982115494785,10.226359197610133,13.47663875690515,15.258951364701304,19.040707040812002,22.632187443960554,22.943602648195576,23.615988313182214
0.0,0.8342165997716693,2.82486831189922,6.966982115494785,10.226359197610133,13.47663875690515,15.258951364701304,19.040707040812002,22.632187443960554,22.943602648195576,23.615988313182214
0.0,0.8342165997716693,2.82486831189922,6.966982115494785,10.226359197610133,13.47663875690515,15.258951364701304,19.040707040812002,22.632187443960554,22.943602648195576,23.615988313182214
0.0,0.8342165997716693,2.82486831189922,6.966982115494785,10.226359197610133,13.47663875690515,15.258951364701304,19.040707040812002,22.632187443960554,22.943602648195576,23.615988313182214
0.0,0.8342165997716693,2.82486831189922,6.966982115494785,10.226359197610133,13.47663875690515,15.258951364701304,19.040707040812002,22.632187443960554,22.943602648195576,23.615988313182214
0.0,0.8342165997716693,2.82486831189922,6.966982115494785,10.226359197610133,13.47663875690515,15.258951364701304,19.040707040812002,22.632187443960554,22.943602648195576,23.615988313182214
0.0,0.8342165997716693,2.82486831189922,6.966982115494785,10.226359197610133,13.47663875690515,15.258951364701304,19.040707040812002,22.695622254523606,23.05618449309739,23.858734715359788
0.0,0.8342165997716693,2.82486831189922,6.966982115494785,10.226359197610133,13.47663875690515,15.258951364701304,19.040707040812002,22.695622254523606,23.05618449309739,23.858734715359788
0.0,0.8300710918852782,2.820640964111157,6.9625844766486065,10.221827558879252,13.471973492307962,15.254212825463616,19.035813025600895,22.69057797801873,23.05112539311638,23.85364262084192
0.0,0.8520834845618731,2.802865922753479,6.944093399905949,10.202773042927909,13.452357109810725,15.234288339675453,19.01523479850821,22.66936793617005,23.02985302190314,23.832231515063533
0.0,0.8639124100100374,2.815282198563308,6.917973569232054,10.175857318270621,13.424647712657006,15.206143726882262,18.986166734235354,22.63940739307222,22.999804434584256,23.801986956282253
0.0,0.8631933521350227,2.7181004734801917,6.969705048410783,10.225793561130025,13.422706157485734,15.17047893886598,18.94933175064709,22.601441462388127,22.961726934467567,23.763661121583212
0.0,0.8499944953070419,2.679372896056855,6.929374497951632,10.184235374846299,13.37994264634183,15.127056468829755,18.90448454812297,22.555217313045787,22.9153669474934,23.71699878314249
0.0,0.8751454754673399,2.6916546028474415,6.885060006128365,10.138571978604649,13.332954860572821,15.150089923672247,18.97952098449499,22.50442703954969,22.864427418022448,23.85998545791202
0.0,0.9036668338614798,2.6541775492442685,6.846052580074905,10.098377191776231,13.29159429197801,15.108066196338516,18.936099716205366,22.459719365916982,22.819588363183215,23.814783076742422
0.0,0.9150705009846067,2.6688271326127992,6.827854998579527,10.062822544313779,13.255008442138516,15.070893743682229,18.89769105656997,22.420172805273115,22.77992558815312,23.774798918254188
0.0,0.9306569926976902,2.6551635565740783,6.813637922563444,10.048174945944627,13.23993601496823,15.235483010484693,19.060083853088095,22.48761446313049,22.763585547108963,23.813945397461488
0.0,0.9306569926976902,2.6551635565740783,6.777770699358479,10.165405205081687,13.23993601496823,15.235483010484693,19.060083853088095,22.48761446313049,22.763585547108963,23.813945397461488
0.0,0.9306569926976902,2.6551635565740783,6.777770699358479,10.165405205081687,13.23993601496823,15.235483010484693,19.060083853088095,22.48761446313049,22.763585547108963,23.813945397461488
0.0,0.9306569926976902,2.6780569099092655,6.777770699358479,10.165405205081687,13.23993601496823,15.235483010484693,19.13292369648241,22.48761446313049,22.763585547108963,23.813945397461488
0.0,0.9306569926976902,2.6780569099092655,6.777770699358479,10.165405205081687,13.23993601496823,15.235483010484693,19.13292369648241,22.48761446313049,22.763585547108963,23.813945397461488
0.0,0.9306569926976902,2.6780569099092655,6.777770699358479,10.165405205081687,13.23993601496823,15.245315225767147,19.1404869390074,22.45404530207735,22.785009886030654,23.790688426697194
0.0,0.9306569926976902,2.6780569099092655,6.777770699358479,10.165405205081687,13.23993601496823,15.245315225767147,19.1404869390074,22.45404530207735,22.785009886030654,23.790688426697194
0.0,0.9306569926976902,2.6780569099092655,6.777770699358479,10.165405205081687,13.23993601496823,15.245315225767147,19.1404869390074,22.45404530207735,22.785009886030654,23.790688426697194
0.0,0.9306569926976902,2.6780569099092655,6.777770699358479,10.165405205081687,13.23993601496823,15.245315225767147,19.1404869390074,22.45404530207735,22.785009886030654,23.790688426697194
0.0,0.9306569926976902,2.6780569099092655,6.777770699358479,10.165405205081687,13.23993601496823,15.245315225767147,19.1404869390074,22.45404530207735,22.785009886030654,23.790688426697194
0.0,0.9306569926976902,2.6780569099092655,6.777770699358479,10.165405205081687,13.23000198680562,15.245315225767147,19.1404869390074,22.45404530207735,22.785009886030654,23.790688426697194
0.0,0.9306569926976902,2.6780569099092655,6.777770699358479,10.165405205081687,13.23000198680562,15.245315225767147,19.1404869390074,22.45404530207735,22.785009886030654,23.790688426697194
0.0,0.9306569926976902,2.6780569099092655,6.777770699358479,10.165405205081687,13.23000198680562,15.245315225767147,19.1404869390074,22.45404530207735,22.785009886030654,23.790688426697194
0.0,0.9306569926976902,2.6780569099092655,6.777770699358479,10.143180907816005,13.307408865109268,15.245315225767147,19.1404869390074,22.45404530207735,22.785009886030654,23.790688426697194
0.0,0.9306569926976902,2.6780569099092655,6.777770699358479,10.116578656704123,13.307408865109268,15.245315225767147,19.279577877981037,22.45404530207735,22.785009886030654,23.790688426697194
0.0,0.9306569926976902,2.6780569099092655,6.777770699358479,10.116578656704123,13.307408865109268,15.245315225767147,19.279577877981037,22.45404530207735,22.785009886030654,23.790688426697194
0.0,0.9306569926976902,2.6780569099092655,6.777770699358479,10.143180907816005,13.307408865109268,15.245315225767147,19.279577877981037,22.45404530207735,22.785009886030654,23.790688426697194
0.0,0.9306569926976902,2.6780569099092655,6.777770699358479,10.116578656704123,13.307408865109268,15.245315225767147,19.279577877981037,22.45404530207735,22.785009886030654,23.790688426697194
0.0,0.9306569926976902,2.6780569099092655,6.777770699358479,10.143180907816005,13.307408865109268,15.245315225767147,19.279577877981037,22.45404530207735,22.785009886030654,23.790688426697194
0.0,0.9306569926976902,2.6780569099092655,6.777770699358479,10.116578656704123,13.307408865109268,15.245315225767147,19.279577877981037,22.45404530207735,22.785009886030654,23.790688426697194
0.0,0.9306569926976902,2.6780569099092655,6.777770699358479,10.116578656704123,13.307408865109268,15.245315225767147,19.279577877981037,22.45404530207735,22.785009886030654,23.790688426697194
0.0,0.9306569926976902,2.6780569099092655,6.777770699358479,10.143180907816005,13.307408865109268,15.245315225767147,19.279577877981037,22.45404530207735,22.785009886030654,23.790688426697194
0.0,0.9306569926976902,2.6780569099092655,6.777770699358479,10.116578656704123,13.307408865109268,15.245315225767147,19.279577877981037,22.45404530207735,22.785009886030654,23.790688426697194
0.0,0.9306569926976902,2.6780569099092655,6.777770699358479,10.143180907816005,13.307408865109268,15.245315225767147,19.279577877981037,22.45404530207735,22.785009886030654,23.790688426697194
0.0,0.9306569926976902,2.6780569099092655,6.777770699358479,10.116578656704123,13.307408865109268,15.245315225767147,19.279577877981037,22.45404530207735,22.785009886030654,23.790688426697194
0.0,0.9306569926976902,2.6780569099092655,6.777770699358479,10.143180907816005,13.307408865109268,15.245315225767147,19.279577877981037,22.45404530207735,22.785009886030654,23.790688426697194
0.0,0.9306569926976902,2.6780569099092655,6.777770699358479,10.116578656704123,13.307408865109268,15.245315225767147,19.279577877981037,22.45404530207735,22.785009886030654,23.790688426697194
0.0,0.9306569926976902,2.6780569099092655,6.777770699358479,10.116578656704123,13.307408865109268,15.245315225767147,19.279577877981037,22.45404530207735,22.785009886030654,23.790688426697194
0.0,0.9306569926976902,2.6780569099092655,6.777770699358479,10.116578656704123,13.307408865109268,15.245315225767147,19.279577877981037,22.45404530207735,22.785009886030654,23.790688426697194
0.0,0.9306569926976902,2.6780569099092655,6.777770699358479,10.143180907816005,13.307408865109268,15.245315225767147,19.279577877981037,22.45404530207735,22.785009886030654,23.790688426697194
0.0,0.9306569926976902,2.6780569099092655,6.777770699358479,10.143180907816005,13.307408865109268,15.245315225767147,19.279577877981037,22.45404530207735,22.785009886030654,23.790688426697194
0.0,0.9306569926976902,2.6780569099092655,6.777770699358479,10.116578656704123,13.307408865109268,15.245315225767147,19.279577877981037,22.45404530207735,22.785009886030654,23.790688426697194
0.0,0.9306569926976902,2.6780569099092655,6.777770699358479,10.116578656704123,13.307408865109268,15.245315225767147,19.279577877981037,22.45404530207735,22.785009886030654,23.790688426697194
0.0,0.9306569926976902,2.6780569099092655,6.777770699358479,10.143180907816005,13.307408865109268,15.245315225767147,19.279577877981037,22.45404530207735,22.785009886030654,23.790688426697194
0.0,0.9306569926976902,2.6780569099092655,6.777770699358479,10.116578656704123,13.307408865109268,15.245315225767147,19.279577877981037,22.45404530207735,22.785009886030654,23.790688426697194
0.0,0.9306569926976902,2.6780569099092655,6.777770699358479,10.116578656704123,13.307408865109268,15.245315225767147,19.279577877981037,22.45404530207735,22.785009886030654,23.790688426697194
0.0,0.9306569926976902,2.6780569099092655,6.777770699358479,10.116578656704123,13.307408865109268,15.245315225767147,19.279577877981037,22.45404530207735,22.785009886030654,23.790688426697194
0.0,0.9306569926976902,2.6780569099092655,6.777770699358479,10.143180907816005,13.307408865109268,15.245315225767147,19.279577877981037,22.45404530207735,22.785009886030654,23.790688426697194
0.0,0.9306569926976902,2.6780569099092655,6.777770699358479,10.116578656704123,13.307408865109268,15.245315225767147,19.279577877981037,22.45404530207735,22.785009886030654,23.790688426697194
0.0,0.9306569926976902,2.6780569099092655,6.752768364934603,10.064086844641395,13.307408865109268,15.245315225767147,19.279577877981037,22.45404530207735,22.785009886030654,23.790688426697194
0.0,0.9306569926976902,2.6780569099092655,6.752768364934603,10.064086844641395,13.307408865109268,15.245315225767147,19.279577877981037,22.45404530207735,22.785009886030654,23.790688426697194
0.0,0.9306569926976902,2.6780569099092655,6.752768364934603,10.064086844641395,13.307408865109268,15.245315225767147,19.279577877981037,22.45404530207735,22.785009886030654,23.790688426697194
0.0,0.9306569926976902,2.6780569099092655,6.752768364934603,10.064086844641395,13.307408865109268,15.245315225767147,19.355937538088916,22.45404530207735,22.785009886030654,23.790688426697194
0.0,0.9306569926976902,2.6780569099092655,6.752768364934603,10.064086844641395,13.307408865109268,15.245315225767147,19.355937538088916,22.45404530207735,22.785009886030654,23.790688426697194
0.0,0.9306569926976902,2.7170221536100416,6.752768364934603,10.064086844641395,13.307408865109268,15.245315225767147,19.355937538088916,22.45404530207735,22.785009886030654,23.790688426697194
0.0,0.9306569926976902,2.7170221536100416,6.73928543066412,10.074486303113222,13.361253334008202,15.222276425460318,19.34335637504258,22.518507399905573,22.785009886030654,23.790688426697194
0.0,0.9152105243101598,2.7362938773515544,6.792969907894256,10.074486303113222,13.361253334008202,15.222276425460318,19.34335637504258,22.518507399905573,22.785009886030654,23.790688426697194
0.0,0.9152105243101598,2.7362938773515544,6.792969907894256,10.074486303113222,13.361253334008202,15.222276425460318,19.34335637504258,22.518507399905573,22.785009886030654,23.790688426697194
0.0,0.9152105243101598,2.7362938773515544,6.792969907894256,10.074486303113222,13.361253334008202,15.222276425460318,19.34335637504258,22.518507399905573,22.785009886030654,23.790688426697194
0.0,0.9152105243101598,2.7362938773515544,6.792969907894256,10.074486303113222,13.361253334008202,15.222276425460318,19.34335637504258,22.518507399905573,22.785009886030654,23.790688426697194
0.0,0.9152105243101598,2.7362938773515544,6.792969907894256,10.074486303113222,13.361253334008202,15.222276425460318,19.34335637504258,22.518507399905573,22.785009886030654,23.790688426697194
0.0,0.9152105243101598,2.7362938773515544,6.792969907894256,10.074486303113222,13.361253334008202,15.222276425460318,19.34335637504258,22.518507399905573,22.785009886030654,23.790688426697194
0.0,0.9031966044531732,2.7362938773515544,6.792969907894256,10.074486303113222,13.430922433420928,15.222276425460318,19.34335637504258,22.518507399905573,22.785009886030654,23.790688426697194
0.0,0.9031966044531732,2.7362938773515544,6.792969907894256,10.074486303113222,13.430922433420928,15.222276425460318,19.34335637504258,22.518507399905573,22.785009886030654,23.790688426697194
0.0,0.8934966584589067,2.726417713505449,6.782703770888363,10.063904709978248,13.42001818203237,15.211199969051858,19.331883754247915,22.506729548013173,22.77320641493282,23.77878827850824
0.0,0.8934966584589067,2.726417713505449,6.782703770888363,10.063904709978248,13.42001818203237,15.211199969051858,19.331883754247915,22.506729548013173,22.77320641493282,23.77878827850824
0.0,0.8934966584589067,2.726417713505449,6.782703770888363,10.063904709978248,13.42001818203237,15.211199969051858,19.331883754247915,22.506729548013173,22.77320641493282,23.77878827850824
0.0,0.8934966584589067,2.726417713505449,6.782703770888363,10.063904709978248,13.42001818203237,15.211199969051858,19.331883754247915,22.506729548013173,22.77320641493282,23.77878827850824
0.0,0.8934966584589067,2.726417713505449,6.782703770888363,10.063904709978248,13.42001818203237,15.211199969051858,19.331883754247915,22.506729548013173,22.77320641493282,23.77878827850824
0.0,0.8934966584589067,2.726417713505449,6.8479886399383165,10.063904709978248,13.42001818203237,15.211199969051858,19.331883754247915,22.506729548013173,22.77320641493282,23.77878827850824
0.0,0.8959497368098446,2.7189991550413883,6.791952528821694,10.006182021205495,13.360535389491323,15.150777796528791,19.269300501320778,22.442481256614634,22.70881837053083,23.713872859676833
0.0,0.8806089297910571,2.7805156524541315,6.694402502963667,9.905695929823139,13.256985235227218,15.04559232996855,19.160352934837878,22.330635120928704,22.596728946921665,23.60086536041605
0.0,0.9042523787352421,2.832907224428496,6.718930479948895,9.88489473555154,13.306756480102964,15.243260763995533,19.197941212786066,22.445591858522064,22.484737485623256,23.487956625832652
0.0,0.9007978466216563,2.8673822653937813,6.74683552929267,9.914256606181919,13.220874234371832,15.388678206888612,19.107593671334037,22.352782720432106,22.391898676625132,23.39435741458317
0.0,0.9064998256034533,2.8152400709526617,6.692726888326357,9.85854243893477,13.163483983846247,15.330189123538121,19.047219516068747,22.290763619269786,22.32985974807196,23.331810352185407
0.0,0.8871438251483633,2.893485803134405,6.672260967163951,9.837469247404803,13.141776834641028,15.308066354469538,19.024383741969828,22.267305664823255,22.30639429416119,23.308152702961323
0.0,0.8820397344507961,2.882843155931114,6.661227467511474,9.826108358755944,13.130074169448905,15.296139622078995,19.01207261736493,22.254659113017464,22.2937436992764,23.295398492563415
0.0,0.8820397344507961,2.882843155931114,6.661227467511474,9.826108358755944,13.267188924430718,15.277553438176017,19.01521618860962,22.254659113017464,22.364379890009776,23.360964407095647
0.0,0.8820397344507961,2.870326816966057,6.661227467511474,9.826108358755944,13.267188924430718,15.277553438176017,19.01521618860962,22.254659113017464,22.364379890009776,23.360964407095647
0.0,0.8993511060517693,2.9351104603129796,6.614030439330731,9.826108358755944,13.267188924430718,15.277553438176017,19.01521618860962,22.254659113017464,22.364379890009776,23.360964407095647
0.0,0.8993511060517693,2.9351104603129796,6.614030439330731,9.826108358755944,13.267188924430718,15.277553438176017,19.01521618860962,22.317820267980036,22.57247851180729,23.360964407095647
0.0,0.8993511060517693,2.9351104603129796,6.614030439330731,9.826108358755944,13.267188924430718,15.277553438176017,19.01521618860962,22.317820267980036,22.57247851180729,23.360964407095647
0.0,0.8993511060517693,2.9351104603129796,6.614030439330731,9.826108358755944,13.267188924430718,15.277553438176017,19.01521618860962,22.317820267980036,22.57247851180729,23.360964407095647
0.0,0.8993511060517693,2.9351104603129796,6.614030439330731,9.826108358755944,13.267188924430718,15.277553438176017,19.01521618860962,22.317820267980036,22.57247851180729,23.360964407095647
0.0,0.8993511060517693,2.9351104603129796,6.614030439330731,9.826108358755944,13.267188924430718,15.277553438176017,19.01521618860962,22.317820267980036,22.57247851180729,23.360964407095647
0.0,0.8993511060517693,2.9351104603129796,6.614030439330731,9.826108358755944,13.267188924430718,15.277553438176017,19.01521618860962,22.317820267980036,22.57247851180729,23.360964407095647
0.0,0.8993511060517693,2.9351104603129796,6.614030439330731,9.826108358755944,13.267188924430718,15.277553438176017,19.01521618860962,22.317820267980036,22.57247851180729,23.360964407095647
0.0,0.8993511060517693,2.9351104603129796,6.614030439330731,9.826108358755944,13.267188924430718,15.277553438176017,19.01521618860962,22.317820267980036,22.57247851180729,23.360964407095647
0.0,0.8993511060517693,2.9351104603129796,6.614030439330731,9.826108358755944,13.267188924430718,15.277553438176017,19.01521618860962,22.317820267980036,22.57247851180729,23.360964407095647
0.0,0.8993511060517693,2.9351104603129796,6.614030439330731,9.826108358755944,13.267188924430718,15.277553438176017,19.01521618860962,22.317820267980036,22.57247851180729,23.360964407095647
0.0,0.8993511060517693,2.9351104603129796,6.614030439330731,9.72799127101248,13.163537992376325,15.302093574989456,19.116621712632085,22.394149654562067,22.58595095999885,23.360964407095647
0.0,0.8993511060517693,2.9351104603129796,6.614030439330731,9.749706539656726,13.163537992376325,15.302093574989456,19.116621712632085,22.394149654562067,22.58595095999885,23.360964407095647
0.0,0.8993511060517693,2.9351104603129796,6.662516766316902,9.636668353378546,13.172621030028056,15.354027689792376,19.134121408777677,22.367856650833396,22.82594886235315,23.483273955570176
0.0,0.8993511060517693,2.9351104603129796,6.662516766316902,9.636668353378546,13.172621030028056,15.354027689792376,19.134121408777677,22.54363588347461,22.82594886235315,23.483273955570176
0.0,0.8726524802270085,2.936240407580657,6.662516766316902,9.636668353378546,13.172621030028056,15.354027689792376,19.134121408777677,22.367856650833396,22.82594886235315,23.483273955570176
0.0,0.8329304878170695,2.948336637946202,6.749638597955627,9.700582806519554,13.172621030028056,15.354027689792376,19.134121408777677,22.54363588347461,22.82594886235315,23.483273955570176
0.0,0.8329304878170695,2.948336637946202,6.749638597955627,9.700582806519554,13.172621030028056,15.354027689792376,19.134121408777677,22.367856650833396,22.82594886235315,23.483273955570176
0.0,0.8329304878170695,2.948336637946202,6.749638597955627,9.700582806519554,13.172621030028056,15.354027689792376,19.134121408777677,22.367856650833396,22.82594886235315,23.483273955570176
0.0,0.8329304878170695,2.948336637946202,6.749638597955627,9.700582806519554,13.172621030028056,15.354027689792376,19.134121408777677,22.54363588347461,22.82594886235315,23.483273955570176
0.0,0.8329304878170695,2.948336637946202,6.749638597955627,9.700582806519554,13.172621030028056,15.354027689792376,19.134121408777677,22.54363588347461,22.82594886235315,23.483273955570176
0.0,0.8329304878170695,2.948336637946202,6.749638597955627,9.700582806519554,13.172621030028056,15.354027689792376,19.214362151286306,22.367856650833396,22.82594886235315,23.483273955570176
0.0,0.8329304878170695,2.948336637946202,6.733370254601745,9.700582806519554,13.172621030028056,15.354027689792376,19.214362151286306,22.54363588347461,22.82594886235315,23.483273955570176
0.0,0.8329304878170695,2.948336637946202,6.733370254601745,9.700582806519554,13.172621030028056,15.354027689792376,19.21993945510755,22.543143342357936,22.82594886235315,23.483273955570176
0.0,0.8329304878170695,2.948336637946202,6.733370254601745,9.735480793286708,13.172621030028056,15.354027689792376,19.42091071721663,22.543143342357936,22.82594886235315,23.483273955570176
0.0,0.8329304878170695,2.948336637946202,6.733370254601745,9.735480793286708,13.172621030028056,15.395574981634732,19.42091071721663,22.543143342357936,22.82594886235315,23.483273955570176
0.0,0.8329304878170695,2.948336637946202,6.733370254601745,9.735480793286708,13.172621030028056,15.395574981634732,19.42091071721663,22.543143342357936,22.82594886235315,23.483273955570176
0.0,0.8329304878170695,2.948336637946202,6.733370254601745,9.735480793286708,13.172621030028056,15.479104160422382,19.543133346670576,22.584256039097333,22.909695338692266,23.483273955570176
0.0,0.8329304878170695,2.948336637946202,6.733370254601745,9.735480793286708,13.172621030028056,15.479104160422382,19.543133346670576,22.584256039097333,22.909695338692266,23.483273955570176
0.0,0.8329304878170695,2.948336637946202,6.733370254601745,9.735480793286708,13.172621030028056,15.479104160422382,19.543133346670576,22.584256039097333,22.909695338692266,23.483273955570176
0.0,0.8329304878170695,2.948336637946202,6.733370254601745,9.735480793286708,13.172621030028056,15.479104160422382,19.543133346670576,22.584256039097333,22.909695338692266,23.483273955570176
0.0,0.8329304878170695,2.948336637946202,6.733370254601745,9.735480793286708,13.172621030028056,15.479104160422382,19.543133346670576,22.584256039097333,22.909695338692266,23.483273955570176
0.0,0.8329304878170695,2.948336637946202,6.733370254601745,9.735480793286708,13.172621030028056,15.479104160422382,19.543133346670576,22.510027195512887,22.909695338692266,23.483273955570176
0.0,0.8329304878170695,2.948336637946202,6.733370254601745,9.735480793286708,13.172621030028056,15.479104160422382,19.543133346670576,22.510027195512887,22.909695338692266,23.483273955570176
0.0,0.8329304878170695,2.948336637946202,6.733370254601745,9.735480793286708,13.172621030028056,15.479104160422382,19.543133346670576,22.510027195512887,22.909695338692266,23.483273955570176
0.0,0.8329304878170695,2.948336637946202,6.733370254601745,9.735480793286708,13.172621030028056,15.479104160422382,19.543133346670576,22.510027195512887,22.909695338692266,23.483273955570176
0.0,0.8329304878170695,2.948336637946202,6.652839782024484,9.661990761377293,13.258236265309865,15.479104160422382,19.543133346670576,22.510027195512887,22.909695338692266,23.483273955570176
0.0,0.8329304878170695,2.948336637946202,6.652839782024484,9.661990761377293,13.258236265309865,15.479104160422382,19.543133346670576,22.510027195512887,22.909695338692266,23.483273955570176
0.0,0.8329304878170695,2.948336637946202,6.652839782024484,9.661990761377293,13.258236265309865,15.479104160422382,19.543133346670576,22.510027195512887,22.909695338692266,23.483273955570176
0.0,0.8329304878170695,3.006818652300292,6.652839782024484,9.756355844731909,13.379024730924055,15.465602739223952,19.593329081061686,22.510027195512887,22.926528655679988,23.483273955570176
0.0,0.8329304878170695,3.006818652300292,6.652839782024484,9.756355844731909,13.379024730924055,15.465602739223952,19.593329081061686,22.510027195512887,22.926528655679988,23.483273955570176
0.0,0.8329304878170695,2.9863057634409067,6.649623778262627,9.756355844731909,13.379024730924055,15.456012673952122,19.633905777174093,22.452660641923025,23.149012375385272,23.483273955570176
0.0,0.8329304878170695,2.9863057634409067,6.598182204576361,9.70155340224948,13.379024730924055,15.456012673952122,19.633905777174093,22.452660641923025,23.149012375385272,23.483273955570176
0.0,0.8329304878170695,2.9863057634409067,6.598182204576361,9.70155340224948,13.379024730924055,15.456012673952122,19.633905777174093,22.452660641923025,23.149012375385272,23.483273955570176
0.0,0.8329304878170695,2.9863057634409067,6.598182204576361,9.70155340224948,13.379024730924055,15.456012673952122,19.633905777174093,22.452660641923025,23.149012375385272,23.483273955570176
0.0,0.8329304878170695,2.9863057634409067,6.598182204576361,9.70155340224948,13.379024730924055,15.456012673952122,19.633905777174093,22.452660641923025,23.149012375385272,23.483273955570176
0.0,0.8329304878170695,2.9863057634409067,6.598182204576361,9.70155340224948,13.379024730924055,15.456012673952122,19.633905777174093,22.452660641923025,23.149012375385272,23.483273955570176
0.0,0.8329304878170695,2.9863057634409067,6.598182204576361,9.70155340224948,13.379024730924055,15.456012673952122,19.633905777174093,22.452660641923025,23.149012375385272,23.483273955570176
0.0,0.8329304878170695,2.9863057634409067,6.598182204576361,9.70155340224948,13.379024730924055,15.456012673952122,19.633905777174093,22.452660641923025,23.149012375385272,23.483273955570176
0.0,0.8329304878170695,2.9863057634409067,6.598182204576361,9.70155340224948,13.379024730924055,15.456012673952122,19.633905777174093,22.452660641923025,23.149012375385272,23.483273955570176
0.0,0.8329304878170695,2.9863057634409067,6.598182204576361,9.70155340224948,13.379024730924055,15.456012673952122,19.633905777174093,22.452660641923025,23.149012375385272,23.483273955570176
0.0,0.8329304878170695,2.9863057634409067,6.598182204576361,9.70155340224948,13.379024730924055,15.456012673952122,19.633905777174093,22.452660641923025,23.149012375385272,23.483273955570176
0.0,0.8329304878170695,2.9863057634409067,6.598182204576361,9.70155340224948,13.379024730924055,15.456012673952122,19.633905777174093,22.452660641923025,23.149012375385272,23.483273955570176
0.0,0.8329304878170695,2.9863057634409067,6.598182204576361,9.70155340224948,13.379024730924055,15.456012673952122,19.633905777174093,22.452660641923025,23.149012375385272,23.483273955570176
0.0,0.8329304878170695,2.9863057634409067,6.598182204576361,9.70155340224948,13.379024730924055,15.456012673952122,19.633905777174093,22.452660641923025,23.149012375385272,23.483273955570176
0.0,0.8329304878170695,2.9863057634409067,6.598182204576361,9.70155340224948,13.379024730924055,15.456012673952122,19.633905777174093,22.452660641923025,23.149012375385272,23.483273955570176
0.0,0.8329304878170695,2.9863057634409067,6.598182204576361,9.70155340224948,13.379024730924055,15.456012673952122,19.633905777174093,22.452660641923025,23.149012375385272,23.483273955570176
0.0,0.8329304878170695,2.9863057634409067,6.598182204576361,9.70155340224948,13.379024730924055,15.456012673952122,19.633905777174093,22.452660641923025,23.149012375385272,23.483273955570176
0.0,0.8329304878170695,2.9863057634409067,6.598182204576361,9.63513278401478,13.379024730924055,15.456012673952122,19.633905777174093,22.452660641923025,23.149012375385272,23.483273955570176
0.0,0.8329304878170695,2.9863057634409067,6.598182204576361,9.63513278401478,13.379024730924055,15.456012673952122,19.633905777174093,22.452660641923025,23.149012375385272,23.483273955570176
0.0,0.8329304878170695,2.9863057634409067,6.598182204576361,9.63513278401478,13.379024730924055,15.456012673952122,19.633905777174093,22.452660641923025,23.149012375385272,23.483273955570176
0.0,0.8329304878170695,2.9863057634409067,6.598182204576361,9.63513278401478,13.379024730924055,15.456012673952122,19.633905777174093,22.452660641923025,23.149012375385272,23.483273955570176
0.0,0.8329304878170695,2.9863057634409067,6.598182204576361,9.63513278401478,13.379024730924055,15.456012673952122,19.633905777174093,22.452660641923025,23.149012375385272,23.483273955570176
0.0,0.8156460335237009,2.984217129740099,6.596020319516528,9.632909307491104,13.376725325675345,15.565982729251154,19.63147951860007,22.45017721704557,23.14651482801175,23.48076962914
0.0,0.8156460335237009,2.9936621384223936,6.596020319516528,9.632909307491104,13.376725325675345,15.565982729251154,19.63147951860007,22.45017721704557,23.14651482801175,23.48076962914
0.0,0.8156460335237009,2.9791179839484165,6.596020319516528,9.632909307491104,13.376725325675345,15.565982729251154,19.63147951860007,22.45017721704557,23.14651482801175,23.51229162130672
0.0,0.8156460335237009,2.9791179839484165,6.596020319516528,9.632909307491104,13.376725325675345,15.565982729251154,19.63147951860007,22.45017721704557,23.14651482801175,23.51229162130672
0.0,0.8156460335237009,2.9791179839484165,6.596020319516528,9.632909307491104,13.376725325675345,15.565982729251154,19.63147951860007,22.45017721704557,23.14651482801175,23.51229162130672
0.0,0.8081421769325297,2.9791179839484165,6.596020319516528,9.632909307491104,13.376725325675345,15.565982729251154,19.63147951860007,22.45017721704557,23.14651482801175,23.51229162130672
0.0,0.8081421769325297,2.9791179839484165,6.596020319516528,9.632909307491104,13.376725325675345,15.565982729251154,19.63147951860007,22.45017721704557,23.14651482801175,23.51229162130672
0.0,0.8081421769325297,2.9791179839484165,6.596020319516528,9.721985010539438,13.401641606248305,15.565982729251154,19.63147951860007,22.488536700160243,23.14651482801175,23.51229162130672
0.0,0.8048419439683072,2.97574667809496,6.592530604375306,9.718392958310202,13.397929090297273,15.562199357615594,19.627563051698292,22.484526699600487,23.14248328672066,23.50824810530203
0.0,0.831063970749368,2.967125492890194,6.583606620064147,9.709207275112199,13.388435354344274,15.552524427785306,19.61754776742084,22.47427222878129,23.132173731420142,23.497907927973085
0.0,0.8075847628762511,2.943148888376269,6.558787893005739,9.683660730408926,13.362032076036467,15.525617226428286,19.58969399737515,22.44575325076473,23.119677000849613,23.46915058933212
0.0,0.8255199030517388,2.9368583704112696,6.5522764352078395,9.676958321887891,13.355104894315065,15.518557835119317,19.582386263673175,22.43827099265548,23.11215356147184,23.46160579477034
0.0,0.805768821701756,2.9368583704112696,6.5522764352078395,9.676958321887891,13.355104894315065,15.518557835119317,19.582386263673175,22.43827099265548,23.11215356147184,23.46160579477034
0.0,0.805768821701756,2.9368583704112696,6.504766686007479,9.676958321887891,13.355104894315065,15.560492682325721,19.582386263673175,22.528338240453788,23.215991541208457,23.46160579477034
0.0,0.805768821701756,2.9368583704112696,6.504766686007479,9.676958321887891,13.355104894315065,15.560492682325721,19.582386263673175,22.528338240453788,23.11215356147184,23.46160579477034
0.0,0.805768821701756,2.9368583704112696,6.504766686007479,9.676958321887891,13.355104894315065,15.560492682325721,19.582386263673175,22.528338240453788,23.11215356147184,23.46160579477034
0.0,0.805768821701756,2.9368583704112696,6.504766686007479,9.676958321887891,13.355104894315065,15.560492682325721,19.582386263673175,22.528338240453788,23.11215356147184,23.46160579477034
0.0,0.805768821701756,2.9368583704112696,6.504766686007479,9.676958321887891,13.355104894315065,15.560492682325721,19.582386263673175,22.528338240453788,23.11215356147184,23.46160579477034
0.0,0.805768821701756,2.9368583704112696,6.504766686007479,9.676958321887891,13.355104894315065,15.560492682325721,19.582386263673175,22.528338240453788,23.215991541208457,23.46160579477034
0.0,0.805768821701756,2.9368583704112696,6.504766686007479,9.676958321887891,13.355104894315065,15.560492682325721,19.582386263673175,22.528338240453788,23.150453862183518,23.57275630829123
0.0,0.805768821701756,2.9368583704112696,6.504766686007479,9.676958321887891,13.355104894315065,15.560492682325721,19.582386263673175,22.528338240453788,23.150453862183518,23.57275630829123
0.0,0.805768821701756,2.9368583704112696,6.504766686007479,9.602616641791991,13.432849436667018,15.560492682325721,19.633776723871925,22.40121599472687,23.150453862183518,23.57275630829123
0.0,0.805768821701756,2.9830938562987206,6.504766686007479,9.602616641791991,13.432849436667018,15.560492682325721,19.633776723871925,22.40121599472687,23.150453862183518,23.57275630829123
0.0,0.805768821701756,2.9830938562987206,6.513527246283686,9.654340148083886,13.432849436667018,15.560492682325721,19.633776723871925,22.55040616419087,23.34544510958737,23.57275630829123
0.0,0.7727538176856504,2.9830938562987206,6.513527246283686,9.654340148083886,13.432849436667018,15.560492682325721,19.633776723871925,22.55040616419087,23.34544510958737,23.57275630829123
0.0,0.7727538176856504,2.9830938562987206,6.513527246283686,9.654340148083886,13.432849436667018,15.560492682325721,19.633776723871925,22.55040616419087,23.34544510958737,23.57275630829123
0.0,0.7727538176856504,2.9830938562987206,6.513527246283686,9.654340148083886,13.432849436667018,15.560492682325721,19.633776723871925,22.55040616419087,23.34544510958737,23.57275630829123
0.0,0.7727538176856504,2.963024209120511,6.513527246283686,9.660885227827434,13.403845466033578,15.613895899348265,19.633776723871925,22.55040616419087,23.34544510958737,23.57275630829123
0.0,0.7395216096957631,2.963024209120511,6.513527246283686,9.660885227827434,13.403845466033578,15.613895899348265,19.633776723871925,22.55040616419087,23.34544510958737,23.57275630829123
0.0,0.7395216096957631,2.963024209120511,6.513527246283686,9.660885227827434,13.403845466033578,15.613895899348265,19.633776723871925,22.55040616419087,23.34544510958737,23.57275630829123
0.0,0.7395216096957631,2.963024209120511,6.513527246283686,9.660885227827434,13.403845466033578,15.613895899348265,19.633776723871925,22.55040616419087,23.34544510958737,23.57275630829123
0.0,0.7395216096957631,2.963024209120511,6.513527246283686,9.660885227827434,13.403845466033578,15.613895899348265,19.633776723871925,22.55040616419087,23.34544510958737,23.57275630829123
0.0,0.7228759708677905,2.9536620083546445,6.503842206105234,9.650914005327401,13.580066194855672,15.69157465657022,19.62289868833761,22.53926292597249,23.334229580230677,23.561520110028443
0.0,0.7196376578283721,2.9879823449975733,6.560879298803169,9.756534342940666,13.878008612083331,15.676082127494983,19.790259983924738,22.52285340696149,23.317713605377577,23.54497369816943
0.0,0.7411550751078427,3.004052836703428,6.553212716674486,9.846336154265186,13.869815594989063,15.66775974699484,19.781641606595027,22.514038431667878,23.308841443421912,23.53608518585914
0.0,0.7411550751078427,3.004052836703428,6.553212716674486,9.846336154265186,13.869815594989063,15.66775974699484,19.781641606595027,22.514038431667878,23.308841443421912,23.53608518585914
0.0,0.7411550751078427,3.004052836703428,6.553212716674486,9.846336154265186,13.869815594989063,15.66775974699484,19.781641606595027,22.514038431667878,23.308841443421912,23.53608518585914
0.0,0.7411550751078427,3.004052836703428,6.553212716674486,9.846336154265186,13.869815594989063,15.66775974699484,19.781641606595027,22.514038431667878,23.308841443421912,23.53608518585914
0.0,0.7411550751078427,3.004052836703428,6.553212716674486,9.846336154265186,13.869815594989063,15.66775974699484,19.781641606595027,22.514038431667878,23.308841443421912,23.53608518585914
0.0,0.7411550751078427,3.004052836703428,6.553212716674486,9.846336154265186,13.869815594989063,15.66775974699484,19.781641606595027,22.514038431667878,23.308841443421912,23.53608518585914
0.0,0.7411550751078427,3.004052836703428,6.553212716674486,9.846336154265186,13.869815594989063,15.66775974699484,19.781641606595027,22.514038431667878,23.308841443421912,23.53608518585914
0.0,0.7411550751078427,3.004052836703428,6.553212716674486,9.846336154265186,13.869815594989063,15.66775974699484,19.781641606595027,22.514038431667878,23.308841443421912,23.53608518585914
0.0,0.7411550751078427,3.004052836703428,6.553212716674486,9.846336154265186,13.869815594989063,15.66775974699484,19.781641606595027,22.514038431667878,23.308841443421912,23.53608518585914
0.0,0.7411550751078427,3.004052836703428,6.565343577686239,9.846336154265186,13.869815594989063,15.66775974699484,19.781641606595027,22.514038431667878,23.308841443421912,23.53608518585914
0.0,0.7411550751078427,3.004052836703428,6.565343577686239,9.846336154265186,13.869815594989063,15.66775974699484,19.781641606595027,22.514038431667878,23.308841443421912,23.53608518585914
0.0,0.7411550751078427,3.004052836703428,6.565343577686239,9.846336154265186,13.869815594989063,15.66775974699484,19.781641606595027,22.514038431667878,23.308841443421912,23.53608518585914
0.0,0.7411550751078427,3.004052836703428,6.565343577686239,9.846336154265186,13.869815594989063,15.66775974699484,19.781641606595027,22.514038431667878,23.308841443421912,23.53608518585914
0.0,0.7411550751078427,3.004052836703428,6.565343577686239,9.846336154265186,13.869815594989063,15.66775974699484,19.781641606595027,22.514038431667878,23.308841443421912,23.53608518585914
0.0,0.7528876783225369,3.0439118145517816,6.563109212927657,9.822028415825674,13.844617506545301,15.64216379406414,19.755135298638248,22.486927475530177,23.281554606463814,23.508748062458665
0.0,0.7787973351541406,3.072953359988743,6.615827221125685,9.795983863221979,13.817618987467961,15.614738982652574,19.726735086350796,22.457879412296247,23.25231809553491,23.47945767206677
0.0,0.7829338635595687,3.0768505614207036,6.536839893856445,9.76800722583617,13.73329614578215,15.529084727902664,19.6380344210403,22.367155353308508,23.161005469259333,23.38797676732321
0.0,0.7914044387591961,3.0850874629187253,6.454862655687922,9.683543691150872,13.645781427726659,15.440188198743677,19.545976165402916,22.272997112380793,23.066236381979408,23.293033031722786
0.0,0.8175865929368744,3.0889860756926306,6.511474146088653,9.7534969565164,13.555942281721272,15.348930540147068,19.45147280353453,22.176337988724004,22.968950187632764,23.195567550322334
0.0,0.8285046686507881,3.152422905201435,6.496343215970741,9.797596358491342,13.750959037643314,15.25515702253557,19.354364102689114,22.07701409444562,22.868981935113304,23.0954150680302
0.0,0.8253880586452553,3.160132086303184,6.484673022117728,9.711191288910895,13.661442874662852,15.164457132990428,19.260438347690332,21.98094575372745,22.772290356376743,22.99854529804671
0.0,0.7986785220667145,3.226826543493069,6.437208053861351,9.80335657238276,13.560701036497877,15.062383124343166,19.154733937508283,21.87283006923906,22.663473277397163,22.889527681944415
0.0,0.7900741335560707,3.1986486698383185,6.329612869284956,9.692358617499023,13.445904859370946,14.946068927678038,19.034282867571633,21.749631331824677,22.53947529502445,22.765301185823304
0.0,0.8051821845591389,3.210927495088254,6.2236025719496855,9.802421596881203,13.332952972284474,14.831623409220166,18.915766937935,21.628411878129462,22.41746943686397,22.643070485165865
0.0,0.7975626162534921,3.2361811354021475,6.217740667595614,9.897119031363946,13.22646806928223,14.72373039170291,18.804036557884636,21.770132716521324,22.302448941792672,22.770442127570693
0.0,0.821483387407367,3.26581898556599,6.1380553491971375,9.814673416666729,13.141524752821834,14.637663818203361,18.714908909145,21.678779880959638,22.210696758743147,22.67833885264346
0.0,0.7957219226796245,3.221909414245344,6.092924476687991,9.767979212506914,13.093415941026567,14.58891883438484,18.664430243398893,21.627040950150995,22.158731652009973,22.6261749002121
0.0,0.8050814466201064,3.2710134975567318,6.077133934712781,9.751641686778042,13.076583467604374,14.571863774948282,18.64676859747891,21.608938358437953,22.140549925101187,22.607923600499394
0.0,0.8050814466201064,3.249103788214551,6.077133934712781,9.751641686778042,13.076583467604374,14.571863774948282,18.64676859747891,21.608938358437953,22.140549925101187,22.607923600499394
0.0,0.8050814466201064,3.249103788214551,6.077133934712781,9.751641686778042,13.076583467604374,14.571863774948282,18.64676859747891,21.608938358437953,22.140549925101187,22.607923600499394
0.0,0.8050814466201064,3.249103788214551,6.077133934712781,9.751641686778042,13.076583467604374,14.571863774948282,18.64676859747891,21.608938358437953,22.140549925101187,22.607923600499394
0.0,0.8050814466201064,3.249103788214551,6.077133934712781,9.751641686778042,13.076583467604374,14.571863774948282,18.64676859747891,21.608938358437953,22.140549925101187,22.607923600499394
0.0,0.8050814466201064,3.249103788214551,6.077133934712781,9.751641686778042,13.076583467604374,14.571863774948282,18.64676859747891,21.608938358437953,22.140549925101187,22.607923600499394
0.0,0.8050814466201064,3.249103788214551,6.077133934712781,9.751641686778042,13.076583467604374,14.571863774948282,18.64676859747891,21.608938358437953,22.140549925101187,22.607923600499394
0.0,0.8050814466201064,3.249103788214551,6.077133934712781,9.751641686778042,13.076583467604374,14.571863774948282,18.64676859747891,21.608938358437953,22.140549925101187,22.607923600499394
0.0,0.8050814466201064,3.249103788214551,6.077133934712781,9.751641686778042,13.076583467604374,14.571863774948282,18.64676859747891,21.608938358437953,22.140549925101187,22.607923600499394
0.0,0.8050814466201064,3.249103788214551,6.077133934712781,9.751641686778042,13.076583467604374,14.571863774948282,18.64676859747891,21.608938358437953,22.140549925101187,22.607923600499394
0.0,0.8037083111801717,3.247697361063077,6.075688985014986,9.750146684079484,13.075043173583895,14.57030311268492,18.645152428130533,21.607281839335183,22.138886164551135,22.60625347353063
0.0,0.7989387629396352,3.2428121749767898,6.134660223769375,9.818593499578888,13.069693004604474,14.564882195173215,18.639538708283393,21.601527965724276,22.133107137971987,22.600452333370903
0.0,0.816617444514322,3.2428121749767898,6.134660223769375,9.784526551143008,13.069693004604474,14.564882195173215,18.639538708283393,21.601527965724276,22.133107137971987,22.600452333370903
0.0,0.8385544946434761,3.2688068624828004,6.127921391376758,9.899932640351944,13.069693004604474,14.564882195173215,18.639538708283393,21.601527965724276,22.133107137971987,22.834261141512314
0.0,0.8289551818551585,3.2589762021434363,6.117818558009944,9.774075627734167,13.058929350211868,14.553976206444405,18.628244833169553,21.58995212443688,22.121480693075966,22.82256795035415
0.0,0.8465198096416425,3.2575106465489294,6.116312426839709,9.77251760327387,13.05732470379262,14.691556521508502,18.62656114140467,21.5882263971333,22.11974742178254,22.82082472852287
0.0,0.8282960459862694,3.2144406410531707,6.147444982156477,9.881909145045476,13.051149671299244,14.68529222956553,18.620081925028867,21.581585418755463,22.11307741247189,22.814116427353095
0.0,0.8282960459862694,3.2144406410531707,6.1918279683343975,9.76652198233683,13.051149671299244,14.68529222956553,18.620081925028867,21.581585418755463,22.11307741247189,22.814116427353095
0.0,0.8420049659202058,3.2164251451451116,6.16884587359091,9.858128440871896,13.026683078320161,14.660471974540911,18.594410100619797,21.555272664105544,22.086649632027715,22.78753692765362
0.0,0.8270449605046132,3.2414133408065973,6.248943341316673,9.82186812097288,12.987947070497977,14.731082872415241,18.553765945875007,21.513613775562543,22.044808632306847,22.745455722920745
0.0,0.8552222863158392,3.2624186214539823,6.247546056077925,9.89248269866579,13.19614118616399,14.705428607403215,18.772905565577055,21.48644291329644,22.017518993042508,22.805130245065662
0.0,0.8363726355956626,3.243119070281418,6.2276885902211,9.87194400102887,13.174985040990132,14.683990379258521,18.75070713366467,21.46373732637451,21.994714149003475,22.782178197969937
0.0,0.8475275362667525,3.2737036457805173,6.227475600178059,9.871723704132718,13.174758121387011,14.683760434049592,18.750469034553603,21.463493787547822,21.994469545550626,22.781932015625518
0.0,0.8475275362667525,3.2737036457805173,6.227475600178059,9.871723704132718,13.174758121387011,14.683760434049592,18.750469034553603,21.463493787547822,21.994469545550626,22.781932015625518
0.0,0.8475275362667525,3.2737036457805173,6.227475600178059,9.871723704132718,13.174758121387011,14.683760434049592,18.750469034553603,21.433060247810644,21.994469545550626,22.781932015625518
0.0,0.8475275362667525,3.2737036457805173,6.227475600178059,9.871723704132718,13.174758121387011,14.683760434049592,18.750469034553603,21.433060247810644,21.994469545550626,22.781932015625518
0.0,0.8475275362667525,3.2737036457805173,6.227475600178059,9.871723704132718,13.174758121387011,14.683760434049592,18.750469034553603,21.433060247810644,21.994469545550626,22.781932015625518
0.0,0.8475275362667525,3.2737036457805173,6.227475600178059,9.871723704132718,13.174758121387011,14.683760434049592,18.750469034553603,21.433060247810644,22.063700477828068,22.781932015625518
0.0,0.8475275362667525,3.2737036457805173,6.227475600178059,9.871723704132718,13.174758121387011,14.683760434049592,18.750469034553603,21.433060247810644,22.063700477828068,22.781932015625518
0.0,0.8475275362667525,3.2737036457805173,6.227475600178059,9.871723704132718,13.174758121387011,14.683760434049592,18.750469034553603,21.433060247810644,22.063700477828068,22.781932015625518
0.0,0.8475275362667525,3.2737036457805173,6.227475600178059,9.871723704132718,13.174758121387011,14.589409300031447,18.750469034553603,21.433060247810644,22.112924043040618,23.01166585606038
0.0,0.8475275362667525,3.2737036457805173,6.227475600178059,9.871723704132718,13.174758121387011,14.589409300031447,18.750469034553603,21.433060247810644,22.112924043040618,23.01166585606038
0.0,0.8475275362667525,3.2737036457805173,6.227475600178059,9.871723704132718,13.174758121387011,14.589409300031447,18.750469034553603,21.393217373670023,22.112924043040618,23.01166585606038
0.0,0.8475275362667525,3.2737036457805173,6.227475600178059,9.871723704132718,13.174758121387011,14.589409300031447,18.750469034553603,21.393217373670023,22.112924043040618,23.01166585606038
0.0,0.8475275362667525,3.2737036457805173,6.227475600178059,9.871723704132718,13.174758121387011,14.596813601228678,18.862306922463077,21.40125182816064,22.112924043040618,23.01166585606038
0.0,0.8475275362667525,3.2737036457805173,6.227475600178059,9.871723704132718,13.174758121387011,14.596813601228678,18.862306922463077,21.40125182816064,22.112924043040618,23.01166585606038
0.0,0.8527119792713856,3.274562945726046,6.227475600178059,9.871723704132718,13.305930258070694,14.733542544226733,18.862306922463077,21.395609091851718,22.112924043040618,23.01166585606038
0.0,0.8527119792713856,3.274562945726046,6.227475600178059,9.871723704132718,13.305930258070694,14.733542544226733,18.862306922463077,21.395609091851718,22.112924043040618,23.01166585606038
0.0,0.8443481264683256,3.259740021665811,6.227475600178059,9.871723704132718,13.305930258070694,14.733542544226733,18.862306922463077,21.395609091851718,22.112924043040618,23.01166585606038
0.0,0.8443481264683256,3.271669969242788,6.252022935288423,9.967965298030997,13.305930258070694,14.733542544226733,18.862306922463077,21.395609091851718,22.112924043040618,23.01166585606038
0.0,0.8443481264683256,3.271669969242788,6.252022935288423,9.967965298030997,13.305930258070694,14.733542544226733,18.862306922463077,21.395609091851718,22.112924043040618,23.01166585606038
0.0,0.8443481264683256,3.271669969242788,6.252022935288423,9.967965298030997,13.305930258070694,14.733542544226733,18.862306922463077,21.395609091851718,22.112924043040618,23.01166585606038
0.0,0.8323465705625717,3.280893121991377,6.293570087654326,9.967965298030997,13.305930258070694,14.733542544226733,18.862306922463077,21.395609091851718,22.112924043040618,23.01166585606038
0.0,0.8314512444701135,3.2799760543874825,6.292626269425387,9.966988853546518,13.30492417461394,14.73252378449522,18.861251501971367,21.39453117727345,22.11183975916902,23.010573591942133
0.0,0.8124035981433692,3.2799760543874825,6.292626269425387,9.966988853546518,13.30492417461394,14.73252378449522,18.861251501971367,21.39453117727345,22.11183975916902,23.010573591942133
0.0,0.8124035981433692,3.2799760543874825,6.292626269425387,9.966988853546518,13.30492417461394,14.73252378449522,18.861251501971367,21.39453117727345,22.11183975916902,23.010573591942133
0.0,0.8124035981433692,3.2927365452725446,6.292626269425387,9.966988853546518,13.30492417461394,14.73252378449522,18.861251501971367,21.39453117727345,22.11183975916902,23.010573591942133
0.0,0.8124035981433692,3.2927365452725446,6.292626269425387,9.966988853546518,13.30492417461394,14.73252378449522,18.861251501971367,21.39453117727345,22.11183975916902,23.010573591942133
0.0,0.8124035981433692,3.2927365452725446,6.292626269425387,9.966988853546518,13.30492417461394,14.73252378449522,18.861251501971367,21.39453117727345,22.11183975916902,23.010573591942133
0.0,0.8124035981433692,3.2927365452725446,6.292626269425387,9.966988853546518,13.30492417461394,14.73252378449522,18.861251501971367,21.39453117727345,22.11183975916902,23.010573591942133
0.0,0.8124035981433692,3.2927365452725446,6.292626269425387,9.966988853546518,13.30492417461394,14.73252378449522,18.861251501971367,21.39453117727345,22.11183975916902,23.010573591942133
0.0,0.8124035981433692,3.2927365452725446,6.292626269425387,9.8919153482497,13.30492417461394,14.73252378449522,18.861251501971367,21.39453117727345,22.11183975916902,23.010573591942133
0.0,0.8124035981433692,3.2927365452725446,6.292626269425387,9.8919153482497,13.30492417461394,14.73252378449522,18.861251501971367,21.39453117727345,22.11183975916902,23.010573591942133
0.0,0.8124035981433692,3.2927365452725446,6.292626269425387,9.8919153482497,13.30492417461394,14.73252378449522,18.861251501971367,21.39453117727345,22.11183975916902,23.010573591942133
0.0,0.8124035981433692,3.2927365452725446,6.292626269425387,9.8919153482497,13.30492417461394,14.722555993635522,18.79694779369539,21.60431307456223,22.031467284593337,22.995435725650893
0.0,0.8124035981433692,3.2927365452725446,6.292626269425387,9.8919153482497,13.30492417461394,14.722555993635522,18.79694779369539,21.60431307456223,22.031467284593337,22.995435725650893
0.0,0.8124035981433692,3.2927365452725446,6.292626269425387,9.8919153482497,13.30492417461394,14.722555993635522,18.79694779369539,21.60431307456223,22.031467284593337,22.995435725650893
0.0,0.8124035981433692,3.2927365452725446,6.292626269425387,9.8919153482497,13.30492417461394,14.722555993635522,18.82905668321761,21.60747813459097,22.031467284593337,23.133180283824256
0.0,0.8124035981433692,3.2927365452725446,6.292626269425387,9.8919153482497,13.30492417461394,14.722555993635522,18.814405749238453,21.60747813459097,22.031467284593337,23.133180283824256
0.0,0.8279044924955603,3.2714234266743136,6.276720887057909,9.875471376602238,13.287969488231957,14.705389176112094,18.796626636796386,21.58928107326733,22.013206778515464,23.114754919965304
0.0,0.8512322803109417,3.2524984555782974,6.277460462446038,9.808778042081286,13.350289162991444,14.684368877343223,18.77485659963793,21.566999269128832,21.990847288009792,23.09219356561341
0.0,0.8558491566398247,3.2517429815888885,6.364139045750587,9.7876215563884,13.328450346334705,14.784915492213816,18.7519726499289,21.54357736673976,21.967343724257148,23.06847780920021
0.0,0.857516956541916,3.2440138984388094,6.356176978950244,9.779403219037812,13.319966954280465,14.77632307400764,18.743083270976616,21.534479017513895,22.05034605830177,23.059265310983008
0.0,0.857516956541916,3.266599720267876,6.356176978950244,9.779403219037812,13.319966954280465,14.77632307400764,18.743083270976616,21.534479017513895,22.05034605830177,23.059265310983008
0.0,0.8436906549659416,3.266599720267876,6.356176978950244,9.779403219037812,13.319966954280465,14.77632307400764,18.743083270976616,21.534479017513895,22.05034605830177,23.059265310983008
0.0,0.8436906549659416,3.266599720267876,6.356176978950244,9.779403219037812,13.319966954280465,14.77632307400764,18.743083270976616,21.534479017513895,22.05034605830177,23.059265310983008
0.0,0.8436906549659416,3.266599720267876,6.356176978950244,9.779403219037812,13.319966954280465,14.77632307400764,18.743083270976616,21.534479017513895,22.05034605830177,23.059265310983008
0.0,0.8436906549659416,3.2607743530407234,6.356176978950244,9.779403219037812,13.319966954280465,14.77632307400764,18.743083270976616,21.534479017513895,22.05034605830177,23.059265310983008
0.0,0.8320399205116575,3.2544480328579324,6.451415292290317,9.77307689885502,13.319966954280465,14.77632307400764,18.743083270976616,21.534479017513895,22.05034605830177,23.059265310983008
0.0,0.830611997805192,3.32458040770085,6.4408423302703905,9.787591282452453,13.388899240888358,14.764923265923208,18.731289476538976,21.522407976210825,22.038223780078884,23.047042824933754
0.0,0.8203649494846295,3.2987910486594623,6.446008788990673,9.787591282452453,13.388899240888358,14.764923265923208,18.731289476538976,21.522407976210825,22.038223780078884,23.047042824933754
0.0,0.8203649494846295,3.2987910486594623,6.446008788990673,9.787591282452453,13.388899240888358,14.764923265923208,18.731289476538976,21.522407976210825,22.038223780078884,23.047042824933754
0.0,0.8203649494846295,3.2987910486594623,6.446008788990673,9.787591282452453,13.388899240888358,14.764923265923208,18.731289476538976,21.522407976210825,22.038223780078884,23.047042824933754
0.0,0.8203649494846295,3.2987910486594623,6.446008788990673,9.787591282452453,13.388899240888358,14.764923265923208,18.731289476538976,21.522407976210825,22.038223780078884,23.047042824933754
0.0,0.8203649494846295,3.2987910486594623,6.446008788990673,9.787591282452453,13.388899240888358,14.764923265923208,18.731289476538976,21.522407976210825,22.038223780078884,23.047042824933754
0.0,0.8203649494846295,3.2987910486594623,6.446008788990673,9.787591282452453,13.388899240888358,14.764923265923208,18.731289476538976,21.522407976210825,22.038223780078884,23.047042824933754
0.0,0.8203649494846295,3.2987910486594623,6.446008788990673,9.787591282452453,13.388899240888358,14.764923265923208,18.731289476538976,21.522407976210825,22.038223780078884,23.047042824933754
0.0,0.8203649494846295,3.2987910486594623,6.446008788990673,9.787591282452453,13.388899240888358,14.764923265923208,18.731289476538976,21.522407976210825,22.038223780078884,23.047042824933754
0.0,0.8203649494846295,3.2987910486594623,6.446008788990673,9.719525693328734,13.388899240888358,14.702439169599804,18.685621416216506,21.522407976210825,22.038223780078884,23.047042824933754
0.0,0.8203649494846295,3.2987910486594623,6.446008788990673,9.719525693328734,13.388899240888358,14.702439169599804,18.685621416216506,21.522407976210825,22.038223780078884,23.047042824933754
0.0,0.8203649494846295,3.2987910486594623,6.446008788990673,9.719525693328734,13.388899240888358,14.702439169599804,18.685621416216506,21.522407976210825,22.038223780078884,23.047042824933754
0.0,0.8203649494846295,3.2987910486594623,6.446008788990673,9.719525693328734,13.388899240888358,14.702439169599804,18.685621416216506,21.522407976210825,22.038223780078884,23.047042824933754
0.0,0.7990089695865097,3.285428378534233,6.432238996651822,9.705332440791578,13.37423132037315,14.687601330341254,18.67026831487338,21.50668790984679,22.02243698808948,23.03112553271317
0.0,0.7905855791617481,3.340953923583629,6.506757760922493,9.696134268096483,13.327770106965279,14.640601892650793,18.621636764324943,21.45689398320476,21.972431705412575,22.98070688543667
0.0,0.7976933190664723,3.313358950412717,6.5578045640645275,9.64680914093949,13.276812006133005,14.589053473889846,18.56829826378425,21.402280602525607,21.91758651197291,22.925408318668993
0.0,0.7960162744534944,3.279642499360481,6.626466422864273,9.685757852480972,13.225365739331508,14.537011234060305,18.514448793635427,21.34714403920275,21.86221591518078,22.869580005344787
0.0,0.7923864366146658,3.297916093265771,6.622626620491642,9.681807879764296,13.221288299249384,14.53288655936888,18.5101808845793,21.342774119920744,21.857827447274985,22.8651552605262
0.0,0.7923864366146658,3.297916093265771,6.622626620491642,9.674334018985038,13.313975605204092,14.708143593014992,18.5101808845793,21.325625682186292,21.84466602131378,22.98802381689356
0.0,0.7907144639355385,3.297916093265771,6.622626620491642,9.674334018985038,13.313975605204092,14.708143593014992,18.5101808845793,21.325625682186292,21.84466602131378,22.98802381689356
0.0,0.7907144639355385,3.297916093265771,6.622626620491642,9.674334018985038,13.313975605204092,14.793114101989186,18.517526132075556,21.382772850936334,21.84466602131378,22.98802381689356
0.0,0.7893893721667855,3.3337124993605083,6.621224856790997,9.672892134600897,13.31248587058759,14.79160492119396,18.5159679865741,21.381177036142994,21.843064134028133,22.986406897925562
0.0,0.7893893721667855,3.3337124993605083,6.594245002796587,9.672892134600897,13.31248587058759,14.884005205054041,18.5159679865741,21.381177036142994,21.843064134028133,22.986406897925562
0.0,0.7893893721667855,3.3337124993605083,6.594245002796587,9.672892134600897,13.31248587058759,15.059302805133148,18.582788853776336,21.546442932035635,21.843064134028133,22.986406897925562
0.0,0.7893893721667855,3.3337124993605083,6.549645360679788,9.672892134600897,13.483482127418656,15.059302805133148,18.582788853776336,21.546442932035635,21.843064134028133,22.986406897925562
0.0,0.7893893721667855,3.3651794689027166,6.516677922562675,9.672892134600897,13.483482127418656,15.059302805133148,18.582788853776336,21.546442932035635,21.843064134028133,22.986406897925562
0.0,0.7893893721667855,3.3651794689027166,6.54904517324981,9.672892134600897,13.483482127418656,15.059302805133148,18.582788853776336,21.546442932035635,21.843064134028133,22.986406897925562
0.0,0.7893893721667855,3.3651794689027166,6.54904517324981,9.672892134600897,13.483482127418656,15.059302805133148,18.582788853776336,21.546442932035635,21.843064134028133,22.986406897925562
0.0,0.7893893721667855,3.3651794689027166,6.516677922562675,9.672892134600897,13.483482127418656,15.059302805133148,18.582788853776336,21.546442932035635,21.843064134028133,22.986406897925562
0.0,0.7893893721667855,3.3651794689027166,6.516677922562675,9.672892134600897,13.483482127418656,15.059302805133148,18.582788853776336,21.546442932035635,21.843064134028133,22.986406897925562
0.0,0.7893893721667855,3.3651794689027166,6.516677922562675,9.672892134600897,13.483482127418656,15.059302805133148,18.582788853776336,21.470733574799226,21.843064134028133,22.936134055577924
0.0,0.7893893721667855,3.3651794689027166,6.54904517324981,9.672892134600897,13.483482127418656,15.059302805133148,18.582788853776336,21.470733574799226,21.843064134028133,22.936134055577924
0.0,0.7893893721667855,3.3651794689027166,6.54904517324981,9.672892134600897,13.483482127418656,15.059302805133148,18.582788853776336,21.470733574799226,21.843064134028133,22.936134055577924
0.0,0.7893893721667855,3.3651794689027166,6.54904517324981,9.672892134600897,13.483482127418656,15.059302805133148,18.582788853776336,21.470733574799226,21.843064134028133,22.936134055577924
0.0,0.7893893721667855,3.3651794689027166,6.516677922562675,9.672892134600897,13.483482127418656,15.059302805133148,18.582788853776336,21.470733574799226,21.843064134028133,22.936134055577924
0.0,0.7893893721667855,3.3651794689027166,6.516677922562675,9.672892134600897,13.483482127418656,15.059302805133148,18.582788853776336,21.470733574799226,21.843064134028133,22.936134055577924
0.0,0.7857311475109997,3.4361912459267514,6.545177897671187,9.668911476710445,13.479363161375415,15.055126643525055,18.57848480466324,21.46632470561877,21.83864175083752,22.931671998614483
0.0,0.7777195466045814,3.4235405328018995,6.499784824067234,9.655498473765393,13.465484122988048,15.041054882150448,18.563982120680254,21.451468825779504,21.823740334942897,22.91663690018636
0.0,0.7725073671800196,3.418191512677158,6.526637145560265,9.649827139511089,13.459615737948132,15.035105009282375,18.557850043561583,21.445187409115736,21.817439664560062,22.91027970567283
0.0,0.7625005607042064,3.463394801750709,6.515882714111163,9.636669397093723,13.570527159082577,15.053814745620295,18.54362335763671,21.430614248943538,21.80282183492126,22.89553073758959
0.0,0.7467807665035395,3.4872476722904824,6.5380948878579135,9.532273025561786,13.72240006683752,15.194367939126433,18.64585468123286,21.493575814528732,21.98813062736581,22.861674179937168
0.0,0.7523365953813487,3.46175922144898,6.511855026856918,9.505295711744232,13.643246932370795,15.165996076404445,18.616632732610093,21.46365248480106,21.958085490977716,22.831413893640285
0.0,0.7756319754099861,3.473836070291175,6.578105393396368,9.446669038996557,13.610950172365024,15.255622828665096,18.58292256483974,21.608328333883577,22.107987828891336,22.91205350560272
0.0,0.7762133613551833,3.442887828778708,6.546228688415455,9.413934368332052,13.576969996719399,15.221150743871137,18.547455309868177,21.571956202935922,22.071466253569024,22.875291440319852
0.0,0.755136045041665,3.4560635084679254,6.541863541081589,9.3910504751308,13.553215405802513,15.291911512835815,18.52266114336413,21.54652946293177,22.04593504118009,22.849592108122117
0.0,0.7337801760393505,3.4341351559639475,6.519281128210559,9.367864153959756,13.529146879986481,15.267474456265381,18.497539303182688,21.520766689312605,22.164115205370443,22.86959626257644
0.0,0.7132782137231097,3.437646511277733,6.5858352183738145,9.326886551933013,13.49202750505054,15.229786719504848,18.45879546768967,21.481034382453895,22.124172549932197,22.829422943765906
0.0,0.7370576200208001,3.412991761399923,6.5604300859442,9.300828079667173,13.464976255861904,15.202321268908644,18.430560370782622,21.45207892359907,22.095063796689974,22.800146091454845
0.0,0.7244648793606115,3.4000645128092635,6.547109388552263,9.287164815973858,13.450792448494866,15.187920282921313,18.415755835408802,21.436896680156003,22.0798011762541,22.78479533147339
0.0,0.6996204634174908,3.4000645128092635,6.547109388552263,9.287164815973858,13.450792448494866,15.187920282921313,18.415755835408802,21.436896680156003,22.0798011762541,22.78479533147339
0.0,0.6996204634174908,3.4000645128092635,6.547109388552263,9.287164815973858,13.450792448494866,15.187920282921313,18.415755835408802,21.436896680156003,22.0798011762541,22.78479533147339
0.0,0.6996204634174908,3.4000645128092635,6.547109388552263,9.287164815973858,13.450792448494866,15.187920282921313,18.415755835408802,21.436896680156003,22.0798011762541,22.78479533147339
0.0,0.6996204634174908,3.4000645128092635,6.547109388552263,9.287164815973858,13.450792448494866,15.187920282921313,18.415755835408802,21.436896680156003,22.0798011762541,22.78479533147339
0.0,0.6996204634174908,3.4000645128092635,6.547109388552263,9.287164815973858,13.450792448494866,15.187920282921313,18.415755835408802,21.436896680156003,22.0798011762541,22.78479533147339
0.0,0.6996204634174908,3.4000645128092635,6.547109388552263,9.287164815973858,13.450792448494866,15.187920282921313,18.415755835408802,21.436896680156003,22.0798011762541,22.78479533147339
0.0,0.6996204634174908,3.4000645128092635,6.547109388552263,9.29384985962121,13.485343718859848,15.187920282921313,18.415755835408802,21.436896680156003,22.0798011762541,22.78479533147339
0.0,0.6996204634174908,3.4000645128092635,6.547109388552263,9.29384985962121,13.485343718859848,15.187920282921313,18.415755835408802,21.436896680156003,22.0798011762541,22.78479533147339
0.0,0.6996204634174908,3.4000645128092635,6.547109388552263,9.29384985962121,13.485343718859848,15.187920282921313,18.415755835408802,21.451350058105707,22.135989752070405,22.941573146136907
0.0,0.6996204634174908,3.4000645128092635,6.547109388552263,9.318537483495842,13.474795888797942,15.188704243263757,18.44285235560841,21.451350058105707,22.135989752070405,22.941573146136907
0.0,0.6996204634174908,3.4000645128092635,6.547109388552263,9.318537483495842,13.474795888797942,15.188704243263757,18.44285235560841,21.451350058105707,22.135989752070405,22.941573146136907
0.0,0.7160667540293089,3.395569476819004,6.542477543363227,9.31378515802384,13.469862881319555,15.183696728290874,18.437703375415445,21.44607029167472,22.13068022279469,22.936228596318735
0.0,0.7124526671482202,3.4393721262387986,6.641084281225364,9.336710941606862,13.506647368490807,15.157057502227625,18.4103115756708,21.41798272882609,22.1024343260912,22.907796395599686
0.0,0.7102472632504307,3.5065093416702093,6.598809863636856,9.293367929790605,13.636499604294475,15.111407201783614,18.363371627600365,21.369850486555404,22.0540307550654,22.85907356476266
0.0,0.738793575792241,3.468720204769056,6.559891760369169,9.253466071739789,13.595012114591393,15.069381238843704,18.32015840668348,21.325539631857666,22.0094701133543,22.814219010396787
0.0,0.7683727494539233,3.4920069222719006,6.513163859409967,9.333396147490113,13.545199221692753,15.210723230530188,18.311712026885214,21.46603118096641,21.95676440862583,22.82732876962866
0.0,0.7920786444921749,3.4466147870993487,6.4664466290136735,9.285441948471357,13.49539770383122,15.160191205132948,18.259819891593512,21.412755544806597,21.903273534307377,22.77345606123117
0.0,0.8153724332869425,3.4270102659990025,6.551564075886605,9.37929302438823,13.4525287851285,15.11669346888601,18.21515137897276,21.443491497714096,22.139619179050023,22.93584987875007
0.0,0.8409642897964708,3.474205822292326,6.623009615488525,9.343341577022022,13.415238522004636,15.078856218051929,18.176295708258724,21.40357471665047,22.099473590531133,22.895442580310586
0.0,0.8705443972383814,3.4904492672529432,6.653698228993862,9.408906152977426,13.440553423600733,15.096338759052113,18.30155725003363,21.47209722718278,22.13884850563318,23.009961403098337
0.0,0.8813260909378003,3.4793136082198495,6.713073238111472,9.449004606321544,13.479866292924866,15.233965359313958,18.313498961620503,21.432160936102967,22.098693007231347,22.969519509556953
0.0,0.8628204416173685,3.538367768832766,6.6858499237304985,9.421083335097032,13.450916718310799,15.204568300723553,18.283316290650482,21.401182670808815,22.06754470455033,22.93814905243014
0.0,0.8466051505553098,3.521722341289583,6.665701882564551,9.421954670579957,13.429808903158353,15.186047347229534,18.321306906580734,21.38166551370706,22.04792041922945,22.91838480371305
0.0,0.8742924507537732,3.5075073846969165,6.651055214330147,9.406929530920872,13.414233429978367,15.205162656451757,18.283490001655718,21.364998141223296,22.031161560781705,22.901506418530612
0.0,0.8687063516945922,3.5017754665285477,6.645149216431978,9.400870921425108,13.407952908675377,15.198782959156313,18.276939836334485,21.358277331733948,22.02440386127052,22.89470052207576
0.0,0.8687063516945922,3.5017754665285477,6.645149216431978,9.400870921425108,13.407952908675377,15.198782959156313,18.276939836334485,21.358277331733948,22.02440386127052,22.89470052207576
0.0,0.8687063516945922,3.5017754665285477,6.645149216431978,9.400870921425108,13.407952908675377,15.198782959156313,18.35046323432524,21.358277331733948,22.02440386127052,22.89470052207576
0.0,0.8687063516945922,3.5017754665285477,6.645149216431978,9.400870921425108,13.407952908675377,15.198782959156313,18.276939836334485,21.358277331733948,22.02440386127052,22.89470052207576
0.0,0.8687063516945922,3.5017754665285477,6.645149216431978,9.400870921425108,13.407952908675377,15.198782959156313,18.276939836334485,21.358277331733948,22.02440386127052,22.89470052207576
0.0,0.8687063516945922,3.5017754665285477,6.645149216431978,9.400870921425108,13.407952908675377,15.198782959156313,18.276939836334485,21.358277331733948,22.02440386127052,22.89470052207576
0.0,0.8687063516945922,3.5017754665285477,6.645149216431978,9.400870921425108,13.407952908675377,15.198782959156313,18.276939836334485,21.358277331733948,22.02440386127052,22.89470052207576
0.0,0.8687063516945922,3.5017754665285477,6.645149216431978,9.400870921425108,13.407952908675377,15.198782959156313,18.211013004184785,21.358277331733948,22.02440386127052,22.89470052207576
0.0,0.8687063516945922,3.5017754665285477,6.645149216431978,9.400870921425108,13.407952908675377,15.198782959156313,18.211013004184785,21.358277331733948,22.02440386127052,22.89470052207576
0.0,0.8687063516945922,3.5017754665285477,6.645149216431978,9.400870921425108,13.407952908675377,15.198782959156313,18.211013004184785,21.358277331733948,22.02440386127052,22.89470052207576
0.0,0.8687063516945922,3.5017754665285477,6.645149216431978,9.400870921425108,13.407952908675377,15.198782959156313,18.211013004184785,21.358277331733948,22.02440386127052,22.89470052207576
0.0,0.8687063516945922,3.5017754665285477,6.645149216431978,9.400870921425108,13.407952908675377,15.198782959156313,18.211013004184785,21.358277331733948,22.02440386127052,22.89470052207576
0.0,0.8687063516945922,3.5017754665285477,6.645149216431978,9.468956030224966,13.407952908675377,15.198782959156313,18.211013004184785,21.358277331733948,22.02440386127052,22.89470052207576
0.0,0.8687063516945922,3.5017754665285477,6.645149216431978,9.468956030224966,13.407952908675377,15.198782959156313,18.211013004184785,21.358277331733948,22.02440386127052,22.89470052207576
0.0,0.8687063516945922,3.5017754665285477,6.645149216431978,9.468956030224966,13.407952908675377,15.198782959156313,18.211013004184785,21.358277331733948,22.02440386127052,22.89470052207576
0.0,0.8687063516945922,3.5017754665285477,6.645149216431978,9.468956030224966,13.407952908675377,15.198782959156313,18.211013004184785,21.358277331733948,22.02440386127052,22.89470052207576
0.0,0.8687063516945922,3.5017754665285477,6.645149216431978,9.468956030224966,13.407952908675377,15.198782959156313,18.211013004184785,21.358277331733948,22.02440386127052,22.89470052207576
0.0,0.8687063516945922,3.5017754665285477,6.645149216431978,9.468956030224966,13.407952908675377,15.239137052839169,18.211013004184785,21.302616512861054,22.02440386127052,22.89470052207576
0.0,0.8687063516945922,3.5017754665285477,6.645149216431978,9.468956030224966,13.407952908675377,15.239137052839169,18.211013004184785,21.302616512861054,22.02440386127052,22.89470052207576
0.0,0.8687063516945922,3.5017754665285477,6.645149216431978,9.468956030224966,13.407952908675377,15.239137052839169,18.211013004184785,21.302616512861054,22.02440386127052,22.89470052207576
0.0,0.8687063516945922,3.5017754665285477,6.645149216431978,9.468956030224966,13.407952908675377,15.239137052839169,18.211013004184785,21.302616512861054,22.02440386127052,22.89470052207576
0.0,0.8687063516945922,3.5017754665285477,6.645149216431978,9.468956030224966,13.360811602895268,15.435242045046655,18.453478346805536,21.302616512861054,22.02440386127052,22.89470052207576
0.0,0.8687063516945922,3.5017754665285477,6.645149216431978,9.468956030224966,13.48853330334466,15.461467946183935,18.453478346805536,21.302616512861054,22.02440386127052,22.89470052207576
0.0,0.8687063516945922,3.5017754665285477,6.645149216431978,9.468956030224966,13.48853330334466,15.461467946183935,18.453478346805536,21.302616512861054,22.02440386127052,22.89470052207576
0.0,0.8687063516945922,3.5017754665285477,6.673717983669808,9.522359178128257,13.460149125557184,15.461467946183935,18.453478346805536,21.302616512861054,22.02440386127052,22.89470052207576
0.0,0.8687063516945922,3.5017754665285477,6.673717983669808,9.522359178128257,13.460149125557184,15.435128451538748,18.453478346805536,21.302616512861054,22.04496428620113,22.89470052207576
0.0,0.8687063516945922,3.5017754665285477,6.673717983669808,9.522359178128257,13.460149125557184,15.435128451538748,18.453478346805536,21.302616512861054,22.04496428620113,22.89470052207576
0.0,0.8687063516945922,3.5017754665285477,6.673717983669808,9.522359178128257,13.460149125557184,15.435128451538748,18.453478346805536,21.302616512861054,22.04496428620113,22.89470052207576
0.0,0.8687063516945922,3.5017754665285477,6.673717983669808,9.522359178128257,13.460149125557184,15.435128451538748,18.453478346805536,21.302616512861054,22.04496428620113,22.89470052207576
0.0,0.8687063516945922,3.5017754665285477,6.673717983669808,9.522359178128257,13.460149125557184,15.435128451538748,18.453478346805536,21.302616512861054,22.04496428620113,22.91078820263264
0.0,0.8687063516945922,3.5017754665285477,6.673717983669808,9.522359178128257,13.460149125557184,15.435128451538748,18.453478346805536,21.247452665585264,22.04496428620113,22.91078820263264
0.0,0.8687063516945922,3.5017754665285477,6.678006138593162,9.522359178128257,13.460149125557184,15.435128451538748,18.453478346805536,21.247452665585264,22.04496428620113,22.91078820263264
0.0,0.8687063516945922,3.5017754665285477,6.678006138593162,9.522359178128257,13.460149125557184,15.435128451538748,18.453478346805536,21.247452665585264,22.04496428620113,22.91078820263264
0.0,0.8687063516945922,3.5017754665285477,6.678006138593162,9.522359178128257,13.460149125557184,15.435128451538748,18.453478346805536,21.247452665585264,22.04496428620113,22.91078820263264
0.0,0.8687063516945922,3.5017754665285477,6.678006138593162,9.522359178128257,13.460149125557184,15.435128451538748,18.453478346805536,21.247452665585264,22.04496428620113,22.91078820263264
0.0,0.8687063516945922,3.5017754665285477,6.678006138593162,9.522359178128257,13.460149125557184,15.435128451538748,18.453478346805536,21.247452665585264,22.04496428620113,22.91078820263264
0.0,0.8687063516945922,3.5017754665285477,6.678006138593162,9.522359178128257,13.460149125557184,15.439047427561423,18.44065647960087,21.247452665585264,22.04496428620113,23.089910965408517
0.0,0.8687063516945922,3.5017754665285477,6.678006138593162,9.522359178128257,13.460149125557184,15.439047427561423,18.481848325404513,21.247452665585264,22.04496428620113,23.089910965408517
0.0,0.8687063516945922,3.4815558221216576,6.655401030520301,9.522359178128257,13.460149125557184,15.439047427561423,18.481848325404513,21.247452665585264,22.04496428620113,23.089910965408517
0.0,0.8687063516945922,3.4815558221216576,6.655401030520301,9.522359178128257,13.460149125557184,15.439047427561423,18.481848325404513,21.247452665585264,22.04496428620113,23.089910965408517
0.0,0.8687063516945922,3.4815558221216576,6.65099928208904,9.581456200615222,13.454696637177804,15.439047427561423,18.481848325404513,21.247452665585264,22.04496428620113,23.089910965408517
0.0,0.8687063516945922,3.4815558221216576,6.669188442542138,9.581456200615222,13.454696637177804,15.439047427561423,18.481848325404513,21.247452665585264,22.04496428620113,23.089910965408517
0.0,0.8687063516945922,3.4815558221216576,6.669188442542138,9.581456200615222,13.454696637177804,15.439047427561423,18.481848325404513,21.247452665585264,22.04496428620113,23.089910965408517
0.0,0.8687063516945922,3.4815558221216576,6.669188442542138,9.581456200615222,13.454696637177804,15.439047427561423,18.419059513910664,21.264193508812586,22.04496428620113,23.089910965408517
0.0,0.8687063516945922,3.4815558221216576,6.669188442542138,9.581456200615222,13.454696637177804,15.439047427561423,18.419059513910664,21.264193508812586,22.04496428620113,23.089910965408517
0.0,0.8723555431359921,3.4815558221216576,6.669188442542138,9.581456200615222,13.468285260560789,15.439047427561423,18.462068855840748,21.264193508812586,22.04496428620113,23.089910965408517
0.0,0.8446894454779508,3.470375245424205,6.697984799139392,9.569616565368767,13.456025676173935,15.426574913852187,18.44926972235209,21.25109162214874,22.031778041822612,23.076611820654673
0.0,0.8370730679622894,3.4625605608444845,6.689926346712605,9.56134123060799,13.447456817191593,15.417857227529606,18.440323744535895,21.241934034445723,22.022561492140277,23.067316359048025
0.0,0.8370730679622894,3.4892785282800904,6.637257027272628,9.56134123060799,13.447456817191593,15.417857227529606,18.440323744535895,21.241934034445723,22.022561492140277,23.067316359048025
0.0,0.8370730679622894,3.4892785282800904,6.637257027272628,9.56134123060799,13.447456817191593,15.417857227529606,18.512967654933316,21.241934034445723,22.022561492140277,23.067316359048025
0.0,0.8370730679622894,3.4928560669590185,6.637257027272628,9.549472888006417,13.447456817191593,15.417857227529606,18.440323744535895,21.241934034445723,22.022561492140277,23.067316359048025
0.0,0.8370730679622894,3.4928560669590185,6.637257027272628,9.549472888006417,13.447456817191593,15.417857227529606,18.512967654933316,21.241934034445723,22.022561492140277,23.067316359048025
0.0,0.8370730679622894,3.4928560669590185,6.6639040117979125,9.501502637228063,13.484367930545766,15.417857227529606,18.512967654933316,21.241934034445723,22.022561492140277,23.067316359048025
0.0,0.8370730679622894,3.505476828409732,6.6639040117979125,9.501502637228063,13.484367930545766,15.417857227529606,18.440323744535895,21.241934034445723,22.022561492140277,23.067316359048025
0.0,0.8370730679622894,3.480803168790689,6.713265527618092,9.505818398174078,13.484367930545766,15.417857227529606,18.440323744535895,21.241934034445723,21.961587172195582,23.067316359048025
0.0,0.8370730679622894,3.48453686987227,6.6095311025108225,9.505818398174078,13.484367930545766,15.417857227529606,18.512967654933316,21.241934034445723,22.13286893474101,23.067316359048025
0.0,0.8370730679622894,3.48453686987227,6.6095311025108225,9.505818398174078,13.484367930545766,15.417857227529606,18.512967654933316,21.241934034445723,22.13286893474101,23.067316359048025
0.0,0.8370730679622894,3.48453686987227,6.6095311025108225,9.505818398174078,13.484367930545766,15.417857227529606,18.440323744535895,21.241934034445723,22.13286893474101,23.067316359048025
0.0,0.8370730679622894,3.48453686987227,6.6095311025108225,9.503419175806055,13.434665696756177,15.417857227529606,18.512967654933316,21.241934034445723,22.13286893474101,23.138739363388343
0.0,0.8370730679622894,3.48453686987227,6.6095311025108225,9.503419175806055,13.434665696756177,15.417857227529606,18.440323744535895,21.241934034445723,22.13286893474101,23.138739363388343
0.0,0.8645957760303835,3.4721095503843604,6.596728506649249,9.490269056800088,13.571040747104785,15.40399685157624,18.498735591312446,21.22737425290587,22.118202162021756,23.12395179703598
0.0,0.8560488898275573,3.46334171327869,6.587695901093947,9.480991263509534,13.561417164580769,15.394217951250976,18.488694454474633,21.217101901498168,22.10785432521002,23.113518736785696
0.0,0.8788243207204237,3.459362163645907,6.58359617824469,9.55673014732608,13.619924767903315,15.51191137015778,18.48413697901814,21.212439482274405,21.9319175498459,23.223804487952364
0.0,0.8770632545467694,3.4575560483954457,6.581735522481106,9.55481758883962,13.617941277240044,15.509894850624192,18.409443602175816,21.21032344723498,22.101026060115938,23.221653340024798
0.0,0.8690158912007738,3.4575560483954457,6.581735522481106,9.55481758883962,13.617941277240044,15.509894850624192,18.520375157576456,21.21032344723498,21.929788954702843,23.221653340024798
0.0,0.8690158912007738,3.4575560483954457,6.581735522481106,9.55481758883962,13.617941277240044,15.509894850624192,18.520375157576456,21.21032344723498,22.101026060115938,23.221653340024798
0.0,0.8690158912007738,3.4575560483954457,6.581735522481106,9.55481758883962,13.617941277240044,15.509894850624192,18.520375157576456,21.21032344723498,21.929788954702843,23.221653340024798
0.0,0.8690158912007738,3.4575560483954457,6.610660613308432,9.55481758883962,13.617941277240044,15.589218860748824,18.520375157576456,21.21032344723498,22.101026060115938,23.221653340024798
0.0,0.8690158912007738,3.4575560483954457,6.610660613308432,9.55481758883962,13.617941277240044,15.589218860748824,18.596832205803572,21.21032344723498,21.929788954702843,23.221653340024798
0.0,0.8819782950709496,3.4563960564103935,6.6094652679266535,9.553589232833728,13.616667364475491,15.58792284552714,18.595502468469096,21.208964406783277,21.92842184742399,23.22027174803946
0.0,0.8544049997778963,3.5065773516680983,6.606318157646111,9.550355212045064,13.613313401663607,15.584510691274426,18.7403394770392,21.205386319443473,22.09605265230719,23.21663428692834
0.0,0.8480788020745089,3.500084793688811,6.599631165193011,9.543483551798303,13.606186888128402,15.57726053233408,18.732891365448033,21.19778358521908,21.91717466009794,23.20890539507828
0.0,0.8480788020745089,3.500084793688811,6.599631165193011,9.543483551798303,13.606186888128402,15.57726053233408,18.732891365448033,21.19778358521908,22.088394050108473,23.20890539507828
0.0,0.8480788020745089,3.500084793688811,6.599631165193011,9.543483551798303,13.606186888128402,15.654050264563418,18.732891365448033,21.19778358521908,21.91717466009794,23.352309616881545
0.0,0.8480788020745089,3.500084793688811,6.599631165193011,9.543483551798303,13.606186888128402,15.654050264563418,18.732891365448033,21.19778358521908,22.088394050108473,23.352309616881545
0.0,0.8480788020745089,3.500084793688811,6.599631165193011,9.543483551798303,13.606186888128402,15.654050264563418,18.732891365448033,21.19778358521908,22.088394050108473,23.352309616881545
0.0,0.8480788020745089,3.500084793688811,6.599631165193011,9.543483551798303,13.606186888128402,15.654050264563418,18.732891365448033,21.19778358521908,22.088394050108473,23.352309616881545
0.0,0.8480788020745089,3.500084793688811,6.500404810037308,9.543483551798303,13.606186888128402,15.654050264563418,18.732891365448033,21.391893723351192,22.088394050108473,23.352309616881545
0.0,0.8480788020745089,3.500084793688811,6.500404810037308,9.543483551798303,13.606186888128402,15.654050264563418,18.732891365448033,21.391893723351192,22.088394050108473,23.352309616881545
0.0,0.8438007397036474,3.5397407688854554,6.505323040060573,9.56928464856698,13.794431735182238,15.625941726062218,18.78882181450431,21.362390660461035,21.88754393302827,23.322330094883426
0.0,0.8509877739305031,3.518268179168168,6.483235433047425,9.54656162185855,13.770832476321667,15.601962639491962,18.768640890592373,21.337221920396505,21.862266284049372,23.29675489276834
0.0,0.8303828591300426,3.561403429149754,6.465807497655603,9.52863231692545,13.752211791950014,15.683342306254403,18.74920222316648,21.31736285755293,21.842321288061388,23.276575116397407
0.0,0.8092368996712106,3.539684725160778,6.547587227641172,9.505662176845838,13.728355890676033,15.659081411897906,18.724298362397768,21.291920406935418,21.816768744142887,23.250721783446394
0.0,0.835920378544964,3.48582015712224,6.516518815260873,9.473731213799072,13.695193624386551,15.625356161703793,18.689679319798483,21.25655266657026,21.952276458030333,23.21478287248489
0.0,0.8260906515580754,3.5262747875354146,6.5150283286118995,9.53776203966006,13.56,15.533314447592073,18.595198300283293,21.160028328611894,21.684305949008493,23.11669971671388
0.0,0.8175940744588674,3.5372395469718985,6.590152853621749,9.401567934762241,13.562238171205848,15.544642795251079,18.66714369321252,21.301215809384047,21.533009402317703,22.96362219893676
0.0,0.8126931156505176,3.585221284782018,6.586994140504126,9.278990628141479,13.43499910551757,15.415182574747242,18.53418491453243,21.16530572505505,21.567328244533712,22.825849496899565
0.0,0.83368823193866,3.6459108975586907,6.632663216068807,9.163837241358674,13.315466300065934,15.293563139179216,18.40927881168513,21.037627062993717,21.268916966148378,22.6964210269554
0.0,0.8274819028431845,3.6555847872489644,6.736677026699682,9.218220309706798,13.296309446223766,15.29119156547987,18.51827933397613,20.904250114001737,21.392716128797566,23.01505161168969
0.0,0.8312633907771695,3.6766996674383075,6.61583969433395,9.26237557105343,13.349101328500312,15.44762589936163,18.38410396792354,20.767373573880477,21.255286592913052,22.87578541855281
0.0,0.8035444083008434,3.716417509372516,6.585746646727901,9.143655546002611,13.225940834516207,15.322185234474045,18.25547264616035,20.636152688913633,21.123535561630614,22.74227361957546
0.0,0.7854466790542549,3.7623607081584862,6.516230704828979,9.029713484691264,13.107737013798806,15.201793009797216,18.13201817464531,20.510212872831044,20.99708693531176,22.614135088789663
0.0,0.8055548143268862,3.799666025776961,6.582803276823605,8.95126757121528,13.026356998501464,15.118906339752048,18.04702323353898,20.423506841696497,20.91003060260016,22.525915304249384
0.0,0.812743024552279,3.7815150231828376,6.58629260461401,8.932396765142402,12.967448308350505,15.058907024865023,17.98549780089144,20.360742799398608,20.847012986903618,22.77301743691732
0.0,0.8308783920274639,3.8413659012861054,6.614102866249174,8.864288038964828,13.13712039593294,15.086792696339185,18.015271137746048,20.28548863151752,20.771454784189615,22.696255022108495
0.0,0.8474621416349128,3.8086029771923284,6.601014005022638,8.920516148351021,13.111032232215738,15.009060325252085,17.93556080231052,20.204244936914186,20.68988285642911,22.613383038252437
0.0,0.8487545984950218,3.8468458394742373,6.552079471186016,8.870516861452,13.05910931491777,14.95626612993853,17.881423215116932,20.149065924349692,20.63448091479188,22.557098125795363
0.0,0.8556976216645658,3.8602410509346714,6.511081375945957,8.828626699934059,13.015607506652236,14.912034351726156,17.836065922795726,20.102836110044635,20.588064327125778,22.509941771773523
0.0,0.8697708099182435,3.911196979837242,6.4454784838321455,8.882821711542205,12.945998310964264,14.841257098366512,17.763487683799507,20.028861709464852,20.51379106210894,22.59301560069324
0.0,0.8798869102535513,3.9545178892058988,6.410260894016134,8.81299832617663,12.873569328673018,14.767612741761853,17.68796938574948,19.951890692968473,20.436509074528857,22.867742772587345
0.0,0.8981072826745432,3.9872855587378506,6.421933095891257,8.691857995336125,12.747908408176773,14.942794236999376,17.556948645887125,19.8183495540695,20.302428415241906,22.730955447193733
0.0,0.8731492001703092,3.9708240355171474,6.425642894356385,8.718247454751166,12.847880446819932,14.95206074125082,17.410257029344407,19.668836083449296,20.152310894316745,22.577807526447565
0.0,0.8792416330051785,4.006406905114622,6.469125537475426,8.601949062065119,12.727164491391612,14.82909389609706,17.284660595470214,19.540823595969606,20.023781222788152,22.446683245767463
0.0,0.8796744455311721,4.055476616126401,6.354584588971601,8.485113592701236,12.605891058574267,14.705559178738417,17.158484145708485,19.41221993504453,19.894657989410653,22.314953421094668
0.0,0.9017936127403955,4.05373089562667,6.3386531050766814,8.51005816223798,12.570021372107965,14.582210276334973,17.03249748446824,19.283809713534737,19.765728976964223,22.18342173806167
0.0,0.924373696126956,4.01225918660563,6.39156335766488,8.42542457886846,12.482221176899698,14.492840652815033,16.94121673316696,19.19077302712056,19.67231641245312,22.08812346815769
0.0,0.9229461412350549,3.978044597484513,6.48636999574682,8.476142612019288,12.435318113095917,14.445099196840673,16.89245434838882,19.141072617814796,19.622415208213813,22.037214915812292
0.0,0.9223938717239419,3.9236493017364897,6.430662489306636,8.419394171693952,12.376498461264987,14.385228143852293,16.83130298081303,19.078744903287458,19.559835683098363,21.973372107233725
0.0,0.9141257283047054,3.912841744047847,6.4860983131381085,8.35623783035947,12.311037032071292,14.318596591744232,16.763246543992107,19.00937928917156,19.490189824532337,21.902320318193816
0.0,0.9413765767045146,3.9619061197521663,6.406716954042927,8.327998366779038,12.227313401454477,14.233376401399568,16.676203959562248,18.920662297726647,19.401114407017086,21.811446748619893
0.0,0.9652584054950514,3.950827358406074,6.39908955778007,8.284355981909824,12.182100089308518,14.187354901390496,16.629198311206768,18.872752418552782,19.353010966841623,21.762372251531158
0.0,0.9870420502114609,4.01836136856304,6.4264651385944225,8.302486681314134,12.234149440353265,14.146147579991803,16.587109790429384,18.829854255978752,19.309939491133484,21.71843129841977
0.0,1.0011219326613068,4.008394683108749,6.395501074966094,8.270976801846283,12.201495670071438,14.112937526721755,16.55318955563541,18.795281509779432,19.275227067366664,21.683018140174244
0.0,1.0035994294428656,3.9736930999232642,6.360003052500087,8.23485304164875,12.164060523154753,14.074864642257106,16.646762168554783,19.13194597850425,19.457153576902712,21.64241955782791
0.0,1.0166271191674148,3.947692899464253,6.451820151902831,8.207787273454576,12.136012196977706,14.046338490500787,16.61759287477619,19.32704773406468,19.576351366226834,21.612001024076463
0.0,1.0166271191674148,3.947692899464253,6.451820151902831,8.207787273454576,12.136012196977706,14.046338490500787,16.61759287477619,19.32704773406468,19.576351366226834,21.612001024076463
0.0,1.0166271191674148,3.947692899464253,6.451820151902831,8.207787273454576,12.144680015568841,14.146489180388514,16.662011983466897,19.36871141799558,19.57078513128491,21.612001024076463
0.0,1.0166271191674148,3.947692899464253,6.451820151902831,8.207787273454576,12.144680015568841,14.146489180388514,16.662011983466897,19.36871141799558,19.57078513128491,21.612001024076463
0.0,1.0166271191674148,3.947692899464253,6.451820151902831,8.207787273454576,12.144680015568841,14.146489180388514,16.662011983466897,19.36871141799558,19.57078513128491,21.612001024076463
0.0,1.0205179450845214,3.932295752062722,6.451820151902831,8.20762111718766,12.225321190448735,14.322407127993078,16.662011983466897,19.36871141799558,19.57078513128491,21.612001024076463
0.0,1.0205179450845214,3.932295752062722,6.451820151902831,8.20762111718766,12.225321190448735,14.322407127993078,16.662011983466897,19.36871141799558,19.57078513128491,21.612001024076463
0.0,1.0311058169281557,3.925905251292329,6.509809882899432,8.194063371259281,12.211260051540755,14.308083237182434,16.647394954632556,19.55538831253732,19.614158727468926,21.698147949708577
0.0,1.0311058169281557,3.925905251292329,6.509809882899432,8.194063371259281,12.339724287147394,14.308083237182434,16.647394954632556,19.55538831253732,19.614158727468926,21.698147949708577
0.0,1.0311058169281557,3.925905251292329,6.509809882899432,8.194063371259281,12.339724287147394,14.308083237182434,16.647394954632556,19.55538831253732,19.614158727468926,21.698147949708577
0.0,1.0311058169281557,3.925905251292329,6.509809882899432,8.194063371259281,12.339724287147394,14.308083237182434,16.647394954632556,19.55538831253732,19.787991785155857,21.698147949708577
0.0,1.0311058169281557,3.925905251292329,6.502513767783068,8.194063371259281,12.339724287147394,14.308083237182434,16.647394954632556,19.55538831253732,19.787991785155857,21.698147949708577
0.0,1.0311058169281557,3.925905251292329,6.48940291196676,8.259160777857247,12.306815623709861,14.278081944094861,16.759674828624366,19.54338502637815,19.799358218762166,21.90972144346231
0.0,1.0311058169281557,3.925905251292329,6.48940291196676,8.259160777857247,12.306815623709861,14.278081944094861,16.759674828624366,19.54338502637815,19.799358218762166,21.90972144346231
0.0,1.0311058169281557,3.925905251292329,6.48940291196676,8.259160777857247,12.306815623709861,14.278081944094861,16.759674828624366,19.54338502637815,19.799358218762166,21.90972144346231
0.0,1.0311058169281557,3.925905251292329,6.48940291196676,8.259160777857247,12.306815623709861,14.278081944094861,16.759674828624366,19.54338502637815,19.799358218762166,21.90972144346231
0.0,1.0311058169281557,3.886697285429832,6.48940291196676,8.259160777857247,12.306815623709861,14.278081944094861,16.759674828624366,19.54338502637815,19.799358218762166,21.90972144346231
0.0,1.0311058169281557,3.886697285429832,6.48940291196676,8.259160777857247,12.306815623709861,14.278081944094861,16.759674828624366,19.54338502637815,19.799358218762166,21.90972144346231
0.0,1.0311058169281557,3.886697285429832,6.513104902629388,8.355920832028477,12.445580257127835,14.278081944094861,16.863924822601962,19.54338502637815,19.799358218762166,21.90972144346231
0.0,1.0311058169281557,3.886697285429832,6.513104902629388,8.355920832028477,12.445580257127835,14.278081944094861,16.863924822601962,19.54338502637815,19.799358218762166,21.90972144346231
0.0,1.0311058169281557,3.886697285429832,6.513104902629388,8.355920832028477,12.445580257127835,14.278081944094861,16.863924822601962,19.54338502637815,19.799358218762166,21.90972144346231
0.0,1.0311058169281557,3.9333121233743906,6.516330699255788,8.348915453947118,12.541911128056931,14.278081944094861,16.863924822601962,19.54338502637815,19.799358218762166,21.90972144346231
0.0,1.0311058169281557,3.9441939952557172,6.516330699255788,8.348915453947118,12.541911128056931,14.29469548895185,16.863924822601962,19.54338502637815,19.799358218762166,21.90972144346231
0.0,1.0311058169281557,3.9755659057939985,6.530978307971368,8.282225915967034,12.69287287232407,14.29469548895185,16.863924822601962,19.54338502637815,19.799358218762166,21.90972144346231
0.0,1.0311058169281557,3.9755659057939985,6.530978307971368,8.282225915967034,12.697400063297607,14.544867785256631,16.866582989779076,19.557423471782304,19.77074138774601,21.924064470522175
0.0,1.0311058169281557,3.9755659057939985,6.530978307971368,8.282225915967034,12.697400063297607,14.544867785256631,16.866582989779076,19.557423471782304,19.77074138774601,21.924064470522175
0.0,0.9905687674771103,4.006273274538005,6.530978307971368,8.408987263225837,12.697400063297607,14.544867785256631,16.866582989779076,19.557423471782304,19.821634213491237,22.005097035562127
0.0,0.9905687674771103,4.047017993299755,6.653087862670214,8.45576823661896,12.697400063297607,14.544867785256631,16.866582989779076,19.557423471782304,19.821634213491237,22.005097035562127
0.0,0.9627666459249581,4.101116246168035,6.722187114337208,8.452157566033778,12.84925520140813,14.548895209077262,16.90940942846287,19.665229973566433,19.80930996509438,21.992548207202216
0.0,0.9639299652096089,4.087715813608741,6.708449284018231,8.504331324713375,12.862037774605028,14.627883945273812,16.894360246349503,19.64982604802003,19.86535071722751,22.16578000870626
0.0,0.9838356413146787,4.118863622774063,6.716353042526944,8.50299469160602,12.860647460187058,14.62647187791358,16.89292025893093,19.648352116824544,19.86387413104669,22.16427508421014
0.0,0.9350590965764481,4.116552134984257,6.716353042526944,8.536102947852848,12.980678730326071,14.62647187791358,16.89292025893093,19.648352116824544,19.86387413104669,22.16427508421014
0.0,0.9350590965764481,4.116552134984257,6.716353042526944,8.536102947852848,12.980678730326071,14.62647187791358,16.89292025893093,19.648352116824544,19.86387413104669,22.16427508421014
0.0,0.9350590965764481,4.116552134984257,6.716353042526944,8.536102947852848,12.980678730326071,14.62647187791358,16.89292025893093,19.648352116824544,19.86387413104669,22.16427508421014
0.0,0.9350590965764481,4.116552134984257,6.716353042526944,8.536102947852848,12.980678730326071,14.62647187791358,16.89292025893093,19.648352116824544,19.87183284649064,22.16427508421014
0.0,0.9350590965764481,4.116552134984257,6.716353042526944,8.536102947852848,12.980678730326071,14.62647187791358,16.89292025893093,19.648352116824544,19.87183284649064,22.16427508421014
0.0,0.9350590965764481,4.116552134984257,6.716353042526944,8.536102947852848,12.980678730326071,14.62647187791358,16.89292025893093,19.648352116824544,19.87183284649064,22.16427508421014
0.0,0.9350590965764481,4.116552134984257,6.716353042526944,8.536102947852848,12.980678730326071,14.62647187791358,16.89292025893093,19.648352116824544,19.87183284649064,22.16427508421014
0.0,0.9350590965764481,4.116552134984257,6.716353042526944,8.536102947852848,12.980678730326071,14.62647187791358,16.89292025893093,19.648352116824544,19.87183284649064,22.16427508421014
0.0,0.9350590965764481,4.116552134984257,6.716353042526944,8.536102947852848,12.980678730326071,14.62647187791358,16.89292025893093,19.648352116824544,19.87183284649064,22.16427508421014
0.0,0.9350590965764481,4.116552134984257,6.716353042526944,8.536102947852848,12.980678730326071,14.62647187791358,16.854441599914963,19.556404731269478,19.968223271450057,22.16427508421014
0.0,0.9350590965764481,4.116552134984257,6.716353042526944,8.536102947852848,12.980678730326071,14.62647187791358,16.854441599914963,19.556404731269478,19.968223271450057,22.16427508421014
0.0,0.9350590965764481,4.116552134984257,6.725515946220688,8.536102947852848,12.980678730326071,14.62647187791358,16.854441599914963,19.556404731269478,19.968223271450057,22.16427508421014
0.0,0.9350590965764481,4.116552134984257,6.725515946220688,8.536102947852848,12.980678730326071,14.62647187791358,16.854441599914963,19.556404731269478,19.968223271450057,22.16427508421014
0.0,0.9350590965764481,4.116552134984257,6.725515946220688,8.536102947852848,12.980678730326071,14.62647187791358,16.854441599914963,19.556404731269478,19.968223271450057,22.16427508421014
0.0,0.9350590965764481,4.116552134984257,6.725515946220688,8.536102947852848,12.980678730326071,14.62647187791358,16.854441599914963,19.556404731269478,20.11377779598671,22.168247521309983
0.0,0.9350590965764481,4.116552134984257,6.725515946220688,8.536102947852848,12.980678730326071,14.62647187791358,16.854441599914963,19.556404731269478,20.11377779598671,22.168247521309983
0.0,0.9350590965764481,4.116552134984257,6.725515946220688,8.536102947852848,12.980678730326071,14.62647187791358,16.854441599914963,19.556404731269478,20.11377779598671,22.168247521309983
0.0,0.9350590965764481,4.116552134984257,6.725515946220688,8.536102947852848,12.980678730326071,14.62647187791358,16.854441599914963,19.556404731269478,20.11377779598671,22.168247521309983
0.0,0.9350590965764481,4.116552134984257,6.725515946220688,8.536102947852848,12.980678730326071,14.62647187791358,16.854441599914963,19.556404731269478,20.11377779598671,22.168247521309983
0.0,0.9350590965764481,4.116552134984257,6.725515946220688,8.536102947852848,12.980678730326071,14.608533625365142,16.854441599914963,19.556404731269478,20.11377779598671,22.168247521309983
0.0,0.9350590965764481,4.116552134984257,6.725515946220688,8.536102947852848,12.980678730326071,14.608533625365142,16.854441599914963,19.556404731269478,20.11377779598671,22.168247521309983
0.0,0.9350590965764481,4.116552134984257,6.725515946220688,8.536102947852848,12.980678730326071,14.608533625365142,16.854441599914963,19.556404731269478,20.11377779598671,22.168247521309983
0.0,0.9350590965764481,4.116552134984257,6.725515946220688,8.536102947852848,12.980678730326071,14.608533625365142,16.854441599914963,19.556404731269478,20.11377779598671,22.168247521309983
0.0,0.9350590965764481,4.116552134984257,6.725515946220688,8.536102947852848,12.980678730326071,14.608533625365142,16.854441599914963,19.556404731269478,20.11377779598671,22.168247521309983
0.0,0.9350590965764481,4.116552134984257,6.725515946220688,8.536102947852848,12.980678730326071,14.608533625365142,16.854441599914963,19.556404731269478,20.11377779598671,22.168247521309983
0.0,0.9350590965764481,4.116552134984257,6.725515946220688,8.536102947852848,12.980678730326071,14.608533625365142,16.854441599914963,19.556404731269478,20.11377779598671,22.168247521309983
0.0,0.9350590965764481,4.116552134984257,6.725515946220688,8.536102947852848,12.980678730326071,14.608533625365142,16.854441599914963,19.556404731269478,20.11377779598671,22.168247521309983
0.0,0.9350590965764481,4.116552134984257,6.725515946220688,8.536102947852848,12.980678730326071,14.608533625365142,16.854441599914963,19.556404731269478,20.11377779598671,22.168247521309983
0.0,0.9350590965764481,4.116552134984257,6.725515946220688,8.536102947852848,12.980678730326071,14.608533625365142,16.854441599914963,19.556404731269478,20.11377779598671,22.168247521309983
0.0,0.9350590965764481,4.116552134984257,6.725515946220688,8.536102947852848,12.980678730326071,14.608533625365142,16.854441599914963,19.556404731269478,20.11377779598671,22.168247521309983
0.0,0.9350590965764481,4.116552134984257,6.725515946220688,8.536102947852848,12.980678730326071,14.608533625365142,16.854441599914963,19.556404731269478,20.11377779598671,22.168247521309983
0.0,0.9350590965764481,4.116552134984257,6.725515946220688,8.536102947852848,12.980678730326071,14.523077783363492,16.77733202819629,19.550245377578076,20.24681983572104,22.030070379958765
0.0,0.9350590965764481,4.116552134984257,6.725515946220688,8.536102947852848,12.980678730326071,14.523077783363492,16.77733202819629,19.550245377578076,20.24681983572104,22.030070379958765
0.0,0.9350590965764481,4.116552134984257,6.725515946220688,8.536102947852848,12.980678730326071,14.523077783363492,16.77733202819629,19.550245377578076,20.24681983572104,22.030070379958765
0.0,0.9350590965764481,4.116552134984257,6.725515946220688,8.536102947852848,12.980678730326071,14.523077783363492,16.77733202819629,19.550245377578076,20.24681983572104,22.030070379958765
0.0,0.9350590965764481,4.116552134984257,6.725515946220688,8.536102947852848,12.980678730326071,14.523077783363492,16.77733202819629,19.550245377578076,20.24681983572104,22.030070379958765
0.0,0.9350590965764481,4.092343798790393,6.725515946220688,8.536102947852848,12.980678730326071,14.523077783363492,16.77733202819629,19.550245377578076,20.24681983572104,22.030070379958765
0.0,0.9350590965764481,4.092343798790393,6.725515946220688,8.536102947852848,12.980678730326071,14.523077783363492,16.77733202819629,19.550245377578076,20.24681983572104,22.030070379958765
0.0,0.9350590965764481,4.092343798790393,6.725515946220688,8.494440802659295,12.980678730326071,14.523077783363492,16.77733202819629,19.550245377578076,20.24681983572104,22.030070379958765
0.0,0.9350590965764481,4.041338813727855,6.725515946220688,8.494440802659295,12.980678730326071,14.523077783363492,16.77733202819629,19.550245377578076,20.24681983572104,22.030070379958765
0.0,0.9350590965764481,4.041338813727855,6.725515946220688,8.456280492261097,13.065594763801936,14.658735818261157,16.80051611231562,19.594163645584423,20.24681983572104,22.030070379958765
0.0,0.9350590965764481,4.041338813727855,6.725515946220688,8.456280492261097,13.065594763801936,14.658735818261157,16.80051611231562,19.594163645584423,20.24681983572104,22.030070379958765
0.0,0.9350590965764481,4.041338813727855,6.725515946220688,8.393593497051265,13.093927790782397,14.667275865963617,16.80051611231562,19.484845498495186,20.24681983572104,22.069241101187252
0.0,0.9350590965764481,4.041338813727855,6.725515946220688,8.393593497051265,13.093927790782397,14.667275865963617,16.80051611231562,19.484845498495186,20.24681983572104,22.069241101187252
0.0,0.9350590965764481,4.041338813727855,6.725515946220688,8.393593497051265,13.093927790782397,14.667275865963617,16.80051611231562,19.484845498495186,20.24681983572104,22.305040538236163
0.0,0.9350590965764481,4.018431554493547,6.7174880245554816,8.450757835805204,13.093927790782397,14.667275865963617,16.80051611231562,19.484845498495186,20.24681983572104,22.305040538236163
0.0,0.9350590965764481,4.018431554493547,6.7174880245554816,8.450757835805204,13.093927790782397,14.667275865963617,16.80051611231562,19.484845498495186,20.24681983572104,22.305040538236163
0.0,0.9350590965764481,4.018431554493547,6.704961698508914,8.450757835805204,13.093927790782397,14.667275865963617,16.80051611231562,19.484845498495186,20.24681983572104,22.305040538236163
0.0,0.9350590965764481,4.018431554493547,6.6523096053806015,8.450757835805204,13.093927790782397,14.667275865963617,16.80051611231562,19.484845498495186,20.24681983572104,22.305040538236163
0.0,0.9350590965764481,4.018431554493547,6.6523096053806015,8.450757835805204,13.093927790782397,14.667275865963617,16.80051611231562,19.484845498495186,20.24681983572104,22.305040538236163
0.0,0.9350590965764481,4.018431554493547,6.6523096053806015,8.450757835805204,13.093927790782397,14.667275865963617,16.80051611231562,19.484845498495186,20.24681983572104,22.305040538236163
0.0,0.9350590965764481,4.018431554493547,6.6523096053806015,8.450757835805204,13.093927790782397,14.667275865963617,16.80051611231562,19.484845498495186,20.24681983572104,22.305040538236163
0.0,0.9350590965764481,4.018431554493547,6.6523096053806015,8.450757835805204,13.093927790782397,14.667275865963617,16.80051611231562,19.484845498495186,20.24681983572104,22.305040538236163
0.0,0.9350590965764481,4.018431554493547,6.6523096053806015,8.450757835805204,13.093927790782397,14.667275865963617,16.80051611231562,19.484845498495186,20.24681983572104,22.305040538236163
0.0,0.9350590965764481,4.018431554493547,6.6523096053806015,8.450757835805204,13.093927790782397,14.667275865963617,16.80051611231562,19.484845498495186,20.24681983572104,22.305040538236163
0.0,0.9350590965764481,4.018431554493547,6.6523096053806015,8.450757835805204,13.093927790782397,14.667275865963617,16.80051611231562,19.484845498495186,20.24681983572104,22.305040538236163
0.0,0.9350590965764481,4.018431554493547,6.6523096053806015,8.450757835805204,13.093927790782397,14.593889588948272,16.733386077701436,19.442602021043122,20.131023986322653,22.159444489966763
0.0,0.9350590965764481,4.018431554493547,6.6523096053806015,8.450757835805204,13.093927790782397,14.593889588948272,16.733386077701436,19.442602021043122,20.131023986322653,22.159444489966763
0.0,0.9350590965764481,4.018431554493547,6.6523096053806015,8.450757835805204,13.093927790782397,14.593889588948272,16.761912882101406,19.442602021043122,20.131023986322653,22.159444489966763
0.0,0.9350590965764481,4.018431554493547,6.6523096053806015,8.450757835805204,13.093927790782397,14.593889588948272,16.761912882101406,19.442602021043122,20.131023986322653,22.159444489966763
0.0,0.9350590965764481,4.018431554493547,6.6523096053806015,8.450757835805204,13.093927790782397,14.593889588948272,16.761912882101406,19.442602021043122,20.131023986322653,22.159444489966763
0.0,0.9350590965764481,4.018431554493547,6.6523096053806015,8.450757835805204,13.093927790782397,14.593889588948272,16.761912882101406,19.442602021043122,20.131023986322653,22.159444489966763
0.0,0.9350590965764481,4.018431554493547,6.6523096053806015,8.450757835805204,13.093927790782397,14.593889588948272,16.761912882101406,19.442602021043122,20.131023986322653,22.159444489966763
0.0,0.9350590965764481,4.018431554493547,6.6523096053806015,8.450757835805204,13.093927790782397,14.593889588948272,16.761912882101406,19.442602021043122,20.131023986322653,22.159444489966763
0.0,0.9350590965764481,4.018431554493547,6.6523096053806015,8.450757835805204,13.093927790782397,14.593889588948272,16.761912882101406,19.442602021043122,20.131023986322653,22.159444489966763
0.0,0.9350590965764481,4.018431554493547,6.6523096053806015,8.450757835805204,13.093927790782397,14.593889588948272,16.761912882101406,19.442602021043122,20.131023986322653,22.159444489966763
0.0,0.9350590965764481,4.018431554493547,6.6523096053806015,8.450757835805204,13.093927790782397,14.593889588948272,16.761912882101406,19.442602021043122,20.131023986322653,22.159444489966763
0.0,0.9350590965764481,4.018431554493547,6.6523096053806015,8.450757835805204,13.093927790782397,14.593889588948272,16.70542676431572,19.442602021043122,20.131023986322653,22.159444489966763
0.0,0.9350590965764481,4.018431554493547,6.6523096053806015,8.450757835805204,13.093927790782397,14.593889588948272,16.70542676431572,19.442602021043122,20.131023986322653,22.159444489966763
0.0,0.9350590965764481,4.018431554493547,6.6523096053806015,8.450757835805204,13.093927790782397,14.593889588948272,16.70542676431572,19.442602021043122,20.131023986322653,22.159444489966763
0.0,0.9350590965764481,4.018431554493547,6.6523096053806015,8.450757835805204,13.093927790782397,14.593889588948272,16.70542676431572,19.442602021043122,20.131023986322653,22.159444489966763
0.0,0.9350590965764481,4.018431554493547,6.6523096053806015,8.450757835805204,13.093927790782397,14.593889588948272,16.70542676431572,19.442602021043122,20.131023986322653,22.159444489966763
0.0,0.9350590965764481,4.018431554493547,6.6523096053806015,8.450757835805204,13.093927790782397,14.593889588948272,16.70542676431572,19.442602021043122,20.131023986322653,22.159444489966763
0.0,0.9350590965764481,4.018431554493547,6.6523096053806015,8.450757835805204,13.093927790782397,14.593889588948272,16.70542676431572,19.442602021043122,20.131023986322653,22.159444489966763
0.0,0.9350590965764481,4.018431554493547,6.6523096053806015,8.450757835805204,13.093927790782397,14.593889588948272,16.70542676431572,19.442602021043122,20.131023986322653,22.159444489966763
0.0,0.9350590965764481,4.018431554493547,6.6523096053806015,8.450757835805204,13.093927790782397,14.593889588948272,16.70542676431572,19.442602021043122,20.131023986322653,22.138212021286733
0.0,0.9350590965764481,4.018431554493547,6.6523096053806015,8.450757835805204,13.093927790782397,14.593889588948272,16.70542676431572,19.442602021043122,20.131023986322653,22.138212021286733
0.0,0.9350590965764481,4.018431554493547,6.6523096053806015,8.450757835805204,13.093927790782397,14.46977515175541,16.70542676431572,19.442602021043122,20.131023986322653,22.138212021286733
0.0,0.9350590965764481,4.018431554493547,6.6523096053806015,8.450757835805204,13.093927790782397,14.46977515175541,16.70542676431572,19.442602021043122,20.131023986322653,22.138212021286733
0.0,0.9350590965764481,4.018431554493547,6.6523096053806015,8.450757835805204,13.093927790782397,14.46977515175541,16.70542676431572,19.313504735920127,20.009082624477085,22.160011980981032
0.0,0.9350590965764481,4.018431554493547,6.6523096053806015,8.450757835805204,13.093927790782397,14.46977515175541,16.70542676431572,19.313504735920127,20.009082624477085,22.160011980981032
0.0,0.9350590965764481,4.018431554493547,6.6523096053806015,8.450757835805204,13.093927790782397,14.46977515175541,16.70542676431572,19.313504735920127,20.009082624477085,22.160011980981032
0.0,0.9350590965764481,4.018431554493547,6.6523096053806015,8.450757835805204,13.093927790782397,14.584519066590781,16.70542676431572,19.20267789320761,20.009082624477085,22.160011980981032
0.0,0.9350590965764481,4.018431554493547,6.6523096053806015,8.450757835805204,13.093927790782397,14.584519066590781,16.70542676431572,19.20267789320761,20.009082624477085,22.160011980981032
0.0,0.9350590965764481,4.018431554493547,6.6523096053806015,8.450757835805204,13.093927790782397,14.584519066590781,16.70542676431572,19.20267789320761,20.009082624477085,22.160011980981032
0.0,0.9350590965764481,4.018431554493547,6.6523096053806015,8.450757835805204,13.093927790782397,14.584519066590781,16.70542676431572,19.20267789320761,20.009082624477085,22.160011980981032
0.0,0.9350590965764481,4.018431554493547,6.6523096053806015,8.450757835805204,13.093927790782397,14.584519066590781,16.70542676431572,19.20267789320761,20.009082624477085,22.160011980981032
0.0,0.9350590965764481,4.018431554493547,6.6523096053806015,8.450757835805204,13.093927790782397,14.584519066590781,16.70542676431572,19.20267789320761,20.009082624477085,22.160011980981032
0.0,0.9350590965764481,4.018431554493547,6.6523096053806015,8.359239528821915,13.093927790782397,14.584519066590781,16.70542676431572,19.20267789320761,20.009082624477085,22.160011980981032
0.0,0.9350590965764481,4.018431554493547,6.6523096053806015,8.424459471729543,13.093927790782397,14.584519066590781,16.70542676431572,19.20267789320761,20.009082624477085,22.160011980981032
0.0,0.9350590965764481,4.018431554493547,6.6523096053806015,8.424459471729543,13.093927790782397,14.585847826038822,16.70542676431572,19.20267789320761,20.009082624477085,22.160011980981032
0.0,0.9350590965764481,4.018431554493547,6.6523096053806015,8.359239528821915,13.093927790782397,14.585847826038822,16.70542676431572,19.20267789320761,20.009082624477085,22.160011980981032
0.0,0.9350590965764481,4.018431554493547,6.6523096053806015,8.359239528821915,13.093927790782397,14.585847826038822,16.70542676431572,19.20267789320761,20.009082624477085,22.160011980981032
0.0,0.9350590965764481,4.018431554493547,6.6523096053806015,8.424459471729543,13.093927790782397,14.585847826038822,16.70542676431572,19.20267789320761,20.009082624477085,22.160011980981032
0.0,0.9350590965764481,4.018431554493547,6.6523096053806015,8.424459471729543,13.093927790782397,14.585847826038822,16.70542676431572,19.20267789320761,20.009082624477085,22.160011980981032
0.0,0.9350590965764481,4.018431554493547,6.6523096053806015,8.424459471729543,13.093927790782397,14.585847826038822,16.70542676431572,19.20267789320761,20.009082624477085,22.160011980981032
0.0,0.9350590965764481,4.018431554493547,6.6523096053806015,8.359239528821915,13.093927790782397,14.585847826038822,16.70542676431572,19.20267789320761,20.009082624477085,22.160011980981032
0.0,0.9350590965764481,4.018431554493547,6.6523096053806015,8.359239528821915,13.093927790782397,14.585847826038822,16.70542676431572,19.20267789320761,20.009082624477085,22.160011980981032
0.0,0.9350590965764481,4.018431554493547,6.6523096053806015,8.359239528821915,13.093927790782397,14.585847826038822,16.70542676431572,19.20267789320761,20.009082624477085,22.160011980981032
0.0,0.9350590965764481,4.018431554493547,6.6523096053806015,8.359239528821915,13.093927790782397,14.585847826038822,16.70542676431572,19.20267789320761,20.009082624477085,22.160011980981032
0.0,0.9350590965764481,4.018431554493547,6.6523096053806015,8.424459471729543,13.093927790782397,14.585847826038822,16.70542676431572,19.20267789320761,20.009082624477085,22.160011980981032
0.0,0.9350590965764481,4.018431554493547,6.6523096053806015,8.424459471729543,13.093927790782397,14.585847826038822,16.70542676431572,19.20267789320761,20.009082624477085,22.160011980981032
0.0,0.9350590965764481,4.018431554493547,6.6523096053806015,8.359239528821915,13.093927790782397,14.585847826038822,16.70542676431572,19.20267789320761,20.009082624477085,22.160011980981032
0.0,0.9350590965764481,4.018431554493547,6.6523096053806015,8.359239528821915,13.093927790782397,14.585847826038822,16.70542676431572,19.20267789320761,20.009082624477085,22.160011980981032
0.0,0.9350590965764481,4.018431554493547,6.6523096053806015,8.424459471729543,13.093927790782397,14.585847826038822,16.70542676431572,19.20267789320761,20.009082624477085,22.160011980981032
0.0,0.9350590965764481,4.018431554493547,6.6523096053806015,8.359239528821915,13.093927790782397,14.585847826038822,16.70542676431572,19.20267789320761,20.009082624477085,22.160011980981032
0.0,0.9350590965764481,4.018431554493547,6.6523096053806015,8.424459471729543,13.093927790782397,14.585847826038822,16.70542676431572,19.20267789320761,20.009082624477085,22.160011980981032
0.0,0.9350590965764481,4.018431554493547,6.6523096053806015,8.359239528821915,13.093927790782397,14.585847826038822,16.70542676431572,19.20267789320761,20.009082624477085,22.160011980981032
0.0,0.9350590965764481,4.018431554493547,6.6523096053806015,8.424459471729543,13.093927790782397,14.585847826038822,16.70542676431572,19.20267789320761,20.009082624477085,22.160011980981032
0.0,0.9350590965764481,4.018431554493547,6.6523096053806015,8.359239528821915,13.093927790782397,14.585847826038822,16.70542676431572,19.20267789320761,20.009082624477085,22.160011980981032
0.0,0.9350590965764481,4.018431554493547,6.6523096053806015,8.424459471729543,13.093927790782397,14.585847826038822,16.70542676431572,19.20267789320761,20.009082624477085,22.160011980981032
0.0,0.9350590965764481,4.018431554493547,6.6523096053806015,8.424459471729543,13.093927790782397,14.585847826038822,16.70542676431572,19.20267789320761,20.009082624477085,22.160011980981032
0.0,0.9350590965764481,4.018431554493547,6.6523096053806015,8.424459471729543,13.093927790782397,14.585847826038822,16.70542676431572,19.20267789320761,20.009082624477085,22.160011980981032
0.0,0.9350590965764481,4.018431554493547,6.6523096053806015,8.359239528821915,13.093927790782397,14.585847826038822,16.70542676431572,19.20267789320761,20.009082624477085,22.160011980981032
0.0,0.9350590965764481,4.018431554493547,6.6523096053806015,8.359239528821915,13.093927790782397,14.585847826038822,16.70542676431572,19.20267789320761,20.009082624477085,22.160011980981032
0.0,0.9350590965764481,4.018431554493547,6.6523096053806015,8.424459471729543,13.093927790782397,14.585847826038822,16.70542676431572,19.20267789320761,20.009082624477085,22.160011980981032
0.0,0.9350590965764481,4.018431554493547,6.6523096053806015,8.359239528821915,13.093927790782397,14.585847826038822,16.70542676431572,19.20267789320761,20.009082624477085,22.160011980981032
0.0,0.9350590965764481,4.018431554493547,6.6523096053806015,8.359239528821915,13.093927790782397,14.585847826038822,16.70542676431572,19.20267789320761,20.009082624477085,22.160011980981032
0.0,0.9350590965764481,4.018431554493547,6.6523096053806015,8.424459471729543,13.093927790782397,14.585847826038822,16.70542676431572,19.287372466775487,20.009082624477085,22.160011980981032
0.0,0.9350590965764481,4.018431554493547,6.6523096053806015,8.424459471729543,13.093927790782397,14.585847826038822,16.70542676431572,19.287372466775487,20.009082624477085,22.160011980981032
0.0,0.9350590965764481,4.018431554493547,6.6523096053806015,8.359239528821915,13.093927790782397,14.585847826038822,16.70542676431572,19.287372466775487,20.009082624477085,22.160011980981032
0.0,0.9350590965764481,4.018431554493547,6.6523096053806015,8.424459471729543,13.13355527307115,14.585847826038822,16.567221940476013,19.287372466775487,20.009082624477085,22.160011980981032
0.0,0.9350590965764481,4.018431554493547,6.6523096053806015,8.359239528821915,13.13355527307115,14.585847826038822,16.567221940476013,19.287372466775487,20.009082624477085,22.160011980981032
0.0,0.9350590965764481,4.018431554493547,6.6523096053806015,8.424459471729543,13.13355527307115,14.585847826038822,16.567221940476013,19.287372466775487,20.009082624477085,22.160011980981032
0.0,0.9350590965764481,4.018431554493547,6.6523096053806015,8.359239528821915,13.13355527307115,14.585847826038822,16.567221940476013,19.287372466775487,20.009082624477085,22.160011980981032
0.0,0.9350590965764481,4.018431554493547,6.6523096053806015,8.424459471729543,13.13355527307115,14.585847826038822,16.567221940476013,19.287372466775487,20.009082624477085,22.160011980981032
0.0,0.9350590965764481,4.018431554493547,6.6523096053806015,8.359239528821915,13.13355527307115,14.585847826038822,16.567221940476013,19.287372466775487,20.009082624477085,22.160011980981032
0.0,0.9350590965764481,4.018431554493547,6.6523096053806015,8.359239528821915,13.13355527307115,14.585847826038822,16.567221940476013,19.287372466775487,20.009082624477085,22.160011980981032
0.0,0.9350590965764481,4.018431554493547,6.597982721697989,8.424459471729543,13.13355527307115,14.585847826038822,16.567221940476013,19.287372466775487,20.009082624477085,22.160011980981032
0.0,0.9350590965764481,4.018431554493547,6.597982721697989,8.424459471729543,13.13355527307115,14.728523371771404,16.567221940476013,19.26020210431205,20.009082624477085,22.21389594484762
0.0,0.9350590965764481,4.018431554493547,6.597982721697989,8.424459471729543,13.13355527307115,14.728523371771404,16.567221940476013,19.26020210431205,20.009082624477085,22.21389594484762
0.0,0.9509953691562767,3.9773111768387626,6.64790323649795,8.418564724908109,13.11274816765251,14.707422925714003,16.54578332777248,19.23826820864826,19.987010997475398,22.19141881672759
0.0,0.9326238220809907,4.005982869802027,6.697029232892826,8.55811288378252,13.149793916917673,14.705522672459177,16.50507329319852,19.19661767541824,19.94509892458302,22.1487367329779
0.0,0.9532273435804755,4.010649592798698,6.68633834709478,8.632761507566553,13.21226343400548,14.75407840929348,16.560155525765897,19.24237200303871,20.155852152053345,22.23587235480276
0.0,0.9675202278756363,3.9816295867790807,6.716203606473196,8.602451886338153,13.180676086178966,14.722060879749622,16.527634082738203,19.209102194928974,20.12232747389398,22.201767330313082
0.0,0.9759021070189486,3.990527020871098,6.707635135462087,8.595124844380878,13.173040166841671,14.714320968367408,16.519772355408143,19.20105955796912,20.114223224697763,22.193522788307533
0.0,1.001546806982012,4.013597081734142,6.701645969074099,8.659146863164196,13.166688117456141,14.707882411702814,16.51323246439434,19.19436917467639,20.10748158837958,22.18666444739702
0.0,1.0013513279994422,4.013395773211909,6.7014394580863765,8.705718087404309,13.191643194110833,14.791905856330684,16.602381240387764,19.19413848519934,20.10724913165944,22.244794276728477
0.0,1.0013513279994422,4.013395773211909,6.7014394580863765,8.705718087404309,13.191643194110833,14.791905856330684,16.602381240387764,19.19413848519934,20.10724913165944,22.244794276728477
0.0,1.0013513279994422,4.013395773211909,6.7014394580863765,8.705718087404309,13.191643194110833,14.791905856330684,16.602381240387764,19.19413848519934,20.10724913165944,22.244794276728477
0.0,1.0013513279994422,4.013395773211909,6.7014394580863765,8.705718087404309,13.191643194110833,14.791905856330684,16.601123226598013,19.19413848519934,20.10724913165944,22.244794276728477
0.0,1.0013513279994422,4.013395773211909,6.7014394580863765,8.705718087404309,13.191643194110833,14.791905856330684,16.602381240387764,19.19413848519934,20.10724913165944,22.244794276728477
0.0,1.0013513279994422,4.013395773211909,6.7014394580863765,8.705718087404309,13.191643194110833,14.791905856330684,16.601123226598013,19.19413848519934,20.10724913165944,22.244794276728477
0.0,1.0013513279994422,4.013395773211909,6.7014394580863765,8.705718087404309,13.191643194110833,14.791905856330684,16.602381240387764,19.19413848519934,20.10724913165944,22.244794276728477
0.0,1.0013513279994422,4.013395773211909,6.7014394580863765,8.705718087404309,13.191643194110833,14.791905856330684,16.602381240387764,19.19413848519934,20.10724913165944,22.244794276728477
0.0,1.0013513279994422,4.013395773211909,6.7014394580863765,8.705718087404309,13.191643194110833,14.791905856330684,16.602381240387764,19.19413848519934,20.10724913165944,22.244794276728477
0.0,1.0013513279994422,4.013395773211909,6.7014394580863765,8.705718087404309,13.191643194110833,14.791905856330684,16.602381240387764,19.19413848519934,20.10724913165944,22.244794276728477
0.0,1.0013513279994422,4.013395773211909,6.7014394580863765,8.705718087404309,13.191643194110833,14.791905856330684,16.602381240387764,19.19413848519934,20.10724913165944,22.244794276728477
0.0,1.0013513279994422,4.013395773211909,6.7014394580863765,8.705718087404309,13.191643194110833,14.791905856330684,16.602381240387764,19.167734019941594,20.10724913165944,22.244794276728477
0.0,1.0013513279994422,4.013395773211909,6.7014394580863765,8.705718087404309,13.191643194110833,14.791905856330684,16.602381240387764,19.167734019941594,20.10724913165944,22.244794276728477
0.0,1.0013513279994422,4.013395773211909,6.7014394580863765,8.705718087404309,13.191643194110833,14.791905856330684,16.601123226598013,19.167734019941594,20.10724913165944,22.244794276728477
0.0,1.0013513279994422,4.013395773211909,6.7014394580863765,8.705718087404309,13.191643194110833,14.791905856330684,16.601123226598013,19.167734019941594,20.10724913165944,22.244794276728477
0.0,1.0013513279994422,4.013395773211909,6.7014394580863765,8.705718087404309,13.191643194110833,14.791905856330684,16.602381240387764,19.167734019941594,20.10724913165944,22.244794276728477
0.0,1.0013513279994422,4.013395773211909,6.7014394580863765,8.705718087404309,13.191643194110833,14.791905856330684,16.602381240387764,19.167734019941594,20.10724913165944,22.244794276728477
0.0,1.0013513279994422,4.013395773211909,6.7014394580863765,8.705718087404309,13.191643194110833,14.791905856330684,16.601123226598013,19.167734019941594,20.10724913165944,22.244794276728477
0.0,1.0013513279994422,4.013395773211909,6.6717724515716545,8.705718087404309,13.191643194110833,14.791905856330684,16.601123226598013,19.167734019941594,20.10724913165944,22.244794276728477
0.0,1.0013513279994422,4.013395773211909,6.6717724515716545,8.705718087404309,13.191643194110833,14.791905856330684,16.601123226598013,19.167734019941594,20.10724913165944,22.244794276728477
0.0,1.0013513279994422,4.013395773211909,6.6717724515716545,8.705718087404309,13.191643194110833,14.791905856330684,16.631937652283604,19.167734019941594,20.19116279873507,22.244794276728477
0.0,1.0013513279994422,4.013395773211909,6.6717724515716545,8.705718087404309,13.191643194110833,14.82592752596382,16.63938896473068,19.167734019941594,20.19116279873507,22.299801275294197
0.0,1.0013513279994422,4.013395773211909,6.6717724515716545,8.705718087404309,13.191643194110833,14.82592752596382,16.63938896473068,19.167734019941594,20.19116279873507,22.299801275294197
0.0,1.0013513279994422,3.952209300316238,6.6717724515716545,8.705718087404309,13.191643194110833,14.746658832881154,16.616744716514877,19.288696884342222,20.153629749952483,22.298349720921383
0.0,1.0013513279994422,3.952209300316238,6.6717724515716545,8.705718087404309,13.191643194110833,14.746658832881154,16.616744716514877,19.288696884342222,20.153629749952483,22.298349720921383
0.0,1.0013513279994422,3.952209300316238,6.6717724515716545,8.705718087404309,13.191643194110833,14.746658832881154,16.616744716514877,19.288696884342222,20.140731652525538,22.549731289636945
0.0,1.0013513279994422,3.952209300316238,6.6717724515716545,8.705718087404309,13.191643194110833,14.746658832881154,16.616744716514877,19.288696884342222,20.140731652525538,22.549731289636945
0.0,1.0013513279994422,3.952209300316238,6.6717724515716545,8.705718087404309,13.191643194110833,14.746658832881154,16.616744716514877,19.288696884342222,20.140731652525538,22.549731289636945
0.0,1.0013513279994422,3.952209300316238,6.6717724515716545,8.705718087404309,13.191643194110833,14.746658832881154,16.616744716514877,19.288696884342222,20.140731652525538,22.549731289636945
0.0,1.0013513279994422,3.952209300316238,6.6717724515716545,8.705718087404309,13.191643194110833,14.746658832881154,16.623712177504366,19.288696884342222,20.345400819091406,22.611926938429896
0.0,1.0013513279994422,3.952209300316238,6.6717724515716545,8.705718087404309,13.191643194110833,14.746658832881154,16.623712177504366,19.288696884342222,20.345400819091406,22.611926938429896
0.0,1.0013513279994422,3.952209300316238,6.6717724515716545,8.705718087404309,13.191643194110833,14.746658832881154,16.623712177504366,19.288696884342222,20.345400819091406,22.611926938429896
0.0,1.0013513279994422,3.952209300316238,6.6717724515716545,8.705718087404309,13.191643194110833,14.746658832881154,16.623712177504366,19.288696884342222,20.345400819091406,22.611926938429896
0.0,1.0013513279994422,3.952209300316238,6.6717724515716545,8.705718087404309,13.191643194110833,14.746658832881154,16.623712177504366,19.288696884342222,20.345400819091406,22.611926938429896
0.0,1.0013513279994422,3.952209300316238,6.6717724515716545,8.705718087404309,13.191643194110833,14.746658832881154,16.623712177504366,19.288696884342222,20.345400819091406,22.611926938429896
0.0,1.0013513279994422,3.952209300316238,6.6717724515716545,8.705718087404309,13.191643194110833,14.746658832881154,16.623712177504366,19.288696884342222,20.345400819091406,22.611926938429896
0.0,1.0013513279994422,3.952209300316238,6.6717724515716545,8.705718087404309,13.191643194110833,14.746658832881154,16.623712177504366,19.288696884342222,20.345400819091406,22.611926938429896
0.0,1.0013513279994422,3.952209300316238,6.6717724515716545,8.705718087404309,13.191643194110833,14.746658832881154,16.623712177504366,19.288696884342222,20.345400819091406,22.611926938429896
0.0,1.0013513279994422,3.952209300316238,6.6717724515716545,8.705718087404309,13.191643194110833,14.746658832881154,16.623712177504366,19.288696884342222,20.345400819091406,22.611926938429896
0.0,1.0013513279994422,3.952209300316238,6.6717724515716545,8.705718087404309,13.191643194110833,14.746658832881154,16.623712177504366,19.288696884342222,20.345400819091406,22.611926938429896
0.0,1.0013513279994422,3.952209300316238,6.6717724515716545,8.705718087404309,13.191643194110833,14.746658832881154,16.623712177504366,19.288696884342222,20.345400819091406,22.611926938429896
0.0,1.0013513279994422,3.952209300316238,6.6717724515716545,8.705718087404309,13.191643194110833,14.746658832881154,16.623712177504366,19.288696884342222,20.345400819091406,22.611926938429896
0.0,1.0013513279994422,3.8813596225958693,6.6717724515716545,8.705718087404309,13.191643194110833,14.746658832881154,16.623712177504366,19.288696884342222,20.345400819091406,22.611926938429896
0.0,1.0013513279994422,3.8813596225958693,6.6717724515716545,8.705718087404309,13.191643194110833,14.746658832881154,16.623712177504366,19.288696884342222,20.345400819091406,22.611926938429896
0.0,1.0013513279994422,3.8813596225958693,6.6717724515716545,8.705718087404309,13.191643194110833,14.746658832881154,16.623712177504366,19.288696884342222,20.345400819091406,22.611926938429896
0.0,1.0013513279994422,3.8813596225958693,6.6717724515716545,8.705718087404309,13.191643194110833,14.746658832881154,16.623712177504366,19.288696884342222,20.345400819091406,22.611926938429896
0.0,1.0013513279994422,3.8813596225958693,6.6717724515716545,8.705718087404309,13.191643194110833,14.746658832881154,16.623712177504366,19.288696884342222,20.345400819091406,22.611926938429896
0.0,1.0013513279994422,3.8813596225958693,6.6717724515716545,8.705718087404309,13.191643194110833,14.746658832881154,16.623712177504366,19.288696884342222,20.345400819091406,22.611926938429896
0.0,1.0013513279994422,3.8813596225958693,6.6717724515716545,8.705718087404309,13.191643194110833,14.746658832881154,16.623712177504366,19.288696884342222,20.345400819091406,22.611926938429896
0.0,1.0013513279994422,3.8813596225958693,6.6717724515716545,8.705718087404309,13.191643194110833,14.746658832881154,16.623712177504366,19.288696884342222,20.345400819091406,22.611926938429896
0.0,1.0013513279994422,3.8813596225958693,6.6717724515716545,8.705718087404309,13.191643194110833,14.746658832881154,16.623712177504366,19.288696884342222,20.345400819091406,22.611926938429896
0.0,1.0013513279994422,3.8813596225958693,6.6717724515716545,8.705718087404309,13.191643194110833,14.648284919386898,16.580041127373903,19.288696884342222,20.345400819091406,22.611926938429896
0.0,1.0013513279994422,3.8813596225958693,6.6717724515716545,8.705718087404309,13.191643194110833,14.648284919386898,16.580041127373903,19.288696884342222,20.345400819091406,22.611926938429896
0.0,1.0013513279994422,3.8813596225958693,6.6717724515716545,8.705718087404309,13.191643194110833,14.648284919386898,16.580041127373903,19.288696884342222,20.345400819091406,22.611926938429896
0.0,1.0013513279994422,3.8813596225958693,6.6717724515716545,8.705718087404309,13.191643194110833,14.648284919386898,16.580041127373903,19.288696884342222,20.345400819091406,22.611926938429896
0.0,1.0013513279994422,3.8813596225958693,6.6717724515716545,8.705718087404309,13.191643194110833,14.648284919386898,16.580041127373903,19.288696884342222,20.345400819091406,22.611926938429896
0.0,1.0013513279994422,3.8813596225958693,6.6717724515716545,8.705718087404309,13.191643194110833,14.648284919386898,16.580041127373903,19.288696884342222,20.345400819091406,22.611926938429896
0.0,1.0013513279994422,3.8813596225958693,6.6717724515716545,8.705718087404309,13.191643194110833,14.648284919386898,16.580041127373903,19.288696884342222,20.345400819091406,22.611926938429896
0.0,1.0013513279994422,3.8813596225958693,6.6717724515716545,8.705718087404309,13.191643194110833,14.648284919386898,16.580041127373903,19.288696884342222,20.345400819091406,22.611926938429896
0.0,1.0013513279994422,3.8813596225958693,6.6717724515716545,8.705718087404309,13.191643194110833,14.648284919386898,16.580041127373903,19.288696884342222,20.345400819091406,22.611926938429896
0.0,1.0013513279994422,3.8813596225958693,6.6717724515716545,8.705718087404309,13.191643194110833,14.648284919386898,16.580041127373903,19.288696884342222,20.345400819091406,22.611926938429896
0.0,1.0013513279994422,3.8813596225958693,6.6717724515716545,8.705718087404309,13.191643194110833,14.648284919386898,16.580041127373903,19.288696884342222,20.345400819091406,22.611926938429896
0.0,1.0013513279994422,3.8813596225958693,6.6717724515716545,8.705718087404309,13.191643194110833,14.648284919386898,16.580041127373903,19.288696884342222,20.345400819091406,22.611926938429896
0.0,1.0013513279994422,3.8813596225958693,6.6717724515716545,8.705718087404309,13.191643194110833,14.703015431405417,16.580041127373903,19.165563600546054,20.188245865662097,22.425975911109575
0.0,1.0013513279994422,3.8813596225958693,6.6717724515716545,8.705718087404309,13.191643194110833,14.703015431405417,16.580041127373903,19.165563600546054,20.188245865662097,22.425975911109575
0.0,1.0013513279994422,3.8813596225958693,6.6717724515716545,8.705718087404309,13.191643194110833,14.703015431405417,16.580041127373903,19.165563600546054,20.188245865662097,22.425975911109575
0.0,1.0013513279994422,3.8813596225958693,6.6717724515716545,8.705718087404309,13.191643194110833,14.703015431405417,16.580041127373903,19.165563600546054,20.188245865662097,22.425975911109575
0.0,1.0013513279994422,3.8813596225958693,6.6717724515716545,8.705718087404309,13.191643194110833,14.703015431405417,16.580041127373903,19.165563600546054,20.188245865662097,22.425975911109575
0.0,1.0013513279994422,3.8813596225958693,6.6717724515716545,8.705718087404309,13.191643194110833,14.703015431405417,16.580041127373903,19.165563600546054,20.373809811816336,22.425975911109575
0.0,1.0013513279994422,3.8813596225958693,6.6717724515716545,8.705718087404309,13.191643194110833,14.703015431405417,16.580041127373903,19.165563600546054,20.373809811816336,22.425975911109575
0.0,1.0013513279994422,3.8813596225958693,6.6717724515716545,8.705718087404309,13.191643194110833,14.703015431405417,16.580041127373903,19.165563600546054,20.373809811816336,22.425975911109575
0.0,1.0013513279994422,3.8813596225958693,6.6717724515716545,8.705718087404309,13.191643194110833,14.703015431405417,16.580041127373903,19.165563600546054,20.373809811816336,22.425975911109575
0.0,1.0013513279994422,3.8813596225958693,6.6717724515716545,8.705718087404309,13.191643194110833,14.703015431405417,16.580041127373903,19.165563600546054,20.373809811816336,22.425975911109575
0.0,1.0013513279994422,3.8813596225958693,6.6717724515716545,8.705718087404309,13.191643194110833,14.703015431405417,16.580041127373903,19.165563600546054,20.373809811816336,22.425975911109575
0.0,1.0013513279994422,3.8813596225958693,6.6717724515716545,8.705718087404309,13.191643194110833,14.703015431405417,16.580041127373903,19.165563600546054,20.373809811816336,22.425975911109575
0.0,1.0013513279994422,3.8813596225958693,6.6717724515716545,8.705718087404309,13.191643194110833,14.703015431405417,16.580041127373903,19.165563600546054,20.373809811816336,22.425975911109575
0.0,1.0013513279994422,3.8813596225958693,6.6717724515716545,8.705718087404309,13.191643194110833,14.703015431405417,16.580041127373903,19.165563600546054,20.373809811816336,22.425975911109575
0.0,1.0013513279994422,3.8813596225958693,6.6717724515716545,8.705718087404309,13.191643194110833,14.703015431405417,16.580041127373903,19.165563600546054,20.373809811816336,22.425975911109575
0.0,1.0013513279994422,3.8813596225958693,6.6717724515716545,8.705718087404309,13.191643194110833,14.703015431405417,16.580041127373903,19.273891029739577,20.373809811816336,22.361222761755002
0.0,1.0013513279994422,3.8813596225958693,6.6717724515716545,8.705718087404309,13.191643194110833,14.703015431405417,16.580041127373903,19.273891029739577,20.373809811816336,22.361222761755002
0.0,1.0013513279994422,3.8813596225958693,6.6717724515716545,8.705718087404309,13.191643194110833,14.703015431405417,16.580041127373903,19.273891029739577,20.373809811816336,22.361222761755002
0.0,1.0013513279994422,3.8813596225958693,6.6717724515716545,8.705718087404309,13.191643194110833,14.703015431405417,16.580041127373903,19.273891029739577,20.373809811816336,22.361222761755002
0.0,1.0013513279994422,3.8813596225958693,6.6717724515716545,8.705718087404309,13.191643194110833,14.703015431405417,16.580041127373903,19.273891029739577,20.373809811816336,22.361222761755002
0.0,1.0013513279994422,3.8813596225958693,6.6717724515716545,8.705718087404309,13.102282742055326,14.703015431405417,16.580041127373903,19.273891029739577,20.373809811816336,22.361222761755002
0.0,1.0013513279994422,3.8813596225958693,6.6717724515716545,8.705718087404309,13.102282742055326,14.703015431405417,16.580041127373903,19.273891029739577,20.373809811816336,22.361222761755002
0.0,1.0013513279994422,3.8813596225958693,6.6717724515716545,8.705718087404309,13.102282742055326,14.660630043719431,16.580041127373903,19.14417736612002,20.373809811816336,22.361222761755002
0.0,1.0013513279994422,3.8813596225958693,6.6717724515716545,8.705718087404309,13.102282742055326,14.660630043719431,16.580041127373903,19.14417736612002,20.373809811816336,22.361222761755002
0.0,1.0013513279994422,3.8813596225958693,6.6717724515716545,8.705718087404309,13.102282742055326,14.660630043719431,16.580041127373903,19.14417736612002,20.373809811816336,22.361222761755002
0.0,1.0013513279994422,3.8813596225958693,6.6717724515716545,8.705718087404309,13.102282742055326,14.660630043719431,16.580041127373903,19.14417736612002,20.373809811816336,22.361222761755002
0.0,1.0013513279994422,3.8813596225958693,6.6717724515716545,8.705718087404309,13.102282742055326,14.660630043719431,16.580041127373903,19.14417736612002,20.373809811816336,22.361222761755002
0.0,1.0013513279994422,3.8813596225958693,6.6717724515716545,8.705718087404309,13.102282742055326,14.660630043719431,16.580041127373903,19.14417736612002,20.373809811816336,22.361222761755002
0.0,1.0013513279994422,3.8813596225958693,6.6717724515716545,8.705718087404309,13.102282742055326,14.660630043719431,16.580041127373903,19.14417736612002,20.373809811816336,22.361222761755002
0.0,1.0013513279994422,3.8813596225958693,6.6717724515716545,8.705718087404309,13.102282742055326,14.660630043719431,16.580041127373903,19.14417736612002,20.373809811816336,22.361222761755002
0.0,1.0013513279994422,3.8813596225958693,6.6717724515716545,8.705718087404309,13.102282742055326,14.660630043719431,16.580041127373903,19.14417736612002,20.373809811816336,22.361222761755002
0.0,1.0013513279994422,3.8813596225958693,6.6717724515716545,8.705718087404309,13.102282742055326,14.660630043719431,16.580041127373903,19.14417736612002,20.373809811816336,22.361222761755002
0.0,1.0013513279994422,3.8813596225958693,6.6717724515716545,8.705718087404309,13.102282742055326,14.660630043719431,16.580041127373903,19.14417736612002,20.373809811816336,22.361222761755002
0.0,1.0013513279994422,3.8813596225958693,6.6717724515716545,8.705718087404309,13.102282742055326,14.660630043719431,16.580041127373903,19.14417736612002,20.373809811816336,22.361222761755002
0.0,1.0013513279994422,3.8813596225958693,6.6717724515716545,8.705718087404309,13.102282742055326,14.660630043719431,16.580041127373903,19.14417736612002,20.373809811816336,22.361222761755002
0.0,1.0013513279994422,3.8813596225958693,6.6717724515716545,8.705718087404309,13.102282742055326,14.660630043719431,16.580041127373903,19.14417736612002,20.373809811816336,22.361222761755002
0.0,1.0013513279994422,3.8813596225958693,6.6717724515716545,8.718920320033181,13.102282742055326,14.660630043719431,16.580041127373903,19.14417736612002,20.373809811816336,22.361222761755002
0.0,1.0013513279994422,3.8813596225958693,6.6717724515716545,8.718920320033181,13.102282742055326,14.660630043719431,16.580041127373903,19.14417736612002,20.373809811816336,22.361222761755002
0.0,1.0013513279994422,3.8813596225958693,6.6717724515716545,8.718920320033181,13.102282742055326,14.660630043719431,16.52967910280115,19.241790941609487,20.532817225111888,22.37439734572915
0.0,1.0013513279994422,3.8813596225958693,6.6717724515716545,8.632836233562008,13.102282742055326,14.660630043719431,16.52967910280115,19.241790941609487,20.532817225111888,22.37439734572915
0.0,1.0013513279994422,3.8813596225958693,6.6717724515716545,8.632836233562008,13.102282742055326,14.660630043719431,16.52967910280115,19.241790941609487,20.532817225111888,22.37439734572915
0.0,1.0013513279994422,3.8813596225958693,6.6717724515716545,8.632836233562008,12.941091085036902,14.660630043719431,16.38141319186438,19.046328777065433,20.532817225111888,22.37439734572915
0.0,1.0013513279994422,3.8813596225958693,6.6717724515716545,8.632836233562008,12.941091085036902,14.660630043719431,16.38141319186438,19.046328777065433,20.532817225111888,22.37439734572915
0.0,1.0013513279994422,3.8813596225958693,6.6717724515716545,8.632836233562008,12.941091085036902,14.660630043719431,16.38141319186438,19.046328777065433,20.532817225111888,22.37439734572915
0.0,1.0013513279994422,3.8813596225958693,6.6717724515716545,8.632836233562008,12.941091085036902,14.660630043719431,16.38141319186438,19.046328777065433,20.532817225111888,22.37439734572915
0.0,1.0013513279994422,3.8813596225958693,6.6717724515716545,8.632836233562008,12.941091085036902,14.660630043719431,16.38141319186438,19.046328777065433,20.532817225111888,22.37439734572915
0.0,1.0013513279994422,3.8813596225958693,6.6717724515716545,8.632836233562008,12.941091085036902,14.660630043719431,16.38141319186438,19.046328777065433,20.532817225111888,22.37439734572915
0.0,1.0013513279994422,3.8813596225958693,6.6717724515716545,8.632836233562008,12.941091085036902,14.660630043719431,16.38141319186438,19.046328777065433,20.532817225111888,22.37439734572915
0.0,1.0013513279994422,3.8813596225958693,6.6717724515716545,8.632836233562008,12.941091085036902,14.660630043719431,16.38141319186438,19.046328777065433,20.532817225111888,22.37439734572915
0.0,1.0013513279994422,3.8813596225958693,6.6717724515716545,8.632836233562008,12.941091085036902,14.660630043719431,16.38141319186438,19.046328777065433,20.532817225111888,22.37439734572915
0.0,1.0013513279994422,3.8813596225958693,6.6717724515716545,8.632836233562008,12.941091085036902,14.660630043719431,16.38141319186438,19.046328777065433,20.532817225111888,22.37439734572915
0.0,1.0013513279994422,3.8813596225958693,6.6717724515716545,8.632836233562008,12.941091085036902,14.660630043719431,16.38141319186438,19.046328777065433,20.532817225111888,22.37439734572915
0.0,1.0013513279994422,3.8813596225958693,6.6717724515716545,8.632836233562008,12.822118923776108,14.660630043719431,16.572866301474022,18.92583593979506,20.47232196858422,22.37439734572915
0.0,1.0013513279994422,3.8813596225958693,6.6717724515716545,8.632836233562008,12.822118923776108,14.660630043719431,16.572866301474022,18.92583593979506,20.47232196858422,22.37439734572915
0.0,1.0013513279994422,3.8813596225958693,6.6717724515716545,8.632836233562008,12.822118923776108,14.660630043719431,16.572866301474022,18.92583593979506,20.47232196858422,22.37439734572915
0.0,1.0013513279994422,3.8813596225958693,6.6717724515716545,8.632836233562008,12.822118923776108,14.771238486927379,16.592026819195084,18.956512122207045,20.47232196858422,22.37439734572915
0.0,1.0013513279994422,3.8813596225958693,6.6717724515716545,8.632836233562008,12.822118923776108,14.771238486927379,16.592026819195084,18.956512122207045,20.47232196858422,22.37439734572915
0.0,1.0013513279994422,3.8813596225958693,6.6717724515716545,8.632836233562008,12.822118923776108,14.771238486927379,16.592026819195084,18.956512122207045,20.47232196858422,22.37439734572915
0.0,1.0013513279994422,3.8813596225958693,6.6717724515716545,8.632836233562008,12.822118923776108,14.771238486927379,16.592026819195084,18.956512122207045,20.47232196858422,22.37439734572915
0.0,1.0013513279994422,3.8813596225958693,6.6717724515716545,8.632836233562008,12.822118923776108,14.771238486927379,16.592026819195084,18.956512122207045,20.47232196858422,22.37439734572915
0.0,1.0013513279994422,3.8813596225958693,6.6717724515716545,8.632836233562008,12.822118923776108,14.771238486927379,16.592026819195084,18.956512122207045,20.47232196858422,22.37439734572915
0.0,1.0013513279994422,3.8813596225958693,6.6717724515716545,8.632836233562008,12.822118923776108,14.771238486927379,16.592026819195084,18.956512122207045,20.47232196858422,22.37439734572915
0.0,1.0013513279994422,3.8813596225958693,6.6717724515716545,8.632836233562008,12.822118923776108,14.771238486927379,16.592026819195084,18.956512122207045,20.47232196858422,22.37439734572915
0.0,1.0013513279994422,3.8813596225958693,6.6717724515716545,8.632836233562008,12.822118923776108,14.771238486927379,16.592026819195084,18.956512122207045,20.47232196858422,22.37439734572915
0.0,1.0013513279994422,3.8813596225958693,6.6717724515716545,8.632836233562008,12.822118923776108,14.771238486927379,16.592026819195084,18.956512122207045,20.47232196858422,22.37439734572915
0.0,1.0013513279994422,3.8813596225958693,6.6717724515716545,8.632836233562008,12.822118923776108,14.771238486927379,16.592026819195084,18.956512122207045,20.47232196858422,22.37439734572915
0.0,1.0013513279994422,3.8813596225958693,6.6717724515716545,8.632836233562008,12.822118923776108,14.771238486927379,16.592026819195084,18.956512122207045,20.47232196858422,22.37439734572915
0.0,1.0013513279994422,3.8813596225958693,6.6717724515716545,8.632836233562008,12.822118923776108,14.771238486927379,16.592026819195084,18.956512122207045,20.47232196858422,22.37439734572915
0.0,1.0013513279994422,3.8813596225958693,6.6717724515716545,8.632836233562008,12.822118923776108,14.771238486927379,16.592026819195084,18.956512122207045,20.47232196858422,22.37439734572915
0.0,1.0013513279994422,3.8813596225958693,6.6717724515716545,8.632836233562008,12.822118923776108,14.771238486927379,16.592026819195084,18.956512122207045,20.47232196858422,22.37439734572915
0.0,1.0013513279994422,3.8813596225958693,6.6717724515716545,8.632836233562008,12.822118923776108,14.771238486927379,16.592026819195084,18.956512122207045,20.47232196858422,22.37439734572915
0.0,1.0013513279994422,3.8813596225958693,6.6717724515716545,8.632836233562008,12.822118923776108,14.771238486927379,16.592026819195084,18.956512122207045,20.47232196858422,22.37439734572915
0.0,1.0013513279994422,3.8813596225958693,6.6717724515716545,8.632836233562008,12.822118923776108,14.771238486927379,16.592026819195084,18.956512122207045,20.560051150011226,22.29689816654859
0.0,1.0013513279994422,3.8813596225958693,6.6717724515716545,8.632836233562008,12.822118923776108,14.771238486927379,16.592026819195084,18.956512122207045,20.560051150011226,22.29689816654859
0.0,1.0013513279994422,3.8813596225958693,6.6717724515716545,8.632836233562008,12.822118923776108,14.771238486927379,16.592026819195084,18.956512122207045,20.560051150011226,22.29689816654859
0.0,1.0013513279994422,3.8813596225958693,6.6717724515716545,8.632836233562008,12.822118923776108,14.771238486927379,16.592026819195084,18.956512122207045,20.560051150011226,22.29689816654859
0.0,1.0013513279994422,3.8813596225958693,6.6717724515716545,8.632836233562008,12.822118923776108,14.771238486927379,16.655770792652376,19.02936632739464,20.560051150011226,22.29689816654859
0.0,1.0013513279994422,3.8813596225958693,6.6717724515716545,8.632836233562008,12.822118923776108,14.771238486927379,16.655770792652376,19.02936632739464,20.560051150011226,22.29689816654859
0.0,1.0013513279994422,3.8447251550916794,6.6717724515716545,8.632836233562008,12.942888247593695,14.81143963089045,16.655770792652376,19.02936632739464,20.560051150011226,22.29689816654859
0.0,1.0013513279994422,3.8447251550916794,6.6717724515716545,8.632836233562008,12.942888247593695,14.81143963089045,16.655770792652376,19.02936632739464,20.560051150011226,22.29689816654859
0.0,1.0013513279994422,3.8447251550916794,6.6717724515716545,8.632836233562008,12.942888247593695,14.81143963089045,16.655770792652376,19.02936632739464,20.560051150011226,22.29689816654859
0.0,1.0013513279994422,3.8447251550916794,6.6717724515716545,8.632836233562008,12.942888247593695,14.81143963089045,16.655770792652376,19.02936632739464,20.560051150011226,22.29689816654859
0.0,1.0013513279994422,3.8447251550916794,6.7180424752458165,8.632836233562008,12.942888247593695,14.81143963089045,16.655770792652376,19.02936632739464,20.560051150011226,22.29689816654859
0.0,1.0013513279994422,3.8447251550916794,6.7180424752458165,8.632836233562008,12.942888247593695,14.81143963089045,16.655770792652376,19.02936632739464,20.560051150011226,22.29689816654859
0.0,1.0013513279994422,3.8447251550916794,6.7180424752458165,8.632836233562008,12.942888247593695,14.81143963089045,16.655770792652376,19.02936632739464,20.560051150011226,22.29689816654859
0.0,1.0013513279994422,3.8447251550916794,6.7180424752458165,8.632836233562008,12.942888247593695,14.969341097997194,16.655770792652376,19.02936632739464,20.560051150011226,22.29689816654859
0.0,1.0013513279994422,3.8447251550916794,6.7180424752458165,8.632836233562008,12.942888247593695,14.969341097997194,16.655770792652376,19.02936632739464,20.560051150011226,22.29689816654859
0.0,1.0013513279994422,3.8447251550916794,6.7180424752458165,8.632836233562008,12.942888247593695,14.969341097997194,16.655770792652376,19.02936632739464,20.560051150011226,22.29689816654859
0.0,1.0013513279994422,3.8447251550916794,6.7180424752458165,8.632836233562008,12.942888247593695,14.969341097997194,16.655770792652376,19.02936632739464,20.560051150011226,22.29689816654859
0.0,1.0013513279994422,3.8447251550916794,6.7180424752458165,8.632836233562008,12.942888247593695,14.969341097997194,16.655770792652376,19.02936632739464,20.560051150011226,22.29689816654859
0.0,1.0013513279994422,3.8447251550916794,6.7180424752458165,8.632836233562008,12.942888247593695,14.969341097997194,16.655770792652376,19.02936632739464,20.560051150011226,22.29689816654859
0.0,1.0013513279994422,3.8447251550916794,6.7180424752458165,8.632836233562008,12.942888247593695,14.969341097997194,16.655770792652376,19.02936632739464,20.560051150011226,22.29689816654859
0.0,1.0013513279994422,3.8447251550916794,6.7180424752458165,8.632836233562008,12.942888247593695,14.969341097997194,16.655770792652376,19.02936632739464,20.560051150011226,22.29689816654859
0.0,1.0013513279994422,3.8447251550916794,6.7180424752458165,8.632836233562008,12.942888247593695,14.969341097997194,16.655770792652376,19.02936632739464,20.560051150011226,22.29689816654859
0.0,1.0013513279994422,3.8447251550916794,6.7180424752458165,8.632836233562008,12.942888247593695,14.969341097997194,16.655770792652376,19.02936632739464,20.560051150011226,22.29689816654859
0.0,1.0013513279994422,3.8447251550916794,6.7180424752458165,8.632836233562008,12.942888247593695,14.969341097997194,16.655770792652376,19.02936632739464,20.560051150011226,22.29689816654859
0.0,1.0013513279994422,3.8447251550916794,6.7180424752458165,8.632836233562008,12.942888247593695,14.969341097997194,16.655770792652376,19.02936632739464,20.560051150011226,22.29689816654859
0.0,1.0013513279994422,3.8447251550916794,6.7180424752458165,8.632836233562008,12.942888247593695,14.969341097997194,16.655770792652376,19.02936632739464,20.560051150011226,22.29689816654859
0.0,1.0013513279994422,3.8447251550916794,6.7180424752458165,8.632836233562008,12.942888247593695,14.969341097997194,16.655770792652376,19.02936632739464,20.560051150011226,22.29689816654859
0.0,1.0013513279994422,3.8447251550916794,6.7180424752458165,8.632836233562008,12.942888247593695,15.05227323783027,16.655770792652376,19.02936632739464,20.560051150011226,22.362674316127816
0.0,1.0013513279994422,3.8447251550916794,6.7180424752458165,8.632836233562008,12.942888247593695,15.05227323783027,16.655770792652376,19.02936632739464,20.560051150011226,22.362674316127816
0.0,1.0013513279994422,3.8447251550916794,6.748041265617168,8.558157217162893,12.948597694793412,15.05227323783027,16.655770792652376,19.02936632739464,20.560051150011226,22.531054623373475
0.0,1.0013513279994422,3.786593858542573,6.703139850351661,8.558157217162893,12.948597694793412,15.05227323783027,16.655770792652376,19.02936632739464,20.560051150011226,22.461642675698563
0.0,0.9956129607317352,3.757072815230674,6.6970775373525955,8.589658663573134,13.117863942064975,15.045736570843715,16.64914302334133,19.02260370282924,20.553201559959053,22.454685047185283
0.0,0.9956129607317352,3.757072815230674,6.6970775373525955,8.589658663573134,13.117863942064975,15.045736570843715,16.64914302334133,19.02260370282924,20.553201559959053,22.454685047185283
0.0,0.9956129607317352,3.757072815230674,6.745045227864499,8.589658663573134,13.117863942064975,15.045736570843715,16.64914302334133,19.02260370282924,20.682341088708977,22.606965185133177
0.0,0.9819691248426198,3.757072815230674,6.745045227864499,8.589658663573134,13.117863942064975,15.045736570843715,16.64914302334133,19.02260370282924,20.682341088708977,22.606965185133177
0.0,0.9819691248426198,3.757072815230674,6.745045227864499,8.589658663573134,13.117863942064975,15.045736570843715,16.64914302334133,19.02260370282924,20.682341088708977,22.606965185133177
0.0,0.9819691248426198,3.757072815230674,6.745045227864499,8.589658663573134,13.117863942064975,15.045736570843715,16.64914302334133,19.02260370282924,20.682341088708977,22.606965185133177
0.0,0.9906503091773381,3.757072815230674,6.745045227864499,8.589658663573134,13.117863942064975,15.045736570843715,16.64914302334133,19.02260370282924,20.682341088708977,22.606965185133177
0.0,0.97956382854605,3.7413139774255977,6.745045227864499,8.589658663573134,13.072882136610877,15.105841331173906,16.64914302334133,19.02260370282924,20.94512662087941,22.68345084265546
0.0,0.97956382854605,3.7413139774255977,6.740981106535822,8.638165472220493,13.064380658321292,15.152841373750414,16.64914302334133,19.02260370282924,20.94512662087941,22.68345084265546
0.0,0.9906503091773381,3.7413139774255977,6.740981106535822,8.638165472220493,13.064380658321292,15.152841373750414,16.64914302334133,19.02260370282924,20.94512662087941,22.68345084265546
0.0,0.9906503091773381,3.7413139774255977,6.740981106535822,8.638165472220493,13.064380658321292,15.152841373750414,16.64914302334133,19.02260370282924,20.94512662087941,22.68345084265546
0.0,0.97956382854605,3.7413139774255977,6.740981106535822,8.638165472220493,13.064380658321292,15.152841373750414,16.64914302334133,19.02260370282924,20.94512662087941,22.68345084265546
0.0,0.9906503091773381,3.7413139774255977,6.740981106535822,8.638165472220493,13.064380658321292,15.152841373750414,16.64914302334133,19.02260370282924,20.94512662087941,22.68345084265546
0.0,0.9906503091773381,3.7413139774255977,6.740981106535822,8.638165472220493,13.064380658321292,15.152841373750414,16.64914302334133,19.02260370282924,20.94512662087941,22.68345084265546
0.0,0.9906503091773381,3.7413139774255977,6.740981106535822,8.638165472220493,13.064380658321292,15.152841373750414,16.64914302334133,19.02260370282924,20.94512662087941,22.68345084265546
0.0,0.97956382854605,3.7413139774255977,6.740981106535822,8.638165472220493,13.064380658321292,15.152841373750414,16.64914302334133,19.02260370282924,20.94512662087941,22.68345084265546
0.0,0.97956382854605,3.7413139774255977,6.740981106535822,8.638165472220493,13.064380658321292,15.152841373750414,16.64914302334133,19.02260370282924,20.94512662087941,22.68345084265546
0.0,0.9906503091773381,3.7413139774255977,6.740981106535822,8.638165472220493,13.064380658321292,15.152841373750414,16.64914302334133,19.02260370282924,20.94512662087941,22.68345084265546
0.0,0.97956382854605,3.7413139774255977,6.740981106535822,8.638165472220493,13.064380658321292,15.152841373750414,16.64914302334133,19.02260370282924,20.94512662087941,22.68345084265546
0.0,0.9906503091773381,3.7413139774255977,6.740981106535822,8.638165472220493,13.064380658321292,15.152841373750414,16.64914302334133,19.02260370282924,20.94512662087941,22.68345084265546
0.0,0.9906503091773381,3.7413139774255977,6.740981106535822,8.638165472220493,13.064380658321292,15.152841373750414,16.64914302334133,19.02260370282924,20.94512662087941,22.68345084265546
0.0,0.97956382854605,3.7413139774255977,6.725844328117803,8.638165472220493,13.064380658321292,15.152841373750414,16.64914302334133,19.02260370282924,20.94512662087941,22.68345084265546
0.0,0.9906503091773381,3.7413139774255977,6.725844328117803,8.638165472220493,13.064380658321292,15.152841373750414,16.64914302334133,19.02260370282924,20.94512662087941,22.68345084265546
0.0,0.9906503091773381,3.7413139774255977,6.725844328117803,8.638165472220493,13.064380658321292,15.152841373750414,16.64914302334133,19.02260370282924,20.94512662087941,22.68345084265546
0.0,0.97956382854605,3.7413139774255977,6.725844328117803,8.638165472220493,13.064380658321292,15.152841373750414,16.64914302334133,19.02260370282924,20.94512662087941,22.68345084265546
0.0,0.9906503091773381,3.769928709229527,6.8182823530322425,8.761374701480605,13.129752188128455,15.152841373750414,16.70279218958822,19.02260370282924,20.94512662087941,22.68345084265546
0.0,0.97956382854605,3.769928709229527,6.8182823530322425,8.761374701480605,13.129752188128455,15.152841373750414,16.70279218958822,19.02260370282924,20.94512662087941,22.68345084265546
0.0,0.97956382854605,3.716846308201948,6.850145617190734,8.784294134007622,13.150598089365332,15.14966195910553,16.70279218958822,19.02260370282924,20.94512662087941,22.68345084265546
0.0,0.9906503091773381,3.716846308201948,6.850145617190734,8.784294134007622,13.150598089365332,15.14966195910553,16.70279218958822,19.02260370282924,20.94512662087941,22.68345084265546
0.0,0.9906503091773381,3.762104584494747,6.850145617190734,8.784294134007622,13.150598089365332,15.14966195910553,16.70279218958822,19.02260370282924,20.94512662087941,22.68345084265546
0.0,0.97956382854605,3.762104584494747,6.850145617190734,8.784294134007622,13.150598089365332,15.14966195910553,16.70279218958822,19.02260370282924,20.94512662087941,22.68345084265546
0.0,0.9908161916805429,3.762104584494747,6.850145617190734,8.784294134007622,13.150598089365332,15.14966195910553,16.70279218958822,19.02260370282924,20.94512662087941,22.68345084265546
0.0,0.9908161916805429,3.762104584494747,6.850145617190734,8.784294134007622,13.150598089365332,15.14966195910553,16.70279218958822,19.02260370282924,20.94512662087941,22.68345084265546
0.0,0.9908161916805429,3.762104584494747,6.850145617190734,8.784294134007622,13.150598089365332,15.14966195910553,16.70279218958822,19.02260370282924,20.94512662087941,22.68345084265546
0.0,0.9908161916805429,3.762104584494747,6.850145617190734,8.784294134007622,13.150598089365332,15.14966195910553,16.70279218958822,19.02260370282924,20.94512662087941,22.68345084265546
0.0,0.9908161916805429,3.762104584494747,6.850145617190734,8.784294134007622,13.150598089365332,15.14966195910553,16.70279218958822,19.02260370282924,20.94512662087941,22.68345084265546
0.0,0.9908161916805429,3.762104584494747,6.850145617190734,8.784294134007622,13.150598089365332,15.14966195910553,16.70279218958822,19.02260370282924,20.94512662087941,22.68345084265546
0.0,0.9908161916805429,3.762104584494747,6.850145617190734,8.784294134007622,13.150598089365332,15.14966195910553,16.70279218958822,19.02260370282924,20.94512662087941,22.68345084265546
0.0,0.9908161916805429,3.762104584494747,6.850145617190734,8.784294134007622,13.021831796247618,15.14966195910553,16.70279218958822,19.02260370282924,20.94512662087941,22.68345084265546
0.0,0.9908161916805429,3.762104584494747,6.850145617190734,8.784294134007622,13.021831796247618,15.14966195910553,16.70279218958822,19.02260370282924,20.94512662087941,22.68345084265546
0.0,0.9908161916805429,3.762104584494747,6.850145617190734,8.784294134007622,13.021831796247618,15.14966195910553,16.70279218958822,18.887478580421778,20.94512662087941,22.761581501667948
0.0,0.9908161916805429,3.762104584494747,6.850145617190734,8.784294134007622,13.021831796247618,15.14966195910553,16.70279218958822,18.887478580421778,20.94512662087941,22.761581501667948
0.0,0.9908161916805429,3.762104584494747,6.850145617190734,8.784294134007622,13.021831796247618,15.14966195910553,16.70279218958822,18.887478580421778,20.94512662087941,22.761581501667948
0.0,0.9908161916805429,3.762104584494747,6.850145617190734,8.784294134007622,13.021831796247618,15.14966195910553,16.70279218958822,18.887478580421778,20.94512662087941,22.761581501667948
0.0,0.9908161916805429,3.762104584494747,6.850145617190734,8.784294134007622,13.19327136331641,15.14966195910553,16.70279218958822,18.887478580421778,20.94512662087941,22.890555147914665
0.0,0.9818124669214824,3.752853788577557,6.84061951038339,8.774595590323884,13.18317974213376,15.1460444489536,16.692387680949587,19.18705192392035,20.934343891596605,22.879598976098606
0.0,0.9901884915151091,3.7282073959427406,6.815239621911447,8.748756287656843,13.156293184456358,15.11869161461501,16.664667514233596,19.15873915206456,20.90561605218064,22.85040904317064
0.0,1.0217324869345736,3.7593897706002917,6.853876297353631,8.740119775701002,13.128215925625655,15.090127429541834,16.635719729059552,19.129172517572044,20.875615968398744,22.819926401550873
0.0,0.99611438181487,3.694514057396426,6.826779218655367,8.712544364444783,13.099527736893968,15.060941719594606,16.606142072300223,19.098962546021884,20.84496311618511,22.788780491577928
0.0,1.0180585744777375,3.707422840906228,6.800359522733429,8.68565829349875,13.07155670609459,15.032485604798696,16.577303808723308,19.069507774492696,20.81507653528677,22.758413178560158
0.0,1.030537855302237,3.6993333844149783,6.778507877274241,8.630645817068316,13.048421956551595,15.008949643843525,16.553451773741404,19.045145827767843,20.790357440422564,22.733296471707316
0.0,1.0199716849367313,3.7032359421590804,6.7861740668306565,8.598122791638312,13.09293549247767,15.00064804144482,16.576803539369088,19.2248844602146,20.910772215571555,22.706157580766728
0.0,1.0363734559681779,3.6365176792144918,6.831175734066257,8.668007525219073,13.191887290609303,15.039054253164505,16.893037737312238,19.33233136905283,21.141234739753774,22.669060084464164
0.0,1.065408721401943,3.5992356103819887,6.792744423015234,8.628915434639703,13.151167785286749,14.997670250352217,16.95940497449139,19.289402908200692,21.09765554630768,22.62493127307508
0.0,1.0591086779867498,3.646868902930485,6.759743279977094,8.71064005294027,13.116201759334428,14.962133617358194,16.923262125329934,19.25254004200527,21.06023389304969,22.587037660369
0.0,1.0544900749861263,3.6212063206540552,6.733309961491623,8.683723699612756,13.08819460518523,14.933669417292563,16.894312357082423,19.22301355314078,21.0302598258582,22.55668556219873
0.0,1.041539881724209,3.6886923154644196,6.778507124791126,8.668802557886652,13.072668775541072,14.917890223204438,16.878263987167568,19.20664547683934,21.013643633492542,22.539859807499624
0.0,1.041539881724209,3.6886923154644196,6.778507124791126,8.68866543648227,13.072668775541072,14.917890223204438,16.990383802918345,19.36310872107185,21.083170600623944,22.539859807499624
0.0,1.041539881724209,3.6886923154644196,6.778507124791126,8.68866543648227,13.072668775541072,14.917890223204438,16.990383802918345,19.36310872107185,21.083170600623944,22.539859807499624
0.0,1.041539881724209,3.6886923154644196,6.778507124791126,8.68866543648227,13.072668775541072,14.917890223204438,16.990383802918345,19.36310872107185,21.083170600623944,22.539859807499624
0.0,1.041539881724209,3.6886923154644196,6.778507124791126,8.68866543648227,13.072668775541072,14.917890223204438,16.990383802918345,19.36310872107185,21.083170600623944,22.539859807499624
0.0,1.041539881724209,3.6886923154644196,6.778507124791126,8.68866543648227,13.072668775541072,14.917890223204438,16.990383802918345,19.36310872107185,21.083170600623944,22.539859807499624
0.0,1.041539881724209,3.6886923154644196,6.778507124791126,8.68866543648227,13.072668775541072,14.917890223204438,16.990383802918345,19.36310872107185,21.083170600623944,22.539859807499624
0.0,1.041539881724209,3.6886923154644196,6.778507124791126,8.68866543648227,13.072668775541072,14.917890223204438,16.990383802918345,19.36310872107185,21.083170600623944,22.539859807499624
0.0,1.041539881724209,3.6886923154644196,6.778507124791126,8.68866543648227,13.072668775541072,14.917890223204438,16.990383802918345,19.36310872107185,21.083170600623944,22.539859807499624
0.0,1.041539881724209,3.6886923154644196,6.778507124791126,8.68866543648227,13.072668775541072,14.917890223204438,16.990383802918345,19.36310872107185,21.083170600623944,22.539859807499624
0.0,1.041539881724209,3.653101786294443,6.778507124791126,8.68866543648227,13.072668775541072,14.917890223204438,16.902193173317475,19.36310872107185,21.083170600623944,22.539859807499624
0.0,1.041539881724209,3.653101786294443,6.778507124791126,8.68866543648227,13.072668775541072,14.917890223204438,16.902193173317475,19.36310872107185,21.083170600623944,22.539859807499624
0.0,1.041539881724209,3.653101786294443,6.776191397099189,8.68866543648227,13.072668775541072,14.917890223204438,16.902193173317475,19.36310872107185,21.083170600623944,22.539859807499624
0.0,1.041539881724209,3.653101786294443,6.776191397099189,8.68866543648227,13.072668775541072,14.917890223204438,16.902193173317475,19.36310872107185,21.083170600623944,22.539859807499624
0.0,1.0579880266989876,3.6521159484854646,6.775175855791077,8.68763170575981,13.07159334885224,14.916797246736222,16.901081324274887,19.36197346642393,21.082018986581026,22.666623293131945
0.0,1.0579880266989876,3.6521159484854646,6.775175855791077,8.68763170575981,13.07159334885224,14.916797246736222,16.901081324274887,19.36197346642393,21.082018986581026,22.666623293131945
0.0,1.0579880266989876,3.6521159484854646,6.779889970899289,8.68763170575981,13.07159334885224,14.916797246736222,16.901081324274887,19.36197346642393,21.082018986581026,22.666623293131945
0.0,1.0579880266989876,3.6521159484854646,6.84710057109713,8.68763170575981,13.07159334885224,14.916797246736222,16.901081324274887,19.36197346642393,21.082018986581026,22.666623293131945
0.0,1.0579880266989876,3.6204679710338326,6.84710057109713,8.68763170575981,13.07159334885224,14.926528724123372,16.934466080976925,19.36197346642393,21.082018986581026,22.666623293131945
0.0,1.0579880266989876,3.6204679710338326,6.84710057109713,8.68763170575981,13.07159334885224,14.926528724123372,16.934466080976925,19.36197346642393,21.082018986581026,22.666623293131945
0.0,1.0579880266989876,3.6204679710338326,6.84710057109713,8.68763170575981,13.07159334885224,14.926528724123372,16.934466080976925,19.36197346642393,21.082018986581026,22.666623293131945
0.0,1.0579880266989876,3.6204679710338326,6.841986721082069,8.774112285259648,13.044121911978918,14.937542110004834,16.934466080976925,19.36197346642393,21.082018986581026,22.666623293131945
0.0,1.0579880266989876,3.6204679710338326,6.841986721082069,8.774112285259648,13.044121911978918,14.937542110004834,16.934466080976925,19.36197346642393,21.082018986581026,22.666623293131945
0.0,1.0579880266989876,3.6204679710338326,6.841986721082069,8.774112285259648,13.044121911978918,14.937542110004834,16.934466080976925,19.36197346642393,21.082018986581026,22.666623293131945
0.0,1.0579880266989876,3.6204679710338326,6.841986721082069,8.774112285259648,13.044121911978918,14.937542110004834,16.934466080976925,19.36197346642393,21.082018986581026,22.666623293131945
0.0,1.0579880266989876,3.6204679710338326,6.841986721082069,8.774112285259648,13.044121911978918,14.937542110004834,17.06302909739306,19.36197346642393,21.082018986581026,22.666623293131945
0.0,1.0579880266989876,3.6204679710338326,6.841986721082069,8.774112285259648,13.044121911978918,14.937542110004834,17.209814511976056,19.36197346642393,21.082018986581026,22.666623293131945
0.0,1.0579880266989876,3.6204679710338326,6.841986721082069,8.774112285259648,13.044121911978918,14.937542110004834,17.209814511976056,19.36197346642393,21.082018986581026,22.666623293131945
0.0,1.0579880266989876,3.6204679710338326,6.841986721082069,8.774112285259648,13.044121911978918,14.937542110004834,17.209814511976056,19.36197346642393,21.082018986581026,22.587007126859874
0.0,1.0579880266989876,3.6204679710338326,6.841986721082069,8.774112285259648,13.044121911978918,14.937542110004834,17.209814511976056,19.36197346642393,21.082018986581026,22.587007126859874
0.0,1.0579880266989876,3.6204679710338326,6.841986721082069,8.737198834207602,12.98230084104225,14.865203875829655,17.22198575069113,19.244547891549992,21.114824816866268,22.5754010305993
0.0,1.0579880266989876,3.6204679710338326,6.841986721082069,8.737198834207602,12.98230084104225,14.865203875829655,17.22198575069113,19.244547891549992,21.114824816866268,22.5754010305993
0.0,1.0579880266989876,3.6204679710338326,6.841986721082069,8.737198834207602,12.98230084104225,14.865203875829655,17.22198575069113,19.244547891549992,21.114824816866268,22.5754010305993
0.0,1.0579880266989876,3.6204679710338326,6.841986721082069,8.737198834207602,12.98230084104225,14.865203875829655,17.22198575069113,19.244547891549992,21.114824816866268,22.5754010305993
0.0,1.0579880266989876,3.6204679710338326,6.841986721082069,8.737198834207602,12.98230084104225,14.865203875829655,17.22198575069113,19.244547891549992,21.114824816866268,22.5754010305993
0.0,1.0579880266989876,3.6204679710338326,6.841986721082069,8.737198834207602,12.98230084104225,14.865203875829655,17.22198575069113,19.244547891549992,21.114824816866268,22.5754010305993
0.0,1.0579880266989876,3.6204679710338326,6.841986721082069,8.737198834207602,12.98230084104225,14.865203875829655,17.22198575069113,19.244547891549992,21.114824816866268,22.5754010305993
0.0,1.0129144699625285,3.6204679710338326,6.918363656212541,8.737198834207602,12.98230084104225,14.865203875829655,17.22198575069113,19.244547891549992,21.114824816866268,22.5754010305993
0.0,1.0105892852835372,3.618082763896503,6.915902535846094,8.734695846643167,12.979700136802682,14.862559829634147,17.2192874544709,19.241803038604548,21.112036912601347,22.572579505787417
0.0,1.0105892852835372,3.618082763896503,6.915902535846094,8.734695846643167,12.979700136802682,14.862559829634147,17.2192874544709,19.241803038604548,21.112036912601347,22.572579505787417
0.0,1.0105892852835372,3.5659392348009495,6.955144573206665,8.808231592803567,13.091581983397605,14.862559829634147,17.2192874544709,19.241803038604548,21.112036912601347,22.572579505787417
0.0,1.0105892852835372,3.5659392348009495,6.955144573206665,8.808231592803567,13.091581983397605,14.862559829634147,17.2192874544709,19.241803038604548,21.112036912601347,22.572579505787417
0.0,1.0105892852835372,3.5659392348009495,6.955144573206665,8.808231592803567,13.091581983397605,14.862559829634147,17.2192874544709,19.241803038604548,21.112036912601347,22.572579505787417
0.0,1.0105892852835372,3.5659392348009495,6.955144573206665,8.808231592803567,13.091581983397605,14.862559829634147,17.2192874544709,19.241803038604548,21.112036912601347,22.572579505787417
0.0,1.0105892852835372,3.5659392348009495,6.955144573206665,8.808231592803567,13.091581983397605,14.862559829634147,17.2192874544709,19.241803038604548,21.112036912601347,22.572579505787417
0.0,1.0105892852835372,3.5659392348009495,7.024352254832021,8.808231592803567,13.091581983397605,14.862559829634147,17.2192874544709,19.241803038604548,21.112036912601347,22.572579505787417
0.0,1.0105892852835372,3.5659392348009495,7.024352254832021,8.808231592803567,13.091581983397605,14.862559829634147,17.2192874544709,19.241803038604548,21.112036912601347,22.572579505787417
0.0,0.9881770784875182,3.5356565667007818,7.024352254832021,8.808231592803567,13.091581983397605,14.862559829634147,17.2192874544709,19.241803038604548,21.112036912601347,22.572579505787417
0.0,0.9881770784875182,3.5356565667007818,7.024352254832021,8.808231592803567,13.091581983397605,14.944903324959776,17.2192874544709,19.241803038604548,21.112036912601347,22.572579505787417
0.0,0.9881770784875182,3.5100189869710023,7.024352254832021,8.808231592803567,13.091581983397605,14.944903324959776,17.2192874544709,19.241803038604548,21.112036912601347,22.572579505787417
0.0,0.9881770784875182,3.5356565667007818,7.024352254832021,8.808231592803567,13.091581983397605,14.944903324959776,17.2192874544709,19.241803038604548,21.112036912601347,22.572579505787417
0.0,0.9881770784875182,3.5100189869710023,7.024352254832021,8.808231592803567,13.091581983397605,14.944903324959776,17.2192874544709,19.241803038604548,21.112036912601347,22.572579505787417
0.0,0.9881770784875182,3.5356565667007818,7.024352254832021,8.808231592803567,13.091581983397605,14.944903324959776,17.2192874544709,19.241803038604548,21.112036912601347,22.572579505787417
0.0,0.9881770784875182,3.5100189869710023,7.024352254832021,8.808231592803567,13.091581983397605,14.944903324959776,17.2192874544709,19.241803038604548,21.112036912601347,22.572579505787417
0.0,0.9881770784875182,3.5100189869710023,7.024352254832021,8.808231592803567,13.091581983397605,14.944903324959776,17.2192874544709,19.241803038604548,21.112036912601347,22.572579505787417
0.0,0.9881770784875182,3.5356565667007818,7.024352254832021,8.808231592803567,13.091581983397605,14.944903324959776,17.2192874544709,19.241803038604548,21.112036912601347,22.572579505787417
0.0,0.9881770784875182,3.5100189869710023,7.024352254832021,8.808231592803567,13.091581983397605,14.944903324959776,17.2192874544709,19.241803038604548,21.112036912601347,22.637721012133056
0.0,0.9881770784875182,3.5100189869710023,7.024352254832021,8.808231592803567,13.091581983397605,14.944903324959776,17.2192874544709,19.241803038604548,21.112036912601347,22.637721012133056
0.0,0.9881770784875182,3.5356565667007818,7.024352254832021,8.808231592803567,13.091581983397605,14.944903324959776,17.2192874544709,19.241803038604548,21.112036912601347,22.637721012133056
0.0,0.9881770784875182,3.5100189869710023,7.024352254832021,8.808231592803567,13.091581983397605,14.944903324959776,17.2192874544709,19.241803038604548,21.112036912601347,22.637721012133056
0.0,0.9881770784875182,3.5356565667007818,7.024352254832021,8.808231592803567,13.091581983397605,14.944903324959776,17.2192874544709,19.241803038604548,21.112036912601347,22.637721012133056
0.0,0.9881770784875182,3.5356565667007818,7.024352254832021,8.808231592803567,13.091581983397605,14.944903324959776,17.2192874544709,19.241803038604548,21.112036912601347,22.637721012133056
0.0,0.9736353329956275,3.5356565667007818,7.024352254832021,8.808231592803567,13.091581983397605,14.944903324959776,17.2192874544709,19.241803038604548,21.112036912601347,22.637721012133056
0.0,1.0040572632866835,3.4760735832820524,6.989254349552959,8.772548676480623,13.054494371572012,14.907207929059558,17.180846189830866,19.202698503793737,21.07231904736642,22.59750280921906
0.0,0.979015006990399,3.4741010613020658,6.99280298073679,8.733668964662298,13.014084119036637,14.86613544170415,17.13896101212819,19.160090634233022,21.029042899744482,22.55368149918388
0.0,0.9823131305229991,3.452982827629572,6.9709666082392525,8.711477295387464,12.991018851378069,14.842692185232881,17.115053890196858,19.135771015964888,21.004341843316837,22.528669276252938
0.0,0.9823131305229991,3.452982827629572,6.9709666082392525,8.738854815413804,13.090875188254866,14.842692185232881,17.115053890196858,19.135771015964888,21.004341843316837,22.528669276252938
0.0,0.9823131305229991,3.452982827629572,6.9709666082392525,8.738854815413804,13.090875188254866,14.842692185232881,17.115053890196858,19.135771015964888,21.004341843316837,22.528669276252938
0.0,0.9823131305229991,3.452982827629572,6.9709666082392525,8.738854815413804,13.090875188254866,14.842692185232881,17.115053890196858,19.135771015964888,21.004341843316837,22.528669276252938
0.0,0.9823131305229991,3.452982827629572,6.9709666082392525,8.738854815413804,13.090875188254866,14.842692185232881,17.115053890196858,19.135771015964888,21.004341843316837,22.528669276252938
0.0,0.9823131305229991,3.452982827629572,6.9709666082392525,8.738854815413804,13.090875188254866,14.842692185232881,17.115053890196858,19.135771015964888,21.004341843316837,22.528669276252938
0.0,0.9823131305229991,3.452982827629572,6.9709666082392525,8.738854815413804,13.090875188254866,14.849550336627807,17.11965353390349,19.251671020261547,21.02935068454816,22.528669276252938
0.0,0.9823131305229991,3.452982827629572,7.008713983688048,8.738854815413804,13.090875188254866,14.849550336627807,17.11965353390349,19.251671020261547,21.10368863882494,22.695110275769288
0.0,0.9823131305229991,3.452982827629572,7.008713983688048,8.738854815413804,13.090875188254866,14.849550336627807,17.11965353390349,19.251671020261547,21.10368863882494,22.695110275769288
0.0,0.9823131305229991,3.452982827629572,7.008713983688048,8.738854815413804,13.090875188254866,14.849550336627807,17.11965353390349,19.251671020261547,21.10368863882494,22.695110275769288
0.0,0.9823131305229991,3.452982827629572,7.008713983688048,8.738854815413804,13.090875188254866,14.849550336627807,17.11965353390349,19.251671020261547,21.10368863882494,22.695110275769288
0.0,0.9823131305229991,3.452982827629572,7.008713983688048,8.738854815413804,13.090875188254866,14.849550336627807,17.11965353390349,19.251671020261547,21.10368863882494,22.695110275769288
0.0,0.9823131305229991,3.452982827629572,7.008713983688048,8.738854815413804,13.090875188254866,14.849550336627807,17.11965353390349,19.251671020261547,21.10368863882494,22.695110275769288
0.0,0.9823131305229991,3.452982827629572,7.008713983688048,8.738854815413804,13.090875188254866,14.849550336627807,17.11965353390349,19.251671020261547,21.10368863882494,22.695110275769288
0.0,0.9823131305229991,3.452982827629572,7.008713983688048,8.738854815413804,13.090875188254866,14.849550336627807,17.11965353390349,19.251671020261547,21.10368863882494,22.695110275769288
0.0,0.9823131305229991,3.452982827629572,7.008713983688048,8.738854815413804,13.090875188254866,14.849550336627807,17.11965353390349,19.251671020261547,21.10368863882494,22.695110275769288
0.0,0.9823131305229991,3.452982827629572,7.008713983688048,8.738854815413804,13.090875188254866,14.849550336627807,17.11965353390349,19.251671020261547,21.10368863882494,22.695110275769288
0.0,0.9823131305229991,3.452982827629572,7.008713983688048,8.738854815413804,13.090875188254866,14.849550336627807,17.11965353390349,19.251671020261547,21.10368863882494,22.695110275769288
0.0,0.9823131305229991,3.452982827629572,7.008713983688048,8.738854815413804,13.090875188254866,14.849550336627807,17.11965353390349,19.251671020261547,21.10368863882494,22.695110275769288
0.0,0.9823131305229991,3.452982827629572,7.008713983688048,8.738854815413804,13.090875188254866,14.849550336627807,17.11965353390349,19.251671020261547,21.10368863882494,22.695110275769288
0.0,0.9977332443632128,3.4397348961673875,6.995010714145067,8.724929988342637,13.076393052287951,14.834842989099148,17.10465548261021,19.236399948116052,21.088180401913316,22.67939824536426
0.0,1.0042292901884418,3.4082099216802173,6.962402210397413,8.761860293016428,13.041931146428922,14.821567012307401,17.159790192848146,19.20006067800791,21.199282656000854,22.642009664431907
0.0,1.007683505885969,3.398012760660902,6.92870997328284,8.727601242076206,13.006323909966685,14.785399205847371,17.12288586618852,19.162513683686157,21.161105923943826,22.603378485770698
0.0,1.0051440404236933,3.4128917585975875,6.90596610455847,8.70447474695639,12.98228732524894,14.760984209616105,17.097973683656573,19.13716766979742,21.135334807016275,22.577300595687284
0.0,0.9887008175260809,3.385325793851161,6.877469018337343,8.67549824637029,13.133564839872195,14.73039327273009,17.06675979378705,19.10541020795561,21.103044709408024,22.544626124550547
0.0,0.9763304253373708,3.346931479915586,6.981637689827512,8.648187486680273,13.091550312454888,14.687785729508255,17.023284591746236,19.061177910230224,21.058070548119424,22.4991166017008
0.0,1.0030754860929696,3.3061234980084446,6.939394493317209,8.605286229664607,13.046894531456706,14.6424996526214,16.977076310455733,19.01416493824907,21.010269075140027,22.45074611152428
0.0,0.9897779865451407,3.276174340401037,6.898550469774629,8.608635357150856,13.197461141085173,14.664453268666144,17.030808922963338,19.26212678275237,21.16337210077125,22.55716437392761
0.0,0.9970808671350193,3.2300245661983396,6.910134185082378,8.560102730625836,13.146877961515013,14.613214552077139,16.978512781660193,19.208833559440123,21.109229290972184,22.502398737042792
0.0,1.0021742466945,3.2553159768830935,6.946510895532115,8.60807027437682,13.109521465297869,14.575373931169281,16.939891235498738,19.16947565208869,21.069243950259484,22.461953428454002
0.0,0.9743120444577881,3.2268322287141014,6.917008903745245,8.578109929056604,13.078319361130623,14.543767460678653,16.907632495293953,19.136601864412082,21.035846097344464,22.428171386253677
0.0,0.9743120444577881,3.2178291198967117,6.917008903745245,8.578109929056604,13.078319361130623,14.571545345200596,16.907632495293953,19.136601864412082,21.035846097344464,22.428171386253677
0.0,0.9743120444577881,3.2178291198967117,6.917008903745245,8.578109929056604,13.078319361130623,14.520257818294208,16.907632495293953,19.136601864412082,21.035846097344464,22.428171386253677
0.0,0.9743120444577881,3.2178291198967117,6.917008903745245,8.578109929056604,13.078319361130623,14.520257818294208,16.907632495293953,19.136601864412082,21.035846097344464,22.428171386253677
0.0,0.9743120444577881,3.2178291198967117,6.917008903745245,8.578109929056604,13.078319361130623,14.520257818294208,16.907632495293953,19.136601864412082,21.035846097344464,22.428171386253677
0.0,0.9743120444577881,3.2178291198967117,6.917008903745245,8.578109929056604,13.078319361130623,14.520257818294208,16.907632495293953,19.136601864412082,21.035846097344464,22.428171386253677
0.0,0.9743120444577881,3.2178291198967117,6.917008903745245,8.578109929056604,13.078319361130623,14.520257818294208,16.907632495293953,19.136601864412082,21.035846097344464,22.428171386253677
0.0,0.9743120444577881,3.2178291198967117,6.917008903745245,8.578109929056604,13.078319361130623,14.520257818294208,16.907632495293953,19.136601864412082,21.035846097344464,22.428171386253677
0.0,0.9743120444577881,3.2178291198967117,6.917008903745245,8.578109929056604,13.078319361130623,14.520257818294208,16.907632495293953,19.136601864412082,21.035846097344464,22.428171386253677
0.0,0.9743120444577881,3.2178291198967117,6.917008903745245,8.578109929056604,13.078319361130623,14.520257818294208,16.87953895299334,19.138989884128897,21.083057521630785,22.428171386253677
0.0,0.9743120444577881,3.2178291198967117,6.917008903745245,8.578109929056604,13.078319361130623,14.520257818294208,16.87953895299334,19.138989884128897,21.083057521630785,22.428171386253677
0.0,0.9743120444577881,3.2178291198967117,6.917008903745245,8.578109929056604,13.078319361130623,14.520257818294208,16.87953895299334,19.138989884128897,21.083057521630785,22.428171386253677
0.0,0.9743120444577881,3.2178291198967117,6.917008903745245,8.602333232505828,13.07085336845278,14.520257818294208,16.87953895299334,19.138989884128897,21.083057521630785,22.428171386253677
0.0,0.9659739484826622,3.209698548610075,6.908586944379716,8.593778518463003,13.061946664624655,14.51123694343281,16.870332235205243,19.12960518713875,21.073519688494997,22.41852759715798
0.0,0.9659739484826622,3.209698548610075,6.908586944379716,8.546323796004511,13.061946664624655,14.57186590925744,16.870332235205243,19.12960518713875,21.073519688494997,22.41852759715798
0.0,0.9551648521726858,3.152096151487223,6.890691018837939,8.614883360230815,13.065591535648336,14.601821637981354,16.848395055765742,19.22951535406849,21.366239462712556,22.437043832426415
0.0,0.9769013018219036,3.220966848252455,6.9317901285364,8.567899913870198,13.016682850293233,14.552248426896652,16.7978500463565,19.177940345506713,21.31374017324709,22.384081346038847
0.0,0.9705488437600657,3.193000805122951,6.90281869815786,8.538485206139988,12.986062817140557,14.712305657140467,16.8491584600433,19.407686181940225,21.28087218727992,22.35092336852911
0.0,0.9689583420170903,3.2244406369904532,6.8908899350855854,8.538485206139988,12.986062817140557,14.712305657140467,16.8491584600433,19.407686181940225,21.28087218727992,22.35092336852911
0.0,0.9689583420170903,3.2244406369904532,6.90281869815786,8.538485206139988,12.986062817140557,14.712305657140467,16.8491584600433,19.407686181940225,21.28087218727992,22.35092336852911
0.0,0.9689583420170903,3.2244406369904532,6.90281869815786,8.538485206139988,12.986062817140557,14.712305657140467,16.8491584600433,19.407686181940225,21.28087218727992,22.35092336852911
0.0,0.9919092453427732,3.2214119127827257,6.899682046093024,8.535300561732273,12.982747675673298,14.708939865716225,16.845729970891924,19.404182622632984,21.277313666533658,22.347333451246364
0.0,0.9846817233595847,3.2140248356464465,6.880104172836086,8.527533194260725,12.974662025063768,14.700730679547325,16.837367864577498,19.39563741974259,21.268634412352437,22.33857762071785
0.0,0.9989613116343393,3.2704358200394497,6.869188735995628,8.516449509011718,12.963124164042297,14.758477195396097,16.91622650013838,19.383443798213424,21.25624950563943,22.3260834429894
0.0,0.9777283558902266,3.2416348399821744,6.910319191449639,8.617174185109892,13.170176235868485,14.726472327915266,16.883619860289677,19.350149078803184,21.222432481472733,22.29196805399399
0.0,0.9777283558902266,3.2416348399821744,6.910319191449639,8.617174185109892,13.170176235868485,14.726472327915266,16.883619860289677,19.350149078803184,21.222432481472733,22.29196805399399
0.0,0.9777283558902266,3.2416348399821744,6.910319191449639,8.617174185109892,13.170176235868485,14.726472327915266,16.883619860289677,19.350149078803184,21.222432481472733,22.29196805399399
0.0,0.9777283558902266,3.2416348399821744,6.910319191449639,8.617174185109892,13.170176235868485,14.726472327915266,16.883619860289677,19.350149078803184,21.222432481472733,22.29196805399399
0.0,0.9777283558902266,3.2416348399821744,6.910319191449639,8.617174185109892,13.075669210060514,14.726472327915266,16.883619860289677,19.334690272957566,21.222432481472733,22.29196805399399
0.0,0.9777283558902266,3.2416348399821744,6.910319191449639,8.617174185109892,13.075669210060514,14.726472327915266,16.883619860289677,19.334690272957566,21.222432481472733,22.29196805399399
0.0,0.9777283558902266,3.2416348399821744,6.910319191449639,8.617174185109892,13.075669210060514,14.726472327915266,16.883619860289677,19.334690272957566,21.222432481472733,22.29196805399399
0.0,0.9777283558902266,3.2416348399821744,6.910319191449639,8.617174185109892,13.075669210060514,14.726472327915266,16.883619860289677,19.334690272957566,21.222432481472733,22.29196805399399
0.0,0.9777283558902266,3.2395517384852606,6.910319191449639,8.617174185109892,13.075669210060514,14.726472327915266,16.883619860289677,19.334690272957566,21.222432481472733,22.29196805399399
0.0,0.9777283558902266,3.2395517384852606,6.910319191449639,8.617174185109892,13.075669210060514,14.726472327915266,16.883619860289677,19.334690272957566,21.222432481472733,22.29196805399399
0.0,0.9777283558902266,3.2395517384852606,6.910319191449639,8.617174185109892,13.075669210060514,14.726472327915266,16.883619860289677,19.334690272957566,21.222432481472733,22.29196805399399
0.0,0.9777283558902266,3.2395517384852606,6.910319191449639,8.617174185109892,13.075669210060514,14.726472327915266,16.883619860289677,19.334690272957566,21.222432481472733,22.29196805399399
0.0,0.9777283558902266,3.2395517384852606,6.910319191449639,8.617174185109892,13.075669210060514,14.738299410756383,16.954801631178118,19.392482634882196,21.222432481472733,22.29196805399399
0.0,0.9777283558902266,3.214760089748784,6.910319191449639,8.617174185109892,13.075669210060514,14.738299410756383,16.954801631178118,19.392482634882196,21.222432481472733,22.29196805399399
0.0,0.9777283558902266,3.214760089748784,6.910319191449639,8.617174185109892,13.075669210060514,14.738299410756383,16.954801631178118,19.392482634882196,21.222432481472733,22.29196805399399
0.0,0.9777283558902266,3.214760089748784,6.910319191449639,8.617174185109892,13.075669210060514,14.738299410756383,16.954801631178118,19.392482634882196,21.34077183295939,22.29196805399399
0.0,0.9777283558902266,3.214760089748784,6.910319191449639,8.617174185109892,13.075669210060514,14.738299410756383,16.954801631178118,19.392482634882196,21.34077183295939,22.29196805399399
0.0,0.9777283558902266,3.214760089748784,6.9284366926268675,8.625575114173147,13.045793149117731,14.896327327605546,17.03372650960447,19.408640376098507,21.368742952401693,22.433481909633972
0.0,0.9777283558902266,3.214760089748784,6.9284366926268675,8.677734879287025,13.081342920716619,14.991766267241099,17.06028605369031,19.564804465292525,21.368742952401693,22.433481909633972
0.0,0.9777283558902266,3.219556705037762,6.887980668818107,8.677734879287025,13.081342920716619,14.991766267241099,17.06028605369031,19.564804465292525,21.368742952401693,22.433481909633972
0.0,0.9777283558902266,3.219556705037762,6.887980668818107,8.677734879287025,13.081342920716619,14.991766267241099,17.06028605369031,19.564804465292525,21.368742952401693,22.433481909633972
0.0,0.9777283558902266,3.219556705037762,6.882594755079349,8.755933413112478,13.081342920716619,14.991766267241099,17.06028605369031,19.564804465292525,21.368742952401693,22.433481909633972
0.0,0.9777283558902266,3.219556705037762,6.887980668818107,8.755933413112478,13.081342920716619,14.991766267241099,17.06028605369031,19.564804465292525,21.368742952401693,22.433481909633972
0.0,0.9777283558902266,3.219556705037762,6.887980668818107,8.755933413112478,13.081342920716619,14.991766267241099,17.06028605369031,19.564804465292525,21.368742952401693,22.433481909633972
0.0,0.9777283558902266,3.219556705037762,6.882594755079349,8.755933413112478,13.081342920716619,14.991766267241099,17.06028605369031,19.564804465292525,21.368742952401693,22.433481909633972
0.0,0.9777283558902266,3.219556705037762,6.882594755079349,8.755933413112478,13.081342920716619,14.991766267241099,17.06028605369031,19.564804465292525,21.368742952401693,22.433481909633972
0.0,0.9777283558902266,3.219556705037762,6.882594755079349,8.755933413112478,13.081342920716619,14.991766267241099,17.06028605369031,19.564804465292525,21.368742952401693,22.433481909633972
0.0,0.9777283558902266,3.219556705037762,6.887980668818107,8.755933413112478,13.081342920716619,14.991766267241099,17.06028605369031,19.564804465292525,21.368742952401693,22.433481909633972
0.0,0.9777283558902266,3.219556705037762,6.887980668818107,8.755933413112478,13.081342920716619,14.991766267241099,17.06028605369031,19.564804465292525,21.368742952401693,22.433481909633972
0.0,0.9777283558902266,3.219556705037762,6.887980668818107,8.755933413112478,13.081342920716619,14.991766267241099,17.06028605369031,19.564804465292525,21.368742952401693,22.433481909633972
0.0,0.9777283558902266,3.219556705037762,6.887980668818107,8.755933413112478,13.081342920716619,14.991766267241099,17.06028605369031,19.564804465292525,21.368742952401693,22.433481909633972
0.0,0.9777283558902266,3.219556705037762,6.887980668818107,8.755933413112478,13.081342920716619,14.991766267241099,17.06028605369031,19.564804465292525,21.368742952401693,22.433481909633972
0.0,0.9777283558902266,3.219556705037762,6.882594755079349,8.755933413112478,13.081342920716619,14.991766267241099,17.06028605369031,19.564804465292525,21.368742952401693,22.433481909633972
0.0,0.9777283558902266,3.219556705037762,6.882594755079349,8.755933413112478,13.081342920716619,14.991766267241099,17.06028605369031,19.564804465292525,21.368742952401693,22.433481909633972
0.0,0.9777283558902266,3.219556705037762,6.887980668818107,8.784589763310349,13.190596112384434,14.991766267241099,17.06028605369031,19.564804465292525,21.368742952401693,22.433481909633972
0.0,0.9777283558902266,3.219556705037762,6.887980668818107,8.784589763310349,13.190596112384434,14.991766267241099,17.06028605369031,19.564804465292525,21.368742952401693,22.433481909633972
0.0,0.9777283558902266,3.219556705037762,6.882594755079349,8.784589763310349,13.190596112384434,15.07530960095998,17.06028605369031,19.564804465292525,21.368742952401693,22.433481909633972
0.0,0.9777283558902266,3.219556705037762,6.882594755079349,8.784589763310349,13.190596112384434,15.07530960095998,17.06028605369031,19.564804465292525,21.368742952401693,22.433481909633972
0.0,0.9501957841314962,3.219556705037762,6.877154022880136,8.784589763310349,13.190596112384434,15.07530960095998,17.06028605369031,19.564804465292525,21.368742952401693,22.433481909633972
0.0,0.9501957841314962,3.219556705037762,6.877154022880136,8.784589763310349,13.190596112384434,15.07530960095998,17.06028605369031,19.564804465292525,21.368742952401693,22.433481909633972
0.0,0.9501957841314962,3.219556705037762,6.877154022880136,8.784589763310349,13.190596112384434,15.067799471878956,17.06028605369031,19.564804465292525,21.368742952401693,22.433481909633972
0.0,0.9501957841314962,3.219556705037762,6.877154022880136,8.784589763310349,13.190596112384434,15.067799471878956,17.06028605369031,19.564804465292525,21.368742952401693,22.433481909633972
0.0,0.9501957841314962,3.219556705037762,6.877154022880136,8.784589763310349,13.190596112384434,14.999440851703454,17.058751136797838,19.564804465292525,21.368742952401693,22.433481909633972
0.0,0.9501957841314962,3.219556705037762,6.877154022880136,8.784589763310349,13.190596112384434,14.999440851703454,17.058751136797838,19.564804465292525,21.368742952401693,22.433481909633972
0.0,0.9501957841314962,3.219556705037762,6.877154022880136,8.784589763310349,13.326121051220735,15.078461662435597,17.155012353340066,19.63268342393912,21.368742952401693,22.433481909633972
0.0,0.9501957841314962,3.219556705037762,6.877154022880136,8.784589763310349,13.326121051220735,15.078461662435597,17.09236855766602,19.556979130063926,21.369510410847926,22.47918680103037
0.0,0.9501957841314962,3.219556705037762,6.877154022880136,8.784589763310349,13.326121051220735,15.082312659281888,17.09236855766602,19.556979130063926,21.369510410847926,22.47918680103037
0.0,0.9501957841314962,3.219556705037762,6.877154022880136,8.784589763310349,13.326121051220735,15.082312659281888,17.09236855766602,19.556979130063926,21.369510410847926,22.47918680103037
0.0,0.9501957841314962,3.2334531847606867,6.949719959894818,8.796375732306114,13.326121051220735,15.198349635429844,17.09236855766602,19.7262311266893,21.49866270365743,22.47918680103037
0.0,0.9501957841314962,3.2334531847606867,6.949719959894818,8.796375732306114,13.326121051220735,15.198349635429844,17.09236855766602,19.7262311266893,21.49866270365743,22.47918680103037
0.0,0.9501957841314962,3.2334531847606867,6.949719959894818,8.796375732306114,13.326121051220735,15.198349635429844,17.09236855766602,19.7262311266893,21.49866270365743,22.47918680103037
0.0,0.9501957841314962,3.2334531847606867,6.949719959894818,8.796375732306114,13.326121051220735,15.198349635429844,17.09236855766602,19.7262311266893,21.49866270365743,22.47918680103037
0.0,0.9501957841314962,3.2334531847606867,6.949719959894818,8.796375732306114,13.326121051220735,15.198349635429844,17.09236855766602,19.7262311266893,21.49866270365743,22.47918680103037
0.0,0.9501957841314962,3.2334531847606867,6.949719959894818,8.796375732306114,13.326121051220735,15.198349635429844,17.09236855766602,19.7262311266893,21.49866270365743,22.47918680103037
0.0,0.9501957841314962,3.2334531847606867,6.949719959894818,8.796375732306114,13.326121051220735,15.198349635429844,17.09236855766602,19.7262311266893,21.49866270365743,22.47918680103037
0.0,0.9501957841314962,3.2334531847606867,6.949719959894818,8.796375732306114,13.326121051220735,15.198349635429844,17.09236855766602,19.839184564437183,21.49866270365743,22.360107400327706
0.0,0.9501957841314962,3.2334531847606867,6.949719959894818,8.796375732306114,13.326121051220735,15.198349635429844,17.09236855766602,19.839184564437183,21.49866270365743,22.360107400327706
0.0,0.9501957841314962,3.2334531847606867,6.949719959894818,8.796375732306114,13.326121051220735,15.198349635429844,17.09236855766602,19.839184564437183,21.49866270365743,22.360107400327706
0.0,0.9501957841314962,3.2334531847606867,6.949719959894818,8.796375732306114,13.326121051220735,15.198349635429844,17.09236855766602,19.839184564437183,21.49866270365743,22.360107400327706
0.0,0.9501957841314962,3.2334531847606867,6.949719959894818,8.796375732306114,13.326121051220735,15.198349635429844,17.09236855766602,19.839184564437183,21.49866270365743,22.360107400327706
0.0,0.9501957841314962,3.2334531847606867,6.949719959894818,8.796375732306114,13.326121051220735,15.198349635429844,17.09236855766602,19.839184564437183,21.49866270365743,22.360107400327706
0.0,0.9501957841314962,3.2334531847606867,6.949719959894818,8.796375732306114,13.326121051220735,15.198349635429844,17.09236855766602,19.839184564437183,21.49866270365743,22.360107400327706
0.0,0.9501957841314962,3.2334531847606867,6.949719959894818,8.796375732306114,13.326121051220735,15.198349635429844,17.09236855766602,19.839184564437183,21.49866270365743,22.360107400327706
0.0,0.9501957841314962,3.2334531847606867,6.949719959894818,8.796375732306114,13.434963104435205,15.266393049457772,17.222123853540428,19.833168238403292,21.49866270365743,22.360107400327706
0.0,0.9501957841314962,3.2334531847606867,6.949719959894818,8.796375732306114,13.434963104435205,15.266393049457772,17.222123853540428,19.833168238403292,21.49866270365743,22.360107400327706
0.0,0.9501957841314962,3.2334531847606867,6.949719959894818,8.796375732306114,13.434963104435205,15.266393049457772,17.222123853540428,19.833168238403292,21.49866270365743,22.360107400327706
0.0,0.9501957841314962,3.2334531847606867,6.949719959894818,8.796375732306114,13.434963104435205,15.266393049457772,17.222123853540428,19.833168238403292,21.49866270365743,22.360107400327706
0.0,0.9501957841314962,3.2334531847606867,6.949719959894818,8.796375732306114,13.434963104435205,15.266393049457772,17.222123853540428,19.833168238403292,21.49866270365743,22.360107400327706
0.0,0.9501957841314962,3.2334531847606867,6.949719959894818,8.796375732306114,13.434963104435205,15.266393049457772,17.222123853540428,19.833168238403292,21.49866270365743,22.360107400327706
0.0,0.9501957841314962,3.2334531847606867,6.949719959894818,8.796375732306114,13.434963104435205,15.266393049457772,17.222123853540428,19.833168238403292,21.49866270365743,22.360107400327706
0.0,0.9501957841314962,3.2334531847606867,6.953872458273559,8.796375732306114,13.434963104435205,15.266393049457772,17.207734007673494,19.833168238403292,21.49866270365743,22.360107400327706
0.0,0.9501957841314962,3.2334531847606867,6.953872458273559,8.796375732306114,13.434963104435205,15.266393049457772,17.207734007673494,19.833168238403292,21.49866270365743,22.360107400327706
0.0,0.9257878646181358,3.2334531847606867,6.953872458273559,8.796375732306114,13.434963104435205,15.266393049457772,17.207734007673494,19.833168238403292,21.49866270365743,22.360107400327706
0.0,0.9257878646181358,3.2334531847606867,6.956860064367848,8.900859717915178,13.397467277490504,15.2693121324765,17.248683397626262,19.960278543561216,21.49866270365743,22.360107400327706
0.0,0.9257878646181358,3.2334531847606867,6.956860064367848,8.900859717915178,13.397467277490504,15.2693121324765,17.248683397626262,19.957482802078506,21.49866270365743,22.360107400327706
0.0,0.9257878646181358,3.2334531847606867,6.956860064367848,8.900859717915178,13.397467277490504,15.2693121324765,17.248683397626262,19.957482802078506,21.49866270365743,22.360107400327706
0.0,0.9257878646181358,3.2334531847606867,6.956860064367848,8.900859717915178,13.397467277490504,15.2693121324765,17.248683397626262,19.957482802078506,21.49866270365743,22.360107400327706
0.0,0.9257878646181358,3.2334531847606867,6.956860064367848,8.900859717915178,13.397467277490504,15.2693121324765,17.248683397626262,19.957482802078506,21.49866270365743,22.360107400327706
0.0,0.9257878646181358,3.2334531847606867,6.956860064367848,8.900859717915178,13.397467277490504,15.2693121324765,17.248683397626262,19.957482802078506,21.49866270365743,22.360107400327706
0.0,0.9257878646181358,3.2334531847606867,6.956860064367848,8.900859717915178,13.397467277490504,15.257567277326048,17.248683397626262,19.957482802078506,21.49866270365743,22.360107400327706
0.0,0.9257878646181358,3.2334531847606867,6.956860064367848,8.900859717915178,13.397467277490504,15.257567277326048,17.248683397626262,19.957482802078506,21.49866270365743,22.360107400327706
0.0,0.9257878646181358,3.2334531847606867,6.956860064367848,8.900859717915178,13.397467277490504,15.257567277326048,17.248683397626262,19.957482802078506,21.49866270365743,22.360107400327706
0.0,0.9257878646181358,3.2334531847606867,6.956860064367848,8.900859717915178,13.397467277490504,15.257567277326048,17.248683397626262,19.957482802078506,21.49866270365743,22.360107400327706
0.0,0.9257878646181358,3.2334531847606867,6.956860064367848,8.900859717915178,13.397467277490504,15.257567277326048,17.248683397626262,19.957482802078506,21.49866270365743,22.360107400327706
0.0,0.9257878646181358,3.2334531847606867,6.956860064367848,8.900859717915178,13.397467277490504,15.257567277326048,17.248683397626262,19.957482802078506,21.49866270365743,22.360107400327706
0.0,0.9257878646181358,3.2334531847606867,6.956860064367848,8.922225212873794,13.487369552621079,15.218495419643553,17.301802485797914,19.98959271528443,21.571804234506807,22.463645767494082
0.0,0.9257878646181358,3.2334531847606867,6.956860064367848,8.98237476859758,13.483833761922343,15.218495419643553,17.441137307635174,20.187829972870354,21.636024060918672,22.463645767494082
0.0,0.9257878646181358,3.2334531847606867,6.956860064367848,8.98237476859758,13.483833761922343,15.218495419643553,17.441137307635174,20.187829972870354,21.636024060918672,22.463645767494082
0.0,0.9257878646181358,3.2334531847606867,6.956860064367848,8.98237476859758,13.483833761922343,15.218495419643553,17.441137307635174,20.187829972870354,21.636024060918672,22.463645767494082
0.0,0.9257878646181358,3.2334531847606867,6.956860064367848,9.077909640538923,13.364192472000111,15.302285436434444,17.41494778815735,20.187829972870354,21.575668935968203,22.463645767494082
0.0,0.9257878646181358,3.2334531847606867,6.956860064367848,9.077909640538923,13.364192472000111,15.302285436434444,17.41494778815735,20.187829972870354,21.575668935968203,22.463645767494082
0.0,0.9257878646181358,3.2334531847606867,6.956860064367848,9.077909640538923,13.364192472000111,15.302285436434444,17.41494778815735,20.187829972870354,21.575668935968203,22.463645767494082
0.0,0.9257878646181358,3.2334531847606867,6.956860064367848,9.077909640538923,13.364192472000111,15.302285436434444,17.41494778815735,20.187829972870354,21.575668935968203,22.463645767494082
0.0,0.9257878646181358,3.2334531847606867,6.956860064367848,9.077909640538923,13.364192472000111,15.302285436434444,17.41494778815735,20.306100801281453,21.575668935968203,22.463645767494082
0.0,0.9257878646181358,3.2334531847606867,6.956860064367848,9.077909640538923,13.364192472000111,15.302285436434444,17.41494778815735,20.306100801281453,21.575668935968203,22.463645767494082
0.0,0.9162357478855119,3.1855692595615888,6.956860064367848,9.077909640538923,13.364192472000111,15.474689494535438,17.41494778815735,20.306100801281453,21.575668935968203,22.463645767494082
0.0,0.9162357478855119,3.1855692595615888,6.956860064367848,9.077909640538923,13.364192472000111,15.474689494535438,17.41494778815735,20.306100801281453,21.575668935968203,22.463645767494082
0.0,0.9162357478855119,3.1855692595615888,6.956860064367848,9.077909640538923,13.364192472000111,15.474689494535438,17.41494778815735,20.306100801281453,21.575668935968203,22.463645767494082
0.0,0.9162357478855119,3.1855692595615888,6.956860064367848,9.077909640538923,13.364192472000111,15.474689494535438,17.41494778815735,20.306100801281453,21.575668935968203,22.463645767494082
0.0,0.9162357478855119,3.1855692595615888,6.956860064367848,9.077909640538923,13.364192472000111,15.474689494535438,17.41494778815735,20.306100801281453,21.575668935968203,22.463645767494082
0.0,0.9162357478855119,3.1855692595615888,6.956860064367848,9.077909640538923,13.364192472000111,15.474689494535438,17.41494778815735,20.306100801281453,21.575668935968203,22.463645767494082
0.0,0.9162357478855119,3.1855692595615888,6.956860064367848,9.077909640538923,13.364192472000111,15.474689494535438,17.41494778815735,20.306100801281453,21.575668935968203,22.463645767494082
0.0,0.9162357478855119,3.1855692595615888,6.956860064367848,9.077909640538923,13.364192472000111,15.474689494535438,17.41494778815735,20.306100801281453,21.575668935968203,22.463645767494082
0.0,0.9162357478855119,3.1855692595615888,6.956860064367848,9.077909640538923,13.364192472000111,15.474689494535438,17.41494778815735,20.306100801281453,21.575668935968203,22.463645767494082
0.0,0.9162357478855119,3.1855692595615888,6.956860064367848,9.077909640538923,13.364192472000111,15.474689494535438,17.41494778815735,20.306100801281453,21.575668935968203,22.463645767494082
0.0,0.9162357478855119,3.1855692595615888,6.956860064367848,9.077909640538923,13.364192472000111,15.49758990638652,17.41494778815735,20.306100801281453,21.575668935968203,22.463645767494082
0.0,0.9162357478855119,3.1855692595615888,6.956860064367848,9.077909640538923,13.364192472000111,15.49758990638652,17.41494778815735,20.306100801281453,21.575668935968203,22.463645767494082
0.0,0.9162357478855119,3.1855692595615888,6.956531153605168,9.010729617263,13.364192472000111,15.49758990638652,17.41494778815735,20.306100801281453,21.575668935968203,22.463645767494082
0.0,0.9162357478855119,3.1855692595615888,6.956531153605168,9.010729617263,13.347212453877127,15.49758990638652,17.41494778815735,20.306100801281453,21.575668935968203,22.463645767494082
0.0,0.9162357478855119,3.1855692595615888,6.956531153605168,9.010729617263,13.347212453877127,15.49758990638652,17.41494778815735,20.306100801281453,21.575668935968203,22.463645767494082
0.0,0.9162357478855119,3.1855692595615888,6.956531153605168,9.010729617263,13.347212453877127,15.49758990638652,17.41494778815735,20.306100801281453,21.575668935968203,22.463645767494082
0.0,0.9162357478855119,3.1855692595615888,6.956531153605168,9.010729617263,13.347212453877127,15.49758990638652,17.41494778815735,20.306100801281453,21.646508091478857,22.458287262985536
0.0,0.9162357478855119,3.1855692595615888,6.956531153605168,9.010729617263,13.347212453877127,15.49758990638652,17.41494778815735,20.306100801281453,21.646508091478857,22.458287262985536
0.0,0.9162357478855119,3.1855692595615888,6.956531153605168,9.010729617263,13.347212453877127,15.49758990638652,17.41494778815735,20.306100801281453,21.646508091478857,22.458287262985536
0.0,0.9162357478855119,3.1855692595615888,6.956531153605168,9.010729617263,13.347212453877127,15.49758990638652,17.41494778815735,20.306100801281453,21.646508091478857,22.458287262985536
0.0,0.9162357478855119,3.1855692595615888,6.956531153605168,9.010729617263,13.347212453877127,15.49758990638652,17.41494778815735,20.306100801281453,21.646508091478857,22.458287262985536
0.0,0.9162357478855119,3.1855692595615888,6.956531153605168,9.010729617263,13.347212453877127,15.49758990638652,17.41494778815735,20.306100801281453,21.646508091478857,22.458287262985536
0.0,0.9116166786302295,3.180846319917404,7.059211916549281,9.005740052343745,13.416957807888164,15.492303429313312,17.409573551084204,20.300594232320414,21.640940170307665,22.45268218561063
0.0,0.9410874901433556,3.1636126721533016,7.041330489774085,9.122426735303051,13.398014486806293,15.473013476306003,17.389963368507882,20.280501180743922,21.62062324917979,22.43222968431971
0.0,0.9643478458632764,3.154270172486045,7.043706927472243,9.223915629290829,13.468372355434829,15.49256024022933,17.49838951114849,20.31412136359016,21.777275488537796,22.601152537338546
0.0,0.9949366835434733,3.1183349701449097,7.032928886301888,9.212918066769591,13.456947426086963,15.534988063307823,17.486558806514356,20.30200714790525,21.765013950456737,22.58880804453734
0.0,0.9765525200071626,3.1183349701449097,7.032928886301888,9.212918066769591,13.456947426086963,15.534988063307823,17.486558806514356,20.30200714790525,21.765013950456737,22.58880804453734
0.0,0.9765525200071626,3.1183349701449097,7.032928886301888,9.212918066769591,13.456947426086963,15.534988063307823,17.486558806514356,20.30200714790525,21.765013950456737,22.58880804453734
0.0,0.9765525200071626,3.1183349701449097,7.032928886301888,9.212918066769591,13.456947426086963,15.534988063307823,17.486558806514356,20.30200714790525,21.765013950456737,22.58880804453734
0.0,0.9765525200071626,3.1183349701449097,7.032928886301888,9.212918066769591,13.456947426086963,15.534988063307823,17.486558806514356,20.30200714790525,21.765013950456737,22.58880804453734
0.0,0.9765525200071626,3.1183349701449097,7.032928886301888,9.212918066769591,13.456947426086963,15.534988063307823,17.486558806514356,20.30200714790525,21.765013950456737,22.58880804453734
0.0,0.9765525200071626,3.1183349701449097,7.032928886301888,9.212918066769591,13.456947426086963,15.534988063307823,17.486558806514356,20.30200714790525,21.765013950456737,22.58880804453734
0.0,0.9765525200071626,3.1183349701449097,7.032928886301888,9.212918066769591,13.456947426086963,15.534988063307823,17.486558806514356,20.30200714790525,21.765013950456737,22.58880804453734
0.0,0.9765525200071626,3.1183349701449097,7.032928886301888,9.212918066769591,13.456947426086963,15.534988063307823,17.486558806514356,20.30200714790525,21.765013950456737,22.58880804453734
0.0,0.9765525200071626,3.1183349701449097,7.032928886301888,9.212918066769591,13.456947426086963,15.534988063307823,17.486558806514356,20.30200714790525,21.765013950456737,22.58880804453734
0.0,0.9765525200071626,3.1183349701449097,7.032928886301888,9.212918066769591,13.456947426086963,15.534988063307823,17.486558806514356,20.30200714790525,21.765013950456737,22.58880804453734
0.0,0.9765525200071626,3.1183349701449097,7.032928886301888,9.212918066769591,13.456947426086963,15.505302159892631,17.546971743321453,20.30200714790525,21.765013950456737,22.58880804453734
0.0,0.9765525200071626,3.1183349701449097,7.032928886301888,9.212918066769591,13.456947426086963,15.505302159892631,17.546971743321453,20.30200714790525,21.765013950456737,22.58880804453734
0.0,0.9765525200071626,3.1183349701449097,7.032928886301888,9.212918066769591,13.456947426086963,15.505302159892631,17.546971743321453,20.30200714790525,21.765013950456737,22.58880804453734
0.0,0.9765525200071626,3.0692922686098827,7.007311609243095,9.212918066769591,13.456947426086963,15.505302159892631,17.546971743321453,20.370680629132927,21.970294643893126,22.58880804453734
0.0,0.9765525200071626,3.0692922686098827,7.007311609243095,9.212918066769591,13.456947426086963,15.505302159892631,17.546971743321453,20.370680629132927,21.970294643893126,22.58880804453734
0.0,0.9514695070153706,3.0692922686098827,7.007311609243095,9.212918066769591,13.521702970823297,15.505302159892631,17.546971743321453,20.370680629132927,21.970294643893126,22.58880804453734
0.0,0.9514695070153706,3.059579621853371,7.007311609243095,9.212918066769591,13.521702970823297,15.505302159892631,17.546971743321453,20.370680629132927,21.970294643893126,22.58880804453734
0.0,0.9514695070153706,3.059579621853371,7.007311609243095,9.212918066769591,13.521702970823297,15.505302159892631,17.546971743321453,20.370680629132927,21.970294643893126,22.58880804453734
0.0,0.9514695070153706,3.059579621853371,7.007311609243095,9.212918066769591,13.521702970823297,15.505302159892631,17.546971743321453,20.370680629132927,21.970294643893126,22.58880804453734
0.0,0.9514695070153706,3.059579621853371,7.007311609243095,9.212918066769591,13.521702970823297,15.505302159892631,17.546971743321453,20.370680629132927,21.970294643893126,22.58880804453734
0.0,0.970401633697316,3.059579621853371,7.007311609243095,9.212918066769591,13.521702970823297,15.505302159892631,17.546971743321453,20.370680629132927,21.970294643893126,22.58880804453734
0.0,0.970401633697316,3.059579621853371,7.107616263052995,9.212918066769591,13.500880371288856,15.505302159892631,17.546971743321453,20.370680629132927,21.970294643893126,22.58880804453734
0.0,0.970401633697316,3.059579621853371,7.107616263052995,9.212918066769591,13.500880371288856,15.505302159892631,17.546971743321453,20.370680629132927,21.970294643893126,22.58880804453734
0.0,0.970401633697316,3.059579621853371,7.0912732622342105,9.282632677973986,13.500880371288856,15.528522098189237,17.546971743321453,20.370680629132927,21.970294643893126,22.58880804453734
0.0,0.9246604101147913,3.107827776827213,7.052408976129487,9.282632677973986,13.500880371288856,15.528522098189237,17.546971743321453,20.370680629132927,21.970294643893126,22.58880804453734
0.0,0.9246604101147913,3.107827776827213,7.052408976129487,9.282632677973986,13.500880371288856,15.528522098189237,17.5512869530934,20.370680629132927,21.970294643893126,22.58880804453734
0.0,0.9246604101147913,3.107827776827213,7.052408976129487,9.282632677973986,13.500880371288856,15.528522098189237,17.5512869530934,20.370680629132927,21.970294643893126,22.58880804453734
0.0,0.9246604101147913,3.107827776827213,7.052408976129487,9.282632677973986,13.500880371288856,15.528522098189237,17.5512869530934,20.370680629132927,21.970294643893126,22.58880804453734
0.0,0.9246604101147913,3.107827776827213,7.052408976129487,9.282632677973986,13.500880371288856,15.528522098189237,17.5512869530934,20.370680629132927,21.970294643893126,22.58880804453734
0.0,0.9246604101147913,3.107827776827213,7.052408976129487,9.282632677973986,13.500880371288856,15.528522098189237,17.5512869530934,20.370680629132927,21.970294643893126,22.58880804453734
0.0,0.9246604101147913,3.107827776827213,7.052408976129487,9.282632677973986,13.500880371288856,15.528522098189237,17.5512869530934,20.370680629132927,21.970294643893126,22.58880804453734
0.0,0.9246604101147913,3.107827776827213,7.052408976129487,9.282632677973986,13.500880371288856,15.528522098189237,17.5512869530934,20.370680629132927,21.970294643893126,22.58880804453734
0.0,0.9246604101147913,3.107827776827213,7.052408976129487,9.282632677973986,13.500880371288856,15.551262568733417,17.5512869530934,20.321131061688185,21.970294643893126,22.58880804453734
0.0,0.9246604101147913,3.107827776827213,7.052408976129487,9.28852328178963,13.500880371288856,15.551262568733417,17.5512869530934,20.321131061688185,21.970294643893126,22.58880804453734
0.0,0.9246604101147913,3.097663060475543,7.052408976129487,9.28852328178963,13.500880371288856,15.551262568733417,17.5512869530934,20.321131061688185,21.970294643893126,22.58880804453734
0.0,0.9183286145251179,3.0911949353848143,7.045692738806869,9.281666755476776,13.493759570774507,15.544013131660847,17.54391203880322,20.313582373350716,21.962642490588287,22.58111708703532
0.0,0.9080031327361243,3.0752368933097363,7.034740334361225,9.270485576840093,13.482147430901595,15.532191219627647,17.531885506657613,20.30127246175369,21.95016385502958,22.568575172107348
0.0,0.9080031327361243,3.0752368933097363,7.034740334361225,9.270485576840093,13.482147430901595,15.532191219627647,17.531885506657613,20.30127246175369,21.95016385502958,22.568575172107348
0.0,0.8782399479740037,3.0752368933097363,7.034740334361225,9.270485576840093,13.482147430901595,15.532191219627647,17.531885506657613,20.30127246175369,21.95016385502958,22.568575172107348
0.0,0.9012916920856758,3.027503483785564,6.988006792525808,9.270485576840093,13.482147430901595,15.532191219627647,17.531885506657613,20.30127246175369,22.123798412429252,22.533963313895725
0.0,0.879688128873202,3.0094298371446455,6.9692383727912794,9.25131675222708,13.462239773592966,15.511923932455316,17.5112674222058,20.280168556336154,22.102374789568195,22.51246773767034
0.0,0.8628644075106849,2.9922509384244393,6.951399096182439,9.233096893050082,13.443317658125286,15.492659990839977,17.491670049764068,20.260109413819343,22.08201175743295,22.492036314270024
0.0,0.8544556378563564,3.0470652118714048,6.920333711719547,9.201368760648528,13.41036661393533,15.459113689290142,17.457543110498868,20.225178346380666,22.046551495451364,22.45645695547806
0.0,0.849276712331762,3.043508362509113,6.8766648259058,9.27272796929413,13.364047039558468,15.411957356375503,17.409570570010125,20.17607543580333,21.996704691422618,22.406442736009172
0.0,0.8274530236549629,3.043508362509113,6.8766648259058,9.27272796929413,13.364047039558468,15.411957356375503,17.409570570010125,20.17607543580333,21.996704691422618,22.406442736009172
0.0,0.8274530236549629,3.043508362509113,6.8766648259058,9.27272796929413,13.364047039558468,15.411957356375503,17.409570570010125,20.17607543580333,21.996704691422618,22.406442736009172
0.0,0.820831484028294,3.036741290115315,6.869646022493749,9.26555181164396,13.35660219683755,15.404378023305892,17.40186004970275,20.168183233612236,21.988692924882724,22.398404061155947
0.0,0.8439527390843721,3.02495742752829,6.857423807314143,9.253055587171772,13.343638096780671,15.391179728061493,17.388433311153328,20.1544401227488,21.974741610268165,22.38440588966616
0.0,0.8692882845811075,3.0227686115026664,6.857423807314143,9.253055587171772,13.343638096780671,15.391179728061493,17.388433311153328,20.1544401227488,21.974741610268165,22.38440588966616
0.0,0.8692882845811075,3.0227686115026664,6.857423807314143,9.253055587171772,13.343638096780671,15.391179728061493,17.388433311153328,20.1544401227488,22.153417398460814,22.38440588966616
0.0,0.8692882845811075,3.0227686115026664,6.857423807314143,9.253055587171772,13.343638096780671,15.391179728061493,17.388433311153328,20.1544401227488,22.153417398460814,22.38440588966616
0.0,0.8692882845811075,3.0227686115026664,6.857423807314143,9.253055587171772,13.343638096780671,15.391179728061493,17.388433311153328,20.1544401227488,22.153417398460814,22.38440588966616
0.0,0.8692882845811075,3.0227686115026664,6.857423807314143,9.253055587171772,13.343638096780671,15.391179728061493,17.388433311153328,20.1544401227488,22.153417398460814,22.38440588966616
0.0,0.8876162521516737,3.0793492956995174,6.838905754289164,9.234122378748626,13.323996003367444,15.371182802170107,17.36809026754323,20.13361773892087,22.132248598203695,22.36319705983528
0.0,0.8876162521516737,3.0793492956995174,6.838905754289164,9.234122378748626,13.323996003367444,15.371182802170107,17.36809026754323,20.13361773892087,22.132248598203695,22.36319705983528
0.0,0.8876162521516737,3.0793492956995174,6.838905754289164,9.234122378748626,13.323996003367444,15.371182802170107,17.36809026754323,20.13361773892087,22.132248598203695,22.36319705983528
0.0,0.8876162521516737,3.0793492956995174,6.838905754289164,9.234122378748626,13.323996003367444,15.371182802170107,17.34378494232443,20.13361773892087,22.132248598203695,22.36319705983528
0.0,0.8876162521516737,3.0793492956995174,6.838905754289164,9.234122378748626,13.323996003367444,15.371182802170107,17.34378494232443,20.13361773892087,22.132248598203695,22.36319705983528
0.0,0.8876162521516737,3.0793492956995174,6.838905754289164,9.234122378748626,13.323996003367444,15.371182802170107,17.34378494232443,20.13361773892087,22.132248598203695,22.36319705983528
0.0,0.8876162521516737,3.0793492956995174,6.838905754289164,9.234122378748626,13.323996003367444,15.371182802170107,17.34378494232443,20.13361773892087,22.132248598203695,22.36319705983528
0.0,0.8555830097980398,3.0793492956995174,6.964139045061958,9.261724036763,13.450528678437262,15.371182802170107,17.34378494232443,20.13361773892087,22.132248598203695,22.36319705983528
0.0,0.8390813820907032,3.1083685183314436,6.902347259835135,9.198604966713292,13.384989790688968,15.304534377635296,17.275996971312914,20.064218117962696,22.061694394317946,22.29250944004148
0.0,0.8648495945821235,3.1395365356947513,6.829811916045527,9.124511566936444,13.308055846525338,15.226297984740627,17.196422902299187,19.982752186098267,21.978873135539466,22.209531568717786
0.0,0.8811279355003641,3.1708373288830756,6.7646477399568745,9.116433777995235,13.238940063477362,15.156012110065289,17.124935288476866,19.909564963816155,22.1196136530938,22.13498605289198
0.0,0.8696859950838474,3.229443636728804,6.6991553913928135,9.04949877969447,13.169476207316604,15.085372269593666,17.05308765679508,19.83600916429811,22.044702149396834,22.06006511934546
0.0,0.8532171182352141,3.1765554094745316,6.644489503644377,8.993628724889941,13.111495337081921,15.026409815590172,16.99311707008348,19.774612784906292,21.982174175641866,21.997529274577946
0.0,0.8860044985185167,3.1702410228302336,6.650138566419958,9.089169273491041,13.256521468287444,15.112020635225932,17.049987643454873,19.72360868913892,21.93023002530059,21.94557858551433
0.0,0.8995640352074934,3.1945996724745385,6.614199365388754,9.052408162464397,13.218356033644255,15.073229930344276,17.01054387813807,19.68326396105232,21.889141705045564,21.904485093067326
0.0,0.9289729649185906,3.2603743486599583,6.566090695710261,9.003199273656334,13.167267299457006,15.02130420149663,16.95774395432078,19.62925799706048,21.8341403591593,21.84947682361937
0.0,0.9603119870469886,3.2928230074111617,6.508542262630298,8.944334739188106,13.106154061029024,14.959189735399617,16.89458376089342,19.564655117257864,21.768346786104864,21.783674968479207
0.0,0.9801687205109602,3.305467231943843,6.544631093790641,9.114747281840765,13.108093269915402,15.130706624118941,17.03689109715683,19.830571962831474,21.781276162312516,21.9031475528233
0.0,1.008107836124344,3.3279933853547576,6.489151927412973,9.057929822748177,13.049196423957406,15.070756577247458,16.975948475394983,19.768174635337754,21.71786307793151,21.83967100843421
0.0,1.0163872594268784,3.30977145563292,6.47037252621699,9.03869741662346,13.029260156496322,15.050463806908162,16.955319723762166,19.74705347359237,21.69639808791059,21.818184537539842
0.0,0.9810084113823081,3.30977145563292,6.47037252621699,9.03869741662346,13.029260156496322,15.050463806908162,16.955319723762166,19.74705347359237,21.69639808791059,21.818184537539842
0.0,0.9810084113823081,3.271102184365124,6.47037252621699,9.03869741662346,13.029260156496322,15.050463806908162,16.955319723762166,19.74705347359237,21.69639808791059,21.818184537539842
0.0,0.9810084113823081,3.271102184365124,6.47037252621699,9.03869741662346,13.029260156496322,15.050463806908162,16.955319723762166,19.74705347359237,21.69639808791059,21.818184537539842
0.0,0.9661335229269723,3.298214183981153,6.577773571837336,9.03869741662346,13.029260156496322,15.050463806908162,16.955319723762166,19.74705347359237,21.69639808791059,21.818184537539842
0.0,0.9661335229269723,3.298214183981153,6.577773571837336,9.03869741662346,13.029260156496322,15.050463806908162,17.042176019422744,19.74705347359237,21.69639808791059,21.818184537539842
0.0,0.9661335229269723,3.298214183981153,6.577773571837336,9.03869741662346,13.083103445603383,15.098895573524166,17.04114266336916,19.828131133427064,21.718710420593574,21.818184537539842
0.0,0.9661335229269723,3.3162435277579028,6.526975963730276,9.051437609020754,13.104926293839961,15.200898693443627,17.01189596769511,19.986207416042866,21.714060318352512,21.82169250940591
0.0,0.9661335229269723,3.3162435277579028,6.526975963730276,9.051437609020754,13.104926293839961,15.200898693443627,17.01189596769511,19.986207416042866,21.714060318352512,21.82169250940591
0.0,0.9661335229269723,3.3162435277579028,6.526975963730276,9.051437609020754,13.104926293839961,15.200898693443627,17.01189596769511,19.986207416042866,21.714060318352512,21.82169250940591
0.0,0.9661335229269723,3.3162435277579028,6.526975963730276,9.03495829932436,13.104926293839961,15.16193029279192,17.01189596769511,20.153719871042586,21.714060318352512,21.82169250940591
0.0,0.9631271468692354,3.313167174627606,6.523804007561748,9.031711665263513,13.101558472070845,15.158501221499254,17.00841181166939,20.15014216380488,21.71043615028681,21.818065136475067
0.0,0.98547344085106,3.3125210232793085,6.5231377759335105,9.078630395725757,13.100851101205158,15.157780985900374,17.007680006178163,20.149390708995387,21.709674936933556,21.817303249978043
0.0,0.9649096573886305,3.2914833805482013,6.501446351767975,9.056418593776343,13.242492292467567,15.134331279803833,16.98385360310151,20.12492455589932,21.684891061437327,21.79249745800959
0.0,0.9603909070094334,3.349057212681376,6.5272420795741946,9.08868308717072,13.317362600629542,15.089665518232396,16.938470329019296,20.078322719771386,21.689333013556336,21.861401126058947
0.0,0.9764991318483636,3.3664183872954454,6.564489372696788,9.14750021899016,13.468566256232744,15.026363697477176,17.02445016497258,20.01227702898614,21.62240123204876,21.79437470334474
0.0,0.9604036945600578,3.3879064046598164,6.5265854507861585,9.10867754598347,13.428206623300564,14.985449971592333,16.982825739736757,19.969589863649908,21.579141361654596,21.751053663708696
0.0,0.986879200628269,3.3455073268551065,6.482899209891407,9.063932396678148,13.381690047763705,14.938294775116322,16.934851425304462,19.920390685992523,21.529282111638967,21.70112391296117
0.0,0.9813282280823001,3.345070852451585,6.470707618290243,9.111947877383903,13.347127495884692,14.903257717771554,17.145324649848316,19.883834918278264,21.49223589971504,21.664025317877574
0.0,0.9716884332342645,3.3618231223038766,6.408134634558831,9.060829548201967,13.36350590513037,14.849426192751999,17.090442729178136,19.827670021068,21.43531747576068,21.607026411554433
0.0,0.9531876456189263,3.3961494862597528,6.4854631496777895,9.018373416363485,13.319374790665908,14.804716626538234,17.044860760893737,19.78102248154911,21.38804409750052,21.5596861889722
0.0,0.982795189526095,3.4288475579316016,6.4406650582609055,8.9933632935496,13.3211392976604,14.773555727682563,17.013091830357453,19.74851088763509,21.355096317343417,21.526691820817593
0.0,0.9689261488423019,3.4489040861722846,6.482020034659845,8.94845261957635,13.339774599917693,15.048114446307995,17.039782429131396,19.967691625423328,21.305091995969995,21.4766167935821
0.0,0.9824943645184868,3.404265459375868,6.4360726058799695,8.901440915010769,13.290868021890137,14.998470712623565,16.989279282536092,19.91592507399003,21.25274835078645,21.424199134744235
0.0,0.9605273844654436,3.381771665267889,6.411457346292328,8.877751306278265,13.483133443430706,14.97345480141864,17.07644096705201,19.889839456371657,21.226371930584513,21.39778541841513
0.0,0.9605273844654436,3.381771665267889,6.411457346292328,8.877751306278265,13.483133443430706,15.09118228334733,17.092942036440434,19.89440127785147,21.226371930584513,21.419200259901995
0.0,0.9605273844654436,3.356119879795331,6.411457346292328,8.877751306278265,13.483133443430706,15.09118228334733,17.092942036440434,19.89440127785147,21.226371930584513,21.419200259901995
0.0,0.9605273844654436,3.3447897771881756,6.411457346292328,8.877751306278265,13.483133443430706,15.09118228334733,17.092942036440434,19.89440127785147,21.226371930584513,21.419200259901995
0.0,0.9605273844654436,3.3447897771881756,6.411457346292328,8.877751306278265,13.483133443430706,15.09118228334733,17.092942036440434,19.89440127785147,21.226371930584513,21.419200259901995
0.0,0.9580811250884873,3.3422857474688255,6.408879011649149,8.875113213679358,13.480383763070428,15.195790122853522,17.09010489092572,19.8914962533734,21.223434632644892,21.416258289759078
0.0,0.9580811250884873,3.3422857474688255,6.408879011649149,8.875113213679358,13.480383763070428,15.195790122853522,17.09010489092572,19.8914962533734,21.223434632644892,21.416258289759078
0.0,0.9580811250884873,3.3422857474688255,6.408879011649149,8.875113213679358,13.480383763070428,15.195790122853522,17.09010489092572,19.8914962533734,21.223434632644892,21.416258289759078
0.0,0.978448580937635,3.3526354344244913,6.413174851214942,8.994051033710544,13.716630865146358,15.314443717722984,17.14227677099112,20.038904634520694,21.38918559965551,21.38714211843504
0.0,0.978448580937635,3.3526354344244913,6.413174851214942,8.994051033710544,13.716630865146358,15.314443717722984,17.14227677099112,20.038904634520694,21.38918559965551,21.38714211843504
0.0,0.9525735074704118,3.4054276214514636,6.413174851214942,8.994051033710544,13.716630865146358,15.314443717722984,17.336772877618074,20.055672006919163,21.38918559965551,21.38714211843504
0.0,0.9387356591824029,3.3852664234090146,6.392427225661329,9.133297216319978,13.694459267694189,15.291960590962377,17.313895452611842,20.032264471791397,21.365518066264073,21.363474983465917
0.0,0.9415517317864988,3.343877371055981,6.349834292521563,9.089607008728438,13.648943053540345,15.245804836299614,17.26693024055985,19.9842109932819,21.316930835656905,21.31488857078246
0.0,0.9222511029502103,3.3241174031793075,6.329499567690555,9.06874842295628,13.627212695428343,15.223769148657373,17.24450810164368,19.96126929402261,21.293734312387297,21.29169243800612
0.0,0.944932907816513,3.3521686227811784,6.296555550132095,9.208248550643614,13.70017505718395,15.217738442906434,17.397942013304984,20.187080111884068,21.282204971450945,21.28016329115618
0.0,0.9581159428324116,3.3521686227811784,6.296555550132095,9.361415135936022,13.674809545707193,15.217738442906434,17.397942013304984,20.187080111884068,21.282204971450945,21.28016329115618
0.0,0.9576381737783635,3.3516795242339676,6.296052517717916,9.360897599536191,13.674271596818999,15.217193192339984,17.397386445254025,20.186511344657802,21.28163102171148,21.279589351078663
0.0,0.9518097554044097,3.345712894677112,6.28991590560238,9.354584049848508,13.667709030328682,15.210541550939244,17.39060893840473,20.179572817928236,21.307010191945164,21.272587719505797
0.0,0.9466916759974038,3.370973511722655,6.284527193591304,9.349039964546389,13.661946277167155,15.204700578879304,17.384657440758087,20.173479924712428,21.40155361048554,21.410111473945303
0.0,0.9305620331880099,3.3991415728818044,6.32570211903072,9.457920173037271,13.733198147960382,15.258927304065706,17.376024874108616,20.164642265706842,21.392625637905983,21.401182872013255
0.0,0.9256639543939186,3.3941236959130943,6.32054221843842,9.452608268428351,13.72767876755854,15.25333388125813,17.510549692474974,20.15881077250771,21.386734551663935,21.70525638757063
0.0,0.9466446015811637,3.3617498337145517,6.374725909421257,9.59975815974376,13.87212520773857,15.217246767062278,17.473755818639283,20.12118769836347,21.348727000783533,21.66714910392347
0.0,0.9225093247845536,3.3208957844895304,6.332680972144236,9.556438518560132,13.827116900351369,15.171706796245555,17.42732395568627,20.073709429825136,21.30076354356402,21.619059789389265
0.0,0.8982848887253542,3.329253432079097,6.284254124064546,9.506543482003307,13.775276878571741,15.119254410985357,17.37384429989638,20.019024536791676,21.24551981610065,21.56367110099949
0.0,0.8698743883727249,3.300158430173896,6.290340672793032,9.50390716588436,13.743240530803845,15.08683963186751,17.34079468316058,20.139718756407508,21.211380029807067,21.52944173105043
0.0,0.86999587355337,3.300158430173896,6.290340672793032,9.50390716588436,13.743240530803845,15.08683963186751,17.34079468316058,20.139718756407508,21.211380029807067,21.52944173105043
0.0,0.86999587355337,3.300158430173896,6.290340672793032,9.50390716588436,13.743240530803845,15.08683963186751,17.34079468316058,20.139718756407508,21.211380029807067,21.52944173105043
0.0,0.86999587355337,3.300158430173896,6.290340672793032,9.50390716588436,13.743240530803845,15.08683963186751,17.34079468316058,20.139718756407508,21.211380029807067,21.52944173105043
0.0,0.86999587355337,3.300158430173896,6.290340672793032,9.50390716588436,13.743240530803845,15.08683963186751,17.34079468316058,20.139718756407508,21.211380029807067,21.52944173105043
0.0,0.86999587355337,3.300158430173896,6.290340672793032,9.50390716588436,13.743240530803845,15.08683963186751,17.34079468316058,20.139718756407508,21.211380029807067,21.52944173105043
0.0,0.86999587355337,3.300158430173896,6.290340672793032,9.50390716588436,13.743240530803845,15.08683963186751,17.34079468316058,20.139718756407508,21.211380029807067,21.52944173105043
0.0,0.86999587355337,3.300158430173896,6.205867977194802,9.407150968689084,13.694713950318771,15.087798014959139,17.29471130464151,20.10817310450384,21.211380029807067,21.52944173105043
0.0,0.86999587355337,3.300158430173896,6.205867977194802,9.407150968689084,13.694713950318771,15.087798014959139,17.29471130464151,20.10817310450384,21.211380029807067,21.52944173105043
0.0,0.86999587355337,3.300158430173896,6.205867977194802,9.407150968689084,13.694713950318771,15.087798014959139,17.29471130464151,20.10817310450384,21.211380029807067,21.52944173105043
0.0,0.86999587355337,3.300158430173896,6.2499670977635775,9.399983343031904,13.694713950318771,15.087798014959139,17.29471130464151,20.10817310450384,21.211380029807067,21.52944173105043
0.0,0.86999587355337,3.300158430173896,6.2499670977635775,9.36688538048686,13.694713950318771,15.087798014959139,17.29471130464151,20.10817310450384,21.211380029807067,21.52944173105043
0.0,0.8380029620233521,3.2740006544789675,6.294792169192941,9.390572129316947,13.717595700680455,15.215218997432684,17.302129755514994,20.073099227782286,21.175983995627814,21.493952816789736
0.0,0.8527838002241397,3.2293893043781075,6.386900481035726,9.359994614536676,13.685808670083304,15.18301334210764,17.269340754264352,20.03953566837417,21.142112151194457,21.459992091787065
0.0,0.8230064184682843,3.1951141259572413,6.351576916494636,9.323683895730948,13.648061654409323,15.14476921066448,17.230403901060676,19.999679029384858,21.1018894245442,21.419663819693273
0.0,0.8481981485793337,3.2050052184882056,6.324476037761857,9.295825654360392,13.619101460057625,15.115427620087573,17.200530841797885,19.96910029380202,21.071029819874852,21.388723238647295
0.0,0.8426508434934532,3.235163382073838,6.318627501868248,9.289813674963154,13.612851672446604,15.1090955248313,17.194084052338656,19.962501215063615,21.06437012786446,21.382046071438037
0.0,0.8426508434934532,3.235163382073838,6.318627501868248,9.289813674963154,13.612851672446604,15.1090955248313,17.194084052338656,19.962501215063615,21.06437012786446,21.382046071438037
0.0,0.8331730100965089,3.235163382073838,6.318627501868248,9.289813674963154,13.612851672446604,15.1090955248313,17.194084052338656,19.962501215063615,21.06437012786446,21.382046071438037
0.0,0.8331730100965089,3.235163382073838,6.318627501868248,9.289813674963154,13.612851672446604,15.1090955248313,17.194084052338656,19.962501215063615,21.06437012786446,21.382046071438037
0.0,0.8331730100965089,3.235163382073838,6.318627501868248,9.289813674963154,13.612851672446604,15.1090955248313,17.194084052338656,19.962501215063615,21.06437012786446,21.382046071438037
0.0,0.8331730100965089,3.2661180129122163,6.344135411949376,9.274875638826856,13.703949425310288,15.290927017042707,17.178188795475226,19.962501215063615,21.06437012786446,21.382046071438037
0.0,0.8331730100965089,3.2661180129122163,6.344135411949376,9.274875638826856,13.703949425310288,15.290927017042707,17.178188795475226,19.962501215063615,21.06437012786446,21.382046071438037
0.0,0.8331730100965089,3.299270206828433,6.344135411949376,9.274875638826856,13.703949425310288,15.290927017042707,17.178188795475226,19.962501215063615,21.06437012786446,21.382046071438037
0.0,0.8331730100965089,3.251881039843692,6.344135411949376,9.274875638826856,13.703949425310288,15.290927017042707,17.178188795475226,19.962501215063615,21.06437012786446,21.382046071438037
0.0,0.8331730100965089,3.251881039843692,6.344135411949376,9.274875638826856,13.703949425310288,15.290927017042707,17.178188795475226,19.962501215063615,21.06437012786446,21.382046071438037
0.0,0.8331730100965089,3.251881039843692,6.344135411949376,9.274875638826856,13.690777528825482,15.224069867945317,17.178188795475226,19.962501215063615,21.06437012786446,21.382046071438037
0.0,0.8331730100965089,3.251881039843692,6.344135411949376,9.274875638826856,13.690777528825482,15.224069867945317,17.178188795475226,19.962501215063615,21.06437012786446,21.382046071438037
0.0,0.8331730100965089,3.251881039843692,6.344135411949376,9.274875638826856,13.690777528825482,15.224069867945317,17.178188795475226,19.962501215063615,21.06437012786446,21.382046071438037
0.0,0.8331730100965089,3.251881039843692,6.344135411949376,9.274875638826856,13.690777528825482,15.224069867945317,17.178188795475226,19.962501215063615,21.06437012786446,21.382046071438037
0.0,0.8331730100965089,3.251881039843692,6.344135411949376,9.274875638826856,13.690777528825482,15.224069867945317,17.178188795475226,19.962501215063615,21.06437012786446,21.47575932882378
0.0,0.8331730100965089,3.251881039843692,6.344135411949376,9.274875638826856,13.690777528825482,15.224069867945317,17.178188795475226,19.962501215063615,21.06437012786446,21.47575932882378
0.0,0.8331730100965089,3.251881039843692,6.344135411949376,9.250109237759736,13.777021768143069,15.224069867945317,17.178188795475226,19.962501215063615,21.06437012786446,21.47575932882378
0.0,0.8331730100965089,3.251881039843692,6.27818155565084,9.250109237759736,13.781524750155269,15.224069867945317,17.178188795475226,19.962501215063615,21.06437012786446,21.47575932882378
0.0,0.8331730100965089,3.251881039843692,6.27818155565084,9.250109237759736,13.781524750155269,15.224069867945317,17.178188795475226,19.962501215063615,21.06437012786446,21.47575932882378
0.0,0.8331730100965089,3.251881039843692,6.27818155565084,9.250109237759736,13.781524750155269,15.224069867945317,17.178188795475226,19.962501215063615,21.06437012786446,21.47575932882378
0.0,0.8331730100965089,3.2181086747521523,6.341452497516947,9.2901372425329,13.781524750155269,15.224069867945317,17.178188795475226,19.962501215063615,21.06437012786446,21.47575932882378
0.0,0.8331730100965089,3.2181086747521523,6.341452497516947,9.2901372425329,13.781524750155269,15.224069867945317,17.178188795475226,19.962501215063615,21.06437012786446,21.47575932882378
0.0,0.8331730100965089,3.2181086747521523,6.341452497516947,9.2901372425329,13.781524750155269,15.224069867945317,17.178188795475226,19.962501215063615,21.06437012786446,21.47575932882378
0.0,0.8331730100965089,3.2181086747521523,6.341452497516947,9.2901372425329,13.781524750155269,15.224069867945317,17.178188795475226,20.1937037256244,21.262959723791937,21.48851328386433
0.0,0.8331730100965089,3.2181086747521523,6.341452497516947,9.2901372425329,13.781524750155269,15.224069867945317,17.178188795475226,20.1937037256244,21.262959723791937,21.48851328386433
0.0,0.8331730100965089,3.2181086747521523,6.341452497516947,9.246887044044417,13.75954911937714,15.224069867945317,17.23380197152416,20.1937037256244,21.262959723791937,21.48851328386433
0.0,0.8331730100965089,3.2181086747521523,6.341452497516947,9.246887044044417,13.75954911937714,15.224069867945317,17.23380197152416,20.1937037256244,21.262959723791937,21.48851328386433
0.0,0.8331730100965089,3.2181086747521523,6.341452497516947,9.246887044044417,13.75954911937714,15.224069867945317,17.23380197152416,20.1937037256244,21.262959723791937,21.48851328386433
0.0,0.8331730100965089,3.2181086747521523,6.341452497516947,9.246887044044417,13.75954911937714,15.224069867945317,17.23380197152416,20.1937037256244,21.262959723791937,21.48851328386433
0.0,0.8331730100965089,3.2181086747521523,6.341452497516947,9.39483831530768,13.75954911937714,15.24766333657214,17.31461297206654,20.1937037256244,21.262959723791937,21.48851328386433
0.0,0.8331730100965089,3.2181086747521523,6.321714875762853,9.39483831530768,13.75954911937714,15.24766333657214,17.31461297206654,20.281174825310583,21.39351923818172,21.48851328386433
0.0,0.8331730100965089,3.2181086747521523,6.455820151437705,9.520584762097608,13.899492093289373,15.40428352230801,17.271726787094003,20.37647895658085,21.64631988402258,21.676357740080043
0.0,0.8331730100965089,3.2181086747521523,6.455820151437705,9.520584762097608,13.899492093289373,15.52420575284264,17.271726787094003,20.37647895658085,21.64631988402258,21.676357740080043
0.0,0.8331730100965089,3.2181086747521523,6.455820151437705,9.520584762097608,13.899492093289373,15.52420575284264,17.271726787094003,20.37647895658085,21.64631988402258,21.676357740080043
0.0,0.8331730100965089,3.2181086747521523,6.455820151437705,9.520584762097608,13.899492093289373,15.52420575284264,17.271726787094003,20.37647895658085,21.64631988402258,21.676357740080043
0.0,0.8331730100965089,3.2181086747521523,6.455820151437705,9.520584762097608,13.899492093289373,15.52420575284264,17.271726787094003,20.37647895658085,21.64631988402258,21.676357740080043
0.0,0.8331730100965089,3.2181086747521523,6.455820151437705,9.520584762097608,13.899492093289373,15.52420575284264,17.271726787094003,20.37647895658085,21.64631988402258,21.676357740080043
0.0,0.8331730100965089,3.2181086747521523,6.455820151437705,9.520584762097608,13.899492093289373,15.52420575284264,17.271726787094003,20.37647895658085,21.64631988402258,21.676357740080043
0.0,0.8331730100965089,3.2181086747521523,6.455820151437705,9.520584762097608,13.899492093289373,15.52420575284264,17.271726787094003,20.37647895658085,21.64631988402258,21.676357740080043
0.0,0.8331730100965089,3.2181086747521523,6.455820151437705,9.520584762097608,13.899492093289373,15.52420575284264,17.271726787094003,20.37647895658085,21.64631988402258,21.65861545167267
0.0,0.8331730100965089,3.2181086747521523,6.455820151437705,9.520584762097608,13.899492093289373,15.52420575284264,17.271726787094003,20.37647895658085,21.64631988402258,21.65861545167267
0.0,0.8331730100965089,3.2181086747521523,6.455820151437705,9.520584762097608,14.105011428002095,15.52420575284264,17.271726787094003,20.37647895658085,21.64631988402258,21.65861545167267
0.0,0.8331730100965089,3.2181086747521523,6.455820151437705,9.520584762097608,14.105011428002095,15.52420575284264,17.271726787094003,20.37647895658085,21.64631988402258,21.65861545167267
0.0,0.8331730100965089,3.2181086747521523,6.455820151437705,9.520584762097608,14.105011428002095,15.52420575284264,17.271726787094003,20.37647895658085,21.708808870928486,21.658318848067093
0.0,0.8331730100965089,3.2181086747521523,6.455820151437705,9.520584762097608,14.105011428002095,15.52420575284264,17.271726787094003,20.37647895658085,21.708808870928486,21.658318848067093
0.0,0.8331730100965089,3.2219375576607487,6.4915743678939,9.520584762097608,14.105011428002095,15.52420575284264,17.271726787094003,20.37647895658085,21.708808870928486,21.658318848067093
0.0,0.8331730100965089,3.2219375576607487,6.4915743678939,9.520584762097608,14.105011428002095,15.52420575284264,17.271726787094003,20.37647895658085,21.708808870928486,21.658318848067093
0.0,0.8331730100965089,3.2219375576607487,6.4915743678939,9.520584762097608,14.105011428002095,15.52420575284264,17.271726787094003,20.37647895658085,21.708808870928486,21.658318848067093
0.0,0.8331730100965089,3.2219375576607487,6.4915743678939,9.520584762097608,14.105011428002095,15.52420575284264,17.351054769608425,20.481220475301868,21.80768572744797,21.666232771543626
0.0,0.8331730100965089,3.2219375576607487,6.4915743678939,9.520584762097608,14.105011428002095,15.52420575284264,17.351054769608425,20.481220475301868,21.80768572744797,21.666232771543626
0.0,0.8331730100965089,3.2219375576607487,6.4915743678939,9.520584762097608,14.105011428002095,15.52420575284264,17.351054769608425,20.481220475301868,21.80768572744797,21.666232771543626
0.0,0.8331730100965089,3.2219375576607487,6.516947458154276,9.666298024336855,14.105011428002095,15.52420575284264,17.351054769608425,20.481220475301868,21.80768572744797,21.666232771543626
0.0,0.8331730100965089,3.2219375576607487,6.516947458154276,9.666298024336855,14.105011428002095,15.52420575284264,17.351054769608425,20.481220475301868,21.80768572744797,21.75490376763426
0.0,0.8331730100965089,3.2219375576607487,6.575917647739263,9.666298024336855,14.105011428002095,15.653457514971395,17.351054769608425,20.481220475301868,21.80768572744797,21.75490376763426
0.0,0.8331730100965089,3.2219375576607487,6.60551059838833,9.666298024336855,14.105011428002095,15.653457514971395,17.351054769608425,20.481220475301868,21.80768572744797,21.75490376763426
0.0,0.8331730100965089,3.2219375576607487,6.60551059838833,9.666298024336855,14.105011428002095,15.653457514971395,17.351054769608425,20.481220475301868,21.80768572744797,21.75490376763426
0.0,0.8331730100965089,3.2219375576607487,6.60551059838833,9.666298024336855,14.105011428002095,15.653457514971395,17.351054769608425,20.481220475301868,21.80768572744797,21.75490376763426
0.0,0.8331730100965089,3.2219375576607487,6.60551059838833,9.666298024336855,14.105011428002095,15.653457514971395,17.351054769608425,20.514480525074646,21.80768572744797,21.75490376763426
0.0,0.8331730100965089,3.2219375576607487,6.622821463369374,9.666298024336855,14.105011428002095,15.653457514971395,17.351054769608425,20.514480525074646,21.80768572744797,21.75490376763426
0.0,0.8331730100965089,3.2219375576607487,6.60551059838833,9.666298024336855,14.105011428002095,15.653457514971395,17.351054769608425,20.514480525074646,21.85549283587695,21.75490376763426
0.0,0.8331730100965089,3.2219375576607487,6.60551059838833,9.666298024336855,14.105011428002095,15.653457514971395,17.351054769608425,20.514480525074646,21.851421277291063,21.75490376763426
0.0,0.8331730100965089,3.2219375576607487,6.60551059838833,9.666298024336855,14.105011428002095,15.653457514971395,17.351054769608425,20.514480525074646,21.85549283587695,21.75490376763426
0.0,0.8331730100965089,3.2219375576607487,6.60551059838833,9.666298024336855,14.105011428002095,15.653457514971395,17.351054769608425,20.514480525074646,21.85549283587695,21.75490376763426
0.0,0.8331730100965089,3.2219375576607487,6.622821463369374,9.666298024336855,14.105011428002095,15.653457514971395,17.351054769608425,20.514480525074646,21.851421277291063,21.75490376763426
0.0,0.8331730100965089,3.2219375576607487,6.60551059838833,9.666298024336855,14.105011428002095,15.653457514971395,17.351054769608425,20.514480525074646,21.85549283587695,21.75490376763426
0.0,0.8331730100965089,3.2219375576607487,6.60551059838833,9.666298024336855,14.105011428002095,15.653457514971395,17.351054769608425,20.514480525074646,21.851421277291063,21.75490376763426
0.0,0.8331730100965089,3.2219375576607487,6.60551059838833,9.666298024336855,14.105011428002095,15.653457514971395,17.351054769608425,20.514480525074646,21.851421277291063,21.75490376763426
0.0,0.8331730100965089,3.2219375576607487,6.622821463369374,9.666298024336855,14.105011428002095,15.653457514971395,17.351054769608425,20.514480525074646,21.85549283587695,21.75490376763426
0.0,0.8331730100965089,3.2219375576607487,6.622821463369374,9.607597474393334,14.105011428002095,15.653457514971395,17.351054769608425,20.514480525074646,21.851421277291063,21.75490376763426
0.0,0.8331730100965089,3.2219375576607487,6.622821463369374,9.617857262750464,14.105011428002095,15.747022470554322,17.318536228849617,20.514480525074646,21.85549283587695,21.75490376763426
0.0,0.8331730100965089,3.2219375576607487,6.60551059838833,9.617857262750464,14.105011428002095,15.747022470554322,17.318536228849617,20.514480525074646,21.851421277291063,21.75490376763426
0.0,0.8331730100965089,3.2069051476499335,6.620556490381209,9.574418316512986,14.071886198050029,15.747022470554322,17.318536228849617,20.514480525074646,21.851421277291063,21.856032115159845
0.0,0.8331730100965089,3.2069051476499335,6.620556490381209,9.574418316512986,14.071886198050029,15.747022470554322,17.318536228849617,20.514480525074646,21.851421277291063,21.856032115159845
0.0,0.8331730100965089,3.2069051476499335,6.620556490381209,9.574418316512986,14.071886198050029,15.747022470554322,17.447356567552063,20.528596160304524,21.953978714916325,21.894779331636126
0.0,0.8331730100965089,3.2069051476499335,6.620556490381209,9.574418316512986,14.071886198050029,15.747022470554322,17.447356567552063,20.528596160304524,21.953978714916325,21.894779331636126
0.0,0.8331730100965089,3.2069051476499335,6.620556490381209,9.574418316512986,14.071886198050029,15.747022470554322,17.447356567552063,20.528596160304524,21.953978714916325,21.894779331636126
0.0,0.8331730100965089,3.2069051476499335,6.585651638795588,9.587441911194976,14.071886198050029,15.747022470554322,17.447356567552063,20.528596160304524,21.953978714916325,21.894779331636126
0.0,0.8331730100965089,3.2069051476499335,6.585651638795588,9.587441911194976,14.071886198050029,15.747022470554322,17.447356567552063,20.528596160304524,21.953978714916325,21.894779331636126
0.0,0.8331730100965089,3.2069051476499335,6.585651638795588,9.587441911194976,14.071886198050029,15.747022470554322,17.447356567552063,20.528596160304524,21.953978714916325,21.894779331636126
0.0,0.8331730100965089,3.2069051476499335,6.585651638795588,9.587441911194976,14.071886198050029,15.747022470554322,17.447356567552063,20.528596160304524,21.953978714916325,21.894779331636126
0.0,0.8331730100965089,3.2069051476499335,6.585651638795588,9.587441911194976,14.071886198050029,15.747022470554322,17.447356567552063,20.528596160304524,21.953978714916325,21.894779331636126
0.0,0.8331730100965089,3.2069051476499335,6.585651638795588,9.587441911194976,14.071886198050029,15.747022470554322,17.447356567552063,20.528596160304524,21.953978714916325,21.922835336328934
0.0,0.8331730100965089,3.2069051476499335,6.577548967570021,9.587441911194976,14.071886198050029,15.747022470554322,17.447356567552063,20.528596160304524,21.953978714916325,21.922835336328934
0.0,0.8331730100965089,3.2069051476499335,6.577548967570021,9.587441911194976,14.071886198050029,15.747022470554322,17.447356567552063,20.528596160304524,21.953978714916325,21.922835336328934
0.0,0.8331730100965089,3.2069051476499335,6.577548967570021,9.587441911194976,14.071886198050029,15.747022470554322,17.447356567552063,20.528596160304524,21.953978714916325,21.922835336328934
0.0,0.8331730100965089,3.2069051476499335,6.577548967570021,9.587441911194976,14.071886198050029,15.747022470554322,17.447356567552063,20.528596160304524,21.953978714916325,21.922835336328934
0.0,0.8331730100965089,3.2069051476499335,6.577548967570021,9.587441911194976,14.071886198050029,15.747022470554322,17.447356567552063,20.528596160304524,21.953978714916325,21.922835336328934
0.0,0.8331730100965089,3.2069051476499335,6.577548967570021,9.587441911194976,14.071886198050029,15.747022470554322,17.447356567552063,20.528596160304524,21.953978714916325,21.922835336328934
0.0,0.8331730100965089,3.2069051476499335,6.577548967570021,9.587441911194976,14.071886198050029,15.64871185728188,17.447356567552063,20.528596160304524,21.953978714916325,21.922835336328934
0.0,0.8331730100965089,3.2069051476499335,6.577548967570021,9.587441911194976,14.071886198050029,15.64871185728188,17.447356567552063,20.528596160304524,21.953978714916325,21.922835336328934
0.0,0.8331730100965089,3.2069051476499335,6.577548967570021,9.587441911194976,14.071886198050029,15.64871185728188,17.447356567552063,20.528596160304524,21.953978714916325,21.922835336328934
0.0,0.8331730100965089,3.2069051476499335,6.6082474407490395,9.587441911194976,14.071886198050029,15.64871185728188,17.447356567552063,20.528596160304524,21.953978714916325,21.922835336328934
0.0,0.8331730100965089,3.2069051476499335,6.6082474407490395,9.587441911194976,14.071886198050029,15.64871185728188,17.447356567552063,20.528596160304524,21.953978714916325,21.922835336328934
0.0,0.8331730100965089,3.2069051476499335,6.6082474407490395,9.587441911194976,14.071886198050029,15.64871185728188,17.447356567552063,20.528596160304524,21.953978714916325,21.922835336328934
0.0,0.8331730100965089,3.2069051476499335,6.6082474407490395,9.587441911194976,14.071886198050029,15.64871185728188,17.447356567552063,20.528596160304524,21.953978714916325,21.922835336328934
0.0,0.8331730100965089,3.2069051476499335,6.515262210395218,9.587441911194976,14.071886198050029,15.64871185728188,17.447356567552063,20.528596160304524,21.953978714916325,21.922835336328934
0.0,0.8331730100965089,3.2069051476499335,6.515262210395218,9.587441911194976,14.071886198050029,15.64871185728188,17.447356567552063,20.528596160304524,21.953978714916325,21.922835336328934
0.0,0.8331730100965089,3.2069051476499335,6.482150462425236,9.677501551439075,14.129292477714605,15.610773559729951,17.447356567552063,20.528596160304524,21.953978714916325,21.922835336328934
0.0,0.8331730100965089,3.2069051476499335,6.482150462425236,9.674171501867173,14.129292477714605,15.610773559729951,17.393819616742302,20.528596160304524,21.953978714916325,21.922835336328934
0.0,0.8331730100965089,3.2069051476499335,6.482150462425236,9.674171501867173,14.129292477714605,15.69157107829027,17.393819616742302,20.528596160304524,21.9614881789307,21.922835336328934
0.0,0.8331730100965089,3.2069051476499335,6.482150462425236,9.674171501867173,14.129292477714605,15.69157107829027,17.393819616742302,20.528596160304524,21.9614881789307,21.922835336328934
0.0,0.8331730100965089,3.2069051476499335,6.482150462425236,9.674171501867173,14.129292477714605,15.69157107829027,17.393819616742302,20.528596160304524,21.9614881789307,21.922835336328934
0.0,0.8331730100965089,3.2069051476499335,6.482150462425236,9.674171501867173,14.129292477714605,15.69157107829027,17.393819616742302,20.528596160304524,21.9614881789307,21.922835336328934
0.0,0.8331730100965089,3.2069051476499335,6.482150462425236,9.674171501867173,14.129292477714605,15.610773559729951,17.393819616742302,20.528596160304524,21.9614881789307,21.922835336328934
0.0,0.8331730100965089,3.2069051476499335,6.482150462425236,9.674171501867173,14.129292477714605,15.69157107829027,17.393819616742302,20.528596160304524,21.9614881789307,21.922835336328934
0.0,0.8331730100965089,3.2069051476499335,6.482150462425236,9.674171501867173,14.129292477714605,15.610773559729951,17.393819616742302,20.60893529147438,21.9614881789307,21.922835336328934
0.0,0.8331730100965089,3.2069051476499335,6.482150462425236,9.674171501867173,14.129292477714605,15.69157107829027,17.393819616742302,20.552674980285953,21.95929061585288,21.922835336328934
0.0,0.8331730100965089,3.2069051476499335,6.482150462425236,9.674171501867173,14.129292477714605,15.69157107829027,17.393819616742302,20.552674980285953,21.95929061585288,21.922835336328934
0.0,0.8331730100965089,3.2069051476499335,6.482150462425236,9.674171501867173,14.129292477714605,15.69157107829027,17.393819616742302,20.552674980285953,21.95929061585288,21.922835336328934
0.0,0.8331730100965089,3.2069051476499335,6.482150462425236,9.674171501867173,14.129292477714605,15.69157107829027,17.393819616742302,20.552674980285953,21.95929061585288,21.922835336328934
0.0,0.8331730100965089,3.2069051476499335,6.482150462425236,9.674171501867173,14.129292477714605,15.610773559729951,17.393819616742302,20.552674980285953,21.95929061585288,21.922835336328934
0.0,0.8331730100965089,3.2069051476499335,6.482150462425236,9.674171501867173,14.129292477714605,15.610773559729951,17.393819616742302,20.552674980285953,21.95929061585288,21.922835336328934
0.0,0.8331730100965089,3.2069051476499335,6.482150462425236,9.674171501867173,14.129292477714605,15.610773559729951,17.393819616742302,20.552674980285953,21.95929061585288,21.922835336328934
0.0,0.8331730100965089,3.2069051476499335,6.482150462425236,9.674171501867173,14.129292477714605,15.610773559729951,17.393819616742302,20.552674980285953,21.95929061585288,21.922835336328934
0.0,0.8331730100965089,3.2069051476499335,6.482150462425236,9.674171501867173,14.129292477714605,15.610773559729951,17.393819616742302,20.552674980285953,21.95929061585288,21.86459317377587
0.0,0.8331730100965089,3.2069051476499335,6.482150462425236,9.674171501867173,14.129292477714605,15.610773559729951,17.393819616742302,20.552674980285953,21.95929061585288,21.86459317377587
0.0,0.8331730100965089,3.2069051476499335,6.482150462425236,9.674171501867173,14.129292477714605,15.610773559729951,17.393819616742302,20.552674980285953,21.95929061585288,21.86459317377587
0.0,0.8331730100965089,3.2069051476499335,6.482150462425236,9.674171501867173,14.129292477714605,15.69157107829027,17.393819616742302,20.552674980285953,21.95929061585288,21.86459317377587
0.0,0.8331730100965089,3.2069051476499335,6.482150462425236,9.674171501867173,14.129292477714605,15.610773559729951,17.393819616742302,20.552674980285953,21.95929061585288,21.86459317377587
0.0,0.8331730100965089,3.2069051476499335,6.482150462425236,9.674171501867173,14.129292477714605,15.69157107829027,17.393819616742302,20.552674980285953,21.95929061585288,21.86459317377587
0.0,0.8331730100965089,3.2069051476499335,6.482150462425236,9.674171501867173,14.129292477714605,15.69157107829027,17.393819616742302,20.552674980285953,21.95929061585288,21.86459317377587
0.0,0.8331730100965089,3.2069051476499335,6.482150462425236,9.674171501867173,14.129292477714605,15.69157107829027,17.393819616742302,20.552674980285953,21.95929061585288,21.86459317377587
0.0,0.8331730100965089,3.2069051476499335,6.482150462425236,9.674171501867173,14.129292477714605,15.69157107829027,17.393819616742302,20.552674980285953,21.95929061585288,21.86459317377587
0.0,0.8331730100965089,3.2069051476499335,6.482150462425236,9.674171501867173,14.129292477714605,15.69157107829027,17.393819616742302,20.552674980285953,21.95929061585288,21.86459317377587
0.0,0.8331730100965089,3.2069051476499335,6.482150462425236,9.674171501867173,14.129292477714605,15.610773559729951,17.393819616742302,20.552674980285953,21.95929061585288,21.86459317377587
0.0,0.8331730100965089,3.2069051476499335,6.482150462425236,9.674171501867173,14.129292477714605,15.69157107829027,17.393819616742302,20.552674980285953,21.95929061585288,21.86459317377587
0.0,0.8331730100965089,3.2069051476499335,6.454795520800186,9.693855195692985,14.212422379173455,15.69157107829027,17.456996184733892,20.57055208851406,21.95929061585288,21.86459317377587
0.0,0.8331730100965089,3.2069051476499335,6.454795520800186,9.693855195692985,14.212422379173455,15.69157107829027,17.456996184733892,20.57055208851406,21.95929061585288,21.86459317377587
0.0,0.8331730100965089,3.2069051476499335,6.454795520800186,9.693855195692985,14.212422379173455,15.610773559729951,17.456996184733892,20.57055208851406,21.95929061585288,21.86459317377587
0.0,0.8331730100965089,3.2069051476499335,6.454795520800186,9.693855195692985,14.212422379173455,15.69157107829027,17.456996184733892,20.57055208851406,21.95929061585288,21.86459317377587
0.0,0.8331730100965089,3.2069051476499335,6.454795520800186,9.693855195692985,14.212422379173455,15.69157107829027,17.456996184733892,20.57055208851406,21.95929061585288,21.86459317377587
0.0,0.8331730100965089,3.2069051476499335,6.252808465390462,9.693855195692985,14.212422379173455,15.602401248862959,17.456996184733892,20.57055208851406,21.978151908772272,21.74328229908778
0.0,0.8331730100965089,3.2069051476499335,6.252808465390462,9.693855195692985,14.212422379173455,15.602401248862959,17.456996184733892,20.57055208851406,21.978151908772272,21.74328229908778
0.0,0.8331730100965089,3.2069051476499335,6.252808465390462,9.693855195692985,14.212422379173455,15.602401248862959,17.456996184733892,20.57055208851406,21.978151908772272,21.74328229908778
0.0,0.8331730100965089,3.2069051476499335,6.252808465390462,9.693855195692985,14.426637592322916,15.559245424248974,17.57090545126417,20.57055208851406,21.978664224091034,21.787894177765594
0.0,0.8331730100965089,3.2069051476499335,6.252808465390462,9.693855195692985,14.426637592322916,15.559245424248974,17.57090545126417,20.57055208851406,21.978664224091034,21.787894177765594
0.0,0.8331730100965089,3.2069051476499335,6.252808465390462,9.693855195692985,14.426637592322916,15.559245424248974,17.57090545126417,20.57055208851406,21.978664224091034,21.787894177765594
0.0,0.8331730100965089,3.2069051476499335,6.252808465390462,9.693855195692985,14.426637592322916,15.559245424248974,17.57090545126417,20.57055208851406,21.978664224091034,21.787894177765594
0.0,0.8331730100965089,3.2069051476499335,6.252808465390462,9.693855195692985,14.426637592322916,15.559245424248974,17.57090545126417,20.57055208851406,21.978664224091034,21.787894177765594
0.0,0.8331730100965089,3.2069051476499335,6.252808465390462,9.693855195692985,14.426637592322916,15.559245424248974,17.57090545126417,20.57055208851406,21.978664224091034,21.787894177765594
0.0,0.8331730100965089,3.2069051476499335,6.252808465390462,9.693855195692985,14.412764632770356,15.510575468967373,17.587083829751133,20.48961975013303,21.91868288585061,21.884600435171407
0.0,0.8331730100965089,3.2069051476499335,6.252808465390462,9.693855195692985,14.412764632770356,15.510575468967373,17.587083829751133,20.48961975013303,21.91868288585061,21.884600435171407
0.0,0.8331730100965089,3.2069051476499335,6.252808465390462,9.693855195692985,14.412764632770356,15.510575468967373,17.587083829751133,20.48961975013303,21.91868288585061,21.884600435171407
0.0,0.8331730100965089,3.2069051476499335,6.252808465390462,9.693855195692985,14.412764632770356,15.510575468967373,17.587083829751133,20.48961975013303,21.91868288585061,21.884600435171407
0.0,0.8331730100965089,3.2069051476499335,6.252808465390462,9.693855195692985,14.412764632770356,15.510575468967373,17.587083829751133,20.48961975013303,21.91868288585061,21.884600435171407
0.0,0.8331730100965089,3.2069051476499335,6.252808465390462,9.705571038113964,14.412764632770356,15.510575468967373,17.587083829751133,20.48961975013303,21.91868288585061,21.884600435171407
0.0,0.8331730100965089,3.2069051476499335,6.22788028053846,9.705571038113964,14.412764632770356,15.510575468967373,17.587083829751133,20.48961975013303,21.91868288585061,21.884600435171407
0.0,0.8331730100965089,3.2069051476499335,6.22788028053846,9.705571038113964,14.412764632770356,15.510575468967373,17.587083829751133,20.48961975013303,21.91868288585061,21.884600435171407
0.0,0.8331730100965089,3.2069051476499335,6.22788028053846,9.705571038113964,14.412764632770356,15.510575468967373,17.587083829751133,20.467913758996346,21.850261826832828,22.057911314713007
0.0,0.8331730100965089,3.2069051476499335,6.22788028053846,9.705571038113964,14.412764632770356,15.510575468967373,17.587083829751133,20.467913758996346,21.850261826832828,22.057911314713007
0.0,0.8331730100965089,3.2069051476499335,6.22788028053846,9.705571038113964,14.412764632770356,15.510575468967373,17.587083829751133,20.467913758996346,21.850261826832828,22.057911314713007
0.0,0.8331730100965089,3.2069051476499335,6.22788028053846,9.705571038113964,14.412764632770356,15.510575468967373,17.587083829751133,20.467913758996346,21.850261826832828,22.057911314713007
0.0,0.8331730100965089,3.2069051476499335,6.22788028053846,9.705571038113964,14.412764632770356,15.510575468967373,17.587083829751133,20.467913758996346,21.850261826832828,22.057911314713007
0.0,0.8331730100965089,3.2069051476499335,6.22788028053846,9.705571038113964,14.412764632770356,15.510575468967373,17.587083829751133,20.467913758996346,21.850261826832828,22.057911314713007
0.0,0.8331730100965089,3.2069051476499335,6.22788028053846,9.705571038113964,14.412764632770356,15.510575468967373,17.587083829751133,20.467913758996346,21.850261826832828,22.057911314713007
0.0,0.8331730100965089,3.2069051476499335,6.22788028053846,9.705571038113964,14.412764632770356,15.510575468967373,17.587083829751133,20.467913758996346,21.850261826832828,22.057911314713007
0.0,0.8331730100965089,3.2069051476499335,6.22788028053846,9.705571038113964,14.412764632770356,15.510575468967373,17.587083829751133,20.467913758996346,21.850261826832828,22.057911314713007
0.0,0.8331730100965089,3.2069051476499335,6.22788028053846,9.705571038113964,14.412764632770356,15.510575468967373,17.587083829751133,20.467913758996346,21.850261826832828,22.03845681458242
0.0,0.8331730100965089,3.2069051476499335,6.22788028053846,9.705571038113964,14.412764632770356,15.510575468967373,17.587083829751133,20.467913758996346,21.850261826832828,22.11766345925818
0.0,0.8331730100965089,3.2069051476499335,6.22788028053846,9.705571038113964,14.412764632770356,15.510575468967373,17.587083829751133,20.467913758996346,21.850261826832828,22.11766345925818
0.0,0.8331730100965089,3.2069051476499335,6.22788028053846,9.705571038113964,14.412764632770356,15.510575468967373,17.587083829751133,20.467913758996346,21.850261826832828,22.11766345925818
0.0,0.8331730100965089,3.2069051476499335,6.22788028053846,9.705571038113964,14.412764632770356,15.510575468967373,17.587083829751133,20.467913758996346,21.850261826832828,22.11766345925818
0.0,0.8331730100965089,3.2069051476499335,6.22788028053846,9.705571038113964,14.412764632770356,15.510575468967373,17.587083829751133,20.467913758996346,21.850261826832828,22.03845681458242
0.0,0.8331730100965089,3.2069051476499335,6.22788028053846,9.705571038113964,14.412764632770356,15.510575468967373,17.587083829751133,20.467913758996346,21.850261826832828,22.11766345925818
0.0,0.8331730100965089,3.2069051476499335,6.22788028053846,9.705571038113964,14.412764632770356,15.510575468967373,17.587083829751133,20.467913758996346,21.850261826832828,22.03845681458242
0.0,0.8331730100965089,3.2069051476499335,6.22788028053846,9.705571038113964,14.412764632770356,15.538388797982863,17.594943825299385,20.467913758996346,21.850261826832828,22.03845681458242
0.0,0.8331730100965089,3.2069051476499335,6.22788028053846,9.705571038113964,14.412764632770356,15.538388797982863,17.594943825299385,20.467913758996346,21.850261826832828,22.11766345925818
0.0,0.8331730100965089,3.2069051476499335,6.22788028053846,9.705571038113964,14.412764632770356,15.538388797982863,17.594943825299385,20.467913758996346,21.850261826832828,22.11766345925818
0.0,0.8331730100965089,3.2069051476499335,6.22788028053846,9.705571038113964,14.412764632770356,15.538388797982863,17.594943825299385,20.467913758996346,21.850261826832828,22.11766345925818
0.0,0.8331730100965089,3.2069051476499335,6.22788028053846,9.705571038113964,14.412764632770356,15.538388797982863,17.594943825299385,20.467913758996346,21.850261826832828,22.154631054100886
0.0,0.8331730100965089,3.2069051476499335,6.22788028053846,9.705571038113964,14.412764632770356,15.538388797982863,17.594943825299385,20.467913758996346,21.850261826832828,22.154631054100886
0.0,0.8331730100965089,3.208293791803397,6.22788028053846,9.705571038113964,14.412764632770356,15.538388797982863,17.594943825299385,20.467913758996346,21.850261826832828,22.154631054100886
0.0,0.8331730100965089,3.208293791803397,6.27641541599935,9.705571038113964,14.380084308226682,15.673828789882895,17.699132582755425,20.467913758996346,21.850261826832828,22.154631054100886
0.0,0.8331730100965089,3.208293791803397,6.27641541599935,9.705571038113964,14.380084308226682,15.673828789882895,17.699132582755425,20.467913758996346,21.850261826832828,22.154631054100886
0.0,0.8610940788760519,3.2082798772816132,6.276401087834015,9.72921712297776,14.38637845428556,15.673813194760147,17.69911671458162,20.46789751753601,21.8502453990046,22.154614585237656
0.0,0.8566748988525006,3.251549382397329,6.314453680844013,9.76068780970964,14.385829010413437,15.668745002617413,17.693959784745346,20.462619274908853,21.84490658947403,22.149262439918495
0.0,0.8566748988525006,3.251549382397329,6.314453680844013,9.894611933483352,14.385829010413437,15.668745002617413,17.693959784745346,20.462619274908853,21.84490658947403,22.149262439918495
0.0,0.8566748988525006,3.251549382397329,6.314453680844013,9.929838804373304,14.385829010413437,15.668745002617413,17.693959784745346,20.462619274908853,21.84490658947403,22.149262439918495
0.0,0.8566748988525006,3.251549382397329,6.314453680844013,9.929838804373304,14.385829010413437,15.668745002617413,17.693959784745346,20.462619274908853,21.84490658947403,22.149262439918495
0.0,0.8566748988525006,3.251549382397329,6.314453680844013,9.929838804373304,14.385829010413437,15.668745002617413,17.693959784745346,20.462619274908853,21.84490658947403,22.176548772364445
0.0,0.8566748988525006,3.251549382397329,6.314453680844013,9.929838804373304,14.345411804547345,15.595891573497894,17.693959784745346,20.462619274908853,21.84490658947403,22.176548772364445
0.0,0.8566748988525006,3.251549382397329,6.314453680844013,9.929838804373304,14.345411804547345,15.595891573497894,17.693959784745346,20.462619274908853,21.84490658947403,22.176548772364445
0.0,0.8566748988525006,3.251549382397329,6.314453680844013,9.929838804373304,14.345411804547345,15.595891573497894,17.693959784745346,20.462619274908853,21.84490658947403,22.176548772364445
0.0,0.8566748988525006,3.251549382397329,6.314453680844013,9.929838804373304,14.345411804547345,15.595891573497894,17.693959784745346,20.462619274908853,21.894787730803074,22.176548772364445
0.0,0.8566748988525006,3.251549382397329,6.314453680844013,9.929838804373304,14.345411804547345,15.595891573497894,17.693959784745346,20.462619274908853,21.894787730803074,22.176548772364445
0.0,0.8566748988525006,3.251549382397329,6.314453680844013,9.929838804373304,14.28467814463184,15.595891573497894,17.63642121415282,20.479821527972593,21.894787730803074,22.176548772364445
0.0,0.8566748988525006,3.251549382397329,6.314453680844013,9.929838804373304,14.28467814463184,15.595891573497894,17.63642121415282,20.479821527972593,21.894787730803074,22.176548772364445
0.0,0.8566748988525006,3.251549382397329,6.314453680844013,9.929838804373304,14.28467814463184,15.683952010027996,17.63642121415282,20.526318840525,21.894787730803074,22.176548772364445
0.0,0.8241712686513293,3.274750853810099,6.314453680844013,9.929838804373304,14.28467814463184,15.683952010027996,17.63642121415282,20.526318840525,21.894787730803074,22.176548772364445
0.0,0.8241712686513293,3.274750853810099,6.314453680844013,9.929838804373304,14.28467814463184,15.683952010027996,17.63642121415282,20.526318840525,21.894787730803074,22.176548772364445
0.0,0.7819745193648616,3.320439282989595,6.314453680844013,9.987539151640421,14.28467814463184,15.683952010027996,17.63642121415282,20.526318840525,22.048772162224797,22.25743710965479
0.0,0.7819745193648616,3.3374932407683215,6.314453680844013,9.987539151640421,14.28467814463184,15.683952010027996,17.63642121415282,20.526318840525,22.048772162224797,22.25743710965479
0.0,0.7819745193648616,3.3374932407683215,6.314453680844013,9.987539151640421,14.28467814463184,15.683952010027996,17.63642121415282,20.526318840525,22.048772162224797,22.25743710965479
0.0,0.7819745193648616,3.2879760969570673,6.259247390643355,10.025718446841454,14.28467814463184,15.683952010027996,17.63642121415282,20.585367326746955,22.048772162224797,22.25743710965479
0.0,0.7819745193648616,3.2879760969570673,6.259247390643355,10.025718446841454,14.28467814463184,15.683952010027996,17.63642121415282,20.585367326746955,22.048772162224797,22.25743710965479
0.0,0.7819745193648616,3.2879760969570673,6.259247390643355,10.037352886021722,14.282939045380106,15.683952010027996,17.63642121415282,20.585367326746955,22.048772162224797,22.25743710965479
0.0,0.7819745193648616,3.2879760969570673,6.259247390643355,10.037352886021722,14.282939045380106,15.683952010027996,17.63642121415282,20.66206295188775,22.048772162224797,22.25743710965479
0.0,0.7305025740691142,3.27589677192172,6.261431375750188,10.037352886021722,14.282939045380106,15.683952010027996,17.63642121415282,20.66206295188775,22.048772162224797,22.25743710965479
0.0,0.7007761101149081,3.27589677192172,6.261431375750188,10.037352886021722,14.282939045380106,15.683952010027996,17.63642121415282,20.66206295188775,22.048772162224797,22.25743710965479
0.0,0.6939949711720691,3.27589677192172,6.2098650607275925,10.037352886021722,14.282939045380106,15.683952010027996,17.63642121415282,20.66206295188775,22.048772162224797,22.25743710965479
0.0,0.6939949711720691,3.27589677192172,6.2098650607275925,10.037352886021722,14.282939045380106,15.683952010027996,17.63642121415282,20.66206295188775,22.048772162224797,22.25743710965479
0.0,0.6939949711720691,3.27589677192172,6.2098650607275925,10.037352886021722,14.282939045380106,15.683952010027996,17.63642121415282,20.66206295188775,22.048772162224797,22.25743710965479
0.0,0.6939949711720691,3.27589677192172,6.2098650607275925,10.037352886021722,14.282939045380106,15.683952010027996,17.63642121415282,20.66206295188775,22.048772162224797,22.25743710965479
0.0,0.6939949711720691,3.27589677192172,6.2098650607275925,10.037352886021722,14.282939045380106,15.683952010027996,17.63642121415282,20.66206295188775,22.048772162224797,22.25743710965479
0.0,0.6939949711720691,3.27589677192172,6.2098650607275925,10.037352886021722,14.282939045380106,15.683952010027996,17.63642121415282,20.66206295188775,22.048772162224797,22.25743710965479
0.0,0.6939949711720691,3.27589677192172,6.2098650607275925,10.037352886021722,14.282939045380106,15.683952010027996,17.63642121415282,20.66206295188775,21.979383450219228,22.25743710965479
0.0,0.6939949711720691,3.27589677192172,6.2098650607275925,10.037352886021722,14.282939045380106,15.683952010027996,17.63642121415282,20.66206295188775,21.979383450219228,22.25743710965479
0.0,0.6939949711720691,3.27589677192172,6.132576254446665,10.037352886021722,14.282939045380106,15.683952010027996,17.63642121415282,20.66206295188775,21.979383450219228,22.25743710965479
0.0,0.6939949711720691,3.27589677192172,6.132576254446665,10.037352886021722,14.282939045380106,15.683952010027996,17.63642121415282,20.66206295188775,21.979383450219228,22.25743710965479
0.0,0.6939949711720691,3.27589677192172,6.132576254446665,10.037352886021722,14.282939045380106,15.683952010027996,17.63642121415282,20.66206295188775,21.979383450219228,22.25743710965479
0.0,0.6939949711720691,3.27589677192172,6.132576254446665,10.037352886021722,14.282939045380106,15.683952010027996,17.63642121415282,20.66206295188775,21.979383450219228,22.25743710965479
0.0,0.6939949711720691,3.25246611688661,6.132576254446665,10.037352886021722,14.282939045380106,15.683952010027996,17.63642121415282,20.66206295188775,21.979383450219228,22.25743710965479
0.0,0.6939949711720691,3.25246611688661,6.172440723341267,10.08703180650755,14.282939045380106,15.854397218088293,17.63642121415282,20.66206295188775,21.979383450219228,22.25743710965479
0.0,0.6939949711720691,3.239780129321569,6.113230460444717,10.08703180650755,14.282939045380106,15.854397218088293,17.63642121415282,20.66206295188775,21.979383450219228,22.25743710965479
0.0,0.6932076302450413,3.238972882531764,6.150943737073979,10.19702761951124,14.282045450531703,15.853491335780893,17.63550139794176,20.661119477745835,21.97842967575759,22.256481161051326
0.0,0.6842217156609358,3.237859459398233,6.125910330744906,10.195839154376689,14.280812928843439,15.852241866188624,17.634232709529584,20.65981815831197,21.977114149250486,22.255162635783705
0.0,0.7085551710884529,3.212703654507534,6.125910330744906,10.195839154376689,14.280812928843439,15.852241866188624,17.634232709529584,20.65981815831197,21.977114149250486,22.255162635783705
0.0,0.7085551710884529,3.212703654507534,6.177165620238191,10.220037798416788,14.389592237344607,15.852241866188624,17.742917650059557,20.80732877841604,22.08675625063108,22.255162635783705
0.0,0.7085551710884529,3.150798265408824,6.177165620238191,10.220037798416788,14.389592237344607,15.852241866188624,17.742917650059557,20.851991791064993,22.08675625063108,22.255162635783705
0.0,0.7085551710884529,3.150798265408824,6.177165620238191,10.220037798416788,14.389592237344607,15.852241866188624,17.742917650059557,20.851991791064993,22.08675625063108,22.255162635783705
0.0,0.7085551710884529,3.150798265408824,6.177165620238191,10.220037798416788,14.389592237344607,15.852241866188624,17.742917650059557,20.937354361573025,22.050518949695253,22.255162635783705
0.0,0.7085551710884529,3.150798265408824,6.177165620238191,10.220037798416788,14.389592237344607,15.852241866188624,17.742917650059557,20.851991791064993,22.08675625063108,22.255162635783705
0.0,0.7193510569558562,3.1093120857609016,6.11670116665585,10.196937026355227,14.365617577661377,15.827960653029669,17.718240174377033,20.91200737101996,22.0611683594979,22.229539448731607
0.0,0.7381672446926162,3.134384331271999,6.093521487217199,10.172866077604375,14.340636040117252,15.802659687503484,17.69252630425739,20.885595868020612,21.998284046497027,22.20284014964667
0.0,0.7367419066730575,3.132925089326947,6.092020376625845,10.171307248621883,14.33901824161857,15.801021202923776,17.69086108007328,20.883885465295208,22.117228123452033,22.201111109314418
0.0,0.7367419066730575,3.132925089326947,6.092020376625845,10.171307248621883,14.33901824161857,15.801021202923776,17.69086108007328,20.883885465295208,22.117228123452033,22.201111109314418
0.0,0.7367419066730575,3.132925089326947,6.202772868321095,10.097651923204404,14.33901824161857,15.801021202923776,17.69086108007328,20.798560635338497,22.117228123452033,22.201111109314418
0.0,0.7367419066730575,3.1214711876429266,6.202772868321095,10.097651923204404,14.33901824161857,15.801021202923776,17.679555405352225,20.883885465295208,22.117228123452033,22.201111109314418
0.0,0.7367419066730575,3.1214711876429266,6.123996975091933,10.097651923204404,14.33901824161857,15.801021202923776,17.679555405352225,20.883885465295208,22.117228123452033,22.201111109314418
0.0,0.7367419066730575,3.1214711876429266,6.123996975091933,10.097651923204404,14.33901824161857,15.801021202923776,17.679555405352225,20.798560635338497,22.117228123452033,22.201111109314418
0.0,0.7367419066730575,3.1214711876429266,6.123996975091933,10.097651923204404,14.33901824161857,15.776159498680231,17.626530578144433,20.901942204420614,22.117228123452033,22.201111109314418
0.0,0.7367419066730575,3.1214711876429266,6.123996975091933,10.097651923204404,14.33901824161857,15.776159498680231,17.626530578144433,20.901942204420614,22.117228123452033,22.201111109314418
0.0,0.7367419066730575,3.1214711876429266,6.123996975091933,10.097651923204404,14.33901824161857,15.776159498680231,17.626530578144433,20.901942204420614,22.117228123452033,22.201111109314418
0.0,0.7367419066730575,3.1214711876429266,6.123996975091933,10.097651923204404,14.33901824161857,15.776159498680231,17.626530578144433,20.901942204420614,22.117228123452033,22.201111109314418
0.0,0.7367419066730575,3.1458882109975805,6.051500515021308,10.193729945565657,14.447345201192494,15.787572974828896,17.626530578144433,20.901942204420614,22.117228123452033,22.201111109314418
0.0,0.7109588027868683,3.208651251736119,6.032654525083681,10.174147856527233,14.427007219121752,15.766996826216301,17.605627635697523,20.880457201613876,22.095527157023,22.17939523637392
0.0,0.7347514131233512,3.2317586947761248,5.999565234256296,10.178070782233535,14.391298327956669,15.730869768534372,17.568926802042036,20.8427344017688,22.057425173960166,22.141267080852415
0.0,0.7040865427984335,3.2778025660282357,6.0390147016016735,10.281561912896587,14.44311123449886,15.799745104380394,17.687227510631658,20.895032066601395,22.13105770911149,22.38514550403819
0.0,0.6804712306674126,3.2115098324681206,5.992892081458975,10.23359395880756,14.393333177221818,15.749376967038678,17.63603839589502,20.8424476885134,22.077935710588637,22.331912987750897
0.0,0.7073602377023067,3.237319198325054,6.0507657150359435,10.211363285388602,14.343321536821632,15.698772477627978,17.58460907665975,20.789616558665006,22.024564437525925,22.278430678320046
0.0,0.7097381915930085,3.2226793490794416,6.012133322665293,10.171215261926083,14.301668315057597,15.656625489390585,17.54177511196396,20.745615067212,21.980113076704306,22.23388683857894
0.0,0.7211034362609154,3.2686581128471794,5.9769195280666025,10.134619955112347,14.263701005616863,15.618208107093738,17.502731544064424,20.705507287522973,21.939595236789373,22.19328470324569
0.0,0.7420090403753019,3.3217251216322454,5.944619235067494,10.096335524890598,14.3140619280221,15.58296928325812,17.4669183436622,20.66871792556232,21.90242974196389,22.156041887394707
0.0,0.7518112133137537,3.3230778407604697,6.02010535110474,10.06369188865815,14.280167733124138,15.548698856490864,17.43208932475366,20.632939570962066,21.86628559099486,22.11982254025698
0.0,0.7324482022055637,3.397821944485567,6.003998591197781,10.09144587864904,14.262806090087576,15.563046720169279,17.414248836274023,20.614612803712536,21.847771451659998,22.10126988314517
0.0,0.7217599240982295,3.45162900320359,5.992750972008005,10.079764558361584,14.25068216507025,15.5507848323236,17.32458861913889,20.60181491635387,21.834842719247778,22.08831425312663
0.0,0.6949274618940547,3.4240692988529053,5.96451430808835,10.050439106501106,14.295882748815817,15.520001890593704,17.293333132815818,20.56968637091407,21.80238569293212,22.05578970152788
0.0,0.6866058372704017,3.4730285098534064,5.97905324017339,10.010112580646293,14.259221924568797,15.480825424965971,17.25035254437309,20.525505206220686,21.75775282189859,22.01106397395159
0.0,0.6816731944243541,3.4679593599938623,5.973861320012322,10.004723178646877,14.253624358448313,15.475168012416892,17.244608442584525,20.5196006545072,21.75178790230066,22.00508664462516
0.0,0.6816731944243541,3.4165130861845228,5.973861320012322,10.004723178646877,14.253624358448313,15.475168012416892,17.244608442584525,20.5196006545072,21.75178790230066,22.00508664462516
0.0,0.6816731944243541,3.4165130861845228,5.973861320012322,10.004723178646877,14.234122288047853,15.424983400422864,17.440917652272844,20.74200210429084,21.75178790230066,22.00508664462516
0.0,0.6816731944243541,3.4165130861845228,5.973861320012322,9.989959051020925,14.234122288047853,15.424983400422864,17.440917652272844,20.74200210429084,21.75178790230066,22.00508664462516
0.0,0.6816731944243541,3.4165130861845228,5.973861320012322,9.989959051020925,14.234122288047853,15.466685349999082,17.440917652272844,20.74200210429084,21.75178790230066,22.00508664462516
0.0,0.6816731944243541,3.4165130861845228,5.973861320012322,9.989959051020925,14.234122288047853,15.466685349999082,17.440917652272844,20.74200210429084,21.75178790230066,22.00508664462516
0.0,0.6816731944243541,3.4165130861845228,5.973861320012322,9.989959051020925,14.234122288047853,15.466685349999082,17.440917652272844,20.74200210429084,21.75178790230066,22.00508664462516
0.0,0.6816731944243541,3.4165130861845228,5.973861320012322,9.989959051020925,14.234122288047853,15.466685349999082,17.440917652272844,20.74200210429084,21.75178790230066,22.00508664462516
0.0,0.6816731944243541,3.4165130861845228,5.973861320012322,9.989959051020925,14.234122288047853,15.466685349999082,17.440917652272844,20.74200210429084,21.75178790230066,22.00508664462516
0.0,0.6816731944243541,3.4165130861845228,5.973861320012322,9.989959051020925,14.234122288047853,15.466685349999082,17.440917652272844,20.74200210429084,21.75178790230066,22.00508664462516
0.0,0.6816731944243541,3.4165130861845228,5.973861320012322,9.989959051020925,14.349067732582984,15.680724934772758,17.440917652272844,20.74200210429084,21.75178790230066,22.00508664462516
0.0,0.6550182597326122,3.389134117253039,5.945805306808589,9.960839797414653,14.318794428258894,15.650099081323987,17.40982579721284,20.710036304771148,21.71955476738968,21.972786450226394
0.0,0.6331563520288033,3.36667836942519,5.92279425919995,9.936956698764954,14.293964797547861,15.624980296033739,17.384324805613243,20.683818519326923,21.69311771816868,21.946294399995274
0.0,0.6488282813326564,3.3166864626553263,5.894765275368101,9.907865498864279,14.263720658750417,15.594383947760063,17.353262904677756,20.651883515896348,21.660915636899723,21.914025323844136
0.0,0.6717882587771281,3.2938140369419084,5.9860490630699035,9.883533906601574,14.238424759782047,15.568793464264552,17.32728303753418,20.62517339444952,21.63398213418681,21.887035787273472
0.0,0.6533654588667408,3.339410049936506,5.946128419192085,9.932361559185908,14.480299962247303,15.602289400075506,17.305812304801453,20.603099152280606,21.611723281394784,21.864730626008164
0.0,0.6327150896215732,3.3911545076711374,5.922953115416458,9.966512543588383,14.455257841619238,15.577001848619124,17.28015211433131,20.57671769312924,21.585121189635732,21.838073189875924
0.0,0.6312943846410725,3.3648308284882975,5.895984833176198,9.938514759727305,14.426117210560818,15.547575618376655,17.250292257233543,20.54601852114893,21.536182276320716,21.88836497287008
0.0,0.6367429115661773,3.342217027674773,5.872817275228534,9.91446279103946,14.401083459702576,15.522296518719875,17.224640643109275,20.519645879411392,21.50959300997544,21.86169865721039
0.0,0.6540831912058909,3.3953872079533807,5.851829100942345,9.892673402969866,14.41505216444716,15.702430188553901,17.337839084980054,20.495754125156367,21.48550500909692,21.83754085508466
0.0,0.6739832063317809,3.4188506917009276,5.832224022712962,9.872319910005215,14.39386107056286,15.681000656211921,17.316106654524514,20.47343680947088,21.463004379210133,21.81497502377095
0.0,0.694625534054467,3.3757676488967174,5.788135597758137,9.82654842995085,14.346205971129065,15.632809349989007,17.267234182912087,20.423249032289856,21.412404360144002,21.764228377989824
0.0,0.682782714843288,3.428657206927154,5.792896378618616,9.884241076857807,14.420463520011534,15.5678178339891,17.35872770209512,20.445886519784214,21.34416441799509,21.86403132928298
0.0,0.7065260924817119,3.460097670539306,5.742192728881804,9.831576557198408,14.365624912660435,15.512429331009361,17.302480864862602,20.388160091532527,21.286007469647284,21.805625222903945
0.0,0.7065260924817119,3.4578911973353263,5.742192728881804,9.831576557198408,14.365624912660435,15.512429331009361,17.318461079885434,20.494699315872943,21.294285087303457,21.805625222903945
0.0,0.7065260924817119,3.44235227695331,5.742192728881804,9.89650035965514,14.365624912660435,15.512429331009361,17.318461079885434,20.494699315872943,21.294285087303457,21.805625222903945
0.0,0.7065260924817119,3.44235227695331,5.742192728881804,9.89650035965514,14.365624912660435,15.512429331009361,17.318461079885434,20.494699315872943,21.294285087303457,21.805625222903945
0.0,0.7065260924817119,3.44235227695331,5.742192728881804,9.89650035965514,14.365624912660435,15.512429331009361,17.318461079885434,20.494699315872943,21.294285087303457,21.805625222903945
0.0,0.7065260924817119,3.44235227695331,5.742192728881804,9.89650035965514,14.365624912660435,15.512429331009361,17.318461079885434,20.494699315872943,21.294285087303457,21.805625222903945
0.0,0.7065260924817119,3.44235227695331,5.742192728881804,9.89650035965514,14.365624912660435,15.512429331009361,17.318461079885434,20.494699315872943,21.294285087303457,21.805625222903945
0.0,0.7065260924817119,3.44235227695331,5.742192728881804,9.89650035965514,14.365624912660435,15.512429331009361,17.383063940785217,20.494699315872943,21.294285087303457,21.805625222903945
0.0,0.7065260924817119,3.44235227695331,5.742192728881804,9.89650035965514,14.365624912660435,15.512429331009361,17.383063940785217,20.494699315872943,21.294285087303457,21.805625222903945
0.0,0.7065260924817119,3.44235227695331,5.742192728881804,9.89650035965514,14.365624912660435,15.512429331009361,17.383063940785217,20.494699315872943,21.294285087303457,21.805625222903945
0.0,0.7258631869380165,3.4404987021489806,5.74029794342998,9.894531133514525,14.363575604653095,15.510359473510169,17.38096056354189,20.49254018149722,21.29211162521759,21.803442598157226
0.0,0.7067316362131293,3.450764126511753,5.704931654847917,9.8577754048354,14.325325142939107,15.471725454249663,17.34170089616748,20.452239803770606,21.25154381988797,21.76270377119156
0.0,0.7213671942751436,3.408284611928907,5.661526521752723,9.81266500848645,14.278380257054465,15.424309827243354,17.293517409689805,20.402779050914074,21.201754852475503,21.712704908503902
0.0,0.7299163788880426,3.379510162522617,5.632125083942382,9.782108472466975,14.246581088513185,15.392191791673534,17.260879247331182,20.369275703603183,21.168029181693477,21.678837060462172
0.0,0.752786910116159,3.308621933477396,5.600342519446336,9.74907726212007,14.212206608883877,15.357472621013619,17.225597826507926,20.333059029316335,21.131572178681697,21.642226365717512
0.0,0.7534711413237455,3.265126156090411,5.555881864524689,9.702869875517875,14.164120121806977,15.308903945378008,17.17624261866863,20.28239549465798,21.08057244797759,21.59101163552522
0.0,0.7731663306514724,3.319323766720619,5.527468657303604,9.673340394834636,14.133389775520858,15.413147871280309,17.13840244498588,20.287999286821282,21.04798035235352,21.55828214145254
0.0,0.7801559244458124,3.2856423130785224,5.523026821395644,9.698379380571788,14.107517206339457,15.52022225210917,17.111848678143264,20.260731546948126,21.020540334562977,21.530726444820182
0.0,0.7911951296293324,3.2556464392617515,5.497014710354867,9.67133801802378,14.079388962698546,15.491745767504886,17.082979847294023,20.231086496032944,20.99070798584988,21.50076833191939
0.0,0.8068496404229479,3.266592173466464,5.4701293069131784,9.643388808496859,14.05031638272968,15.462313255242153,17.05314181672992,20.20044618573077,20.959874089688686,21.469804449348423
0.0,0.8248965479356888,3.24702683647081,5.450146478203206,9.62261529591904,14.028707914516254,15.440437263969564,17.030964420169788,20.177672487217492,20.936956506666856,21.446790252706244
0.0,0.8485273688560989,3.1919769681429884,5.514368321253932,9.580142553664201,13.98452805338238,15.395710435253948,16.985621349543027,20.131110240052003,20.890100078648544,21.39973629211466
0.0,0.8280813309199999,3.1503621223800695,5.471816910839376,9.535951514156768,13.938560830991003,15.34917411690288,16.938443858307988,20.082664248698322,20.84134800492299,21.350778694345067
0.0,0.8049856972503912,3.179572339531458,5.48679944887413,9.574214254177255,14.063669205176154,15.281320252171504,16.869655109604707,20.01202592017196,20.770263382564334,21.27939440065062
0.0,0.809297708176427,3.17256944536859,5.429301061675113,9.514487912766466,14.001495766873303,15.218483100761999,16.973946509034484,19.94661017174705,20.704434336632726,21.21328783930888
0.0,0.8080893828048216,3.183486039558381,5.404843693056166,9.596003208779997,13.984977172236698,15.30843260091737,17.034994675761684,19.966179810099742,20.686944499256164,21.195724270051137
0.0,0.8080893828048216,3.183486039558381,5.404843693056166,9.596003208779997,13.984977172236698,15.30843260091737,17.034994675761684,19.966179810099742,20.686944499256164,21.34043604334382
0.0,0.8080893828048216,3.200716799618513,5.404843693056166,9.596003208779997,13.984977172236698,15.30843260091737,17.034994675761684,19.966179810099742,20.686944499256164,21.34043604334382
0.0,0.8080893828048216,3.200716799618513,5.404843693056166,9.596003208779997,13.984977172236698,15.30843260091737,17.034994675761684,19.966179810099742,20.686944499256164,21.34043604334382
0.0,0.8080893828048216,3.200716799618513,5.404843693056166,9.596003208779997,14.013823726530413,15.30843260091737,17.034994675761684,19.966179810099742,20.686944499256164,21.34043604334382
0.0,0.8080893828048216,3.200716799618513,5.404843693056166,9.596003208779997,14.013823726530413,15.30843260091737,17.034994675761684,19.966179810099742,20.686944499256164,21.34043604334382
0.0,0.8080893828048216,3.2047084814857256,5.475749268624104,9.704031425713008,14.013823726530413,15.30843260091737,17.034994675761684,19.97062388257857,20.80270327340534,21.341713381541318
0.0,0.7956167177028729,3.1919392903055845,5.462699088771879,9.690458093923029,13.999717157811176,15.294165854349043,17.020514307145074,19.95578029787301,20.78775673815639,21.326700156281614
0.0,0.7956167177028729,3.1919392903055845,5.354737453667294,9.690458093923029,13.999717157811176,15.294165854349043,17.020514307145074,19.95578029787301,20.78775673815639,21.326700156281614
0.0,0.817229822344304,3.24955264514975,5.404251430650995,9.757436771431435,14.097520364571764,15.270825094861303,16.996824056564446,19.93149581655213,20.76330382713355,21.30213813870853
0.0,0.81167499441915,3.2062279117118773,5.36002256011878,9.71138125284445,14.049643695578276,15.222456093326137,16.947730805451297,19.881171142459685,20.712630116561954,21.251238326886916
0.0,0.8188110594975161,3.213290214466963,5.326251987558698,9.751565960370408,14.071802613577375,15.267600318142268,16.89025885273427,19.82225760089621,20.858744959258775,21.387254507846233
0.0,0.7904940438363637,3.233932236727213,5.308054417269455,9.84143237451682,14.001204580060412,15.196262215962477,16.81791650148515,19.748100661456565,20.783946546925833,21.312129005610526
0.0,0.8068086493774098,3.1887898520740205,5.2620050554309215,9.793400646153149,13.95135385640223,15.145888914598366,16.766834079195917,19.695736921120172,20.731129849384477,21.25908134316063
0.0,0.7847021694964688,3.1551848402919527,5.227724869325795,9.757644741586418,13.914243850611713,15.108389890148336,16.728807169096367,19.656756168896372,20.69181190557617,21.219591463852414
0.0,0.7905788622515916,3.0916508126764977,5.275554268278043,9.86439050291701,13.889063950965161,15.082946033366817,16.703005131080523,19.630306929446423,20.66513387472405,21.192796771239095
0.0,0.7646958559851544,3.065176891461613,5.248519520967458,9.836177343116315,13.85981725559743,15.05339274925072,16.67303581601936,19.59958588370124,20.634147085567015,21.161674478325544
0.0,0.7710215461938641,3.040164969780963,5.31965215776892,9.809522230805188,13.832185683832224,15.025471519837147,16.64472153061191,19.570561381290386,20.604871515195715,21.13227088727617
0.0,0.7902424268213155,2.999379222114809,5.277964134865874,9.766057010554812,13.787128197725238,14.979941702819053,16.59855077593259,19.52323250961954,20.55713323897721,21.08432385384425
0.0,0.7860011276848673,3.0226644522779345,5.215939995294236,9.701388726966716,13.72009091429382,14.91220167753723,16.529857152850056,19.452815820655708,20.48610743106178,21.012987453445895
0.0,0.7908641035401568,3.0572284470631,5.202191291107402,9.807358368779074,13.904980056602842,14.84499760017212,16.461707022392883,19.38295625693054,20.41564356763377,20.942215454891507
0.0,0.8132676367121396,3.0622692648354404,5.198243167221882,9.874621404759548,13.910641531925991,14.860373506279922,16.496767772289818,19.394358777077322,20.353049862814434,20.879348030775404
0.0,0.8173523766720024,3.0974369582788768,5.14319869204574,9.817130037144326,13.796438837649685,14.800273367838077,16.435811398412458,19.331886252631932,20.290075707865704,20.81609849283957
0.0,0.8273694999370705,3.058465487862035,5.102250743319649,9.775618481078805,13.808001937761064,14.756878152696013,16.39179793975383,19.28677805972155,20.244605313400072,20.770429258499657
0.0,0.8273694999370705,3.058465487862035,5.102250743319649,9.775618481078805,13.753423078184218,14.756878152696013,16.39179793975383,19.28677805972155,20.244605313400072,20.82724257235666
0.0,0.8273694999370705,3.058465487862035,5.102250743319649,9.775618481078805,13.753423078184218,14.756878152696013,16.39179793975383,19.28677805972155,20.244605313400072,20.82724257235666
0.0,0.8273694999370705,3.058465487862035,5.102250743319649,9.775618481078805,13.753423078184218,14.756878152696013,16.39179793975383,19.28677805972155,20.244605313400072,20.82724257235666
0.0,0.8273694999370705,3.058465487862035,5.102250743319649,9.775618481078805,13.753423078184218,14.756878152696013,16.39179793975383,19.28677805972155,20.244605313400072,20.82724257235666
0.0,0.8273694999370705,3.058465487862035,5.102250743319649,9.775618481078805,13.808001937761064,14.756878152696013,16.39179793975383,19.28677805972155,20.244605313400072,20.82724257235666
0.0,0.8273694999370705,3.058465487862035,5.102250743319649,9.775618481078805,13.808001937761064,14.756878152696013,16.39179793975383,19.28677805972155,20.244605313400072,20.82724257235666
0.0,0.8273694999370705,3.058465487862035,5.102250743319649,9.775618481078805,13.76316741430539,14.78207856605683,16.52010056895289,19.28677805972155,20.244605313400072,20.82724257235666
0.0,0.8271961970446807,3.048187047565112,5.098910130271105,9.89520427438469,13.974253049000188,14.93545016441721,16.614064530135405,19.380737265516572,20.303975166661576,20.873548483145314
0.0,0.8271961970446807,3.048187047565112,5.098910130271105,9.89520427438469,13.974253049000188,14.93545016441721,16.614064530135405,19.380737265516572,20.303975166661576,20.873548483145314
0.0,0.8271961970446807,3.048187047565112,5.098910130271105,9.89520427438469,13.974253049000188,14.93545016441721,16.614064530135405,19.380737265516572,20.303975166661576,20.873548483145314
0.0,0.798822642942366,3.073916281620612,5.185683492607347,9.89520427438469,13.974253049000188,14.93545016441721,16.614064530135405,19.380737265516572,20.303975166661576,20.873548483145314
0.0,0.798822642942366,3.073916281620612,5.185683492607347,9.89520427438469,13.974253049000188,15.058463932995055,16.71345129909495,19.51149889183159,20.400849831576647,21.01271904720918
0.0,0.7926391934261056,3.1061583096956604,5.179230933473657,9.888462812233719,13.967261359797842,15.051405733459648,16.706291575250425,19.504167523263643,20.393463906254034,21.005295587098892
0.0,0.7826060287671722,3.0958948512531643,5.168761115924477,9.877524225345482,14.076478353509344,15.039953213640711,16.69467432373803,19.492271763813505,20.38147962390071,20.993250401409306
0.0,0.7660083924543024,3.078916245167085,5.151441134657284,9.859428769612471,14.057691382481586,15.021007570338488,16.6754561685385,19.47259287926106,20.36165429792102,20.973324324424343
0.0,0.7328410023087151,3.1050734902365393,5.242640933808044,9.830918014833346,14.028091093220127,14.99115728094582,16.645176516106115,19.441587312997374,20.330418002148043,20.941929287846623
0.0,0.745174143023984,3.147877574098638,5.217170169255086,9.80433679805116,14.00049407897867,14.96332718596923,16.616946116327867,19.412680127456543,20.301295702305534,20.912658990387925
0.0,0.7306293855561931,3.1329859341228836,5.201979781878451,9.788484153383816,13.984035627725877,14.946729728812262,16.600109923305972,19.39544030941258,20.28392759327267,20.895202617765012
0.0,0.7382875110809164,3.121503369972119,5.190266861218861,9.776260583001477,13.971344935321273,14.933931852496773,16.58712796384796,19.3821471249843,20.27053548693166,20.881742453618646
0.0,0.7357330546841924,3.138355533344403,5.187599514406686,9.773476947524014,13.968454923605705,14.931017432124193,16.5841716227967,19.379119909643315,20.267485744412678,20.87867721250837
0.0,0.7321143489869355,3.138355533344403,5.187599514406686,9.794687317413862,13.968336061009795,14.875099184232802,16.730319787928018,19.326331710110523,20.267485744412678,20.87867721250837
0.0,0.7453345110415505,3.138355533344403,5.187599514406686,9.794687317413862,13.968336061009795,14.875099184232802,16.730319787928018,19.326331710110523,20.267485744412678,20.87867721250837
0.0,0.739467175298519,3.1323488297800615,5.181473464348388,9.788292953879123,13.961698627177348,14.868408941168948,16.723521498152007,19.31938223046935,20.2604814526382,20.87163732538286
0.0,0.7342771442256933,3.1323488297800615,5.181473464348388,9.788292953879123,13.961698627177348,14.868408941168948,16.723521498152007,19.31938223046935,20.2604814526382,20.87163732538286
0.0,0.7342771442256933,3.1323488297800615,5.181473464348388,9.788292953879123,13.961698627177348,14.868408941168948,16.723521498152007,19.31938223046935,20.2604814526382,20.87163732538286
0.0,0.7342771442256933,3.1323488297800615,5.181473464348388,9.788292953879123,13.961698627177348,14.868408941168948,16.723521498152007,19.31938223046935,20.2604814526382,20.87163732538286
0.0,0.7342771442256933,3.1323488297800615,5.181473464348388,9.788292953879123,13.961698627177348,14.868408941168948,16.723521498152007,19.31938223046935,20.2604814526382,20.87163732538286
0.0,0.7342771442256933,3.1323488297800615,5.181473464348388,9.788292953879123,13.961698627177348,14.868408941168948,16.7852472112167,19.31938223046935,20.2604814526382,21.0072120302015
0.0,0.7342771442256933,3.1323488297800615,5.181473464348388,9.788292953879123,13.961698627177348,14.868408941168948,16.7852472112167,19.31938223046935,20.2604814526382,21.0072120302015
0.0,0.7342771442256933,3.1323488297800615,5.181473464348388,9.788292953879123,13.961698627177348,14.868408941168948,16.7852472112167,19.31938223046935,20.2604814526382,21.0072120302015
0.0,0.7342771442256933,3.1323488297800615,5.181473464348388,9.788292953879123,13.961698627177348,14.674436482141484,16.7852472112167,19.31938223046935,20.2604814526382,21.0072120302015
0.0,0.7342771442256933,3.1323488297800615,5.181473464348388,9.788292953879123,13.87387749070317,14.56110099443901,16.7852472112167,19.31938223046935,20.2604814526382,21.0072120302015
0.0,0.7342771442256933,3.1323488297800615,5.181473464348388,9.788292953879123,13.87387749070317,14.56110099443901,16.7852472112167,19.31938223046935,20.2604814526382,21.0072120302015
0.0,0.7342771442256933,3.1323488297800615,5.181473464348388,9.788292953879123,13.87387749070317,14.56110099443901,16.7852472112167,19.31938223046935,20.2604814526382,21.0072120302015
0.0,0.7342771442256933,3.1323488297800615,5.181473464348388,9.788292953879123,13.87387749070317,14.56110099443901,16.7852472112167,19.31938223046935,20.2604814526382,21.0072120302015
0.0,0.7317496080172222,3.129761123258291,5.178834342986939,9.785538242240008,13.87102026715706,14.55822652768296,16.7823169381328,19.316388373090216,20.25746398202207,21.004175823276082
0.0,0.7480357889173104,3.0901853997713142,5.138472294056508,9.743408385087028,13.82732261904667,14.514265166318035,16.73750208902452,19.270601081989305,20.211315556097674,20.957740849016535
0.0,0.7324141782721832,3.134627157324167,5.058215220417436,9.659636150090774,13.740432942848743,14.426851115004135,16.64839093782388,19.179556298808116,20.119552681915405,20.865408193778933
0.0,0.7351935841006962,3.087849970459625,5.010565581295511,9.609899515237133,13.791870903587611,14.522594865102429,16.81601227128948,19.266736659989476,20.213228685273034,21.01674552671865
0.0,0.7413835187539033,3.0360585578580124,5.048477509398432,9.608660949495976,13.748333429105703,14.47877781110772,16.771317741592817,19.221104467965198,20.167234359538575,20.970443770464755
0.0,0.7257713848458867,2.980777602977222,4.992116850549745,9.549853658870719,13.68730511944333,14.417357603079964,16.708667538957023,19.15713990459605,20.20128014074673,21.121479273751767
0.0,0.7407745829645738,2.9722752311406886,4.941674682738658,9.497221782614652,13.63268545565478,14.36238719457843,16.652596298852508,19.099892326137255,20.143530917987487,21.06328795266668
0.0,0.7599801763755071,2.9820184566050196,4.958222211460585,9.502561779725625,13.658837843962383,14.30435580195009,16.76233258683298,19.0394569611268,20.082565975006762,21.001856293461227
0.0,0.7721508446801694,2.944912837867784,4.979759273946424,9.463106733407407,13.617885243048539,14.26317061340982,16.720261760675466,18.996565660578554,20.03929883015142,20.958257917614525
0.0,0.7651719585295881,2.9174564601479123,4.951760183519234,9.433911891991624,13.587582283077323,14.232695549753466,16.689131367670903,18.964828155887187,20.007283218703968,20.925997211124304
0.0,0.7734277596860495,2.934093133143579,4.953663219102185,9.388811444743165,13.540770004558997,14.185617403951865,16.83816411276264,18.915799780094844,19.957825221154014,20.876160588601202
0.0,0.7471503387268276,2.9608750984709293,4.9521459268355335,9.448753402543852,13.48619567509822,14.13761815688725,16.78904983696042,18.959503240095597,19.907399559665013,20.825348894201998
0.0,0.7526689505702552,3.02341620681907,5.032052624963342,9.436160919452679,13.572602508703872,14.139130208641868,17.01748968585446,18.90254417997964,19.852938955205403,20.77047136738559
0.0,0.7399268977124782,3.0349190022872006,5.018769364279055,9.422320677189001,13.558239136304564,14.124695188255728,17.0026906432644,18.88750673711439,19.837781317206986,20.755197690312315
0.0,0.7399268977124782,3.0349190022872006,5.018769364279055,9.422320677189001,13.558239136304564,14.234156880997077,17.0026906432644,18.88750673711439,19.837781317206986,20.755197690312315
0.0,0.7399268977124782,3.0349190022872006,5.090093473850534,9.454509112571007,13.4712607570573,14.253291336464887,17.0026906432644,18.88750673711439,19.837781317206986,20.755197690312315
0.0,0.7399268977124782,3.0349190022872006,5.090093473850534,9.454509112571007,13.4712607570573,14.253291336464887,17.0026906432644,18.88750673711439,19.837781317206986,20.755197690312315
0.0,0.7399268977124782,3.0349190022872006,5.090093473850534,9.454509112571007,13.4712607570573,14.253291336464887,17.0026906432644,18.88750673711439,19.837781317206986,20.755197690312315
0.0,0.7399268977124782,3.0349190022872006,5.090093473850534,9.454509112571007,13.4712607570573,14.253291336464887,17.0026906432644,18.88750673711439,19.837781317206986,20.755197690312315
0.0,0.7399268977124782,3.0349190022872006,5.090093473850534,9.454509112571007,13.4712607570573,14.253291336464887,17.0026906432644,18.88750673711439,19.797897074752804,20.793611061790234
0.0,0.7399268977124782,3.0349190022872006,5.090093473850534,9.373125296144108,13.525223335998412,14.253291336464887,17.0026906432644,18.88750673711439,19.797897074752804,20.793611061790234
0.0,0.7399268977124782,3.0349190022872006,5.090093473850534,9.373125296144108,13.525223335998412,14.253291336464887,17.0026906432644,18.88750673711439,19.797897074752804,20.793611061790234
0.0,0.7399268977124782,3.0349190022872006,5.090093473850534,9.373125296144108,13.525223335998412,14.253291336464887,17.0026906432644,18.88750673711439,19.797897074752804,20.793611061790234
0.0,0.7399268977124782,3.0349190022872006,5.090093473850534,9.373125296144108,13.525223335998412,14.253291336464887,17.0026906432644,18.88750673711439,19.797897074752804,20.793611061790234
0.0,0.7399268977124782,3.02612004198286,5.117409649123726,9.388989690245078,13.479206086884341,14.384225118904157,17.049377663983726,18.88750673711439,19.797897074752804,20.795305189968243
0.0,0.7356405764518231,3.0852963810234053,5.112030950010888,9.384335365325159,13.474377729859757,14.379358254780774,17.04439740192202,18.882448265627996,19.792799867627227,20.790165544737523
0.0,0.7361407154270276,3.079935855078276,5.139196896335467,9.378647283820795,13.468476962560413,14.373410427699346,17.038310990464407,18.876266273911224,19.786570536827647,20.78388435004681
0.0,0.7162989661805145,3.0293663141462384,5.168939822902866,9.495399760690916,13.50676851835316,14.373410427699346,17.038310990464407,18.876266273911224,19.786570536827647,20.78388435004681
0.0,0.7152541549386702,3.0282975075948646,5.167848820833214,9.494263876769697,13.505591021274824,14.372223940246872,17.037096857853253,18.875033074710437,19.78532789430798,20.782631361588162
0.0,0.7152541549386702,3.0282975075948646,5.167848820833214,9.494263876769697,13.505591021274824,14.372223940246872,17.037096857853253,18.875033074710437,19.78532789430798,20.782631361588162
0.0,0.7139713150875572,3.026985205829417,5.166509266972628,9.492869216086488,13.504145267136506,14.38487009010125,17.19106677073604,18.873518928407474,19.783802153311836,20.781092917644063
0.0,0.7139713150875572,3.026985205829417,5.126957997917904,9.492869216086488,13.504145267136506,14.38487009010125,17.176871909564674,18.873518928407474,19.783802153311836,20.781092917644063
0.0,0.7135117219876631,3.026985205829417,5.126957997917904,9.492869216086488,13.504145267136506,14.38487009010125,17.176871909564674,18.873518928407474,19.783802153311836,20.781092917644063
0.0,0.7135117219876631,3.026985205829417,5.126957997917904,9.478661223683684,13.504145267136506,14.38487009010125,17.19106677073604,18.873518928407474,19.783802153311836,20.781092917644063
0.0,0.7156258502472295,3.026985205829417,5.126957997917904,9.478661223683684,13.504145267136506,14.38487009010125,17.176871909564674,18.873518928407474,19.783802153311836,20.781092917644063
0.0,0.734495429806203,3.026985205829417,5.126957997917904,9.478661223683684,13.504145267136506,14.38487009010125,17.19106677073604,18.873518928407474,19.783802153311836,20.781092917644063
0.0,0.7426105308274026,3.026985205829417,5.126957997917904,9.375344694824923,13.504145267136506,14.38487009010125,17.176871909564674,18.873518928407474,19.783802153311836,20.781092917644063
0.0,0.7426105308274026,3.026985205829417,5.126957997917904,9.375344694824923,13.504145267136506,14.38487009010125,17.176871909564674,18.873518928407474,19.783802153311836,20.781092917644063
0.0,0.7426105308274026,3.026985205829417,5.126957997917904,9.375344694824923,13.504145267136506,14.38487009010125,17.19106677073604,18.873518928407474,19.783802153311836,20.781092917644063
0.0,0.7426105308274026,3.026985205829417,5.126957997917904,9.375344694824923,13.504145267136506,14.38487009010125,17.176871909564674,18.873518928407474,19.783802153311836,20.781092917644063
0.0,0.7426105308274026,3.026985205829417,5.126957997917904,9.328978316660168,13.504145267136506,14.38487009010125,17.19106677073604,18.873518928407474,19.783802153311836,20.781092917644063
0.0,0.7426105308274026,3.026985205829417,5.126957997917904,9.328978316660168,13.504145267136506,14.38487009010125,17.19106677073604,18.873518928407474,19.783802153311836,20.781092917644063
0.0,0.7426105308274026,3.026985205829417,5.126957997917904,9.328978316660168,13.504145267136506,14.38487009010125,17.19106677073604,18.873518928407474,19.783802153311836,20.781092917644063
0.0,0.7426105308274026,3.026985205829417,5.126957997917904,9.328978316660168,13.504145267136506,14.38487009010125,17.176871909564674,18.873518928407474,19.783802153311836,20.781092917644063
0.0,0.7426105308274026,3.026985205829417,5.126957997917904,9.328978316660168,13.504145267136506,14.38487009010125,17.19106677073604,18.873518928407474,19.783802153311836,20.707006509939287
0.0,0.7426105308274026,3.026985205829417,5.126957997917904,9.433726149744343,13.504145267136506,14.38487009010125,17.176871909564674,18.873518928407474,19.783802153311836,20.707006509939287
0.0,0.7426105308274026,3.026985205829417,5.126957997917904,9.433726149744343,13.504145267136506,14.38487009010125,17.176871909564674,18.873518928407474,19.783802153311836,20.707006509939287
0.0,0.7426105308274026,3.026985205829417,5.126957997917904,9.433726149744343,13.504145267136506,14.38487009010125,17.176871909564674,18.873518928407474,19.783802153311836,20.707006509939287
0.0,0.7426105308274026,3.026985205829417,5.126957997917904,9.433726149744343,13.504145267136506,14.38487009010125,17.19106677073604,18.873518928407474,19.783802153311836,20.707006509939287
0.0,0.7426105308274026,3.026985205829417,5.126957997917904,9.433726149744343,13.504145267136506,14.38487009010125,17.176871909564674,18.873518928407474,19.783802153311836,20.707006509939287
0.0,0.7426105308274026,3.026985205829417,5.126957997917904,9.433726149744343,13.504145267136506,14.38487009010125,17.176871909564674,18.873518928407474,19.783802153311836,20.707006509939287
0.0,0.7426105308274026,3.026985205829417,5.126957997917904,9.433726149744343,13.504145267136506,14.38487009010125,17.19106677073604,18.873518928407474,19.783802153311836,20.707006509939287
0.0,0.7426105308274026,3.0284690349805468,5.107379331861922,9.438781673843314,13.437517398881639,14.385447864283993,17.308394323526226,18.873518928407474,19.783802153311836,20.707006509939287
0.0,0.7426105308274026,3.03704372910164,5.107379331861922,9.46979764247122,13.437517398881639,14.385447864283993,17.308394323526226,18.873518928407474,19.783802153311836,20.707006509939287
0.0,0.7426105308274026,3.03704372910164,5.107379331861922,9.46979764247122,13.437517398881639,14.385447864283993,17.308394323526226,18.873518928407474,19.783802153311836,20.707006509939287
0.0,0.7203399623291133,3.03704372910164,5.107379331861922,9.46979764247122,13.437517398881639,14.385447864283993,17.308394323526226,18.873518928407474,19.783802153311836,20.707006509939287
0.0,0.7203399623291133,3.03704372910164,5.107379331861922,9.46979764247122,13.437517398881639,14.385447864283993,17.308394323526226,18.873518928407474,19.783802153311836,20.707006509939287
0.0,0.7203399623291133,3.03704372910164,5.107379331861922,9.46979764247122,13.437517398881639,14.331176484800858,17.36722224031414,18.875908812526973,19.77493857209937,20.732192211814105
0.0,0.7203399623291133,3.03704372910164,5.107379331861922,9.46979764247122,13.437517398881639,14.331176484800858,17.36722224031414,18.875908812526973,19.77493857209937,20.732192211814105
0.0,0.7203399623291133,3.03704372910164,5.107379331861922,9.46979764247122,13.437517398881639,14.331176484800858,17.36722224031414,18.875908812526973,19.77493857209937,20.732192211814105
0.0,0.7203399623291133,3.03704372910164,5.107379331861922,9.46979764247122,13.437517398881639,14.331176484800858,17.36722224031414,18.875908812526973,19.77493857209937,20.732192211814105
0.0,0.7203399623291133,3.03704372910164,5.107379331861922,9.46979764247122,13.437517398881639,14.331176484800858,17.36722224031414,18.875908812526973,19.77493857209937,20.732192211814105
0.0,0.7203399623291133,3.03704372910164,5.107379331861922,9.46979764247122,13.437517398881639,14.331176484800858,17.36722224031414,18.875908812526973,19.77493857209937,20.732192211814105
0.0,0.7203399623291133,3.03704372910164,5.107379331861922,9.46979764247122,13.437517398881639,14.331176484800858,17.36722224031414,18.875908812526973,19.77493857209937,20.732192211814105
0.0,0.7203399623291133,3.03704372910164,5.107379331861922,9.46979764247122,13.437517398881639,14.331176484800858,17.36722224031414,18.875908812526973,19.77493857209937,20.732192211814105
0.0,0.7203399623291133,3.03704372910164,5.107379331861922,9.46979764247122,13.437517398881639,14.331176484800858,17.36722224031414,18.875908812526973,19.77493857209937,20.732192211814105
0.0,0.7203399623291133,3.03704372910164,5.107379331861922,9.46979764247122,13.437517398881639,14.331176484800858,17.36722224031414,18.875908812526973,19.77493857209937,20.73648612449037
0.0,0.7203399623291133,3.03704372910164,5.107379331861922,9.46979764247122,13.437517398881639,14.331176484800858,17.36722224031414,18.875908812526973,19.77493857209937,20.73648612449037
0.0,0.7203399623291133,3.03704372910164,5.107379331861922,9.46979764247122,13.437517398881639,14.331176484800858,17.36722224031414,18.875908812526973,19.77493857209937,20.73648612449037
0.0,0.7203399623291133,3.03704372910164,5.107379331861922,9.46979764247122,13.437517398881639,14.331176484800858,17.36722224031414,18.875908812526973,19.77493857209937,20.73648612449037
0.0,0.7203399623291133,3.03704372910164,5.107379331861922,9.46979764247122,13.437517398881639,14.331176484800858,17.36722224031414,18.875908812526973,19.77493857209937,20.73648612449037
0.0,0.7203399623291133,3.03704372910164,5.107379331861922,9.46979764247122,13.437517398881639,14.331176484800858,17.36722224031414,18.875908812526973,19.77493857209937,20.73648612449037
0.0,0.7229151388178453,3.0678000487160855,5.064660421991574,9.571383832169815,13.61695897409971,14.476764989550992,17.46832633997127,18.87398882944184,19.863831329430358,20.734536090934935
0.0,0.7190268609579723,3.063821249607234,5.060604536670831,9.567153970621,13.61257293835525,14.472345762107414,17.46379162717116,18.86939985285947,19.859204141258576,20.72987529033204
0.0,0.7190268609579723,3.063821249607234,5.0985648481213195,9.6593564289418,13.644125559737317,14.472345762107414,17.46379162717116,18.86939985285947,19.859204141258576,20.72987529033204
0.0,0.7414669067099252,3.063821249607234,5.0985648481213195,9.6593564289418,13.644125559737317,14.472345762107414,17.46379162717116,18.86939985285947,19.859204141258576,20.72987529033204
0.0,0.7414669067099252,3.063821249607234,5.0985648481213195,9.6593564289418,13.644125559737317,14.472345762107414,17.46379162717116,18.86939985285947,19.859204141258576,20.72987529033204
0.0,0.7414669067099252,3.063821249607234,5.0985648481213195,9.6593564289418,13.644125559737317,14.472345762107414,17.46379162717116,18.992747886676845,19.859204141258576,20.72987529033204
0.0,0.7414669067099252,3.06664430978082,5.0985648481213195,9.6593564289418,13.644125559737317,14.472345762107414,17.46379162717116,18.992747886676845,19.859204141258576,20.72987529033204
0.0,0.7414669067099252,3.06664430978082,5.0985648481213195,9.682282303653853,13.644125559737317,14.472345762107414,17.46379162717116,18.992747886676845,19.859204141258576,20.72987529033204
0.0,0.7414669067099252,3.06664430978082,5.0985648481213195,9.682282303653853,13.644125559737317,14.472345762107414,17.46379162717116,18.992747886676845,19.859204141258576,20.72987529033204
0.0,0.7414669067099252,3.06664430978082,5.0985648481213195,9.682282303653853,13.644125559737317,14.472345762107414,17.46379162717116,18.992747886676845,19.859204141258576,20.72987529033204
0.0,0.7414669067099252,3.06664430978082,5.047946722683167,9.682282303653853,13.644125559737317,14.472345762107414,17.46379162717116,18.992747886676845,19.859204141258576,20.72987529033204
0.0,0.7549125514436972,3.06664430978082,5.085775729009333,9.682282303653853,13.644125559737317,14.472345762107414,17.46379162717116,18.992747886676845,19.859204141258576,20.72987529033204
0.0,0.7549125514436972,3.06664430978082,5.085775729009333,9.682282303653853,13.644125559737317,14.615914785075168,17.46379162717116,18.992747886676845,19.859204141258576,20.72987529033204
0.0,0.7549125514436972,3.06664430978082,5.047946722683167,9.682282303653853,13.644125559737317,14.615914785075168,17.46379162717116,18.992747886676845,19.859204141258576,20.72987529033204
0.0,0.7549125514436972,3.06664430978082,5.085775729009333,9.682282303653853,13.644125559737317,14.615914785075168,17.46379162717116,18.992747886676845,19.859204141258576,20.72987529033204
0.0,0.7549125514436972,3.06664430978082,5.047946722683167,9.682282303653853,13.644125559737317,14.615914785075168,17.46379162717116,18.992747886676845,19.859204141258576,20.72987529033204
0.0,0.7549125514436972,3.06664430978082,5.047946722683167,9.682282303653853,13.644125559737317,14.615914785075168,17.46379162717116,18.992747886676845,19.859204141258576,20.72987529033204
0.0,0.7549125514436972,3.06664430978082,5.085775729009333,9.682282303653853,13.644125559737317,14.615914785075168,17.46379162717116,18.992747886676845,19.859204141258576,20.72987529033204
0.0,0.7549125514436972,3.06664430978082,5.085775729009333,9.682282303653853,13.644125559737317,14.615914785075168,17.46379162717116,18.992747886676845,19.859204141258576,20.72987529033204
0.0,0.7549125514436972,3.06664430978082,5.085775729009333,9.682282303653853,13.644125559737317,14.615914785075168,17.46379162717116,18.992747886676845,19.859204141258576,20.72987529033204
0.0,0.7549125514436972,3.06664430978082,5.085775729009333,9.682282303653853,13.644125559737317,14.615914785075168,17.46379162717116,18.992747886676845,19.859204141258576,20.72987529033204
0.0,0.7549125514436972,3.06664430978082,5.047946722683167,9.682282303653853,13.644125559737317,14.615914785075168,17.46379162717116,18.992747886676845,19.859204141258576,20.72987529033204
0.0,0.7549125514436972,3.06664430978082,5.085775729009333,9.682282303653853,13.644125559737317,14.615914785075168,17.46379162717116,18.992747886676845,19.859204141258576,20.72987529033204
0.0,0.7549125514436972,3.06664430978082,5.085775729009333,9.682282303653853,13.714649542027416,14.615914785075168,17.46379162717116,18.992747886676845,19.859204141258576,20.72987529033204
0.0,0.7549125514436972,3.06664430978082,5.047946722683167,9.682282303653853,13.714649542027416,14.615914785075168,17.46379162717116,18.992747886676845,19.859204141258576,20.72987529033204
0.0,0.7549125514436972,3.06664430978082,5.085775729009333,9.682282303653853,13.714649542027416,14.615914785075168,17.46379162717116,18.992747886676845,19.859204141258576,20.72987529033204
0.0,0.7549125514436972,3.06664430978082,5.047946722683167,9.682282303653853,13.714649542027416,14.615914785075168,17.46379162717116,18.992747886676845,19.859204141258576,20.72987529033204
0.0,0.7549125514436972,3.06664430978082,5.047946722683167,9.682282303653853,13.714649542027416,14.615914785075168,17.46379162717116,18.992747886676845,19.859204141258576,20.697114661805927
0.0,0.7549125514436972,3.06664430978082,5.085775729009333,9.682282303653853,13.714649542027416,14.615914785075168,17.46379162717116,18.992747886676845,19.859204141258576,20.697114661805927
0.0,0.7549125514436972,3.06664430978082,5.047946722683167,9.591786811949648,13.714649542027416,14.621994212332726,17.46379162717116,18.967983740223833,19.859282924333186,20.757107973122874
0.0,0.7549125514436972,3.06664430978082,5.085775729009333,9.67595339666004,13.714649542027416,14.621994212332726,17.46379162717116,18.967983740223833,19.859282924333186,20.757107973122874
0.0,0.7549125514436972,3.06664430978082,5.085775729009333,9.67595339666004,13.714649542027416,14.621994212332726,17.46379162717116,18.967983740223833,19.859282924333186,20.757107973122874
0.0,0.7549125514436972,3.06664430978082,5.085775729009333,9.67595339666004,13.714649542027416,14.621994212332726,17.46379162717116,18.967983740223833,19.859282924333186,20.757107973122874
0.0,0.7549125514436972,3.06664430978082,5.085775729009333,9.67595339666004,13.714649542027416,14.621994212332726,17.46379162717116,18.967983740223833,19.859282924333186,20.757107973122874
0.0,0.7549125514436972,3.06664430978082,5.047946722683167,9.67595339666004,13.714649542027416,14.621994212332726,17.46379162717116,18.967983740223833,19.859282924333186,20.757107973122874
0.0,0.7549125514436972,3.0541309314299636,5.085775729009333,9.727254308744817,13.70708636686468,14.630384609778893,17.609159530342573,19.063613262290254,19.859282924333186,20.757107973122874
0.0,0.7549125514436972,3.0541309314299636,5.047946722683167,9.727254308744817,13.70708636686468,14.630384609778893,17.609159530342573,19.063613262290254,19.859282924333186,20.757107973122874
0.0,0.7549125514436972,3.0541309314299636,5.047946722683167,9.727254308744817,13.70708636686468,14.630384609778893,17.609159530342573,19.063613262290254,19.859282924333186,20.757107973122874
0.0,0.7549125514436972,3.0541309314299636,5.085775729009333,9.727254308744817,13.70708636686468,14.630384609778893,17.609159530342573,19.063613262290254,19.859282924333186,20.757107973122874
0.0,0.7549125514436972,3.0541309314299636,5.085775729009333,9.727254308744817,13.70708636686468,14.630384609778893,17.609159530342573,19.063613262290254,19.859282924333186,20.757107973122874
0.0,0.7549125514436972,3.0541309314299636,5.047946722683167,9.727254308744817,13.70708636686468,14.630384609778893,17.609159530342573,19.063613262290254,19.859282924333186,20.757107973122874
0.0,0.7549125514436972,3.0541309314299636,5.047946722683167,9.727254308744817,13.70708636686468,14.630384609778893,17.609159530342573,19.063613262290254,19.859282924333186,20.757107973122874
0.0,0.7549125514436972,3.0541309314299636,5.085775729009333,9.727254308744817,13.70708636686468,14.630384609778893,17.609159530342573,19.063613262290254,19.859282924333186,20.757107973122874
0.0,0.7549125514436972,3.0541309314299636,5.085775729009333,9.727254308744817,13.492862056482464,14.596127102835135,17.609159530342573,19.063613262290254,19.859282924333186,20.757107973122874
0.0,0.7549125514436972,3.0541309314299636,5.047946722683167,9.727254308744817,13.492862056482464,14.596127102835135,17.609159530342573,19.063613262290254,19.859282924333186,20.757107973122874
0.0,0.7549125514436972,3.0541309314299636,5.085775729009333,9.727254308744817,13.492862056482464,14.596127102835135,17.609159530342573,19.063613262290254,19.859282924333186,20.757107973122874
0.0,0.7549125514436972,3.0541309314299636,5.047946722683167,9.727254308744817,13.492862056482464,14.596127102835135,17.609159530342573,19.063613262290254,19.859282924333186,20.757107973122874
0.0,0.7549125514436972,3.0541309314299636,5.085775729009333,9.727254308744817,13.492862056482464,14.596127102835135,17.609159530342573,19.063613262290254,19.859282924333186,20.619290114601792
0.0,0.7549125514436972,3.0541309314299636,5.085775729009333,9.727254308744817,13.492862056482464,14.596127102835135,17.609159530342573,19.063613262290254,19.859282924333186,20.619290114601792
0.0,0.7549125514436972,3.0541309314299636,5.047946722683167,9.727254308744817,13.492862056482464,14.596127102835135,17.609159530342573,19.063613262290254,19.859282924333186,20.619290114601792
0.0,0.7549125514436972,3.0541309314299636,5.047946722683167,9.727254308744817,13.492862056482464,14.596127102835135,17.609159530342573,19.063613262290254,19.859282924333186,20.619290114601792
0.0,0.7549125514436972,3.0541309314299636,5.047946722683167,9.727254308744817,13.492862056482464,14.596127102835135,17.609159530342573,19.063613262290254,19.859282924333186,20.619290114601792
0.0,0.7549125514436972,3.0541309314299636,5.047946722683167,9.727254308744817,13.492862056482464,14.596127102835135,17.609159530342573,19.063613262290254,19.859282924333186,20.619290114601792
0.0,0.7549125514436972,3.0541309314299636,5.047946722683167,9.727254308744817,13.492862056482464,14.596127102835135,17.609159530342573,19.063613262290254,19.859282924333186,20.619290114601792
0.0,0.7549125514436972,3.0541309314299636,5.085775729009333,9.727254308744817,13.492862056482464,14.596127102835135,17.609159530342573,19.063613262290254,19.859282924333186,20.619290114601792
0.0,0.7549125514436972,3.0541309314299636,5.047946722683167,9.727254308744817,13.492862056482464,14.596127102835135,17.609159530342573,19.063613262290254,19.859282924333186,20.619290114601792
0.0,0.7549125514436972,3.0541309314299636,5.085775729009333,9.727254308744817,13.492862056482464,14.596127102835135,17.609159530342573,19.063613262290254,19.859282924333186,20.619290114601792
0.0,0.7549125514436972,3.0541309314299636,5.047946722683167,9.727254308744817,13.492862056482464,14.545981675844674,17.609159530342573,19.063613262290254,19.859282924333186,20.619290114601792
0.0,0.7549125514436972,3.0541309314299636,5.085775729009333,9.772397010497444,13.492862056482464,14.545981675844674,17.609159530342573,19.063613262290254,19.859282924333186,20.619290114601792
0.0,0.7549125514436972,3.0541309314299636,5.047946722683167,9.772397010497444,13.492862056482464,14.545981675844674,17.609159530342573,19.063613262290254,19.859282924333186,20.619290114601792
0.0,0.7549125514436972,3.0541309314299636,5.047946722683167,9.772397010497444,13.492862056482464,14.545981675844674,17.609159530342573,19.063613262290254,19.859282924333186,20.619290114601792
0.0,0.7549125514436972,3.0541309314299636,5.047946722683167,9.772397010497444,13.492862056482464,14.545981675844674,17.609159530342573,19.063613262290254,19.859282924333186,20.619290114601792
0.0,0.7549125514436972,3.0541309314299636,4.971356443647977,9.772397010497444,13.492862056482464,14.545981675844674,17.609159530342573,19.063613262290254,19.859282924333186,20.619290114601792
0.0,0.7549125514436972,3.0541309314299636,4.971356443647977,9.772397010497444,13.492862056482464,14.545981675844674,17.609159530342573,19.063613262290254,19.859282924333186,20.619290114601792
0.0,0.7549125514436972,3.0541309314299636,4.971356443647977,9.772397010497444,13.492862056482464,14.545981675844674,17.609159530342573,19.063613262290254,19.859282924333186,20.619290114601792
0.0,0.7549125514436972,3.0541309314299636,4.971356443647977,9.772397010497444,13.492862056482464,14.545981675844674,17.609159530342573,19.063613262290254,19.859282924333186,20.619290114601792
0.0,0.7549125514436972,3.0541309314299636,4.971356443647977,9.772397010497444,13.492862056482464,14.545981675844674,17.609159530342573,19.063613262290254,19.859282924333186,20.619290114601792
0.0,0.7549125514436972,3.040002500049569,5.004786728308284,9.766160017090668,13.559972105539373,14.683957100514993,17.77126883686901,19.063613262290254,19.859282924333186,20.619290114601792
0.0,0.7549125514436972,2.9247691229172106,5.004786728308284,9.766160017090668,13.559972105539373,14.683957100514993,17.77126883686901,19.063613262290254,19.859282924333186,20.619290114601792
0.0,0.7549125514436972,2.9247691229172106,5.004786728308284,9.826599765830432,13.559972105539373,14.683957100514993,17.77126883686901,19.063613262290254,19.859282924333186,20.619290114601792
0.0,0.7549125514436972,2.9247691229172106,5.004786728308284,9.826599765830432,13.559972105539373,14.683957100514993,17.77126883686901,19.063613262290254,19.859282924333186,20.619290114601792
0.0,0.7549125514436972,2.9247691229172106,5.004786728308284,9.826599765830432,13.671607722264445,14.683957100514993,17.77126883686901,19.236568372088257,19.911489841776003,20.619290114601792
0.0,0.7404557133256745,2.90650069494031,4.986149111727527,9.807106311097744,13.65143180546241,14.663601498765772,17.750365258839846,19.215404713621197,19.89020638945986,20.59788103267855
0.0,0.7532470020984463,2.8766257978140737,5.018562453564324,9.86452630931018,13.718576483516513,14.63031338503373,17.944650066875216,19.18079516099206,19.85540093442893,20.562870131859235
0.0,0.7498708171010154,2.908992926982113,5.112455041793069,9.94819172145871,13.901719723155686,14.577681786477168,17.89049671693746,19.126074244845768,19.80037027839619,20.50751464695976
0.0,0.7187862410407286,2.9401518444292765,5.057713601293309,9.890931881102176,13.842400927770626,14.518010957291214,17.829100609226423,19.06403466159513,19.737979528995115,20.444755624347284
0.0,0.7114332449436938,3.0120582194693766,5.108364347029602,9.929306203180492,13.79247889087499,14.467792652673307,17.77743032943563,19.011822839963834,19.6854721698465,20.391938330569552
0.0,0.682331327745579,2.981313222165877,5.0769936858246805,9.896496682807724,13.75452030256369,14.433628574823837,17.742278456533754,18.976302550052687,19.649750822435983,20.35600613114247
0.0,0.6714365346208424,3.0020430126543607,5.065623348117166,9.884604828688902,13.742210973316379,14.421245759553328,17.72953761363806,18.963428173923976,19.6368035727503,20.342982457864085
0.0,0.6714365346208424,3.0020430126543607,5.065623348117166,9.884604828688902,13.742210973316379,14.421245759553328,17.72953761363806,19.04813557900968,19.6368035727503,20.342982457864085
0.0,0.6714365346208424,3.0020430126543607,5.065623348117166,9.884604828688902,13.742210973316379,14.421245759553328,17.72953761363806,19.04813557900968,19.6368035727503,20.342982457864085
0.0,0.6714365346208424,3.0020430126543607,5.065623348117166,9.884604828688902,13.742210973316379,14.519106000195192,17.72953761363806,19.04813557900968,19.6368035727503,20.342982457864085
0.0,0.6302094693865756,3.0020430126543607,5.065623348117166,9.884604828688902,13.742210973316379,14.519106000195192,17.72953761363806,19.04813557900968,19.6368035727503,20.342982457864085
0.0,0.6489529997014896,2.9677070497631646,5.054503170820887,9.903587082400747,13.73017246336624,14.50698526344085,17.717077083832464,19.035535488397322,19.62414117733976,20.330245320267135
0.0,0.6262947130265195,2.944526760698411,5.03085309818329,9.878845374628307,13.704569307302844,14.481207229779702,17.690576388101302,19.00873797876389,19.5972111596569,20.303156343055974
0.0,0.6262947130265195,2.943413592335748,5.080618272043163,9.962097272056512,13.699789231392606,14.599988842124183,17.714738689620127,19.00873797876389,19.5972111596569,20.303156343055974
0.0,0.6262947130265195,2.943413592335748,5.080618272043163,9.962097272056512,13.699789231392606,14.599988842124183,17.714738689620127,19.00873797876389,19.5972111596569,20.303156343055974
0.0,0.6262947130265195,2.943413592335748,5.080618272043163,9.962097272056512,13.699789231392606,14.599988842124183,17.714738689620127,19.00873797876389,19.5972111596569,20.303156343055974
0.0,0.6262947130265195,2.943413592335748,5.080618272043163,9.962097272056512,13.699789231392606,14.599988842124183,17.714738689620127,19.00873797876389,19.5972111596569,20.303156343055974
0.0,0.6262947130265195,2.943413592335748,5.080618272043163,9.962097272056512,13.699789231392606,14.599988842124183,17.714738689620127,19.00873797876389,19.5972111596569,20.303156343055974
0.0,0.6262947130265195,2.943413592335748,5.080618272043163,9.962097272056512,13.699789231392606,14.599988842124183,17.714738689620127,19.034183697924355,19.5972111596569,20.303156343055974
0.0,0.6262947130265195,2.8883837869254303,5.080618272043163,9.962097272056512,13.699789231392606,14.599988842124183,17.714738689620127,19.034183697924355,19.5972111596569,20.303156343055974
0.0,0.6262947130265195,2.8883837869254303,5.080618272043163,9.962097272056512,13.699789231392606,14.599988842124183,17.714738689620127,19.034183697924355,19.5972111596569,20.416620939456482
0.0,0.6262947130265195,2.8883837869254303,5.080618272043163,9.962097272056512,13.699789231392606,14.599988842124183,17.756279513694736,19.034183697924355,19.5972111596569,20.416620939456482
0.0,0.6262947130265195,2.922787237380669,5.080618272043163,9.962097272056512,13.699789231392606,14.599988842124183,17.756279513694736,19.034183697924355,19.5972111596569,20.416620939456482
0.0,0.6271721516182571,2.922787237380669,5.080618272043163,9.962097272056512,13.699789231392606,14.599988842124183,17.756279513694736,19.034183697924355,19.5972111596569,20.416620939456482
0.0,0.6395496665365247,2.8977765348236284,5.055083206790311,9.935375985340125,13.672159668634015,14.572140526790866,17.727664205460343,19.00525785319648,19.568148496710677,20.599791717892714
0.0,0.6489406459439171,2.946850072987828,5.080973633432942,10.008931276282643,13.70505327031931,14.845626324560612,17.758203851637425,18.94347908870883,19.5060775208609,20.53718518886868
0.0,0.6752166466677215,2.9793085984536094,5.103893871842911,10.117144980549092,13.649832225869748,14.78985135894823,17.70101438800178,18.885713994222414,19.448039199528925,20.478646108417124
0.0,0.6935853421077751,2.954992507291412,5.1594723418139194,10.178436789878937,13.579919959258088,14.71923780382595,17.579878652630093,18.963624546803562,19.374560136698804,20.40453306255707
0.0,0.6664045937746016,2.981438419598566,5.258467756738355,10.130214692046714,13.516781744885511,14.655466251321641,17.51451689161693,18.897493571963384,19.308200725887044,20.337601097622944
0.0,0.6928692650939788,2.928457089492062,5.204314952968009,10.073555498420719,13.4583802486688,14.596478930895747,17.50273787952128,19.07198974602584,19.288800293642215,20.48481000807097
0.0,0.6832424762276741,2.8807801981976233,5.319382477960937,10.022568967695522,13.40582585297961,14.543397363142688,17.44831012048269,19.01683510296733,19.23354522303235,20.429000940765203
0.0,0.6863197885436967,2.8930689607485567,5.323042319965977,9.978186391543836,13.360078487241928,14.497191106518786,17.3522949951337,18.968824283034188,19.185446983277103,20.38042045991228
0.0,0.6982927260011297,2.925676569309772,5.296913644496649,10.0097667331608,13.331955973528617,14.468786496447958,17.386871935015755,19.065437894768145,19.23044716455616,20.350556330755214
0.0,0.7168765413921694,2.9555084013574864,5.3041691385235925,9.906054874636606,13.374135871644025,14.5650612083719,17.484236736447258,19.047658792327116,19.212643422582758,20.33258533171744
0.0,0.7059178731365854,2.9792602241416426,5.2646742270492695,9.864834000446374,13.331614274480685,14.52209294806947,17.440173623205933,19.00300930899048,19.16793206084739,20.28745392957038
0.0,0.7109701282318194,2.996688211058084,5.27527926362533,9.805542823028425,13.270452166421762,14.460288369807136,17.376794233125025,18.938786497365605,19.103620244726855,20.222537936778156
0.0,0.7066894841620001,3.053574188917346,5.320538623811235,9.900750146212294,13.212968050254053,14.402200418471228,17.31722617149871,18.878425733467395,19.04317582863074,20.1615256762587
0.0,0.7249662237120532,3.020269418631181,5.373724079238065,9.942689686278953,13.311073622411831,14.561278050985782,17.301324072154685,18.86231201685845,19.027039780498402,20.14523803819402
0.0,0.7257995631218189,3.020269418631181,5.373724079238065,9.942689686278953,13.311073622411831,14.561278050985782,17.301324072154685,18.86231201685845,19.027039780498402,20.14523803819402
0.0,0.7257995631218189,3.020269418631181,5.373724079238065,9.942689686278953,13.311073622411831,14.561278050985782,17.301324072154685,18.86231201685845,19.027039780498402,20.14523803819402
0.0,0.7257995631218189,3.020269418631181,5.373724079238065,9.942689686278953,13.311073622411831,14.561278050985782,17.301324072154685,18.86231201685845,19.027039780498402,20.14523803819402
0.0,0.7257995631218189,3.020269418631181,5.290351075476582,9.942689686278953,13.311073622411831,14.561278050985782,17.301324072154685,18.86231201685845,18.85270257178959,20.10392263276919
0.0,0.7257995631218189,3.020269418631181,5.290351075476582,9.942689686278953,13.311073622411831,14.561278050985782,17.301324072154685,18.86231201685845,18.85270257178959,20.10392263276919
0.0,0.7257995631218189,3.020269418631181,5.290351075476582,9.942689686278953,13.311073622411831,14.561278050985782,17.301324072154685,18.86231201685845,18.85270257178959,20.10392263276919
0.0,0.7257995631218189,3.020269418631181,5.290351075476582,9.942689686278953,13.311073622411831,14.561278050985782,17.301324072154685,18.86231201685845,18.925606749215873,20.10392263276919
0.0,0.7257995631218189,3.020269418631181,5.290351075476582,9.942689686278953,13.311073622411831,14.561278050985782,17.301324072154685,18.86231201685845,18.925606749215873,20.10392263276919
0.0,0.7257995631218189,3.020269418631181,5.290351075476582,9.942689686278953,13.311073622411831,14.561278050985782,17.301324072154685,18.86231201685845,18.925606749215873,20.10392263276919
0.0,0.7257995631218189,3.020269418631181,5.290351075476582,9.942689686278953,13.311073622411831,14.561278050985782,17.301324072154685,18.86231201685845,18.925606749215873,20.10392263276919
0.0,0.7257995631218189,3.020269418631181,5.290351075476582,9.942689686278953,13.311073622411831,14.561278050985782,17.301324072154685,18.86231201685845,18.925606749215873,20.10392263276919
0.0,0.7185472502625867,3.0631741669842434,5.300789779619736,9.92263912087981,13.302915162911988,14.553029576080814,17.292878312432116,18.853753865147002,18.91704404024895,20.095275084411853
0.0,0.6988933202124691,3.0678734362621407,5.353843783111008,9.887780631392234,13.455222424663555,14.651809939645464,17.424593928260965,18.924079900221688,19.094394393756023,20.143157362080206
0.0,0.6924919092840589,3.025568691856504,5.368884087452061,9.916233314443284,13.40865413887149,14.770923067556097,17.537586247630284,19.177429569530712,19.05943183113235,20.093843978628744
0.0,0.7035323972149469,2.997858254641411,5.330212187295824,9.880952876399917,13.372252718669236,14.734084392154244,17.49985954062502,19.13917651269545,19.021216648701746,20.05529677505276
0.0,0.7069623734797383,2.9670446970541056,5.3401759923508845,9.848080124222545,13.338335484882563,14.699759743306656,17.46470746319537,19.10353400576776,18.971697712120235,20.019380195198316
0.0,0.7171153159957107,2.9463252178468364,5.318978981282099,9.825976012962592,13.315529049169324,14.676679355848005,17.441070700860077,19.079567471585825,18.961666626586442,19.995229370439386
0.0,0.7171153159957107,3.008759369834933,5.318978981282099,9.825976012962592,13.315529049169324,14.676679355848005,17.441070700860077,19.079567471585825,18.947757706614084,19.995229370439386
0.0,0.7171153159957107,3.008759369834933,5.318978981282099,9.825976012962592,13.315529049169324,14.676679355848005,17.441070700860077,19.079567471585825,18.961666626586442,19.995229370439386
0.0,0.7171153159957107,3.008759369834933,5.277798178971407,9.825976012962592,13.315529049169324,14.676679355848005,17.441070700860077,19.079567471585825,18.947757706614084,19.995229370439386
0.0,0.7241867668975511,3.008759369834933,5.305213050206651,9.825976012962592,13.315529049169324,14.676679355848005,17.441070700860077,19.079567471585825,18.961666626586442,19.995229370439386
0.0,0.7213325459634632,3.005840410974851,5.302229016746525,9.822863874657934,13.312318027412278,14.673429763179396,17.437742773643432,19.07619311429182,18.944387084412938,19.9918290660373
0.0,0.7394988216812756,3.015770663080659,5.295850870120568,9.816211913581558,13.305454710408885,14.666484003759486,17.43062958003086,19.06898067988815,18.937182633488746,19.984561171645645
0.0,0.731960077409905,3.015770663080659,5.295850870120568,9.816211913581558,13.305454710408885,14.666484003759486,17.43062958003086,19.06898067988815,18.937182633488746,19.984561171645645
0.0,0.731960077409905,3.015770663080659,5.295850870120568,9.816211913581558,13.305454710408885,14.666484003759486,17.43062958003086,19.06898067988815,18.937182633488746,19.984561171645645
0.0,0.731960077409905,3.015770663080659,5.295850870120568,9.816211913581558,13.305454710408885,14.666484003759486,17.43062958003086,19.06898067988815,18.951090316885917,19.984561171645645
0.0,0.7394988216812756,3.015770663080659,5.295850870120568,9.816211913581558,13.305454710408885,14.666484003759486,17.43062958003086,19.06898067988815,18.951090316885917,19.913190059931715
0.0,0.7394988216812756,3.015770663080659,5.295850870120568,9.816211913581558,13.305454710408885,14.666484003759486,17.43062958003086,19.06898067988815,18.937182633488746,19.913190059931715
0.0,0.731960077409905,3.015770663080659,5.295850870120568,9.816211913581558,13.305454710408885,14.666484003759486,17.43062958003086,19.06898067988815,18.951090316885917,19.913190059931715
0.0,0.731960077409905,3.015770663080659,5.295850870120568,9.816211913581558,13.305454710408885,14.693493504786916,17.43062958003086,19.06898067988815,18.951090316885917,19.913190059931715
0.0,0.731960077409905,3.015770663080659,5.295850870120568,9.816211913581558,13.305454710408885,14.693493504786916,17.43062958003086,19.06898067988815,18.937182633488746,19.913190059931715
0.0,0.731960077409905,3.015770663080659,5.295850870120568,9.816211913581558,13.305454710408885,14.693493504786916,17.43062958003086,19.06898067988815,18.937182633488746,19.913190059931715
0.0,0.7394988216812756,3.015770663080659,5.295850870120568,9.816211913581558,13.305454710408885,14.693493504786916,17.43062958003086,19.06898067988815,18.937182633488746,19.913190059931715
0.0,0.731960077409905,3.015770663080659,5.295850870120568,9.816211913581558,13.305454710408885,14.693493504786916,17.43062958003086,19.06898067988815,18.937182633488746,19.913190059931715
0.0,0.7394988216812756,3.015770663080659,5.295850870120568,9.816211913581558,13.305454710408885,14.693493504786916,17.43062958003086,19.162851043901618,18.951090316885917,19.961243055744205
0.0,0.731960077409905,3.0317709979048844,5.295850870120568,9.816211913581558,13.305454710408885,14.693493504786916,17.43062958003086,19.162851043901618,18.951090316885917,19.961243055744205
0.0,0.731960077409905,3.0317709979048844,5.295850870120568,9.816211913581558,13.305454710408885,14.693493504786916,17.43062958003086,19.162851043901618,18.951090316885917,19.961243055744205
0.0,0.7500084479437606,3.023856993207854,5.287762958495902,9.807776787130011,13.296751570667691,14.684683747975747,17.42160958022817,19.15369798990925,18.941953528511156,19.952028676220205
0.0,0.7500084479437606,3.023856993207854,5.287762958495902,9.807776787130011,13.296751570667691,14.684683747975747,17.42160958022817,19.15369798990925,18.928046913381287,19.952028676220205
0.0,0.7500084479437606,3.023856993207854,5.234423941212698,9.840593799469207,13.296751570667691,14.684683747975747,17.42160958022817,19.15369798990925,18.941953528511156,19.952028676220205
0.0,0.7500084479437606,3.023856993207854,5.234423941212698,9.840593799469207,13.296751570667691,14.684683747975747,17.42160958022817,19.15369798990925,18.941953528511156,19.952028676220205
0.0,0.7500084479437606,3.023856993207854,5.234423941212698,9.840593799469207,13.393071126487808,14.779898572687406,17.568720773363765,19.225830432872634,18.941953528511156,20.091185805374977
0.0,0.7500084479437606,3.023856993207854,5.234423941212698,9.840593799469207,13.393071126487808,14.888734082124413,17.568720773363765,19.15391893613094,18.941953528511156,20.165358751679836
0.0,0.7500084479437606,3.023856993207854,5.267020007330207,9.840593799469207,13.393071126487808,14.888734082124413,17.568720773363765,19.15391893613094,18.928046913381287,20.165358751679836
0.0,0.7500084479437606,3.023856993207854,5.267020007330207,9.840593799469207,13.393071126487808,14.888734082124413,17.568720773363765,19.15391893613094,18.928046913381287,20.165358751679836
0.0,0.7500084479437606,3.023856993207854,5.267020007330207,9.840593799469207,13.393071126487808,14.888734082124413,17.568720773363765,19.15391893613094,18.928046913381287,20.165358751679836
0.0,0.7500084479437606,3.023856993207854,5.267020007330207,9.840593799469207,13.393071126487808,14.888734082124413,17.568720773363765,19.15391893613094,18.928046913381287,20.165358751679836
0.0,0.7500084479437606,3.023856993207854,5.267020007330207,9.840593799469207,13.393071126487808,14.888734082124413,17.568720773363765,19.15391893613094,18.928046913381287,20.165358751679836
0.0,0.7500084479437606,3.023856993207854,5.334889487898638,9.840593799469207,13.393071126487808,14.888734082124413,17.568720773363765,19.15391893613094,18.941953528511156,20.165358751679836
0.0,0.7500084479437606,3.023856993207854,5.334889487898638,9.840593799469207,13.393071126487808,14.888734082124413,17.568720773363765,19.15391893613094,18.928046913381287,20.165358751679836
0.0,0.7500084479437606,3.023856993207854,5.334889487898638,9.840593799469207,13.393071126487808,14.888734082124413,17.568720773363765,19.15391893613094,18.941953528511156,20.165358751679836
0.0,0.7500084479437606,3.023856993207854,5.334889487898638,9.840593799469207,13.393071126487808,14.888734082124413,17.568720773363765,19.15391893613094,18.941953528511156,20.165358751679836
0.0,0.7500084479437606,3.023856993207854,5.334889487898638,9.840593799469207,13.393071126487808,14.888734082124413,17.568720773363765,19.15391893613094,18.928046913381287,20.165358751679836
0.0,0.7500084479437606,3.023856993207854,5.334889487898638,9.840593799469207,13.393071126487808,14.888734082124413,17.568720773363765,19.15391893613094,18.941953528511156,20.165358751679836
0.0,0.7500084479437606,3.023856993207854,5.334889487898638,9.840593799469207,13.393071126487808,14.888734082124413,17.568720773363765,19.15391893613094,18.928046913381287,20.165358751679836
0.0,0.7500084479437606,3.023856993207854,5.334889487898638,9.840593799469207,13.393071126487808,14.888734082124413,17.568720773363765,19.15391893613094,18.928046913381287,20.165358751679836
0.0,0.7500084479437606,2.980915445180633,5.3140685557135265,9.890163734147105,13.378293723307747,14.888734082124413,17.568720773363765,19.15391893613094,18.941953528511156,20.165358751679836
0.0,0.7500084479437606,2.980915445180633,5.3140685557135265,9.890163734147105,13.378293723307747,14.888734082124413,17.568720773363765,19.15391893613094,18.941953528511156,20.165358751679836
0.0,0.757526724502064,3.0229067160541887,5.313110439613989,9.889163986093513,13.377262241284079,14.887688858563223,17.56765116808007,19.15283490918543,18.926964941352313,20.164265522955453
0.0,0.7470778609828096,3.0122229257049447,5.302189148137865,9.877768143876432,13.365504672615439,14.87577465403726,17.55545904327044,19.14047839597622,18.928536898015462,20.151804121299836
0.0,0.7417525266168655,3.0081615517122318,5.289669401996851,9.864704391120378,13.35202625064595,14.862116670779212,17.541482462948434,19.126313367151056,18.914397067657415,20.137518852416513
0.0,0.7387418688694566,3.0050831625454357,5.286522830183704,9.86142109481923,13.348638736060817,14.858684027284678,17.537969746860576,19.1227532885415,18.91084332214643,20.133928554026657
0.0,0.733912102572552,3.0001447399501258,5.323272910684032,9.888700955049812,13.379779179327084,14.853177301761503,17.64294239427942,19.117042128680318,18.89124001079964,20.25154867848789
0.0,0.7554366925836632,2.994216581644411,5.317211045075329,10.002423020382597,13.373253622675305,14.977358076290715,17.63617147189068,19.251903824929304,19.085774271940842,20.244627618144982
0.0,0.7554366925836632,2.994216581644411,5.345053043359068,10.019208770164491,13.373253622675305,14.977358076290715,17.63617147189068,19.251903824929304,19.255047904996808,20.4227748325485
0.0,0.7554366925836632,2.994216581644411,5.345053043359068,10.00817850579544,13.373253622675305,14.977358076290715,17.63617147189068,19.251903824929304,19.255047904996808,20.4227748325485
0.0,0.7554366925836632,2.994216581644411,5.345053043359068,9.960237780799147,13.373253622675305,14.977358076290715,17.72406280105054,19.251903824929304,19.255047904996808,20.4227748325485
0.0,0.7554366925836632,2.9255794948814406,5.378286749196601,9.926952106696044,13.405889693458695,15.111955884139341,17.69193342085654,19.205885925759432,19.30630160692372,20.435714930677566
0.0,0.7554366925836632,2.9255794948814406,5.378286749196601,9.926952106696044,13.405889693458695,15.111955884139341,17.69193342085654,19.205885925759432,19.30630160692372,20.435714930677566
0.0,0.7554366925836632,2.9255794948814406,5.378286749196601,9.926952106696044,13.405889693458695,15.111955884139341,17.69193342085654,19.205885925759432,19.30630160692372,20.435714930677566
0.0,0.7396773160469582,2.9255794948814406,5.378286749196601,9.926952106696044,13.405889693458695,15.111955884139341,17.69193342085654,19.205885925759432,19.30630160692372,20.435714930677566
0.0,0.7396773160469582,2.9255794948814406,5.378286749196601,9.926952106696044,13.405889693458695,15.111955884139341,17.69193342085654,19.205885925759432,19.30630160692372,20.53804044560189
0.0,0.7396773160469582,2.9255794948814406,5.378286749196601,9.926952106696044,13.405889693458695,15.111955884139341,17.69193342085654,19.205885925759432,19.30630160692372,20.53804044560189
0.0,0.7396773160469582,2.9255794948814406,5.378286749196601,9.926952106696044,13.392611801603355,15.111955884139341,17.69193342085654,19.197895804926706,19.31881296686178,20.52472357754737
0.0,0.7396773160469582,2.9255794948814406,5.378286749196601,9.926952106696044,13.392611801603355,15.111955884139341,17.69193342085654,19.197895804926706,19.31881296686178,20.52472357754737
0.0,0.7396773160469582,2.9255794948814406,5.378286749196601,9.926952106696044,13.392611801603355,15.111955884139341,17.69193342085654,19.197895804926706,19.31881296686178,20.52472357754737
0.0,0.7396773160469582,2.9255794948814406,5.378286749196601,9.926952106696044,13.392611801603355,15.111955884139341,17.69193342085654,19.197895804926706,19.31881296686178,20.52472357754737
0.0,0.7396773160469582,2.9255794948814406,5.378286749196601,9.926952106696044,13.392611801603355,15.111955884139341,17.69193342085654,19.197895804926706,19.31881296686178,20.52472357754737
0.0,0.7396773160469582,2.9255794948814406,5.378286749196601,9.926952106696044,13.392611801603355,15.146293915620426,17.69193342085654,19.231662185486424,19.34870771163588,20.52472357754737
0.0,0.7396773160469582,2.9255794948814406,5.378286749196601,9.926952106696044,13.392611801603355,15.146293915620426,17.819632441449627,19.4133562340157,19.34870771163588,20.52472357754737
0.0,0.7396773160469582,2.9255794948814406,5.378286749196601,9.926952106696044,13.392611801603355,15.146293915620426,17.819632441449627,19.4133562340157,19.34870771163588,20.52472357754737
0.0,0.7396773160469582,2.9255794948814406,5.378286749196601,9.926952106696044,13.392611801603355,15.146293915620426,17.819632441449627,19.4133562340157,19.34870771163588,20.52472357754737
0.0,0.7396773160469582,2.926540907794652,5.378286749196601,9.971034187973103,13.375774083555871,15.360598050800276,17.819632441449627,19.4133562340157,19.34870771163588,20.52472357754737
0.0,0.7396773160469582,2.9502384368985117,5.319978355217378,10.03825513949906,13.481763361203477,15.360598050800276,17.819632441449627,19.4133562340157,19.34870771163588,20.52472357754737
0.0,0.7292836629312333,2.9502384368985117,5.399022087162461,10.03825513949906,13.481763361203477,15.360598050800276,17.819632441449627,19.4133562340157,19.34870771163588,20.52472357754737
0.0,0.7287250040762533,2.9502384368985117,5.399022087162461,10.03825513949906,13.481763361203477,15.360598050800276,17.819632441449627,19.4133562340157,19.34870771163588,20.52472357754737
0.0,0.7372997678967338,2.9502384368985117,5.399022087162461,10.019949317948996,13.466016976733162,15.4079671248752,17.86410428471853,19.500260166129554,19.397843706740478,20.52472357754737
0.0,0.7372997678967338,2.9502384368985117,5.399022087162461,10.019949317948996,13.466016976733162,15.4079671248752,17.86410428471853,19.500260166129554,19.397843706740478,20.52472357754737
0.0,0.7372997678967338,2.9502384368985117,5.399022087162461,10.019949317948996,13.39948460472612,15.456986191382233,17.90341827762877,19.528894680463367,19.397843706740478,20.52472357754737
0.0,0.7372997678967338,2.9502384368985117,5.399022087162461,10.019949317948996,13.39948460472612,15.456986191382233,17.891426600346488,19.528894680463367,19.461998530597295,20.52472357754737
0.0,0.7372997678967338,2.9502384368985117,5.399022087162461,10.019949317948996,13.39948460472612,15.456986191382233,17.891426600346488,19.528894680463367,19.461998530597295,20.52472357754737
0.0,0.7372997678967338,2.9502384368985117,5.399022087162461,10.019949317948996,13.39948460472612,15.456986191382233,17.891426600346488,19.528894680463367,19.461998530597295,20.52472357754737
0.0,0.7372997678967338,2.9502384368985117,5.399022087162461,10.019949317948996,13.39948460472612,15.456986191382233,17.891426600346488,19.528894680463367,19.461998530597295,20.52472357754737
0.0,0.7372997678967338,2.9502384368985117,5.399022087162461,10.019949317948996,13.39948460472612,15.456986191382233,17.891426600346488,19.528894680463367,19.461998530597295,20.52472357754737
0.0,0.7372997678967338,2.9502384368985117,5.399022087162461,10.019949317948996,13.39948460472612,15.456986191382233,17.891426600346488,19.528894680463367,19.461998530597295,20.52472357754737
0.0,0.7372997678967338,2.9502384368985117,5.399022087162461,10.019949317948996,13.39948460472612,15.456986191382233,17.891426600346488,19.528894680463367,19.461998530597295,20.52472357754737
0.0,0.7372997678967338,2.9502384368985117,5.399022087162461,10.019949317948996,13.39948460472612,15.456986191382233,17.891426600346488,19.528894680463367,19.311732290676698,20.52472357754737
0.0,0.7372997678967338,2.9502384368985117,5.399022087162461,10.019949317948996,13.39948460472612,15.456986191382233,17.891426600346488,19.528894680463367,19.311732290676698,20.52472357754737
0.0,0.7372997678967338,2.9502384368985117,5.263878612525262,9.989495914319917,13.323701881446087,15.44014847333475,17.891426600346488,19.528894680463367,19.311732290676698,20.52472357754737
0.0,0.7372997678967338,2.9502384368985117,5.263878612525262,9.989495914319917,13.323701881446087,15.44014847333475,17.891426600346488,19.528894680463367,19.311732290676698,20.52472357754737
0.0,0.7372997678967338,2.9502384368985117,5.263878612525262,9.989495914319917,13.323701881446087,15.44014847333475,17.891426600346488,19.528894680463367,19.311732290676698,20.52472357754737
0.0,0.7372997678967338,2.9502384368985117,5.263878612525262,9.989495914319917,13.323701881446087,15.44014847333475,17.891426600346488,19.528894680463367,19.311732290676698,20.52472357754737
0.0,0.7372997678967338,2.9502384368985117,5.263878612525262,9.989495914319917,13.323701881446087,15.44014847333475,17.891426600346488,19.528894680463367,19.311732290676698,20.52472357754737
0.0,0.7372997678967338,2.9502384368985117,5.263878612525262,9.989495914319917,13.323701881446087,15.44014847333475,17.891426600346488,19.528894680463367,19.311732290676698,20.52472357754737
0.0,0.7372997678967338,2.9502384368985117,5.263878612525262,9.989495914319917,13.323701881446087,15.46915975759402,17.891426600346488,19.528894680463367,19.311732290676698,20.52472357754737
0.0,0.7372997678967338,2.902687473894063,5.263878612525262,9.989495914319917,13.323701881446087,15.46915975759402,17.891426600346488,19.528894680463367,19.311732290676698,20.52472357754737
0.0,0.7372997678967338,2.9119768013662344,5.263878612525262,9.989495914319917,13.323701881446087,15.46915975759402,17.891426600346488,19.528894680463367,19.311732290676698,20.52472357754737
0.0,0.7372997678967338,2.9119768013662344,5.263878612525262,9.989495914319917,13.323701881446087,15.46915975759402,17.891426600346488,19.528894680463367,19.311732290676698,20.52472357754737
0.0,0.7334782586666485,2.8954190022809336,5.259885385739958,9.985323419376959,13.319402902083674,15.464779389440212,17.886954342543877,19.571779548067322,19.51266788848085,20.548966734686207
0.0,0.726058553385723,2.8878400553712096,5.252132279811652,9.977222252822344,13.311056157916013,15.456274623713798,17.963515593416574,19.56297227386714,19.503864968256128,20.540087484008545
0.0,0.7249070921720463,2.939911810310054,5.250929078279521,9.975965035895257,13.309760829893449,15.454954772386206,17.962167080283173,19.56160547636565,19.50249884644642,20.53435770968694
0.0,0.7249070921720463,2.886663881510302,5.250929078279521,9.975965035895257,13.309760829893449,15.454954772386206,17.962167080283173,19.56160547636565,19.50249884644642,20.53435770968694
0.0,0.7249070921720463,2.886663881510302,5.250929078279521,9.975965035895257,13.309760829893449,15.454954772386206,17.962167080283173,19.56160547636565,19.50249884644642,20.53435770968694
0.0,0.7249070921720463,2.9062664978944994,5.267452953720678,9.975965035895257,13.309760829893449,15.454954772386206,17.962167080283173,19.56160547636565,19.50249884644642,20.53435770968694
0.0,0.7249070921720463,2.9062664978944994,5.267452953720678,10.064624980774104,13.309760829893449,15.454954772386206,17.962167080283173,19.56160547636565,19.50249884644642,20.53435770968694
0.0,0.7249070921720463,2.9062664978944994,5.267452953720678,10.064624980774104,13.309760829893449,15.454954772386206,17.962167080283173,19.56160547636565,19.50249884644642,20.789672370001778
0.0,0.7249070921720463,2.9062664978944994,5.267452953720678,10.064624980774104,13.309760829893449,15.454954772386206,17.962167080283173,19.56160547636565,19.50249884644642,20.871889042696033
0.0,0.7249070921720463,2.877063925573971,5.267452953720678,10.064624980774104,13.309760829893449,15.454954772386206,17.962167080283173,19.56160547636565,19.50249884644642,20.871889042696033
0.0,0.7249070921720463,2.877063925573971,5.267452953720678,10.14384085533398,13.309760829893449,15.600136244029567,17.962167080283173,19.685430618429418,19.50249884644642,20.871889042696033
0.0,0.7249070921720463,2.877063925573971,5.267452953720678,10.14384085533398,13.309760829893449,15.600136244029567,17.962167080283173,19.685430618429418,19.50249884644642,20.871889042696033
0.0,0.7249070921720463,2.877063925573971,5.191445724784971,10.14384085533398,13.309760829893449,15.600136244029567,17.962167080283173,19.685430618429418,19.50249884644642,20.871889042696033
0.0,0.7249070921720463,2.877063925573971,5.191445724784971,10.14384085533398,13.309760829893449,15.600136244029567,17.962167080283173,19.685430618429418,19.50249884644642,20.871889042696033
0.0,0.7249070921720463,2.877063925573971,5.191445724784971,10.14384085533398,13.309760829893449,15.600136244029567,17.962167080283173,19.685430618429418,19.50249884644642,20.871889042696033
0.0,0.7249070921720463,2.877063925573971,5.191445724784971,10.14384085533398,13.309760829893449,15.600136244029567,17.962167080283173,19.685430618429418,19.50249884644642,20.871889042696033
0.0,0.7249070921720463,2.877063925573971,5.191445724784971,10.14384085533398,13.309760829893449,15.600136244029567,17.962167080283173,19.685430618429418,19.50249884644642,20.871889042696033
0.0,0.7249070921720463,2.877063925573971,5.191445724784971,10.14384085533398,13.309760829893449,15.600136244029567,17.962167080283173,19.685430618429418,19.50249884644642,20.871889042696033
0.0,0.7249070921720463,2.877063925573971,5.191445724784971,10.14384085533398,13.309760829893449,15.600136244029567,17.962167080283173,19.572166726942434,19.50249884644642,20.871889042696033
0.0,0.7249070921720463,2.877063925573971,5.191445724784971,10.14384085533398,13.309760829893449,15.600136244029567,17.962167080283173,19.572166726942434,19.50249884644642,20.871889042696033
0.0,0.7249070921720463,2.877063925573971,5.191445724784971,10.14384085533398,13.309760829893449,15.600136244029567,17.962167080283173,19.572166726942434,19.50249884644642,20.871889042696033
0.0,0.7249070921720463,2.877063925573971,5.191445724784971,10.14384085533398,13.309760829893449,15.600136244029567,17.962167080283173,19.572166726942434,19.50249884644642,20.871889042696033
0.0,0.7249070921720463,2.854070797011988,5.191445724784971,10.14384085533398,13.309760829893449,15.600136244029567,17.962167080283173,19.572166726942434,19.50249884644642,20.871889042696033
0.0,0.7249070921720463,2.854070797011988,5.191445724784971,10.14384085533398,13.309760829893449,15.600136244029567,17.962167080283173,19.572166726942434,19.50249884644642,20.871889042696033
0.0,0.7231668655256431,2.8522937847529626,5.189628329643008,10.14193789754204,13.307803174425835,15.598139017690746,17.96012904508069,19.57010087573727,19.500434198894904,20.869800736157107
0.0,0.7140349325341436,2.842968817279309,5.180091450817608,10.13195202410562,13.297530271992333,15.587658464980752,17.949434345662173,19.55926021034753,19.48959984974248,20.858842235194842
0.0,0.7362200960914985,2.896551491247021,5.1805170529168185,10.161003661618272,13.289510461172712,15.579476546524573,17.94108524795931,19.550797160479462,19.48114173081079,20.850287193895372
0.0,0.7617858760654479,2.8867162662544024,5.1704635182252945,10.150474073981734,13.278681839527565,15.568429041628736,17.929812011952116,19.539370062378705,19.469721290628232,20.838735885831607
0.0,0.7618767844007455,2.8867162662544024,5.1926451520402885,10.150474073981734,13.278681839527565,15.568429041628736,17.929812011952116,19.539370062378705,19.469721290628232,20.838735885831607
0.0,0.7746429120589075,2.9270795671308645,5.275280828834669,10.150474073981734,13.401758738628669,15.612948152119262,17.929812011952116,19.539370062378705,19.469721290628232,20.838735885831607
0.0,0.7746429120589075,2.9270795671308645,5.275280828834669,10.150474073981734,13.401758738628669,15.696661742032273,17.929812011952116,19.539370062378705,19.469721290628232,20.838735885831607
0.0,0.7746429120589075,2.8532360250512134,5.275280828834669,10.150474073981734,13.401758738628669,15.612948152119262,17.929812011952116,19.539370062378705,19.469721290628232,20.838735885831607
0.0,0.7746429120589075,2.8532360250512134,5.275280828834669,10.150474073981734,13.401758738628669,15.612948152119262,17.929812011952116,19.539370062378705,19.529707805026035,20.887397819031126
0.0,0.7641754665935222,2.8532360250512134,5.275280828834669,10.150474073981734,13.401758738628669,15.612948152119262,17.929812011952116,19.539370062378705,19.529707805026035,20.887397819031126
0.0,0.7641754665935222,2.8761579124537193,5.224359174157505,10.150474073981734,13.401758738628669,15.696661742032273,17.929812011952116,19.539370062378705,19.445851359157544,20.82334640335457
0.0,0.7641754665935222,2.8761579124537193,5.256306960565522,10.150474073981734,13.401758738628669,15.696661742032273,17.929812011952116,19.539370062378705,19.62333040348755,20.82334640335457
0.0,0.7641754665935222,2.8761579124537193,5.256306960565522,10.150474073981734,13.401758738628669,15.696661742032273,17.929812011952116,19.539370062378705,19.62333040348755,20.82334640335457
0.0,0.7641754665935222,2.8761579124537193,5.256306960565522,10.150474073981734,13.401758738628669,15.612948152119262,17.929812011952116,19.539370062378705,19.62333040348755,20.82334640335457
0.0,0.7641754665935222,2.8761579124537193,5.256306960565522,10.150474073981734,13.401758738628669,15.612948152119262,17.929812011952116,19.539370062378705,19.62333040348755,20.82334640335457
0.0,0.7641754665935222,2.8761579124537193,5.256306960565522,10.150474073981734,13.401758738628669,15.612948152119262,17.929812011952116,19.539370062378705,19.62333040348755,20.82334640335457
0.0,0.7641754665935222,2.8761579124537193,5.256306960565522,10.150474073981734,13.401758738628669,15.612948152119262,17.929812011952116,19.539370062378705,19.62333040348755,20.82334640335457
0.0,0.7641754665935222,2.8761579124537193,5.256306960565522,10.150474073981734,13.401758738628669,15.696661742032273,17.929812011952116,19.539370062378705,19.62333040348755,20.82334640335457
0.0,0.7641754665935222,2.8761579124537193,5.256306960565522,10.150474073981734,13.401758738628669,15.696661742032273,17.929812011952116,19.539370062378705,19.62333040348755,20.82334640335457
0.0,0.7641754665935222,2.8761579124537193,5.256306960565522,10.150474073981734,13.401758738628669,15.612948152119262,17.929812011952116,19.599304629156325,19.646135408744648,20.843995582374376
0.0,0.7641754665935222,2.8761579124537193,5.256306960565522,10.150474073981734,13.401758738628669,15.696661742032273,17.929812011952116,19.599304629156325,19.646135408744648,20.843995582374376
0.0,0.7641754665935222,2.8761579124537193,5.256306960565522,10.150474073981734,13.401758738628669,15.696661742032273,17.929812011952116,19.599304629156325,19.646135408744648,20.843995582374376
0.0,0.7641754665935222,2.8761579124537193,5.256306960565522,10.150474073981734,13.401758738628669,15.736427645276708,17.973941515291305,19.67414816292436,19.646135408744648,20.843995582374376
0.0,0.7641754665935222,2.8761579124537193,5.256306960565522,10.150474073981734,13.401758738628669,15.736427645276708,17.973941515291305,19.67414816292436,19.646135408744648,20.843995582374376
0.0,0.7630762421709321,2.8750356486654636,5.294729400006344,10.149350376122653,13.510974074784029,15.820617993316494,17.972654551574863,19.57638996029687,19.644830203263624,20.84267730957898
0.0,0.7630762421709321,2.914723197528158,5.294729400006344,10.149350376122653,13.437624835262904,15.820617993316494,17.972654551574863,19.57638996029687,19.644830203263624,20.84267730957898
0.0,0.7630762421709321,2.9465797280779586,5.294729400006344,10.149350376122653,13.437624835262904,15.820617993316494,17.972654551574863,19.57638996029687,19.644830203263624,20.84267730957898
0.0,0.7696468096517213,2.9377967628059616,5.285746100570001,10.13995290102788,13.427946818546879,15.810736669737766,17.962589625370335,19.566188210193598,19.634622614129288,20.83236752521326
0.0,0.7696468096517213,2.9377967628059616,5.285746100570001,10.13995290102788,13.501289800222185,15.810736669737766,17.962589625370335,19.566188210193598,19.634622614129288,20.83236752521326
0.0,0.7696468096517213,2.9377967628059616,5.285746100570001,10.13995290102788,13.501289800222185,15.810736669737766,17.962589625370335,19.566188210193598,19.634622614129288,20.83236752521326
0.0,0.7696468096517213,2.9377967628059616,5.344726947377573,10.13995290102788,13.427946818546879,15.889611540611662,17.962589625370335,19.566188210193598,19.634622614129288,20.83236752521326
0.0,0.7696468096517213,2.9377967628059616,5.344726947377573,10.13995290102788,13.501289800222185,15.889611540611662,17.962589625370335,19.566188210193598,19.634622614129288,20.83236752521326
0.0,0.7696468096517213,2.924460494714504,5.344726947377573,10.13995290102788,13.427946818546879,15.889611540611662,17.962589625370335,19.566188210193598,19.634622614129288,20.83236752521326
0.0,0.7696468096517213,2.9768056716148377,5.344726947377573,10.13995290102788,13.501289800222185,15.889611540611662,17.962589625370335,19.566188210193598,19.634622614129288,20.83236752521326
0.0,0.7696468096517213,2.9768056716148377,5.344726947377573,10.13995290102788,13.427946818546879,15.889611540611662,17.962589625370335,19.566188210193598,19.634622614129288,20.83236752521326
0.0,0.7696468096517213,2.9768056716148377,5.344726947377573,10.13995290102788,13.501289800222185,15.889611540611662,17.962589625370335,19.566188210193598,19.634622614129288,20.83236752521326
0.0,0.7696468096517213,2.9768056716148377,5.344726947377573,10.13995290102788,13.427946818546879,15.889611540611662,17.962589625370335,19.566188210193598,19.634622614129288,20.83236752521326
0.0,0.7696468096517213,2.9413678180397977,5.370074946710115,10.206504384931188,13.427946818546879,15.889611540611662,17.962589625370335,19.566188210193598,19.634622614129288,20.83236752521326
0.0,0.7696468096517213,2.9413678180397977,5.370074946710115,10.206504384931188,13.501289800222185,15.889611540611662,17.962589625370335,19.594133340605296,19.634622614129288,20.83236752521326
0.0,0.7696468096517213,2.9413678180397977,5.370074946710115,10.206504384931188,13.427946818546879,15.889611540611662,17.962589625370335,19.594133340605296,19.634622614129288,20.83236752521326
0.0,0.7696468096517213,2.9413678180397977,5.370074946710115,10.206504384931188,13.501289800222185,15.889611540611662,17.962589625370335,19.594133340605296,19.634622614129288,20.83236752521326
0.0,0.7696468096517213,2.9413678180397977,5.370074946710115,10.206504384931188,13.427946818546879,15.889611540611662,17.962589625370335,19.594133340605296,19.634622614129288,20.83236752521326
0.0,0.7696468096517213,2.9413678180397977,5.370074946710115,10.206504384931188,13.501289800222185,15.889611540611662,17.962589625370335,19.594133340605296,19.634622614129288,20.83236752521326
0.0,0.7696468096517213,2.9413678180397977,5.370074946710115,10.206504384931188,13.501289800222185,15.889611540611662,17.962589625370335,19.594133340605296,19.634622614129288,20.83236752521326
0.0,0.7696468096517213,2.9413678180397977,5.370074946710115,10.206504384931188,13.501289800222185,15.889611540611662,17.962589625370335,19.594133340605296,19.634622614129288,20.83236752521326
0.0,0.7696468096517213,2.904865140722296,5.394358122300196,10.206504384931188,13.427946818546879,15.889611540611662,17.962589625370335,19.594133340605296,19.634622614129288,20.83236752521326
0.0,0.7696468096517213,2.921733507081404,5.394358122300196,10.206504384931188,13.501289800222185,15.929854086683152,18.128351516497293,19.594133340605296,19.634622614129288,20.83236752521326
0.0,0.7696468096517213,2.921733507081404,5.394358122300196,10.206504384931188,13.52400171150937,15.929854086683152,18.128351516497293,19.6904479466757,19.781815018040316,20.960678786178853
0.0,0.7696468096517213,2.921733507081404,5.394358122300196,10.206504384931188,13.52400171150937,15.929854086683152,18.128351516497293,19.6904479466757,19.781815018040316,20.960678786178853
0.0,0.7696468096517213,2.921733507081404,5.394358122300196,10.206504384931188,13.52400171150937,15.929854086683152,18.128351516497293,19.6904479466757,19.781815018040316,20.960678786178853
0.0,0.7356944832845738,2.8988442480757737,5.370918964421773,10.181995030715946,13.498754563118196,15.904071889218585,18.102080384622283,19.6638294126674,19.755176164469862,20.933777759428818
0.0,0.758622900713033,2.8965802261954403,5.383553928799829,10.226053944700206,13.473636471841482,15.878421483905662,18.07594354420946,19.63734694595419,19.728673482063027,20.90701424400619
0.0,0.768431161348099,2.874806961080765,5.363354399989614,10.204926223444984,13.451886266010868,15.856210337801896,18.053311185226516,19.61441530295755,19.70572433393462,20.88383923589032
0.0,0.768431161348099,2.874806961080765,5.363354399989614,10.204926223444984,13.451886266010868,15.856210337801896,18.053311185226516,19.61441530295755,19.70572433393462,20.88383923589032
0.0,0.768431161348099,2.8403519472598235,5.363354399989614,10.204926223444984,13.451886266010868,15.856210337801896,18.029121299817014,19.61441530295755,19.70572433393462,20.88383923589032
0.0,0.768431161348099,2.897270851447633,5.363354399989614,10.204926223444984,13.451886266010868,15.856210337801896,18.029121299817014,19.61441530295755,19.70572433393462,20.88383923589032
0.0,0.7569850889601174,2.897270851447633,5.363354399989614,10.204926223444984,13.451886266010868,15.856210337801896,18.029121299817014,19.61441530295755,19.70572433393462,20.88383923589032
0.0,0.746343615764954,2.9553317673929604,5.43670270059826,10.272811035986345,13.621033780188698,15.834680820691172,18.029121299817014,19.61441530295755,19.70572433393462,20.88383923589032
0.0,0.7205445319698353,2.9553317673929604,5.428903279390589,10.278975303995741,13.621033780188698,15.834680820691172,18.029121299817014,19.61441530295755,19.70572433393462,20.88383923589032
0.0,0.7205445319698353,2.926573834953352,5.36465214062317,10.278975303995741,13.621033780188698,15.834680820691172,18.029121299817014,19.61441530295755,19.721504860038678,20.88383923589032
0.0,0.7205445319698353,2.926573834953352,5.36465214062317,10.278975303995741,13.621033780188698,15.834680820691172,18.029121299817014,19.710759567592824,19.721504860038678,20.88383923589032
0.0,0.7205445319698353,2.926573834953352,5.36465214062317,10.332260534409588,13.644821366001784,15.834680820691172,18.029121299817014,19.710759567592824,19.721504860038678,20.9100665740945
0.0,0.7205445319698353,2.926573834953352,5.36465214062317,10.332260534409588,13.644821366001784,15.834680820691172,18.029121299817014,19.710759567592824,19.721504860038678,20.9100665740945
0.0,0.7205445319698353,2.926573834953352,5.340319503743977,10.351298389503865,13.686855185122692,15.834680820691172,18.013418638150984,19.808777917645383,19.721504860038678,20.9100665740945
0.0,0.7205445319698353,2.926573834953352,5.340319503743977,10.351298389503865,13.686855185122692,15.834680820691172,18.013418638150984,19.808777917645383,19.721504860038678,20.9100665740945
0.0,0.7205445319698353,2.926573834953352,5.340319503743977,10.351298389503865,13.686855185122692,15.834680820691172,18.013418638150984,19.808777917645383,19.721504860038678,20.9100665740945
0.0,0.7205445319698353,2.926573834953352,5.340319503743977,10.351298389503865,13.686855185122692,15.834680820691172,18.013418638150984,19.808777917645383,19.721504860038678,20.9100665740945
0.0,0.7205445319698353,2.926573834953352,5.340319503743977,10.351298389503865,13.686855185122692,15.834680820691172,18.013418638150984,19.808777917645383,19.721504860038678,20.9100665740945
0.0,0.7205445319698353,2.926573834953352,5.340319503743977,10.361433743851963,13.685570421895482,15.859740192325154,18.013418638150984,19.808777917645383,19.721504860038678,20.9100665740945
0.0,0.7205445319698353,2.926573834953352,5.340319503743977,10.361433743851963,13.685570421895482,15.859740192325154,18.013418638150984,19.808777917645383,19.721504860038678,20.9100665740945
0.0,0.7135437970678143,2.8778972590367173,5.348768943916258,10.459162221590109,13.682560800134558,15.856673013315506,18.010294444363716,19.805606194938335,19.718335447729444,21.033132517612483
0.0,0.7353527940408827,2.8659191773681747,5.336835359320759,10.44664974735872,13.669683189224235,15.843549125659129,17.996926601094078,19.792034984274228,19.704774122827217,21.01942225654122
0.0,0.7334820922445495,2.8346822554798203,5.304848103246062,10.413110812417207,13.63516552736644,15.80837133378942,17.961094900869355,19.75565816997484,19.66842380671824,20.982672725985008
0.0,0.740286191430753,2.8050240801147233,5.2744775163648585,10.381266970133092,13.602392424042408,15.774971464110909,17.927074172044254,19.721119877707416,19.633910673395118,20.94778055492806
0.0,0.7441900147450781,2.790761178215072,5.259872008912393,10.365952959981922,13.586631523315932,15.75890914541391,17.910713276209844,19.704510080633668,19.617312975499765,20.93100057413946
0.0,0.7441900147450781,2.790761178215072,5.259872008912393,10.365952959981922,13.586631523315932,15.75890914541391,17.910713276209844,19.704510080633668,19.617312975499765,20.93100057413946
0.0,0.7441900147450781,2.790761178215072,5.259872008912393,10.305258588363811,13.586631523315932,15.75890914541391,17.910713276209844,19.704510080633668,19.617312975499765,20.93100057413946
0.0,0.7476130683889957,2.8184178957244606,5.259872008912393,10.305258588363811,13.586631523315932,15.75890914541391,17.910713276209844,19.704510080633668,19.617312975499765,20.93100057413946
0.0,0.7476130683889957,2.8184178957244606,5.259872008912393,10.305258588363811,13.586631523315932,15.75890914541391,17.910713276209844,19.704510080633668,19.617312975499765,20.93100057413946
0.0,0.7476130683889957,2.8184178957244606,5.259872008912393,10.305258588363811,13.586631523315932,15.75890914541391,17.910713276209844,19.704510080633668,19.617312975499765,20.93100057413946
0.0,0.7461738299250746,2.813724163076347,5.259872008912393,10.24490133566517,13.663831755876114,15.75890914541391,17.910713276209844,19.704510080633668,19.617312975499765,20.93100057413946
0.0,0.7461738299250746,2.8573940292608917,5.259872008912393,10.24490133566517,13.762516836496808,15.72841284931356,17.910713276209844,19.704510080633668,19.617312975499765,20.93100057413946
0.0,0.7532403611217964,2.8573940292608917,5.34288105977742,10.371398727142697,13.784987109091167,15.712723853445592,17.910713276209844,19.704510080633668,19.617312975499765,20.93100057413946
0.0,0.7532403611217964,2.8573940292608917,5.363938026132421,10.371398727142697,13.784987109091167,15.712723853445592,17.910713276209844,19.723842554054443,19.617312975499765,20.93100057413946
0.0,0.7532403611217964,2.8573940292608917,5.4082432318190445,10.441908445762508,13.73493791566116,15.712723853445592,17.910713276209844,19.723842554054443,19.617312975499765,20.93100057413946
0.0,0.7532403611217964,2.8573940292608917,5.4082432318190445,10.441908445762508,13.73493791566116,15.712723853445592,17.910713276209844,19.723842554054443,19.617312975499765,20.93100057413946
0.0,0.7532403611217964,2.8573940292608917,5.4082432318190445,10.441908445762508,13.73493791566116,15.712723853445592,17.910713276209844,19.723842554054443,19.617312975499765,20.93100057413946
0.0,0.7532403611217964,2.8573940292608917,5.4082432318190445,10.441908445762508,13.73493791566116,15.712723853445592,17.910713276209844,19.723842554054443,19.617312975499765,20.93100057413946
0.0,0.7532403611217964,2.8573940292608917,5.4082432318190445,10.441908445762508,13.73493791566116,15.712723853445592,17.910713276209844,19.723842554054443,19.617312975499765,20.93100057413946
0.0,0.7532403611217964,2.8573940292608917,5.4082432318190445,10.441908445762508,13.73493791566116,15.712723853445592,17.937617959206552,19.723842554054443,19.617312975499765,20.93100057413946
0.0,0.7532403611217964,2.8573940292608917,5.4082432318190445,10.441908445762508,13.73493791566116,15.712723853445592,17.937617959206552,19.723842554054443,19.617312975499765,20.93100057413946
0.0,0.7532403611217964,2.8573940292608917,5.4082432318190445,10.441908445762508,13.73493791566116,15.712723853445592,17.937617959206552,19.723842554054443,19.617312975499765,20.93100057413946
0.0,0.7532403611217964,2.8573940292608917,5.4082432318190445,10.441908445762508,13.73493791566116,15.712723853445592,17.937617959206552,19.723842554054443,19.617312975499765,20.93100057413946
0.0,0.7532403611217964,2.8573940292608917,5.4082432318190445,10.441908445762508,13.73493791566116,15.712723853445592,17.937617959206552,19.723842554054443,19.617312975499765,21.084700869196304
0.0,0.7508366832646186,2.796931150030403,5.515250636750567,10.504919484956801,13.73222453244018,15.790143811500029,17.934804312322335,19.720986293071746,19.614459256001478,21.081812142111406
0.0,0.7438251855933836,2.756148957891711,5.47339001720785,10.461079335175201,13.687104027563693,15.744206877003458,17.888016535727285,19.67348989204678,19.56700511699781,21.03377586639736
0.0,0.7177957646293037,2.7558253381775257,5.421346502465314,10.40657475530042,13.631007637056763,15.687095454530134,17.829847297727593,19.614439651654664,19.50800741916604,20.97405442293546
0.0,0.6871461228544695,2.7965601516367564,5.477719740825247,10.51608343543538,13.58392296131932,15.663399142213313,17.78102277115183,19.564875653045206,19.458487522314183,20.92392704799093
0.0,0.6933437241900842,2.746914459256898,5.456766182421682,10.48641119312755,13.553427040910131,15.632344907401418,17.749399979805162,19.5327739186044,19.42641435180991,20.89146042455798
0.0,0.7208468947859874,2.7350114262452223,5.4445492182843145,10.473611554260586,13.540272094138542,15.618949121981546,17.735758937614836,19.518926275963075,19.412579030720448,20.877455380690375
0.0,0.7208468947859874,2.7350114262452223,5.4445492182843145,10.473611554260586,13.540272094138542,15.618949121981546,17.735758937614836,19.518926275963075,19.412579030720448,20.877455380690375
0.0,0.7208468947859874,2.7200611988529073,5.4445492182843145,10.473611554260586,13.540272094138542,15.618949121981546,17.735758937614836,19.518926275963075,19.412579030720448,20.877455380690375
0.0,0.7061167140306129,2.7200611988529073,5.484351771731378,10.473611554260586,13.540272094138542,15.618949121981546,17.735758937614836,19.518926275963075,19.412579030720448,20.877455380690375
0.0,0.7061167140306129,2.7200611988529073,5.484351771731378,10.473611554260586,13.540272094138542,15.618949121981546,17.735758937614836,19.518926275963075,19.412579030720448,20.877455380690375
0.0,0.6887718614715752,2.678135842555335,5.484351771731378,10.473611554260586,13.540272094138542,15.618949121981546,17.735758937614836,19.518926275963075,19.412579030720448,20.877455380690375
0.0,0.6856102347810815,2.625733064060554,5.566789633990485,10.454310445794833,13.52043520208723,15.685561703562245,17.76857338276184,19.689464907722726,19.52924717726254,20.856336591827198
0.0,0.6729072096646327,2.6127852628636714,5.553470773658244,10.4403749501809,13.506112868079029,15.670966205829211,17.753715081341,19.674364256543754,19.514166739993478,20.841088721991298
0.0,0.6729072096646327,2.6127852628636714,5.553470773658244,10.4403749501809,13.506112868079029,15.670966205829211,17.753715081341,19.674364256543754,19.514166739993478,20.841088721991298
0.0,0.6729072096646327,2.6127852628636714,5.553470773658244,10.4403749501809,13.506112868079029,15.670966205829211,17.753715081341,19.674364256543754,19.514166739993478,20.841088721991298
0.0,0.6729072096646327,2.6127852628636714,5.553470773658244,10.4403749501809,13.506112868079029,15.670966205829211,17.753715081341,19.674364256543754,19.514166739993478,20.841088721991298
0.0,0.6729072096646327,2.6127852628636714,5.553470773658244,10.4403749501809,13.506112868079029,15.670966205829211,17.753715081341,19.674364256543754,19.514166739993478,20.841088721991298
0.0,0.6729072096646327,2.6127852628636714,5.553470773658244,10.4403749501809,13.506112868079029,15.670966205829211,17.753715081341,19.674364256543754,19.514166739993478,20.841088721991298
0.0,0.6729072096646327,2.6127852628636714,5.553470773658244,10.4403749501809,13.506112868079029,15.670966205829211,17.753715081341,19.674364256543754,19.514166739993478,20.841088721991298
0.0,0.6729072096646327,2.6127852628636714,5.553470773658244,10.4403749501809,13.506112868079029,15.670966205829211,17.753715081341,19.674364256543754,19.514166739993478,20.841088721991298
0.0,0.6729072096646327,2.6127852628636714,5.553470773658244,10.4403749501809,13.506112868079029,15.670966205829211,17.753715081341,19.674364256543754,19.514166739993478,20.841088721991298
0.0,0.6729072096646327,2.6127852628636714,5.553470773658244,10.4403749501809,13.506112868079029,15.670966205829211,17.753715081341,19.674364256543754,19.514166739993478,20.841088721991298
0.0,0.6729072096646327,2.6127852628636714,5.553470773658244,10.4403749501809,13.506112868079029,15.670966205829211,17.753715081341,19.674364256543754,19.514166739993478,20.841088721991298
0.0,0.6729072096646327,2.6127852628636714,5.553470773658244,10.4403749501809,13.506112868079029,15.670966205829211,17.753715081341,19.674364256543754,19.514166739993478,20.841088721991298
0.0,0.6729072096646327,2.6127852628636714,5.553470773658244,10.4403749501809,13.511612378946062,15.762723927142472,17.753715081341,19.674364256543754,19.514166739993478,20.841088721991298
0.0,0.6566804176004999,2.6069493113318383,5.553470773658244,10.4403749501809,13.511612378946062,15.762723927142472,17.753715081341,19.674364256543754,19.514166739993478,20.841088721991298
0.0,0.6566804176004999,2.612112381534053,5.5815506291440355,10.547984202816767,13.511612378946062,15.762723927142472,17.753715081341,19.674364256543754,19.514166739993478,20.841088721991298
0.0,0.6566804176004999,2.612112381534053,5.5815506291440355,10.547984202816767,13.511612378946062,15.762723927142472,17.753715081341,19.674364256543754,19.514166739993478,20.841088721991298
0.0,0.6566804176004999,2.612112381534053,5.5815506291440355,10.547984202816767,13.511612378946062,15.762723927142472,17.753715081341,19.674364256543754,19.514166739993478,20.841088721991298
0.0,0.6566804176004999,2.612112381534053,5.5815506291440355,10.547984202816767,13.511612378946062,15.762723927142472,17.753715081341,19.674364256543754,19.514166739993478,20.841088721991298
0.0,0.6566804176004999,2.612112381534053,5.5815506291440355,10.547984202816767,13.511612378946062,15.762723927142472,17.753715081341,19.674364256543754,19.514166739993478,20.841088721991298
0.0,0.6566804176004999,2.614169845599616,5.6584661411290895,10.547984202816767,13.511612378946062,15.762723927142472,17.753715081341,19.674364256543754,19.514166739993478,20.841088721991298
0.0,0.6566804176004999,2.614169845599616,5.6584661411290895,10.547984202816767,13.511612378946062,15.762723927142472,17.753715081341,19.674364256543754,19.514166739993478,20.841088721991298
0.0,0.6566804176004999,2.614169845599616,5.6584661411290895,10.547984202816767,13.511612378946062,15.762723927142472,17.753715081341,19.674364256543754,19.514166739993478,20.841088721991298
0.0,0.6566804176004999,2.614169845599616,5.6584661411290895,10.547984202816767,13.511612378946062,15.762723927142472,17.753715081341,19.674364256543754,19.514166739993478,20.841088721991298
0.0,0.6566804176004999,2.614169845599616,5.6584661411290895,10.547984202816767,13.511612378946062,15.762723927142472,17.753715081341,19.674364256543754,19.514166739993478,20.841088721991298
0.0,0.6566804176004999,2.614169845599616,5.6584661411290895,10.547984202816767,13.511612378946062,15.762723927142472,17.753715081341,19.674364256543754,19.514166739993478,20.841088721991298
0.0,0.6566804176004999,2.614169845599616,5.6584661411290895,10.547984202816767,13.590443014715396,15.762723927142472,17.753715081341,19.674364256543754,19.514166739993478,20.841088721991298
0.0,0.6566804176004999,2.614169845599616,5.6584661411290895,10.547984202816767,13.590443014715396,15.762723927142472,17.753715081341,19.674364256543754,19.514166739993478,20.841088721991298
0.0,0.6566804176004999,2.614169845599616,5.6584661411290895,10.547984202816767,13.590443014715396,15.762723927142472,17.753715081341,19.674364256543754,19.514166739993478,20.93243236248635
0.0,0.6566804176004999,2.614169845599616,5.6584661411290895,10.547984202816767,13.590443014715396,15.762723927142472,17.753715081341,19.674364256543754,19.52836194804319,20.93243236248635
0.0,0.6566804176004999,2.614169845599616,5.6584661411290895,10.547984202816767,13.590443014715396,15.762723927142472,17.753715081341,19.674364256543754,19.52836194804319,20.93243236248635
0.0,0.6566804176004999,2.614169845599616,5.6584661411290895,10.547984202816767,13.590443014715396,15.762723927142472,17.753715081341,19.674364256543754,19.52836194804319,20.93243236248635
0.0,0.6566804176004999,2.614169845599616,5.6584661411290895,10.547984202816767,13.590443014715396,15.762723927142472,17.753715081341,19.674364256543754,19.52836194804319,20.93243236248635
0.0,0.6566804176004999,2.614169845599616,5.6584661411290895,10.547984202816767,13.590443014715396,15.762723927142472,17.753715081341,19.674364256543754,19.52836194804319,20.93243236248635
0.0,0.6566804176004999,2.614169845599616,5.6584661411290895,10.547984202816767,13.590443014715396,15.762723927142472,17.753715081341,19.674364256543754,19.52836194804319,20.93243236248635
0.0,0.6566804176004999,2.614169845599616,5.6584661411290895,10.547984202816767,13.590443014715396,15.762723927142472,17.753715081341,19.674364256543754,19.52836194804319,20.93243236248635
0.0,0.6566804176004999,2.614169845599616,5.6584661411290895,10.547984202816767,13.590443014715396,15.685886055310833,17.753715081341,19.707283681592543,19.472292817250604,20.935421508392896
0.0,0.6566804176004999,2.614169845599616,5.6584661411290895,10.547984202816767,13.590443014715396,15.685886055310833,17.753715081341,19.707283681592543,19.472292817250604,20.935421508392896
0.0,0.6566804176004999,2.614169845599616,5.6584661411290895,10.547984202816767,13.673517978871521,15.685886055310833,17.753715081341,19.707283681592543,19.472292817250604,20.935421508392896
0.0,0.6566804176004999,2.614169845599616,5.6584661411290895,10.547984202816767,13.673517978871521,15.685886055310833,17.753715081341,19.707283681592543,19.472292817250604,20.935421508392896
0.0,0.6566804176004999,2.614169845599616,5.6584661411290895,10.547984202816767,13.673517978871521,15.685886055310833,17.753715081341,19.707283681592543,19.472292817250604,20.935421508392896
0.0,0.6566804176004999,2.614169845599616,5.6584661411290895,10.547984202816767,13.673517978871521,15.685886055310833,17.753715081341,19.707283681592543,19.472292817250604,20.935421508392896
0.0,0.6545443629010048,2.611992250641943,5.656223942576487,10.545638242864618,13.671105691368302,15.683431062959121,17.751216207193362,19.704743350391364,19.469757472835582,20.932855114643605
0.0,0.6497437152923401,2.645389747887067,5.695030255725694,10.728541622779336,13.804954475368147,15.812802693124489,17.832231987996053,19.891360438833527,19.469757472835582,20.932855114643605
0.0,0.6497437152923401,2.645389747887067,5.695030255725694,10.728541622779336,13.804954475368147,15.995900169303704,17.832231987996053,19.891360438833527,19.469757472835582,20.932855114643605
0.0,0.6497437152923401,2.645389747887067,5.695030255725694,10.728541622779336,13.804954475368147,15.995900169303704,17.832231987996053,19.891360438833527,19.469757472835582,20.932855114643605
0.0,0.6497437152923401,2.645389747887067,5.695030255725694,10.728541622779336,13.804954475368147,15.995900169303704,17.889956217058632,19.891360438833527,19.469757472835582,20.932855114643605
0.0,0.6497437152923401,2.645389747887067,5.695030255725694,10.728541622779336,13.804954475368147,15.995900169303704,17.889956217058632,19.891360438833527,19.469757472835582,20.932855114643605
0.0,0.6497437152923401,2.645389747887067,5.695030255725694,10.728541622779336,13.804954475368147,15.995900169303704,17.889956217058632,19.891360438833527,19.469757472835582,20.932855114643605
0.0,0.6497437152923401,2.649401070686742,5.672101017012668,10.728541622779336,13.804954475368147,15.924938575002148,17.889956217058632,19.891360438833527,19.469757472835582,20.932855114643605
0.0,0.6497437152923401,2.649401070686742,5.672101017012668,10.908145366197536,13.804954475368147,15.924938575002148,17.889956217058632,19.891360438833527,19.469757472835582,20.932855114643605
0.0,0.6497437152923401,2.649401070686742,5.672101017012668,10.908145366197536,13.804954475368147,15.924938575002148,17.889956217058632,19.891360438833527,19.469757472835582,20.932855114643605
0.0,0.6497437152923401,2.649401070686742,5.672101017012668,10.908145366197536,13.804954475368147,15.924938575002148,17.889956217058632,19.891360438833527,19.469757472835582,20.80435044779302
0.0,0.6497437152923401,2.649401070686742,5.672101017012668,10.908145366197536,13.804954475368147,15.924938575002148,17.889956217058632,19.891360438833527,19.469757472835582,20.80435044779302
0.0,0.6497437152923401,2.649401070686742,5.672101017012668,10.908145366197536,13.804954475368147,15.924938575002148,17.889956217058632,19.891360438833527,19.469757472835582,20.80435044779302
0.0,0.6497437152923401,2.649401070686742,5.672101017012668,10.908145366197536,13.804954475368147,15.924938575002148,17.889956217058632,19.891360438833527,19.469757472835582,20.80435044779302
0.0,0.6497437152923401,2.649401070686742,5.672101017012668,10.908145366197536,13.804954475368147,15.924938575002148,17.889956217058632,19.891360438833527,19.469757472835582,20.80435044779302
0.0,0.6497437152923401,2.649401070686742,5.534422066726663,10.812106534522473,13.843592571754801,15.924938575002148,17.889956217058632,19.891360438833527,19.469757472835582,20.80435044779302
0.0,0.6497437152923401,2.649401070686742,5.534422066726663,10.812106534522473,13.843592571754801,15.924938575002148,17.889956217058632,19.891360438833527,19.469757472835582,20.80435044779302
0.0,0.6497437152923401,2.649401070686742,5.534422066726663,10.812106534522473,13.843592571754801,15.924938575002148,17.889956217058632,19.891360438833527,19.469757472835582,20.80435044779302
0.0,0.6497437152923401,2.649401070686742,5.534422066726663,10.812106534522473,13.843592571754801,15.924938575002148,17.889956217058632,19.891360438833527,19.469757472835582,20.80435044779302
0.0,0.6497437152923401,2.649401070686742,5.534422066726663,10.812106534522473,13.843592571754801,15.924938575002148,17.889956217058632,19.891360438833527,19.469757472835582,20.80435044779302
0.0,0.6497437152923401,2.6241426767997007,5.534422066726663,10.812106534522473,13.843592571754801,15.924938575002148,17.889956217058632,19.891360438833527,19.469757472835582,20.80435044779302
0.0,0.655396971645235,2.615817225836376,5.52586051743678,10.803116829614524,13.834356935551437,15.915534088237546,17.88039231694748,19.881634173490653,19.46006541031017,20.794550115536147
0.0,0.6656035741021943,2.6519748257404006,5.5050291212074205,10.78124367341558,13.811885395568622,15.892651712221944,17.85712206690653,19.857968867092335,19.43648332394816,20.770704594414923
0.0,0.6394968561919018,2.6351129987310506,5.487698645562132,10.763046515787849,13.793190418424675,15.873614944072633,17.83776261076859,19.838280747695123,19.416864438643398,20.750866547147684
0.0,0.6474501670678521,2.68162106189121,5.474875030504419,10.881570185633684,13.790647174705894,15.859528764807497,17.823437659837012,19.82371260371987,19.40234752415363,20.736187464654012
0.0,0.6474501670678521,2.66052823625827,5.4563686948326,10.881570185633684,13.790647174705894,15.859528764807497,17.823437659837012,19.82371260371987,19.40234752415363,20.736187464654012
0.0,0.6474501670678521,2.66052823625827,5.4563686948326,10.881570185633684,13.790647174705894,15.859528764807497,17.823437659837012,19.82371260371987,19.40234752415363,20.736187464654012
0.0,0.6474501670678521,2.66052823625827,5.4563686948326,10.881570185633684,13.790647174705894,15.859528764807497,17.823437659837012,19.82371260371987,19.40234752415363,20.736187464654012
0.0,0.6474501670678521,2.66052823625827,5.4563686948326,10.881570185633684,13.790647174705894,15.920854441785675,17.823437659837012,19.928698231241786,19.451865874459283,20.870917726728806
0.0,0.6474501670678521,2.66052823625827,5.4563686948326,10.881570185633684,13.790647174705894,15.920854441785675,17.823437659837012,19.928698231241786,19.451865874459283,20.870917726728806
0.0,0.6474501670678521,2.66052823625827,5.4563686948326,10.881570185633684,13.790647174705894,15.920854441785675,17.823437659837012,19.928698231241786,19.451865874459283,20.870917726728806
0.0,0.6474501670678521,2.66052823625827,5.4563686948326,10.881570185633684,13.790647174705894,15.920854441785675,17.823437659837012,19.928698231241786,19.451865874459283,20.870917726728806
0.0,0.6474501670678521,2.66052823625827,5.4563686948326,10.881570185633684,13.790647174705894,15.920854441785675,17.823437659837012,19.928698231241786,19.451865874459283,20.870917726728806
0.0,0.6474501670678521,2.66052823625827,5.4563686948326,10.881570185633684,13.790647174705894,15.920854441785675,17.823437659837012,19.928698231241786,19.451865874459283,20.870917726728806
0.0,0.6474501670678521,2.66052823625827,5.4563686948326,10.881570185633684,13.790647174705894,15.920854441785675,17.823437659837012,19.928698231241786,19.451865874459283,20.870917726728806
0.0,0.6474501670678521,2.66052823625827,5.4563686948326,10.881570185633684,13.790647174705894,15.838009168330968,17.823437659837012,19.928698231241786,19.451865874459283,20.870917726728806
0.0,0.6474501670678521,2.66052823625827,5.4563686948326,10.881570185633684,13.790647174705894,15.838009168330968,17.823437659837012,19.928698231241786,19.451865874459283,20.870917726728806
0.0,0.6474501670678521,2.66052823625827,5.4563686948326,10.881570185633684,13.790647174705894,15.838009168330968,17.823437659837012,19.928698231241786,19.451865874459283,20.870917726728806
0.0,0.6474501670678521,2.66052823625827,5.4563686948326,10.881570185633684,13.790647174705894,15.838009168330968,17.758025328720255,20.060247110664395,19.431264481918966,20.89717059983419
0.0,0.6474501670678521,2.66052823625827,5.4563686948326,10.881570185633684,13.790647174705894,15.838009168330968,17.758025328720255,20.060247110664395,19.431264481918966,20.89717059983419
0.0,0.6474501670678521,2.66052823625827,5.4563686948326,10.881570185633684,13.790647174705894,15.838009168330968,17.758025328720255,20.060247110664395,19.431264481918966,20.89717059983419
0.0,0.6474501670678521,2.66052823625827,5.4563686948326,10.881570185633684,13.790647174705894,15.851083875084434,17.688332356717847,20.0627948032761,19.509570465491894,20.89717059983419
0.0,0.6474501670678521,2.6435867270129374,5.4563686948326,10.881570185633684,13.790647174705894,15.851083875084434,17.688332356717847,20.0627948032761,19.509570465491894,20.89717059983419
0.0,0.6322079443254611,2.6653678011054933,5.518079937116624,10.967096770440165,13.860494340303205,15.929685434498317,17.767860317222272,20.024486244587063,19.471438424657922,20.858595816006684
0.0,0.6375363035403865,2.7130895375761988,5.569932953625288,10.920190234816104,13.812364746131747,15.880681179381428,17.718079053261057,19.97375108972005,19.420937046811506,20.807508077432747
0.0,0.6442802867847308,2.6448694360297234,5.499815390432759,10.846519131401331,13.736772714822191,15.80371541121183,17.63989291999387,19.89406678152622,19.341619907303905,20.727270003534638
0.0,0.6660429342951657,2.649550590072324,5.515179280040786,10.954052432233636,13.808195843361437,15.896929301011092,17.67295345881108,19.80616978855472,19.254127925358585,20.63876217084675
0.0,0.6902296215310285,2.7064334644087564,5.57330293285016,10.929659230572938,13.783175159474808,15.871449409954192,17.647083109591673,19.779830452624353,19.227909955599163,20.612239789832074
0.0,0.6583488522536054,2.7236317911779993,5.57330293285016,10.929659230572938,13.783175159474808,15.871449409954192,17.647083109591673,19.779830452624353,19.227909955599163,20.612239789832074
0.0,0.6583488522536054,2.7236317911779993,5.57330293285016,10.929659230572938,13.783175159474808,15.871449409954192,17.647083109591673,19.779830452624353,19.227909955599163,20.612239789832074
0.0,0.6583488522536054,2.7236317911779993,5.57330293285016,10.929659230572938,13.783175159474808,15.871449409954192,17.647083109591673,19.779830452624353,19.227909955599163,20.612239789832074
0.0,0.6583488522536054,2.7236317911779993,5.57330293285016,10.929659230572938,13.783175159474808,15.871449409954192,17.647083109591673,19.779830452624353,19.227909955599163,20.612239789832074
0.0,0.6583488522536054,2.7236317911779993,5.57330293285016,10.929659230572938,13.783175159474808,15.871449409954192,17.647083109591673,19.779830452624353,19.227909955599163,20.612239789832074
0.0,0.6583488522536054,2.7236317911779993,5.57330293285016,10.929659230572938,13.783175159474808,15.871449409954192,17.647083109591673,19.779830452624353,19.227909955599163,20.612239789832074
0.0,0.6583488522536054,2.7236317911779993,5.57330293285016,10.929659230572938,13.783175159474808,15.871449409954192,17.647083109591673,19.779830452624353,19.227909955599163,20.612239789832074
0.0,0.6583488522536054,2.7236317911779993,5.57330293285016,10.929659230572938,13.783175159474808,15.871449409954192,17.647083109591673,19.779830452624353,19.227909955599163,20.612239789832074
0.0,0.6583488522536054,2.7236317911779993,5.57330293285016,10.929659230572938,13.783175159474808,15.871449409954192,17.647083109591673,19.779830452624353,19.227909955599163,20.612239789832074
0.0,0.6583488522536054,2.7236317911779993,5.57330293285016,10.929659230572938,13.783175159474808,15.871449409954192,17.647083109591673,19.809466279022665,19.23807670840799,20.641991733965504
0.0,0.6583488522536054,2.7236317911779993,5.57330293285016,10.929659230572938,13.783175159474808,15.871449409954192,17.647083109591673,19.809466279022665,19.23807670840799,20.641991733965504
0.0,0.6583488522536054,2.7236317911779993,5.57330293285016,10.929659230572938,13.783175159474808,15.871449409954192,17.647083109591673,19.809466279022665,19.23807670840799,20.641991733965504
0.0,0.6583488522536054,2.7236317911779993,5.57330293285016,10.929659230572938,13.783175159474808,15.871449409954192,17.647083109591673,19.809466279022665,19.23807670840799,20.641991733965504
0.0,0.6583488522536054,2.7236317911779993,5.57330293285016,10.929659230572938,13.783175159474808,15.871449409954192,17.647083109591673,19.809466279022665,19.23807670840799,20.641991733965504
0.0,0.6583488522536054,2.7236317911779993,5.57330293285016,10.929659230572938,13.783175159474808,15.871449409954192,17.647083109591673,19.809466279022665,19.23807670840799,20.63397961024179
0.0,0.6583488522536054,2.7236317911779993,5.57330293285016,10.929659230572938,13.783175159474808,15.871449409954192,17.647083109591673,19.809466279022665,19.23807670840799,20.641991733965504
0.0,0.6583488522536054,2.7236317911779993,5.57330293285016,10.929659230572938,13.783175159474808,15.871449409954192,17.647083109591673,19.809466279022665,19.23807670840799,20.641991733965504
0.0,0.6583488522536054,2.7236317911779993,5.57330293285016,10.929659230572938,13.783175159474808,15.871449409954192,17.647083109591673,19.809466279022665,19.23807670840799,20.641991733965504
0.0,0.6583488522536054,2.7236317911779993,5.57330293285016,10.929659230572938,13.783175159474808,15.871449409954192,17.647083109591673,19.809466279022665,19.23807670840799,20.641991733965504
0.0,0.6583488522536054,2.7236317911779993,5.57330293285016,10.929659230572938,13.783175159474808,16.05598629501079,17.647083109591673,19.809466279022665,19.23807670840799,20.704346957728255
0.0,0.6583488522536054,2.6874288617597806,5.57330293285016,10.929659230572938,13.783175159474808,16.05598629501079,17.647083109591673,19.809466279022665,19.23807670840799,20.704346957728255
0.0,0.6421052713065175,2.6607346846513313,5.59146890741212,11.028604442870979,13.783175159474808,16.05598629501079,17.647083109591673,19.809466279022665,19.23807670840799,20.704346957728255
0.0,0.6421052713065175,2.687415959789218,5.59146890741212,11.028604442870979,13.783175159474808,16.05598629501079,17.647083109591673,19.809466279022665,19.23807670840799,20.704346957728255
0.0,0.6421052713065175,2.687415959789218,5.59146890741212,11.028604442870979,13.783175159474808,16.05598629501079,17.647083109591673,19.809466279022665,19.23807670840799,20.704346957728255
0.0,0.6421052713065175,2.687415959789218,5.59146890741212,11.028604442870979,13.783175159474808,16.05598629501079,17.647083109591673,19.809466279022665,19.24623075380797,20.704346957728255
0.0,0.6421052713065175,2.687415959789218,5.59146890741212,11.028604442870979,13.783175159474808,16.05598629501079,17.647083109591673,19.809466279022665,19.24623075380797,20.704346957728255
0.0,0.6421052713065175,2.687415959789218,5.59146890741212,11.028604442870979,13.783175159474808,16.05598629501079,17.647083109591673,19.809466279022665,19.24623075380797,20.704346957728255
0.0,0.6300068144410439,2.6769193772410995,5.585583935155221,11.091205913520847,13.833753957136368,16.170493134857043,17.68257141552273,19.854613216609682,19.539242123721447,20.69761969329597
0.0,0.6300068144410439,2.6769193772410995,5.585583935155221,11.091205913520847,13.833753957136368,16.170493134857043,17.68257141552273,19.854613216609682,19.539242123721447,20.69761969329597
0.0,0.6300068144410439,2.6769193772410995,5.585583935155221,11.091205913520847,13.833753957136368,16.170493134857043,17.68257141552273,19.854613216609682,19.539242123721447,20.69761969329597
0.0,0.6300068144410439,2.6769193772410995,5.585583935155221,11.091205913520847,13.833753957136368,16.170493134857043,17.68257141552273,19.854613216609682,19.539242123721447,20.69761969329597
0.0,0.6300068144410439,2.6769193772410995,5.585583935155221,11.176005839622473,13.833753957136368,16.170493134857043,17.68257141552273,19.854613216609682,19.539242123721447,20.69761969329597
0.0,0.6320323109263462,2.6185025104545216,5.585583935155221,11.176005839622473,13.833753957136368,16.170493134857043,17.68257141552273,19.854613216609682,19.539242123721447,20.69761969329597
0.0,0.6320323109263462,2.6185025104545216,5.585583935155221,11.176005839622473,13.833753957136368,16.170493134857043,17.68257141552273,19.854613216609682,19.527140749815583,20.69761969329597
0.0,0.6320323109263462,2.6185025104545216,5.585583935155221,11.176005839622473,13.881953032735897,16.207880961700567,17.68257141552273,19.854613216609682,19.527140749815583,20.69761969329597
0.0,0.6320323109263462,2.6185025104545216,5.585583935155221,11.176005839622473,13.881953032735897,16.171176901186477,17.791780509460107,19.854613216609682,19.527140749815583,20.69761969329597
0.0,0.6320323109263462,2.6185025104545216,5.603761798517029,11.176005839622473,13.881953032735897,16.171176901186477,17.791780509460107,19.934820297177755,19.5828870575419,20.707979398249506
0.0,0.6521674080356757,2.5978612252141726,5.694856746045247,11.308740725148658,13.92419463180735,16.214454786808677,17.760817951345143,19.90329442306839,19.551453692038294,20.676250292781422
0.0,0.6591287331398638,2.6323510643646375,5.6326565865820255,11.251545336532075,13.8656553064826,16.154738623809322,17.70030719807766,19.841682769964976,19.49002283037328,20.6142414605251
0.0,0.638379835293378,2.6652863812988836,5.663979963100768,11.386259160387949,14.039666670102346,16.327431690046488,17.632522855876566,19.77266519619464,19.421207779759015,20.544778965378622
0.0,0.6100591884417341,2.7329265670974383,5.721794101095278,11.457009968044094,14.034916427610252,16.4454243564347,17.859398372565813,19.907093557822886,19.49807748017038,20.56635730054542
0.0,0.6181924659555651,2.72265307310249,5.8199764409811525,11.42085761215386,13.99792789827696,16.40765395128629,17.82116932877399,19.868200320678728,19.459316912068825,20.527250223666467
0.0,0.6334899748042898,2.7004984444604876,5.922749023709615,11.364286594046085,13.940048440322773,16.348551018130948,17.761348720259395,19.807340385867494,19.398664577084126,20.466055673552543
0.0,0.6355011075123073,2.741420960152705,5.865428894108446,11.304021774643752,13.87838974657134,16.285588962437185,17.69762212863607,19.742506605198223,19.33405195145983,20.400865428894107
0.0,0.6488729418093337,2.691648234212935,5.814142753332892,11.250100926362588,13.823221754632462,16.229254811166133,17.640603922782724,19.684497762134693,19.27624098284021,20.342537646176094
0.0,0.6456820430956711,2.7506887643461027,5.895195777137682,11.181058999755617,13.752582946603386,16.15712281655727,17.567596043469315,19.610221440210676,19.202218025491675,20.267852944025904
0.0,0.6245501679180411,2.741846478624281,5.949214206651838,11.281618534179275,13.641187167756438,16.043372316748002,17.452464293585678,19.49308938544544,19.085485520846333,20.150076883017785
0.0,0.6014397473614405,2.7522138247288037,6.054683217756501,11.174524331397027,13.776865443434879,16.0006333913942,17.62742353946546,19.35706926981126,19.12613784468703,20.013308912291315
0.0,0.6264261626671618,2.748618966732373,6.052686548832668,11.244101160038483,13.64837272254222,15.869629281273568,17.4945822307928,19.222274603703355,18.991603978584806,19.87777312876124
0.0,0.6318704411629552,2.7064735534194595,6.152686009124107,11.131689978033522,13.533532045351599,15.75254404394268,17.375854992853764,19.101801547875958,18.87136401338741,19.756637697461922
0.0,0.6064815010103873,2.6894001999448456,6.209373019102118,11.179975040766777,13.42968062637628,15.646662849793232,17.26848892333362,18.992856720119498,18.76262997150637,19.647093877829622
0.0,0.6246908127264988,2.729916861593822,6.295190198790573,11.097097672714746,13.34512625059189,15.560455859393418,17.18107296813269,18.90415536199867,18.67410023230319,19.557904828884137
0.0,0.6532931355248321,2.7823476131412512,6.359184675251667,11.173867865943572,13.311171671450461,15.53170940759226,17.094165311678374,18.874577142133994,18.644579240221564,19.528163984379397
0.0,0.6532931355248321,2.7823476131412512,6.359184675251667,11.173867865943572,13.311171671450461,15.53170940759226,17.094165311678374,18.874577142133994,18.644579240221564,19.528163984379397
0.0,0.6532931355248321,2.7823476131412512,6.359184675251667,11.222367784408027,13.311171671450461,15.680861342206507,17.094165311678374,18.874577142133994,18.644579240221564,19.528163984379397
0.0,0.6766364348805531,2.7747878575512166,6.436531701617984,11.275681939118169,13.22640535792568,15.680861342206507,17.094165311678374,18.874577142133994,18.644579240221564,19.528163984379397
0.0,0.6766364348805531,2.7747878575512166,6.436531701617984,11.275681939118169,13.22640535792568,15.680861342206507,17.094165311678374,18.874577142133994,18.644579240221564,19.528163984379397
0.0,0.6766364348805531,2.7739067373895367,6.407161029562096,11.247639332233497,13.22640535792568,15.680861342206507,17.094165311678374,18.874577142133994,18.644579240221564,19.528163984379397
0.0,0.6766364348805531,2.7739067373895367,6.435293025448669,11.199573588921167,13.221195256100133,15.75873193272685,17.137186961311542,18.903373170606184,18.644579240221564,19.528163984379397
0.0,0.6766364348805531,2.7739067373895367,6.435293025448669,11.199573588921167,13.221195256100133,15.75873193272685,17.137186961311542,18.903373170606184,18.644579240221564,19.528163984379397
0.0,0.6766364348805531,2.7739067373895367,6.435293025448669,11.199573588921167,13.221195256100133,15.75873193272685,17.137186961311542,18.903373170606184,18.644579240221564,19.528163984379397
0.0,0.6941566792547619,2.7739067373895367,6.435293025448669,11.199573588921167,13.221195256100133,15.75873193272685,17.137186961311542,18.903373170606184,18.644579240221564,19.528163984379397
0.0,0.6878918394472924,2.7708620407185536,6.43213985950765,11.196279280255972,13.217841056505852,15.75530255812252,17.13371674971298,18.899850635402903,18.641064371838038,19.524622939628593
0.0,0.6795066445161505,2.7695890960214657,6.515290623359944,11.1949019763078,13.216438713005694,15.753868785011882,17.132265903231538,18.89837791316096,18.639594854985205,19.523142478806125
0.0,0.6795066445161505,2.7695890960214657,6.53519799470584,11.1949019763078,13.216438713005694,15.753868785011882,17.132265903231538,18.89837791316096,18.639594854985205,19.523142478806125
0.0,0.6795066445161505,2.7695890960214657,6.53519799470584,11.1949019763078,13.216438713005694,15.753868785011882,17.132265903231538,18.89837791316096,18.639594854985205,19.523142478806125
0.0,0.6795066445161505,2.7695890960214657,6.53519799470584,11.1949019763078,13.216438713005694,15.753868785011882,17.132265903231538,18.89837791316096,18.639594854985205,19.523142478806125
0.0,0.6788809477900887,2.7695890960214657,6.53519799470584,11.1949019763078,13.216438713005694,15.753868785011882,17.132265903231538,18.89837791316096,18.639594854985205,19.523142478806125
0.0,0.6730575123762803,2.7636447305401424,6.59829261070649,11.188470276591755,13.209890084212644,15.747173387005645,17.125490776423028,18.891500631470244,18.632732541740815,19.51622905968458
0.0,0.6670933674081205,2.757556733515178,6.591977438740937,11.181883170051993,13.203183223281073,15.740316210529704,17.118551944686725,18.884457176520435,18.62570441691446,19.509148594128316
0.0,0.6969317765267937,2.7825816722711165,6.637647951970517,11.213202646974594,13.203183223281073,15.740316210529704,17.118551944686725,19.004959917325788,18.62570441691446,19.509148594128316
0.0,0.7242355054270104,2.7677478554777006,6.608564402442823,11.293886150050863,13.200148051739466,15.737213014100274,17.115411795392905,19.001769190198097,18.62252385827735,19.50594434883727
0.0,0.7156457912707312,2.8252286940042044,6.59947287556021,11.287050471303381,13.190494397786834,15.727343000472999,17.1054242496392,18.991620776796836,18.612407786734824,19.495752939621987
0.0,0.7044653494488652,2.799774946857482,6.689293663462323,11.265331681514056,13.21726435345597,15.704757642833814,17.08256994555174,18.968398362442265,18.58925937961813,19.472432138793664
0.0,0.674624774188115,2.7946498137031988,6.675391784818424,11.250833533806857,13.202511864097472,15.689681026951941,17.0673137973216,18.952896486108635,18.573806906030992,19.456864585613268
0.0,0.6797131016260491,2.7921441648759497,6.672791541801824,11.248121763096226,13.199752520672419,15.686861058071115,17.064460248250153,18.94999697542283,18.570916635761524,19.453952790561694
0.0,0.6797131016260491,2.7921441648759497,6.672791541801824,11.248121763096226,13.199752520672419,15.686861058071115,17.064460248250153,18.94999697542283,18.570916635761524,19.453952790561694
0.0,0.6797131016260491,2.7921441648759497,6.672791541801824,11.248121763096226,13.199752520672419,15.867085019715905,16.98495343044481,18.985806948257785,18.570916635761524,19.453952790561694
0.0,0.6797131016260491,2.7921441648759497,6.672791541801824,11.248121763096226,13.199752520672419,15.867085019715905,16.98495343044481,18.985806948257785,18.570916635761524,19.44233943515192
0.0,0.6797131016260491,2.7921441648759497,6.672791541801824,11.248121763096226,13.199752520672419,15.867085019715905,16.98495343044481,18.985806948257785,18.570916635761524,19.44233943515192
0.0,0.6797131016260491,2.7921441648759497,6.672791541801824,11.248121763096226,13.199752520672419,15.833891242330406,17.000574031567407,18.943041724105996,18.570916635761524,19.44233943515192
0.0,0.6797131016260491,2.7921441648759497,6.587414236646497,11.248121763096226,13.199752520672419,15.833891242330406,17.000574031567407,18.943041724105996,18.570916635761524,19.44233943515192
0.0,0.6797131016260491,2.7921441648759497,6.6088542774029975,11.220249710112784,13.200135378543058,15.833891242330406,17.000574031567407,18.943041724105996,18.570916635761524,19.44233943515192
0.0,0.6797131016260491,2.7921441648759497,6.6088542774029975,11.220249710112784,13.200135378543058,15.833891242330406,17.000574031567407,18.943041724105996,18.570916635761524,19.44233943515192
0.0,0.6797131016260491,2.7921441648759497,6.6088542774029975,11.220249710112784,13.200135378543058,15.833891242330406,17.000574031567407,18.943041724105996,18.570916635761524,19.44233943515192
0.0,0.6797131016260491,2.7921441648759497,6.6088542774029975,11.220249710112784,13.200135378543058,15.833891242330406,17.000574031567407,18.943041724105996,18.570916635761524,19.501439928451518
0.0,0.6797131016260491,2.7921441648759497,6.6088542774029975,11.220249710112784,13.200135378543058,15.833891242330406,17.000574031567407,18.943041724105996,18.570916635761524,19.501439928451518
0.0,0.6797131016260491,2.7921441648759497,6.6088542774029975,11.374388288837167,13.162781212296485,15.833891242330406,17.000574031567407,18.943041724105996,18.570916635761524,19.501439928451518
0.0,0.6797131016260491,2.7921441648759497,6.6088542774029975,11.374388288837167,13.383103154927529,15.833891242330406,17.000574031567407,18.943041724105996,18.570916635761524,19.501439928451518
0.0,0.6797131016260491,2.782368527245323,6.594522631111587,11.374388288837167,13.162781212296485,15.833891242330406,17.000574031567407,18.943041724105996,18.570916635761524,19.501439928451518
0.0,0.7032151920411192,2.7809208025391614,6.584035351148837,11.363430742784756,13.371947981880353,15.822494949006433,16.989062954399607,18.931339537657834,18.55925106076287,19.48968280411204
0.0,0.6992877629361862,2.8086331904487434,6.561136456160358,11.339505025413159,13.127337811282377,15.894290838235674,17.093230245841514,19.044976940675994,18.658896405720608,19.56014223052792
0.0,0.7285837415284283,2.7911653066683484,6.690627944588461,11.320000923517348,13.328332223369262,15.874599612505405,17.073335312177562,19.168188960829983,18.638735454761505,19.628174574879083
0.0,0.7207248794498756,2.8065411148173682,6.711646033660436,11.327452835169135,13.073889889346624,15.83953564705585,17.03790860608168,19.132128346386594,18.602835054372843,19.5919747675519
0.0,0.7475737273768942,2.8180915824011326,6.776334091530918,11.254346977534045,12.999637191687805,15.763466821390114,16.961052839902127,19.053897360292346,18.524951641487785,19.51344181221158
0.0,0.7620047656821904,2.8036721328847825,6.851878175019857,11.19748082187383,12.94187895452528,15.704295890070366,16.901269778676486,18.993044569878567,18.46436921452855,19.45235413186275
0.0,0.7511067162023385,2.8308203290758107,6.805475506340744,11.149190984122193,12.892831575306177,15.654048873371767,16.850502950967364,18.94136934510385,18.412923578112704,19.40047944227946
0.0,0.7262084734884906,2.790016011125961,6.763094004691735,11.105085851883914,12.848034548703492,15.608156167592366,16.804135480011155,18.89417219704438,18.36593612272151,19.353100114652435
0.0,0.7019482275966443,2.8155159949279693,6.737379754627315,11.155353090009944,13.05299257438782,15.580311554574228,16.776002811355458,18.865536136019934,18.337427289131178,19.32435351929639
0.0,0.7019482275966443,2.8642592187801084,6.795640057947318,11.155353090009944,13.05299257438782,15.580311554574228,16.776002811355458,18.865536136019934,18.337427289131178,19.32435351929639
0.0,0.7019482275966443,2.8642592187801084,6.795640057947318,11.155353090009944,13.05299257438782,15.580311554574228,16.783585938845906,19.124100426054714,18.397825118320977,19.403200232481392
0.0,0.7019482275966443,2.8642592187801084,6.718065681589574,11.155353090009944,13.178546772501342,15.76191218992834,16.80128414411303,19.124100426054714,18.407202240737842,19.403200232481392
0.0,0.7019482275966443,2.8642592187801084,6.718065681589574,11.155353090009944,13.178546772501342,15.76191218992834,16.80128414411303,19.124100426054714,18.407202240737842,19.424639108020646
0.0,0.7019482275966443,2.8642592187801084,6.718065681589574,11.155353090009944,13.178546772501342,15.76191218992834,16.80128414411303,19.124100426054714,18.407202240737842,19.424639108020646
0.0,0.7019482275966443,2.8642592187801084,6.718065681589574,11.155353090009944,13.178546772501342,15.76191218992834,16.80128414411303,19.124100426054714,18.407202240737842,19.424639108020646
0.0,0.7019482275966443,2.8642592187801084,6.718065681589574,11.155353090009944,13.178546772501342,15.76191218992834,16.80128414411303,19.124100426054714,18.407202240737842,19.514987746124024
0.0,0.7019482275966443,2.8642592187801084,6.718065681589574,11.155353090009944,13.178546772501342,15.76191218992834,16.80513932469961,19.124100426054714,18.407202240737842,19.514987746124024
0.0,0.7019482275966443,2.8642592187801084,6.679501152355476,11.155353090009944,13.178546772501342,15.76191218992834,16.80513932469961,19.124100426054714,18.407202240737842,19.514987746124024
0.0,0.7019482275966443,2.8642592187801084,6.679501152355476,11.155353090009944,13.178546772501342,15.76191218992834,16.80513932469961,19.124100426054714,18.407202240737842,19.514987746124024
0.0,0.7019482275966443,2.8642592187801084,6.679501152355476,11.155353090009944,13.178546772501342,15.76191218992834,16.80513932469961,19.124100426054714,18.407202240737842,19.514987746124024
0.0,0.7019482275966443,2.8642592187801084,6.679501152355476,11.155353090009944,13.178546772501342,15.76191218992834,16.80513932469961,19.124100426054714,18.407202240737842,19.514987746124024
0.0,0.7019482275966443,2.8642592187801084,6.679501152355476,11.155353090009944,13.178546772501342,15.76191218992834,16.80513932469961,19.124100426054714,18.407202240737842,19.514987746124024
0.0,0.7019482275966443,2.8642592187801084,6.679501152355476,11.155353090009944,13.178546772501342,15.76191218992834,16.80513932469961,19.124100426054714,18.407202240737842,19.514987746124024
0.0,0.7019482275966443,2.8642592187801084,6.679501152355476,11.155353090009944,13.178546772501342,15.76191218992834,16.80513932469961,19.124100426054714,18.407202240737842,19.514987746124024
0.0,0.7019482275966443,2.8642592187801084,6.679501152355476,11.155353090009944,13.246667686232588,15.76191218992834,16.841731731851457,19.124100426054714,18.407202240737842,19.514987746124024
0.0,0.7150278501808252,2.842820343240853,6.679501152355476,11.155353090009944,13.246667686232588,15.76191218992834,16.841731731851457,19.124100426054714,18.407202240737842,19.538844061635054
0.0,0.7326893738284606,2.8394575900107455,6.676012947385122,11.151718533689923,13.242964748134531,15.758127008397526,16.837911242395013,19.120205307735766,18.40333056354663,19.534935382033993
0.0,0.7326893738284606,2.8394575900107455,6.676012947385122,11.151718533689923,13.242964748134531,15.758127008397526,16.837911242395013,19.120205307735766,18.40333056354663,19.534935382033993
0.0,0.7326893738284606,2.8394575900107455,6.676012947385122,11.151718533689923,13.242964748134531,15.78256779965829,16.837911242395013,19.120205307735766,18.40333056354663,19.534935382033993
0.0,0.7326893738284606,2.8394575900107455,6.676012947385122,11.151718533689923,13.242964748134531,15.883511702762318,16.837911242395013,19.120205307735766,18.40333056354663,19.534935382033993
0.0,0.7326893738284606,2.8722064690868523,6.676012947385122,11.151718533689923,13.242964748134531,15.883511702762318,16.837911242395013,19.120205307735766,18.40333056354663,19.534935382033993
0.0,0.7198646379664891,2.9017873330541915,6.676012947385122,11.151718533689923,13.242964748134531,15.883511702762318,16.837911242395013,19.120205307735766,18.40333056354663,19.534935382033993
0.0,0.7198646379664891,2.9017873330541915,6.676012947385122,11.241148165013131,13.307202934014578,15.883511702762318,16.837911242395013,19.120205307735766,18.40333056354663,19.534935382033993
0.0,0.7198646379664891,2.9017873330541915,6.676012947385122,11.241148165013131,13.307202934014578,15.883511702762318,16.837911242395013,19.120205307735766,18.40333056354663,19.534935382033993
0.0,0.7198646379664891,2.9017873330541915,6.676012947385122,11.241148165013131,13.307202934014578,15.883511702762318,16.837911242395013,19.120205307735766,18.40333056354663,19.534935382033993
0.0,0.7198646379664891,2.9017873330541915,6.676012947385122,11.241148165013131,13.307202934014578,15.883511702762318,16.837911242395013,19.120205307735766,18.40333056354663,19.534935382033993
0.0,0.7198646379664891,2.9017873330541915,6.676012947385122,11.241148165013131,13.307202934014578,15.883511702762318,16.837911242395013,19.120205307735766,18.40333056354663,19.805807035309126
0.0,0.7198646379664891,2.9017873330541915,6.676012947385122,11.241148165013131,13.307202934014578,15.883511702762318,16.837911242395013,19.120205307735766,18.40333056354663,19.805807035309126
0.0,0.7198646379664891,2.8634658008952183,6.663315441045599,11.241148165013131,13.307202934014578,15.883511702762318,16.837911242395013,19.120205307735766,18.40333056354663,19.805807035309126
0.0,0.7198646379664891,2.8634658008952183,6.663315441045599,11.241148165013131,13.307202934014578,15.883511702762318,16.837911242395013,19.120205307735766,18.40333056354663,19.805807035309126
0.0,0.7198646379664891,2.8634658008952183,6.663315441045599,11.241148165013131,13.307202934014578,16.012789620513775,16.837911242395013,19.120205307735766,18.40333056354663,19.805807035309126
0.0,0.7198646379664891,2.8634658008952183,6.663315441045599,11.241148165013131,13.307202934014578,16.012789620513775,16.837911242395013,19.120205307735766,18.40333056354663,19.805807035309126
0.0,0.7198646379664891,2.8634658008952183,6.663315441045599,11.241148165013131,13.307202934014578,16.012789620513775,16.837911242395013,19.120205307735766,18.40333056354663,19.805807035309126
0.0,0.7198646379664891,2.8634658008952183,6.663315441045599,11.241148165013131,13.307202934014578,16.012789620513775,16.837911242395013,19.120205307735766,18.40333056354663,19.805807035309126
0.0,0.7198646379664891,2.8634658008952183,6.663315441045599,11.241148165013131,13.307202934014578,16.012789620513775,16.837911242395013,19.073575687761448,18.428267549944906,19.805807035309126
0.0,0.7198646379664891,2.8634658008952183,6.663315441045599,11.241148165013131,13.307202934014578,16.012789620513775,16.837911242395013,19.073575687761448,18.428267549944906,19.805807035309126
0.0,0.7198646379664891,2.8634658008952183,6.663315441045599,11.241148165013131,13.307202934014578,16.012789620513775,16.891449425437838,19.117240859862907,18.388241142185223,19.78492867067669
0.0,0.7198646379664891,2.8634658008952183,6.663315441045599,11.241148165013131,13.307202934014578,16.012789620513775,16.891449425437838,19.117240859862907,18.388241142185223,19.78492867067669
0.0,0.7279182667369541,2.8634658008952183,6.663315441045599,11.241148165013131,13.307202934014578,16.012789620513775,16.891449425437838,19.117240859862907,18.388241142185223,19.78492867067669
0.0,0.7442416686279872,2.8671115153905284,6.69902739699886,11.24770525485506,13.280019337561303,16.00483439032613,16.88343394378113,19.10907275121336,18.380123022511718,19.7767147773318
0.0,0.7382018939640408,2.8285721407409663,6.659052387192332,11.206026073544718,13.237578745604884,15.961372940812597,16.83964332513998,19.06444829242087,18.33577166623257,19.731840185082685
0.0,0.7583831313338807,2.7939427494089992,6.623133011990297,11.168575422279204,13.199443932038681,15.922320840026218,16.800295450832678,19.024351174588684,18.295919943503293,19.6915183108959
0.0,0.7872271442630075,2.8013288556877036,6.694620813629888,11.23205623501311,13.297402696932926,15.890232015945868,16.767963591824895,18.991403667685418,18.26317407595179,19.658386123348613
0.0,0.7583534834512389,2.843762027965298,6.822334984099109,11.257902321580762,13.404838137657688,15.969808687289861,16.749179541076707,19.108741510615236,18.29780648033892,19.699400776219523
0.0,0.7469384783844083,2.8222037670630256,6.799942728872672,11.234580276194714,13.38106604842308,16.102422830395522,16.998688023664606,19.08377376075279,18.273008719872163,19.674309211491682
0.0,0.7732732656445526,2.8459413156225954,6.778712687173814,11.21246870274927,13.358527789519888,16.079343611296263,16.975430642040727,19.06010189897084,18.249498024615082,19.650519961142628
0.0,0.7732732656445526,2.8459413156225954,6.778712687173814,11.21246870274927,13.358527789519888,16.079343611296263,16.975430642040727,19.06010189897084,18.249498024615082,19.650519961142628
0.0,0.7732732656445526,2.8459413156225954,6.778712687173814,11.21246870274927,13.358527789519888,16.079343611296263,16.975430642040727,19.06010189897084,18.249498024615082,19.650519961142628
0.0,0.7732732656445526,2.872221352854133,6.729289958866462,11.338267392329328,13.569111036142218,16.294410595541965,16.975430642040727,19.008202318435288,18.249498024615082,19.759857109759857
0.0,0.7732732656445526,2.872221352854133,6.729289958866462,11.338267392329328,13.569111036142218,16.294410595541965,16.975430642040727,19.008202318435288,18.249498024615082,19.759857109759857
0.0,0.7943201586811264,2.872221352854133,6.729289958866462,11.338267392329328,13.569111036142218,16.294410595541965,16.975430642040727,19.008202318435288,18.249498024615082,19.759857109759857
0.0,0.7943201586811264,2.8595957573934507,6.669096098818013,11.338267392329328,13.569111036142218,16.294410595541965,16.975430642040727,19.175878863381385,18.249498024615082,19.759857109759857
0.0,0.7943201586811264,2.8595957573934507,6.669096098818013,11.338267392329328,13.569111036142218,16.294410595541965,16.975430642040727,19.175878863381385,18.249498024615082,19.759857109759857
0.0,0.7943201586811264,2.8595957573934507,6.669096098818013,11.338267392329328,13.569111036142218,16.294410595541965,16.975430642040727,19.175878863381385,18.249498024615082,19.759857109759857
0.0,0.7943201586811264,2.8595957573934507,6.669096098818013,11.338267392329328,13.569111036142218,16.294410595541965,16.975430642040727,19.008202318435288,18.249498024615082,19.759857109759857
0.0,0.7943201586811264,2.8595957573934507,6.669096098818013,11.338267392329328,13.569111036142218,16.294410595541965,16.856020961028815,19.175878863381385,18.116840359633855,19.759857109759857
0.0,0.7943201586811264,2.8595957573934507,6.669096098818013,11.338267392329328,13.569111036142218,16.294410595541965,16.856020961028815,19.008202318435288,18.116840359633855,19.759857109759857
0.0,0.7943201586811264,2.8595957573934507,6.669096098818013,11.338267392329328,13.569111036142218,16.294410595541965,16.856020961028815,19.008202318435288,18.116840359633855,19.759857109759857
0.0,0.7943201586811264,2.8595957573934507,6.669096098818013,11.338267392329328,13.569111036142218,16.294410595541965,16.856020961028815,19.008202318435288,18.116840359633855,19.759857109759857
0.0,0.7943201586811264,2.8595957573934507,6.669096098818013,11.338267392329328,13.569111036142218,16.294410595541965,16.856020961028815,19.175878863381385,18.116840359633855,19.759857109759857
0.0,0.7943201586811264,2.8595957573934507,6.669096098818013,11.338267392329328,13.569111036142218,16.294410595541965,16.856020961028815,19.008202318435288,18.116840359633855,19.759857109759857
0.0,0.7943201586811264,2.8595957573934507,6.669096098818013,11.338267392329328,13.569111036142218,16.294410595541965,16.856020961028815,19.175878863381385,18.116840359633855,19.759857109759857
0.0,0.7943201586811264,2.8595957573934507,6.669096098818013,11.338267392329328,13.569111036142218,16.294410595541965,16.856020961028815,19.008202318435288,18.242296100443834,19.824699830913552
0.0,0.765911508358606,2.8790423724777416,6.659219863785743,11.327958849957938,13.558595945323784,16.283643175792605,16.845201543126574,19.164844655416015,18.2313483306609,19.813605550175435
0.0,0.7726490292470662,2.8699390003233365,6.769429245694412,11.335473846590167,13.675079126669567,16.23489718769769,16.796220150320035,19.11489087051332,18.181785866493353,19.799650295096036
0.0,0.762747913382356,2.8598318214920817,6.758938934087504,11.324534911898795,13.66391032104418,16.223476874788737,16.784744686298712,19.10318759242068,18.17017426784794,19.787879738009863
0.0,0.7917266632682577,2.853003418029227,6.751851686369916,11.317144574716325,13.65636468320778,16.21576131879469,16.77699187024892,18.92771771912044,18.162329479334414,19.779927557276856
0.0,0.7792913850782293,2.9157023400569364,6.761244597137699,11.294160257598787,13.632897373313282,16.191765554957843,16.752880225780924,19.065157450312213,18.137931795918476,19.755195878703802
0.0,0.7565812057355481,2.90132566367256,6.77230216598797,11.291307304658993,13.629984468378575,16.188787055112456,16.749887342128282,19.062105292946644,18.23027078624979,19.752126032654854
0.0,0.7565812057355481,2.90132566367256,6.77230216598797,11.291307304658993,13.715225011811466,16.188787055112456,16.749887342128282,19.062105292946644,18.23027078624979,19.752126032654854
0.0,0.7565812057355481,2.90132566367256,6.77230216598797,11.291307304658993,13.715225011811466,16.188787055112456,16.749887342128282,19.062105292946644,18.23027078624979,19.752126032654854
0.0,0.7565812057355481,2.90132566367256,6.77230216598797,11.400164440518356,13.715225011811466,16.188787055112456,16.749887342128282,19.15324681191865,18.2837095131213,19.750565129447736
0.0,0.7565812057355481,2.90132566367256,6.77230216598797,11.400164440518356,13.715225011811466,16.188787055112456,16.749887342128282,19.15324681191865,18.2837095131213,19.750565129447736
0.0,0.7565812057355481,2.90132566367256,6.77230216598797,11.400164440518356,13.715225011811466,16.188787055112456,16.749887342128282,19.15324681191865,18.2837095131213,19.750565129447736
0.0,0.7565812057355481,2.90132566367256,6.77230216598797,11.400164440518356,13.715225011811466,16.188787055112456,16.749887342128282,19.15324681191865,18.2837095131213,19.750565129447736
0.0,0.7565812057355481,2.90132566367256,6.77230216598797,11.400164440518356,13.715225011811466,16.188787055112456,16.749887342128282,19.15324681191865,18.2837095131213,19.750565129447736
0.0,0.7565812057355481,2.90132566367256,6.77230216598797,11.400164440518356,13.715225011811466,16.188787055112456,16.79172716224117,19.20070842163117,18.271564924753676,19.812887045302872
0.0,0.7565812057355481,2.90132566367256,6.77230216598797,11.400164440518356,13.715225011811466,16.188787055112456,16.629710485449785,19.20070842163117,18.271564924753676,19.812887045302872
0.0,0.7565812057355481,2.90132566367256,6.77230216598797,11.400164440518356,13.715225011811466,16.188787055112456,16.726016944302284,19.290365179015932,18.271564924753676,19.812887045302872
0.0,0.7565812057355481,2.90132566367256,6.77230216598797,11.400164440518356,13.715225011811466,16.188787055112456,16.726016944302284,19.290365179015932,18.271564924753676,19.812887045302872
0.0,0.7565812057355481,2.90132566367256,6.77230216598797,11.400164440518356,13.715225011811466,16.188787055112456,16.726016944302284,19.290365179015932,18.271564924753676,19.812887045302872
0.0,0.7565812057355481,2.90132566367256,6.77230216598797,11.400164440518356,13.584743655911966,16.03388961977795,16.600916262872854,19.118145525163342,18.271564924753676,19.812887045302872
0.0,0.7565812057355481,2.90132566367256,6.77230216598797,11.400164440518356,13.584743655911966,16.03388961977795,16.600916262872854,19.118145525163342,18.271564924753676,19.812887045302872
0.0,0.7565812057355481,2.90132566367256,6.77230216598797,11.400164440518356,13.584743655911966,16.03388961977795,16.483467814239315,18.88421308841451,18.271564924753676,19.812887045302872
0.0,0.7565812057355481,2.90132566367256,6.77230216598797,11.400164440518356,13.584743655911966,16.03388961977795,16.483467814239315,18.88421308841451,18.271564924753676,19.812887045302872
0.0,0.7565812057355481,2.90132566367256,6.77230216598797,11.400164440518356,13.584743655911966,16.03388961977795,16.483467814239315,18.88421308841451,18.271564924753676,19.812887045302872
0.0,0.7565812057355481,2.90132566367256,6.77230216598797,11.400164440518356,13.584743655911966,16.03388961977795,16.483467814239315,18.88421308841451,18.271564924753676,19.812887045302872
0.0,0.7565812057355481,2.90132566367256,6.77230216598797,11.400164440518356,13.520442057940482,16.03388961977795,16.483467814239315,18.88421308841451,18.271564924753676,19.812887045302872
0.0,0.7565812057355481,2.90132566367256,6.77230216598797,11.400164440518356,13.520442057940482,16.03388961977795,16.483467814239315,18.88421308841451,18.271564924753676,19.812887045302872
0.0,0.7565812057355481,2.90132566367256,6.77230216598797,11.400164440518356,13.520442057940482,16.03388961977795,16.483467814239315,18.88421308841451,18.271564924753676,19.812887045302872
0.0,0.7565812057355481,2.90132566367256,6.77230216598797,11.400164440518356,13.520442057940482,16.03388961977795,16.483467814239315,18.88421308841451,18.271564924753676,19.812887045302872
0.0,0.7565812057355481,2.90132566367256,6.77230216598797,11.400164440518356,13.520442057940482,16.03388961977795,16.483467814239315,18.88421308841451,18.271564924753676,19.812887045302872
0.0,0.7565812057355481,2.90132566367256,6.77230216598797,11.400164440518356,13.520442057940482,16.03388961977795,16.483467814239315,18.88421308841451,18.271564924753676,19.76259550538556
0.0,0.7565812057355481,2.90132566367256,6.77230216598797,11.400164440518356,13.520442057940482,16.03388961977795,16.483467814239315,18.88421308841451,18.271564924753676,19.76259550538556
0.0,0.7565812057355481,2.90132566367256,6.77230216598797,11.400164440518356,13.520442057940482,16.03388961977795,16.483467814239315,18.88421308841451,18.271564924753676,19.76259550538556
0.0,0.7565812057355481,2.90132566367256,6.77230216598797,11.400164440518356,13.520442057940482,16.03388961977795,16.483467814239315,18.687666187016756,18.092061055934522,19.76259550538556
0.0,0.7565812057355481,2.90132566367256,6.77230216598797,11.400164440518356,13.520442057940482,16.03388961977795,16.483467814239315,18.687666187016756,18.092061055934522,19.76259550538556
0.0,0.7565812057355481,2.90132566367256,6.77230216598797,11.400164440518356,13.520442057940482,16.03388961977795,16.483467814239315,18.687666187016756,18.092061055934522,19.76259550538556
0.0,0.7565812057355481,2.90132566367256,6.77230216598797,11.400164440518356,13.520442057940482,16.03388961977795,16.483467814239315,18.687666187016756,18.092061055934522,19.76259550538556
0.0,0.7565812057355481,2.90132566367256,6.77230216598797,11.400164440518356,13.520442057940482,16.03388961977795,16.483467814239315,18.687666187016756,18.092061055934522,19.76259550538556
0.0,0.7565812057355481,2.90132566367256,6.77230216598797,11.400164440518356,13.520442057940482,16.03388961977795,16.483467814239315,18.687666187016756,18.092061055934522,19.76259550538556
0.0,0.7565812057355481,2.90132566367256,6.77230216598797,11.400164440518356,13.520442057940482,16.03388961977795,16.483467814239315,18.687666187016756,18.092061055934522,19.76259550538556
0.0,0.7565812057355481,2.90132566367256,6.77230216598797,11.400164440518356,13.520442057940482,16.03388961977795,16.483467814239315,18.687666187016756,18.092061055934522,19.76259550538556
0.0,0.7565812057355481,2.90132566367256,6.77230216598797,11.400164440518356,13.520442057940482,16.03388961977795,16.483467814239315,18.687666187016756,18.092061055934522,19.76259550538556
0.0,0.7565812057355481,2.90132566367256,6.77230216598797,11.400164440518356,13.520442057940482,16.03388961977795,16.483467814239315,18.687666187016756,18.092061055934522,19.76259550538556
0.0,0.7565812057355481,2.90132566367256,6.77230216598797,11.400164440518356,13.520442057940482,16.03388961977795,16.483467814239315,18.687666187016756,18.092061055934522,19.76259550538556
0.0,0.7565812057355481,2.90132566367256,6.77230216598797,11.400164440518356,13.520442057940482,16.03388961977795,16.483467814239315,18.687666187016756,18.092061055934522,19.76259550538556
0.0,0.7565812057355481,2.90132566367256,6.77230216598797,11.400164440518356,13.520442057940482,16.03388961977795,16.483467814239315,18.687666187016756,18.092061055934522,19.76259550538556
0.0,0.7565812057355481,2.90132566367256,6.77230216598797,11.400164440518356,13.520442057940482,16.03388961977795,16.483467814239315,18.687666187016756,18.092061055934522,19.526962572459862
0.0,0.7565812057355481,2.90132566367256,6.77230216598797,11.400164440518356,13.520442057940482,16.03388961977795,16.483467814239315,18.687666187016756,18.092061055934522,19.526962572459862
0.0,0.7565812057355481,2.90132566367256,6.77230216598797,11.400164440518356,13.520442057940482,16.03388961977795,16.483467814239315,18.687666187016756,18.092061055934522,19.526962572459862
0.0,0.7565812057355481,2.90132566367256,6.77230216598797,11.400164440518356,13.520442057940482,16.03388961977795,16.483467814239315,18.687666187016756,17.94311535721905,19.497711500163774
0.0,0.7565812057355481,2.90132566367256,6.77230216598797,11.400164440518356,13.520442057940482,16.03388961977795,16.483467814239315,18.687666187016756,17.94311535721905,19.497711500163774
0.0,0.7565812057355481,2.90132566367256,6.77230216598797,11.400164440518356,13.520442057940482,16.03388961977795,16.483467814239315,18.687666187016756,17.94311535721905,19.497711500163774
0.0,0.7565812057355481,2.90132566367256,6.77230216598797,11.400164440518356,13.520442057940482,16.03388961977795,16.483467814239315,18.687666187016756,17.94311535721905,19.497711500163774
0.0,0.7565812057355481,2.90132566367256,6.77230216598797,11.400164440518356,13.520442057940482,16.03388961977795,16.483467814239315,18.687666187016756,17.94311535721905,19.497711500163774
0.0,0.7565812057355481,2.90132566367256,6.77230216598797,11.400164440518356,13.520442057940482,16.03388961977795,16.483467814239315,18.687666187016756,17.94311535721905,19.497711500163774
0.0,0.7565812057355481,2.90132566367256,6.77230216598797,11.400164440518356,13.520442057940482,16.03388961977795,16.483467814239315,18.687666187016756,17.94311535721905,19.497711500163774
0.0,0.7565812057355481,2.90132566367256,6.77230216598797,11.400164440518356,13.520442057940482,16.03388961977795,16.49993978466897,18.687666187016756,17.94311535721905,19.497711500163774
0.0,0.7565812057355481,2.90132566367256,6.77230216598797,11.400164440518356,13.520442057940482,16.03388961977795,16.49993978466897,18.687666187016756,17.94311535721905,19.497711500163774
0.0,0.7565812057355481,2.90132566367256,6.77230216598797,11.400164440518356,13.520442057940482,16.03388961977795,16.49993978466897,18.687666187016756,17.94311535721905,19.497711500163774
0.0,0.7565812057355481,2.90132566367256,6.77230216598797,11.400164440518356,13.520442057940482,16.03388961977795,16.49993978466897,18.687666187016756,17.94311535721905,19.497711500163774
0.0,0.7565812057355481,2.90132566367256,6.77230216598797,11.400164440518356,13.520442057940482,16.03388961977795,16.49993978466897,18.687666187016756,17.94311535721905,19.497711500163774
0.0,0.7565812057355481,2.90132566367256,6.77230216598797,11.400164440518356,13.520442057940482,16.03388961977795,16.49993978466897,18.687666187016756,17.94311535721905,19.497711500163774
0.0,0.7565812057355481,2.90132566367256,6.77230216598797,11.400164440518356,13.520442057940482,16.03388961977795,16.49993978466897,18.687666187016756,17.94311535721905,19.497711500163774
0.0,0.7565812057355481,2.90132566367256,6.77230216598797,11.400164440518356,13.520442057940482,16.03388961977795,16.49993978466897,18.687666187016756,17.94311535721905,19.497711500163774
0.0,0.7565812057355481,2.90132566367256,6.77230216598797,11.400164440518356,13.520442057940482,16.03388961977795,16.49993978466897,18.687666187016756,17.94311535721905,19.497711500163774
0.0,0.7565812057355481,2.90132566367256,6.77230216598797,11.400164440518356,13.520442057940482,16.03388961977795,16.49993978466897,18.687666187016756,17.94311535721905,19.497711500163774
0.0,0.7565812057355481,2.90132566367256,6.77230216598797,11.400164440518356,13.520442057940482,16.03388961977795,16.49993978466897,18.687666187016756,17.94311535721905,19.497711500163774
0.0,0.7565812057355481,2.90132566367256,6.77230216598797,11.400164440518356,13.520442057940482,16.03388961977795,16.49993978466897,18.687666187016756,17.94311535721905,19.497711500163774
0.0,0.7565812057355481,2.90132566367256,6.77230216598797,11.400164440518356,13.520442057940482,16.03388961977795,16.49993978466897,18.687666187016756,17.94311535721905,19.497711500163774
0.0,0.7565812057355481,2.90132566367256,6.77230216598797,11.400164440518356,13.520442057940482,16.03388961977795,16.49993978466897,18.687666187016756,17.94311535721905,19.497711500163774
0.0,0.7565812057355481,2.90132566367256,6.77230216598797,11.400164440518356,13.520442057940482,16.03388961977795,16.49993978466897,18.687666187016756,17.94311535721905,19.497711500163774
0.0,0.7565812057355481,2.90132566367256,6.77230216598797,11.400164440518356,13.520442057940482,16.03388961977795,16.49993978466897,18.687666187016756,17.94311535721905,19.497711500163774
0.0,0.7565812057355481,2.90132566367256,6.77230216598797,11.400164440518356,13.520442057940482,16.03388961977795,16.49993978466897,18.687666187016756,17.94311535721905,19.497711500163774
0.0,0.7565812057355481,2.90132566367256,6.77230216598797,11.400164440518356,13.520442057940482,16.03388961977795,16.49993978466897,18.687666187016756,17.94311535721905,19.497711500163774
0.0,0.7565812057355481,2.90132566367256,6.77230216598797,11.400164440518356,13.520442057940482,16.03388961977795,16.49993978466897,18.687666187016756,17.94311535721905,19.497711500163774
0.0,0.7565812057355481,2.90132566367256,6.633686347033459,11.400164440518356,13.520442057940482,16.03388961977795,16.49993978466897,18.687666187016756,17.94311535721905,19.497711500163774
0.0,0.7565812057355481,2.90132566367256,6.633686347033459,11.400164440518356,13.520442057940482,16.03388961977795,16.49993978466897,18.687666187016756,17.94311535721905,19.497711500163774
0.0,0.7565812057355481,2.90132566367256,6.633686347033459,11.400164440518356,13.520442057940482,16.03388961977795,16.49993978466897,18.687666187016756,17.94311535721905,19.497711500163774
0.0,0.7565812057355481,2.90132566367256,6.633686347033459,11.400164440518356,13.520442057940482,16.03388961977795,16.49993978466897,18.687666187016756,17.94311535721905,19.497711500163774
0.0,0.7565812057355481,2.90132566367256,6.633686347033459,11.400164440518356,13.520442057940482,16.03388961977795,16.49993978466897,18.687666187016756,17.94311535721905,19.497711500163774
0.0,0.7565812057355481,2.90132566367256,6.633686347033459,11.400164440518356,13.520442057940482,16.03388961977795,16.49993978466897,18.687666187016756,17.94311535721905,19.497711500163774
0.0,0.7565812057355481,2.90132566367256,6.633686347033459,11.400164440518356,13.520442057940482,16.03388961977795,16.49993978466897,18.687666187016756,17.94311535721905,19.497711500163774
0.0,0.7565812057355481,2.90132566367256,6.633686347033459,11.400164440518356,13.520442057940482,16.03388961977795,16.49993978466897,18.687666187016756,17.94311535721905,19.497711500163774
0.0,0.7565812057355481,2.90132566367256,6.633686347033459,11.400164440518356,13.520442057940482,16.03388961977795,16.49993978466897,18.687666187016756,17.94311535721905,19.497711500163774
0.0,0.7565812057355481,2.90132566367256,6.633686347033459,11.400164440518356,13.520442057940482,16.03388961977795,16.49993978466897,18.687666187016756,17.94311535721905,19.497711500163774
0.0,0.7565812057355481,2.90132566367256,6.633686347033459,11.400164440518356,13.520442057940482,16.03388961977795,16.49993978466897,18.687666187016756,17.94311535721905,19.584347973294097
0.0,0.7565812057355481,2.90132566367256,6.633686347033459,11.400164440518356,13.520442057940482,16.03388961977795,16.49993978466897,18.687666187016756,17.94311535721905,19.584347973294097
0.0,0.7565812057355481,2.90132566367256,6.633686347033459,11.400164440518356,13.520442057940482,16.03388961977795,16.49993978466897,18.687666187016756,17.94311535721905,19.584347973294097
0.0,0.7565812057355481,2.90132566367256,6.633686347033459,11.400164440518356,13.520442057940482,16.03388961977795,16.49993978466897,18.687666187016756,17.94311535721905,19.584347973294097
0.0,0.7565812057355481,2.90132566367256,6.633686347033459,11.400164440518356,13.520442057940482,16.03388961977795,16.49993978466897,18.687666187016756,17.94311535721905,19.584347973294097
0.0,0.7565812057355481,2.90132566367256,6.633686347033459,11.400164440518356,13.520442057940482,16.03388961977795,16.49993978466897,18.687666187016756,17.94311535721905,19.584347973294097
0.0,0.7565812057355481,2.90132566367256,6.633686347033459,11.400164440518356,13.520442057940482,16.03388961977795,16.49993978466897,18.687666187016756,17.94311535721905,19.584347973294097
0.0,0.7565812057355481,2.90132566367256,6.633686347033459,11.400164440518356,13.520442057940482,16.03388961977795,16.49993978466897,18.687666187016756,17.94311535721905,19.584347973294097
0.0,0.7565812057355481,2.90132566367256,6.633686347033459,11.400164440518356,13.520442057940482,16.03388961977795,16.49993978466897,18.687666187016756,17.94311535721905,19.584347973294097
0.0,0.7565812057355481,2.90132566367256,6.633686347033459,11.400164440518356,13.520442057940482,16.03388961977795,16.373227438952508,18.652882157010882,17.81503246234511,19.584347973294097
0.0,0.7565812057355481,2.90132566367256,6.633686347033459,11.400164440518356,13.520442057940482,16.03388961977795,16.373227438952508,18.652882157010882,17.81503246234511,19.584347973294097
0.0,0.7565812057355481,2.90132566367256,6.633686347033459,11.400164440518356,13.520442057940482,16.03388961977795,16.373227438952508,18.652882157010882,17.81503246234511,19.584347973294097
0.0,0.7565812057355481,2.90132566367256,6.633686347033459,11.400164440518356,13.520442057940482,16.03388961977795,16.373227438952508,18.652882157010882,17.81503246234511,19.584347973294097
0.0,0.7565812057355481,2.90132566367256,6.633686347033459,11.400164440518356,13.520442057940482,16.03388961977795,16.373227438952508,18.420713667788778,17.81503246234511,19.584347973294097
0.0,0.7565812057355481,2.90132566367256,6.633686347033459,11.400164440518356,13.520442057940482,16.03388961977795,16.373227438952508,18.652882157010882,17.81503246234511,19.584347973294097
0.0,0.7565812057355481,2.90132566367256,6.633686347033459,11.400164440518356,13.520442057940482,16.03388961977795,16.373227438952508,18.420713667788778,17.81503246234511,19.584347973294097
0.0,0.7565812057355481,2.90132566367256,6.633686347033459,11.400164440518356,13.587357851527146,15.89650475701115,16.373227438952508,18.468720959110296,17.700959625525357,19.60384022797817
0.0,0.7565812057355481,2.90132566367256,6.633686347033459,11.400164440518356,13.587357851527146,15.89650475701115,16.373227438952508,18.468720959110296,17.700959625525357,19.60384022797817
0.0,0.7565812057355481,2.90132566367256,6.633686347033459,11.400164440518356,13.587357851527146,15.89650475701115,16.373227438952508,18.468720959110296,17.700959625525357,19.60384022797817
0.0,0.7565812057355481,2.90132566367256,6.633686347033459,11.400164440518356,13.587357851527146,15.89650475701115,16.194611889031716,18.371767296489,17.71257122255397,19.60569300739475
0.0,0.7565812057355481,2.90132566367256,6.633686347033459,11.400164440518356,13.587357851527146,15.89650475701115,16.194611889031716,18.371767296489,17.71257122255397,19.564779576990148
0.0,0.7565812057355481,2.90132566367256,6.633686347033459,11.400164440518356,13.587357851527146,15.89650475701115,16.194611889031716,18.371767296489,17.71257122255397,19.564779576990148
0.0,0.7565812057355481,2.90132566367256,6.633686347033459,11.400164440518356,13.587357851527146,15.89650475701115,16.194611889031716,18.371767296489,17.71257122255397,19.564779576990148
0.0,0.7565812057355481,2.90132566367256,6.633686347033459,11.400164440518356,13.587357851527146,15.89650475701115,16.058457982452648,18.224623616110204,17.758040459880164,19.494792738069147
0.0,0.7565812057355481,2.90132566367256,6.633686347033459,11.400164440518356,13.587357851527146,15.89650475701115,16.058457982452648,18.224623616110204,17.758040459880164,19.494792738069147
0.0,0.7565812057355481,2.90132566367256,6.633686347033459,11.400164440518356,13.587357851527146,15.89650475701115,16.058457982452648,18.224623616110204,17.758040459880164,19.436874345895898
0.0,0.7565812057355481,2.90132566367256,6.633686347033459,11.400164440518356,13.587357851527146,15.89650475701115,16.058457982452648,18.224623616110204,17.758040459880164,19.436874345895898
0.0,0.7565812057355481,2.90132566367256,6.633686347033459,11.400164440518356,13.587357851527146,15.89650475701115,16.058457982452648,18.224623616110204,17.758040459880164,19.436874345895898
0.0,0.7565812057355481,2.90132566367256,6.633686347033459,11.400164440518356,13.46775205699759,15.89650475701115,16.058457982452648,18.224623616110204,17.758040459880164,19.436874345895898
0.0,0.7565812057355481,2.90132566367256,6.633686347033459,11.400164440518356,13.46775205699759,15.89650475701115,16.058457982452648,18.224623616110204,17.758040459880164,19.436874345895898
0.0,0.7565812057355481,2.90132566367256,6.633686347033459,11.400164440518356,13.46775205699759,15.89650475701115,16.058457982452648,18.224623616110204,17.758040459880164,19.436874345895898
0.0,0.7565812057355481,2.90132566367256,6.633686347033459,11.400164440518356,13.46775205699759,15.89650475701115,16.058457982452648,18.224623616110204,17.758040459880164,19.436874345895898
0.0,0.7565812057355481,2.90132566367256,6.633686347033459,11.400164440518356,13.46775205699759,15.89650475701115,16.058457982452648,18.224623616110204,17.758040459880164,19.436874345895898
0.0,0.7565812057355481,2.90132566367256,6.633686347033459,11.400164440518356,13.46775205699759,15.89650475701115,16.058457982452648,18.224623616110204,17.758040459880164,19.436874345895898
0.0,0.7565812057355481,2.90132566367256,6.633686347033459,11.400164440518356,13.46775205699759,15.89650475701115,16.058457982452648,18.224623616110204,17.758040459880164,19.436874345895898
0.0,0.7565812057355481,2.90132566367256,6.633686347033459,11.400164440518356,13.46775205699759,15.89650475701115,16.058457982452648,18.224623616110204,17.758040459880164,19.436874345895898
0.0,0.7565812057355481,2.90132566367256,6.633686347033459,11.400164440518356,13.46775205699759,15.89650475701115,16.058457982452648,18.224623616110204,17.758040459880164,19.436874345895898
0.0,0.7565812057355481,2.90132566367256,6.633686347033459,11.400164440518356,13.46775205699759,15.89650475701115,16.058457982452648,18.224623616110204,17.758040459880164,19.436874345895898
0.0,0.7565812057355481,2.90132566367256,6.633686347033459,11.400164440518356,13.46775205699759,15.89650475701115,16.058457982452648,18.224623616110204,17.758040459880164,19.393004082586764
0.0,0.7565812057355481,2.90132566367256,6.633686347033459,11.400164440518356,13.46775205699759,15.788079090330987,16.167480091821716,18.30737686662767,17.69210181708169,19.40710297253076
0.0,0.7565812057355481,2.90132566367256,6.633686347033459,11.400164440518356,13.46775205699759,15.788079090330987,16.167480091821716,18.30737686662767,17.69210181708169,19.40710297253076
0.0,0.7565812057355481,2.90132566367256,6.633686347033459,11.400164440518356,13.46775205699759,15.788079090330987,16.167480091821716,18.30737686662767,17.69210181708169,19.40710297253076
0.0,0.7565812057355481,2.90132566367256,6.633686347033459,11.400164440518356,13.46775205699759,15.788079090330987,16.052569697183504,18.12802528104823,17.69210181708169,19.40710297253076
0.0,0.7565812057355481,2.90132566367256,6.633686347033459,11.400164440518356,13.46775205699759,15.788079090330987,16.052569697183504,18.12802528104823,17.69210181708169,19.40710297253076
0.0,0.7565812057355481,2.90132566367256,6.633686347033459,11.400164440518356,13.46775205699759,15.788079090330987,16.052569697183504,18.12802528104823,17.69210181708169,19.40710297253076
0.0,0.7565812057355481,2.90132566367256,6.633686347033459,11.400164440518356,13.46775205699759,15.788079090330987,16.052569697183504,18.12802528104823,17.69210181708169,19.40710297253076
0.0,0.7565812057355481,2.90132566367256,6.633686347033459,11.400164440518356,13.46775205699759,15.788079090330987,16.052569697183504,18.12802528104823,17.69210181708169,19.30079658093671
0.0,0.7565812057355481,2.90132566367256,6.633686347033459,11.400164440518356,13.46775205699759,15.788079090330987,16.1665156313035,18.12802528104823,17.69210181708169,19.30079658093671
0.0,0.7565812057355481,2.90132566367256,6.633686347033459,11.400164440518356,13.46775205699759,15.788079090330987,16.052569697183504,18.12802528104823,17.69210181708169,19.30079658093671
0.0,0.7565812057355481,2.90132566367256,6.633686347033459,11.400164440518356,13.46775205699759,15.788079090330987,16.052569697183504,18.12802528104823,17.69210181708169,19.30079658093671
0.0,0.7565812057355481,2.90132566367256,6.633686347033459,11.400164440518356,13.46775205699759,15.788079090330987,16.052569697183504,18.12802528104823,17.69210181708169,19.30079658093671
0.0,0.7565812057355481,2.90132566367256,6.633686347033459,11.400164440518356,13.46775205699759,15.788079090330987,16.052569697183504,18.12802528104823,17.69210181708169,19.30079658093671
0.0,0.7565812057355481,2.90132566367256,6.633686347033459,11.400164440518356,13.46775205699759,15.788079090330987,16.1665156313035,18.12802528104823,17.69210181708169,19.30079658093671
0.0,0.7565812057355481,2.90132566367256,6.633686347033459,11.400164440518356,13.46775205699759,15.788079090330987,16.1665156313035,18.12802528104823,17.69210181708169,19.30079658093671
0.0,0.7565812057355481,2.90132566367256,6.633686347033459,11.400164440518356,13.46775205699759,15.788079090330987,16.052569697183504,18.12802528104823,17.69210181708169,19.30079658093671
0.0,0.7565812057355481,2.90132566367256,6.633686347033459,11.400164440518356,13.46775205699759,15.788079090330987,16.052569697183504,18.12802528104823,17.69210181708169,19.30079658093671
0.0,0.7565812057355481,2.90132566367256,6.633686347033459,11.400164440518356,13.46775205699759,15.788079090330987,16.052569697183504,18.12802528104823,17.69210181708169,19.30079658093671
0.0,0.7565812057355481,2.90132566367256,6.633686347033459,11.400164440518356,13.46775205699759,15.788079090330987,16.052569697183504,18.12802528104823,17.69210181708169,19.30079658093671
0.0,0.7565812057355481,2.90132566367256,6.633686347033459,11.400164440518356,13.46775205699759,15.788079090330987,16.1665156313035,18.01479000204694,17.554183962975895,19.30079658093671
0.0,0.7565812057355481,2.90132566367256,6.633686347033459,11.400164440518356,13.46775205699759,15.788079090330987,16.052569697183504,18.01479000204694,17.554183962975895,19.30079658093671
0.0,0.7565812057355481,2.90132566367256,6.633686347033459,11.400164440518356,13.46775205699759,15.74944990852218,16.1665156313035,18.01479000204694,17.554183962975895,19.227726006411384
0.0,0.7565812057355481,2.90132566367256,6.633686347033459,11.400164440518356,13.46775205699759,15.74944990852218,16.052569697183504,18.01479000204694,17.554183962975895,19.227726006411384
0.0,0.7565812057355481,2.90132566367256,6.633686347033459,11.400164440518356,13.46775205699759,15.74944990852218,16.1665156313035,18.01479000204694,17.554183962975895,19.227726006411384
0.0,0.7565812057355481,2.90132566367256,6.633686347033459,11.400164440518356,13.46775205699759,15.74944990852218,16.1665156313035,18.01479000204694,17.554183962975895,19.227726006411384
0.0,0.7565812057355481,2.90132566367256,6.595425183053967,11.38715691379233,13.420239686205157,15.70149337828058,16.06550108228967,18.01479000204694,17.554183962975895,19.227726006411384
0.0,0.7565812057355481,2.90132566367256,6.595425183053967,11.38715691379233,13.420239686205157,15.70149337828058,16.06550108228967,18.01479000204694,17.554183962975895,19.227726006411384
0.0,0.7565812057355481,2.90132566367256,6.595425183053967,11.38715691379233,13.420239686205157,15.70149337828058,16.06550108228967,18.01479000204694,17.554183962975895,19.227726006411384
0.0,0.7565812057355481,2.90132566367256,6.595425183053967,11.38715691379233,13.326648945127657,15.70149337828058,16.06550108228967,18.01479000204694,17.554183962975895,19.32092334911961
0.0,0.7565812057355481,2.90132566367256,6.595425183053967,11.38715691379233,13.326648945127657,15.70149337828058,16.06550108228967,18.01479000204694,17.554183962975895,19.32092334911961
0.0,0.7565812057355481,2.90132566367256,6.595425183053967,11.38715691379233,13.326648945127657,15.70149337828058,16.06550108228967,18.01479000204694,17.554183962975895,19.32092334911961
0.0,0.7565812057355481,2.90132566367256,6.595425183053967,11.38715691379233,13.326648945127657,15.70149337828058,16.06550108228967,18.01479000204694,17.554183962975895,19.32092334911961
0.0,0.7565812057355481,2.90132566367256,6.595425183053967,11.38715691379233,13.326648945127657,15.70149337828058,16.06550108228967,18.01479000204694,17.554183962975895,19.32092334911961
0.0,0.7565812057355481,2.90132566367256,6.595425183053967,11.38715691379233,13.326648945127657,15.70149337828058,16.06550108228967,18.01479000204694,17.554183962975895,19.32092334911961
0.0,0.7565812057355481,2.90132566367256,6.595425183053967,11.38715691379233,13.326648945127657,15.70149337828058,16.06550108228967,18.01479000204694,17.554183962975895,19.32092334911961
0.0,0.7565812057355481,2.90132566367256,6.595425183053967,11.38715691379233,13.326648945127657,15.70149337828058,16.06550108228967,18.01479000204694,17.554183962975895,19.32092334911961
0.0,0.7565812057355481,2.90132566367256,6.595425183053967,11.38715691379233,13.326648945127657,15.70149337828058,16.06550108228967,18.01479000204694,17.554183962975895,19.32092334911961
0.0,0.7565812057355481,2.90132566367256,6.595425183053967,11.38715691379233,13.326648945127657,15.70149337828058,16.06550108228967,18.01479000204694,17.554183962975895,19.32092334911961
0.0,0.7565812057355481,2.90132566367256,6.595425183053967,11.38715691379233,13.326648945127657,15.70149337828058,16.06550108228967,18.01479000204694,17.554183962975895,19.32092334911961
0.0,0.7565812057355481,2.90132566367256,6.595425183053967,11.38715691379233,13.326648945127657,15.70149337828058,16.06550108228967,18.01479000204694,17.554183962975895,19.32092334911961
0.0,0.7565812057355481,2.90132566367256,6.595425183053967,11.38715691379233,13.326648945127657,15.70149337828058,16.06550108228967,18.01479000204694,17.554183962975895,19.32092334911961
0.0,0.7565812057355481,2.90132566367256,6.595425183053967,11.38715691379233,13.326648945127657,15.70149337828058,16.06550108228967,18.01479000204694,17.554183962975895,19.32092334911961
0.0,0.7565812057355481,2.90132566367256,6.595425183053967,11.38715691379233,13.326648945127657,15.70149337828058,16.06550108228967,18.01479000204694,17.554183962975895,19.32092334911961
0.0,0.7565812057355481,2.90132566367256,6.595425183053967,11.38715691379233,13.326648945127657,15.70149337828058,16.06550108228967,18.01479000204694,17.554183962975895,19.32092334911961
0.0,0.7565812057355481,2.90132566367256,6.595425183053967,11.38715691379233,13.326648945127657,15.70149337828058,16.06550108228967,18.01479000204694,17.554183962975895,19.32092334911961
0.0,0.7565812057355481,2.90132566367256,6.595425183053967,11.38715691379233,13.326648945127657,15.70149337828058,16.06550108228967,18.01479000204694,17.554183962975895,19.32092334911961
0.0,0.7565812057355481,2.90132566367256,6.595425183053967,11.38715691379233,13.326648945127657,15.70149337828058,16.06550108228967,18.01479000204694,17.554183962975895,19.32092334911961
0.0,0.7565812057355481,2.90132566367256,6.595425183053967,11.38715691379233,13.326648945127657,15.70149337828058,16.06550108228967,18.01479000204694,17.554183962975895,19.32092334911961
0.0,0.7565812057355481,2.90132566367256,6.595425183053967,11.38715691379233,13.326648945127657,15.70149337828058,16.06550108228967,18.01479000204694,17.554183962975895,19.32092334911961
0.0,0.7565812057355481,2.90132566367256,6.595425183053967,11.38715691379233,13.326648945127657,15.70149337828058,16.06550108228967,18.01479000204694,17.554183962975895,19.32092334911961
0.0,0.7565812057355481,2.90132566367256,6.595425183053967,11.38715691379233,13.326648945127657,15.70149337828058,16.06550108228967,18.01479000204694,17.554183962975895,19.32092334911961
0.0,0.7565812057355481,2.90132566367256,6.595425183053967,11.38715691379233,13.326648945127657,15.70149337828058,16.06550108228967,18.01479000204694,17.554183962975895,19.32092334911961
0.0,0.7565812057355481,2.90132566367256,6.595425183053967,11.38715691379233,13.326648945127657,15.70149337828058,16.06550108228967,18.01479000204694,17.554183962975895,19.32092334911961
0.0,0.7565812057355481,2.90132566367256,6.595425183053967,11.38715691379233,13.326648945127657,15.70149337828058,16.06550108228967,18.01479000204694,17.554183962975895,19.32092334911961
0.0,0.7565812057355481,2.90132566367256,6.595425183053967,11.38715691379233,13.326648945127657,15.70149337828058,16.06550108228967,18.01479000204694,17.554183962975895,19.32092334911961
0.0,0.7565812057355481,2.90132566367256,6.595425183053967,11.38715691379233,13.326648945127657,15.70149337828058,16.06550108228967,18.01479000204694,17.554183962975895,19.32092334911961
0.0,0.7565812057355481,2.90132566367256,6.595425183053967,11.38715691379233,13.326648945127657,15.70149337828058,16.06550108228967,18.01479000204694,17.554183962975895,19.32092334911961
0.0,0.7565812057355481,2.90132566367256,6.595425183053967,11.38715691379233,13.326648945127657,15.70149337828058,16.06550108228967,18.01479000204694,17.554183962975895,19.32092334911961
0.0,0.7565812057355481,2.90132566367256,6.595425183053967,11.38715691379233,13.326648945127657,15.70149337828058,16.06550108228967,18.01479000204694,17.554183962975895,19.32092334911961
0.0,0.7565812057355481,2.90132566367256,6.595425183053967,11.38715691379233,13.326648945127657,15.70149337828058,16.06550108228967,17.957937592551723,17.554183962975895,19.32092334911961
0.0,0.7565812057355481,2.90132566367256,6.595425183053967,11.38715691379233,13.326648945127657,15.70149337828058,16.06550108228967,17.957937592551723,17.454971432298745,19.383575211994135
0.0,0.7565812057355481,2.90132566367256,6.595425183053967,11.38715691379233,13.326648945127657,15.70149337828058,16.06550108228967,17.678624750366534,17.454971432298745,19.217713383399836
0.0,0.7565812057355481,2.90132566367256,6.595425183053967,11.38715691379233,13.326648945127657,15.70149337828058,16.06550108228967,17.678624750366534,17.454971432298745,19.217713383399836
0.0,0.7565812057355481,2.90132566367256,6.595425183053967,11.38715691379233,13.326648945127657,15.70149337828058,16.06550108228967,17.678624750366534,17.454971432298745,18.995849393398753
0.0,0.7565812057355481,2.90132566367256,6.595425183053967,11.38715691379233,13.326648945127657,15.70149337828058,16.06550108228967,17.678624750366534,17.454971432298745,18.995849393398753
0.0,0.7565812057355481,2.90132566367256,6.595425183053967,11.38715691379233,13.326648945127657,15.70149337828058,16.06550108228967,17.678624750366534,17.454971432298745,18.995849393398753
0.0,0.7565812057355481,2.90132566367256,6.595425183053967,11.38715691379233,13.326648945127657,15.70149337828058,16.06550108228967,17.678624750366534,17.454971432298745,18.995849393398753
0.0,0.7565812057355481,2.90132566367256,6.595425183053967,11.38715691379233,13.326648945127657,15.70149337828058,16.06550108228967,17.678624750366534,17.454971432298745,18.995849393398753
0.0,0.7565812057355481,2.90132566367256,6.595425183053967,11.38715691379233,13.326648945127657,15.70149337828058,16.06550108228967,17.678624750366534,17.454971432298745,18.995849393398753
0.0,0.7565812057355481,2.90132566367256,6.595425183053967,11.38715691379233,13.326648945127657,15.70149337828058,16.06550108228967,17.678624750366534,17.454971432298745,18.995849393398753
0.0,0.7565812057355481,2.90132566367256,6.595425183053967,11.38715691379233,13.326648945127657,15.70149337828058,16.06550108228967,17.678624750366534,17.454971432298745,18.995849393398753
0.0,0.7565812057355481,2.90132566367256,6.595425183053967,11.38715691379233,13.326648945127657,15.70149337828058,16.06550108228967,17.678624750366534,17.454971432298745,18.995849393398753
0.0,0.7565812057355481,2.90132566367256,6.595425183053967,11.38715691379233,13.326648945127657,15.70149337828058,16.06550108228967,17.678624750366534,17.454971432298745,18.995849393398753
0.0,0.7565812057355481,2.90132566367256,6.595425183053967,11.38715691379233,13.326648945127657,15.70149337828058,16.06550108228967,17.678624750366534,17.454971432298745,18.995849393398753
0.0,0.7565812057355481,2.90132566367256,6.595425183053967,11.38715691379233,13.326648945127657,15.70149337828058,16.06550108228967,17.678624750366534,17.454971432298745,18.995849393398753
0.0,0.7565812057355481,2.90132566367256,6.595425183053967,11.38715691379233,13.326648945127657,15.70149337828058,16.06550108228967,17.678624750366534,17.454971432298745,18.93086252084852
0.0,0.7565812057355481,2.90132566367256,6.595425183053967,11.38715691379233,13.326648945127657,15.70149337828058,16.06550108228967,17.678624750366534,17.454971432298745,18.94531673835188
0.0,0.7565812057355481,2.90132566367256,6.595425183053967,11.38715691379233,13.326648945127657,15.70149337828058,16.06550108228967,17.678624750366534,17.454971432298745,18.94531673835188
0.0,0.7565812057355481,2.90132566367256,6.595425183053967,11.38715691379233,13.326648945127657,15.70149337828058,16.06550108228967,17.678624750366534,17.454971432298745,18.94531673835188
0.0,0.7565812057355481,2.90132566367256,6.595425183053967,11.38715691379233,13.326648945127657,15.70149337828058,16.06550108228967,17.678624750366534,17.454971432298745,18.94531673835188
0.0,0.7565812057355481,2.90132566367256,6.595425183053967,11.38715691379233,13.326648945127657,15.70149337828058,16.06550108228967,17.678624750366534,17.454971432298745,18.94531673835188
0.0,0.7565812057355481,2.90132566367256,6.595425183053967,11.38715691379233,13.326648945127657,15.70149337828058,16.06550108228967,17.678624750366534,17.454971432298745,18.94531673835188
0.0,0.7565812057355481,2.90132566367256,6.595425183053967,11.38715691379233,13.326648945127657,15.70149337828058,16.06550108228967,17.678624750366534,17.454971432298745,18.94531673835188
0.0,0.7565812057355481,2.90132566367256,6.595425183053967,11.38715691379233,13.326648945127657,15.70149337828058,16.06550108228967,17.678624750366534,17.454971432298745,18.94531673835188
0.0,0.7565812057355481,2.90132566367256,6.595425183053967,11.38715691379233,13.326648945127657,15.70149337828058,16.06550108228967,17.678624750366534,17.454971432298745,18.94531673835188
0.0,0.7565812057355481,2.90132566367256,6.595425183053967,11.38715691379233,13.326648945127657,15.70149337828058,16.06550108228967,17.678624750366534,17.454971432298745,18.94531673835188
0.0,0.7565812057355481,2.90132566367256,6.595425183053967,11.38715691379233,13.326648945127657,15.70149337828058,16.06550108228967,17.678624750366534,17.454971432298745,18.94531673835188
0.0,0.7565812057355481,2.90132566367256,6.595425183053967,11.38715691379233,13.326648945127657,15.70149337828058,16.06550108228967,17.678624750366534,17.454971432298745,18.94531673835188
0.0,0.7565812057355481,2.90132566367256,6.595425183053967,11.38715691379233,13.3634126572499,15.78865015247995,16.156858335851297,17.682482592439417,17.454971432298745,18.94531673835188
0.0,0.7565812057355481,2.90132566367256,6.595425183053967,11.38715691379233,13.3634126572499,15.78865015247995,16.156858335851297,17.682482592439417,17.454971432298745,18.94531673835188
0.0,0.7565812057355481,2.90132566367256,6.595425183053967,11.38715691379233,13.3634126572499,15.78865015247995,16.156858335851297,17.682482592439417,17.454971432298745,18.94531673835188
0.0,0.7565812057355481,2.90132566367256,6.595425183053967,11.38715691379233,13.3634126572499,15.78865015247995,16.156858335851297,17.682482592439417,17.454971432298745,18.94531673835188
0.0,0.7565812057355481,2.90132566367256,6.579448133153419,11.38715691379233,13.3634126572499,15.78865015247995,16.156858335851297,17.682482592439417,17.454971432298745,18.94531673835188
0.0,0.7565812057355481,2.90132566367256,6.579448133153419,11.38715691379233,13.3634126572499,15.78865015247995,16.156858335851297,17.682482592439417,17.454971432298745,18.94531673835188
0.0,0.7392843358152131,2.9060931513996406,6.561151652382838,11.368035094245874,13.343951574122691,15.768772729129815,16.136917702247548,17.66228005510692,17.434807951779167,18.92489741043666
0.0,0.7659176476497374,2.974974975482826,6.5224698094991265,11.327608346139433,13.302807565648465,15.827785153929325,16.196519448603226,17.619568487524788,17.47354351729292,18.806679326476477
0.0,0.7702411251891839,3.0492086453509843,6.561317514311374,11.270577762610468,13.424917811916352,15.768449232909107,16.136994633450595,17.559314676947878,17.41336451196321,18.745817386210405
0.0,0.7478788686589986,3.0968656947501816,6.613497852832022,11.320872570958409,13.432450807212012,15.703720465512397,16.072059803956094,17.493584596036698,17.347716035101694,18.679423904706123
0.0,0.7210210551724041,3.051086445275264,6.719170568704172,11.418180307693397,13.46511316309836,15.760174826140124,16.01943542686183,17.44031573260495,17.294513305088874,18.62561740926321
0.0,0.7222770539927849,3.0923768196819097,6.800395700266407,11.381421330644693,13.427678863964479,15.824529162765275,15.981158408225534,17.40156993852821,17.25581561400638,18.586480561616863
0.0,0.7305871103035383,3.0823803615187106,6.790039690245431,11.370621116770133,13.416680232627309,15.813298118378036,15.9699121761227,17.390185974763,17.244445783458897,18.57498170177654
0.0,0.7298475441951672,3.149296710318762,6.789255635507619,11.369803431306272,13.415847524953998,15.812447814685344,15.969060722566269,17.3893240935262,17.243584972249675,18.574111121744366
0.0,0.7298475441951672,3.149296710318762,6.789255635507619,11.335447835445551,13.415847524953998,15.812447814685344,15.969060722566269,17.3893240935262,17.243584972249675,18.574111121744366
0.0,0.7298475441951672,3.149296710318762,6.789255635507619,11.335447835445551,13.415847524953998,15.812447814685344,15.969060722566269,17.3893240935262,17.243584972249675,18.574111121744366
0.0,0.7298475441951672,3.149296710318762,6.789255635507619,11.335447835445551,13.415847524953998,15.812447814685344,15.969060722566269,17.41160333034082,17.243584972249675,18.574111121744366
0.0,0.7298475441951672,3.149296710318762,6.789255635507619,11.335447835445551,13.282412618554654,15.812447814685344,15.969060722566269,17.41160333034082,17.243584972249675,18.591618044764036
0.0,0.7298475441951672,3.149296710318762,6.789255635507619,11.335447835445551,13.282412618554654,15.812447814685344,15.969060722566269,17.41160333034082,17.243584972249675,18.591618044764036
0.0,0.7298475441951672,3.149296710318762,6.789255635507619,11.335447835445551,13.282412618554654,15.812447814685344,15.969060722566269,17.41160333034082,17.243584972249675,18.591618044764036
0.0,0.7298475441951672,3.149296710318762,6.789255635507619,11.335447835445551,13.282412618554654,15.812447814685344,15.969060722566269,17.41160333034082,17.243584972249675,18.591618044764036
0.0,0.7298475441951672,3.149296710318762,6.789255635507619,11.335447835445551,13.282412618554654,15.812447814685344,15.969060722566269,17.41160333034082,17.243584972249675,18.591618044764036
0.0,0.7298475441951672,3.149296710318762,6.789255635507619,11.335447835445551,13.282412618554654,15.812447814685344,15.969060722566269,17.294004404200024,17.117985774707293,18.39732031415749
0.0,0.7298475441951672,3.149296710318762,6.789255635507619,11.335447835445551,13.282412618554654,15.812447814685344,15.969060722566269,17.294004404200024,17.117985774707293,18.39732031415749
0.0,0.7298475441951672,3.149296710318762,6.789255635507619,11.335447835445551,13.282412618554654,15.812447814685344,15.969060722566269,17.294004404200024,17.117985774707293,18.39732031415749
0.0,0.7298475441951672,3.149296710318762,6.789255635507619,11.335447835445551,13.282412618554654,15.812447814685344,15.969060722566269,17.294004404200024,17.117985774707293,18.39732031415749
0.0,0.7298475441951672,3.149296710318762,6.789255635507619,11.335447835445551,13.282412618554654,15.812447814685344,15.969060722566269,17.294004404200024,17.117985774707293,18.39732031415749
0.0,0.7298475441951672,3.149296710318762,6.789255635507619,11.335447835445551,13.282412618554654,15.812447814685344,15.969060722566269,17.294004404200024,17.117985774707293,18.39732031415749
0.0,0.7298475441951672,3.149296710318762,6.789255635507619,11.335447835445551,13.282412618554654,15.812447814685344,15.969060722566269,17.294004404200024,17.117985774707293,18.39732031415749
0.0,0.7298475441951672,3.149296710318762,6.789255635507619,11.327447564043931,13.282412618554654,15.812447814685344,15.969060722566269,17.294004404200024,17.290586566734152,18.39732031415749
0.0,0.7298475441951672,3.149296710318762,6.789255635507619,11.327447564043931,13.282412618554654,15.812447814685344,15.969060722566269,17.294004404200024,17.250458623153282,18.55226227927731
0.0,0.7250372544283714,3.1600818863222067,6.810750035570823,11.327447564043931,13.282412618554654,15.812447814685344,15.969060722566269,17.294004404200024,17.250458623153282,18.55226227927731
0.0,0.7250372544283714,3.1600818863222067,6.810750035570823,11.327447564043931,13.282412618554654,15.812447814685344,15.969060722566269,17.294004404200024,17.250458623153282,18.55226227927731
0.0,0.7250372544283714,3.1600818863222067,6.810750035570823,11.273698905228681,13.368402877464694,15.874538528648808,16.062380344042037,17.36243710546128,17.250838382871716,18.612352925390372
0.0,0.7250372544283714,3.1600818863222067,6.810750035570823,11.273698905228681,13.368402877464694,15.874538528648808,16.062380344042037,17.36243710546128,17.250838382871716,18.612352925390372
0.0,0.7250372544283714,3.1600818863222067,6.810750035570823,11.273698905228681,13.368402877464694,15.874538528648808,16.062380344042037,17.36243710546128,17.250838382871716,18.612352925390372
0.0,0.7250372544283714,3.1600818863222067,6.810750035570823,11.273698905228681,13.368402877464694,15.874538528648808,16.062380344042037,17.36243710546128,17.250838382871716,18.612352925390372
0.0,0.7250372544283714,3.1600818863222067,6.810750035570823,11.273698905228681,13.368402877464694,15.874538528648808,16.062380344042037,17.36243710546128,17.250838382871716,18.612352925390372
0.0,0.7250372544283714,3.1600818863222067,6.810750035570823,11.273698905228681,13.368402877464694,15.874538528648808,16.062380344042037,17.36243710546128,17.250838382871716,18.612352925390372
0.0,0.7250372544283714,3.1600818863222067,6.810750035570823,11.273698905228681,13.368402877464694,15.874538528648808,16.062380344042037,17.36243710546128,17.250838382871716,18.612352925390372
0.0,0.7250372544283714,3.1600818863222067,6.810750035570823,11.273698905228681,13.368402877464694,15.745559469612374,16.062380344042037,17.36243710546128,17.250838382871716,18.612352925390372
0.0,0.7250372544283714,3.1600818863222067,6.779622397316752,11.273698905228681,13.368402877464694,15.745559469612374,16.062380344042037,17.36243710546128,17.250838382871716,18.612352925390372
0.0,0.7250372544283714,3.1600818863222067,6.779622397316752,11.273698905228681,13.368402877464694,15.745559469612374,16.062380344042037,17.36243710546128,17.250838382871716,18.612352925390372
0.0,0.7250372544283714,3.1600818863222067,6.779622397316752,11.273698905228681,13.368402877464694,15.745559469612374,16.062380344042037,17.36243710546128,17.250838382871716,18.44211930227506
0.0,0.7250372544283714,3.1600818863222067,6.779622397316752,11.273698905228681,13.286184898424397,15.713798898494272,16.062380344042037,17.36243710546128,17.250838382871716,18.44211930227506
0.0,0.7250372544283714,3.1600818863222067,6.779622397316752,11.273698905228681,13.286184898424397,15.713798898494272,16.062380344042037,17.35972815280314,17.250838382871716,18.44211930227506
0.0,0.7250372544283714,3.1600818863222067,6.779622397316752,11.273698905228681,13.286184898424397,15.713798898494272,16.062380344042037,17.35972815280314,17.250838382871716,18.44211930227506
0.0,0.7250372544283714,3.1600818863222067,6.779622397316752,11.273698905228681,13.286184898424397,15.713798898494272,16.062380344042037,17.35972815280314,17.250838382871716,18.44211930227506
0.0,0.7250372544283714,3.1600818863222067,6.779622397316752,11.273698905228681,13.286184898424397,15.713798898494272,16.062380344042037,17.35972815280314,17.250838382871716,18.44211930227506
0.0,0.7250372544283714,3.1600818863222067,6.779622397316752,11.273698905228681,13.286184898424397,15.713798898494272,16.062380344042037,17.35972815280314,17.250838382871716,18.44211930227506
0.0,0.7250372544283714,3.1600818863222067,6.779622397316752,11.273698905228681,13.286184898424397,15.713798898494272,16.062380344042037,17.35972815280314,17.250838382871716,18.44211930227506
0.0,0.7250372544283714,3.1600818863222067,6.779622397316752,11.273698905228681,13.286184898424397,15.713798898494272,16.062380344042037,17.35972815280314,17.250838382871716,18.44211930227506
0.0,0.7250372544283714,3.1600818863222067,6.779622397316752,11.273698905228681,13.286184898424397,15.713798898494272,16.062380344042037,17.35972815280314,17.250838382871716,18.44211930227506
0.0,0.7250372544283714,3.1600818863222067,6.779622397316752,11.273698905228681,13.286184898424397,15.713798898494272,16.062380344042037,17.35972815280314,17.250838382871716,18.44211930227506
0.0,0.7250372544283714,3.1600818863222067,6.779622397316752,11.273698905228681,13.286184898424397,15.713798898494272,16.062380344042037,17.35972815280314,17.250838382871716,18.44211930227506
0.0,0.7250372544283714,3.1600818863222067,6.779622397316752,11.273698905228681,13.286184898424397,15.713798898494272,16.062380344042037,17.35972815280314,17.250838382871716,18.44211930227506
0.0,0.7250372544283714,3.1600818863222067,6.779622397316752,11.273698905228681,13.286184898424397,15.713798898494272,16.062380344042037,17.35972815280314,17.250838382871716,18.44211930227506
0.0,0.7250372544283714,3.1600818863222067,6.779622397316752,11.273698905228681,13.286184898424397,15.713798898494272,16.062380344042037,17.35972815280314,17.250838382871716,18.44211930227506
0.0,0.7250372544283714,3.1600818863222067,6.779622397316752,11.273698905228681,13.286184898424397,15.713798898494272,16.062380344042037,17.35972815280314,17.250838382871716,18.44211930227506
0.0,0.7250372544283714,3.1600818863222067,6.779622397316752,11.273698905228681,13.286184898424397,15.713798898494272,16.062380344042037,17.35972815280314,17.250838382871716,18.44211930227506
0.0,0.7250372544283714,3.1600818863222067,6.779622397316752,11.273698905228681,13.286184898424397,15.713798898494272,16.062380344042037,17.35972815280314,17.250838382871716,18.44211930227506
0.0,0.7250372544283714,3.1600818863222067,6.779622397316752,11.273698905228681,13.286184898424397,15.713798898494272,16.062380344042037,17.35972815280314,17.250838382871716,18.44211930227506
0.0,0.7250372544283714,3.1600818863222067,6.779622397316752,11.273698905228681,13.286184898424397,15.713798898494272,16.062380344042037,17.35972815280314,17.250838382871716,18.44211930227506
0.0,0.7250372544283714,3.1600818863222067,6.779622397316752,11.273698905228681,13.286184898424397,15.726153748000552,16.062380344042037,17.35972815280314,17.250838382871716,18.44211930227506
0.0,0.7250372544283714,3.1600818863222067,6.779622397316752,11.21145628737785,13.286184898424397,15.726153748000552,16.062380344042037,17.35972815280314,17.250838382871716,18.44211930227506
0.0,0.7250372544283714,3.1600818863222067,6.779622397316752,11.21145628737785,13.286184898424397,15.726153748000552,16.062380344042037,17.35972815280314,17.250838382871716,18.44211930227506
0.0,0.7250372544283714,3.1600818863222067,6.779622397316752,11.21145628737785,13.286184898424397,15.726153748000552,16.062380344042037,17.35972815280314,17.250838382871716,18.44211930227506
0.0,0.7250372544283714,3.1600818863222067,6.779622397316752,11.21145628737785,13.286184898424397,15.726153748000552,16.062380344042037,17.35972815280314,17.250838382871716,18.44211930227506
0.0,0.7250372544283714,3.1600818863222067,6.779622397316752,11.21145628737785,13.286184898424397,15.726153748000552,16.062380344042037,17.35972815280314,17.250838382871716,18.44211930227506
0.0,0.7250372544283714,3.1600818863222067,6.779622397316752,11.21145628737785,13.286184898424397,15.726153748000552,16.062380344042037,17.35972815280314,17.250838382871716,18.44211930227506
0.0,0.7250372544283714,3.1600818863222067,6.779622397316752,11.21145628737785,13.286184898424397,15.726153748000552,16.062380344042037,17.35972815280314,17.250838382871716,18.44211930227506
0.0,0.7250372544283714,3.1600818863222067,6.779622397316752,11.21145628737785,13.286184898424397,15.726153748000552,16.062380344042037,17.35972815280314,17.250838382871716,18.44211930227506
0.0,0.7250372544283714,3.1600818863222067,6.779622397316752,11.21145628737785,13.286184898424397,15.726153748000552,16.062380344042037,17.35972815280314,17.250838382871716,18.44211930227506
0.0,0.7250372544283714,3.1600818863222067,6.779622397316752,11.21145628737785,13.286184898424397,15.726153748000552,16.062380344042037,17.35972815280314,17.250838382871716,18.44211930227506
0.0,0.7250372544283714,3.1600818863222067,6.779622397316752,11.21145628737785,13.286184898424397,15.726153748000552,16.062380344042037,17.35972815280314,17.250838382871716,18.44211930227506
0.0,0.7250372544283714,3.1600818863222067,6.779622397316752,11.21145628737785,13.286184898424397,15.726153748000552,16.062380344042037,17.35972815280314,17.250838382871716,18.44211930227506
0.0,0.7250372544283714,3.163411113187124,6.779622397316752,11.21145628737785,13.286184898424397,15.726153748000552,16.062380344042037,17.343930148516417,17.250838382871716,18.44211930227506
0.0,0.7337464106377272,3.070458592772498,6.779622397316752,11.21145628737785,13.286184898424397,15.726153748000552,16.062380344042037,17.343930148516417,17.250838382871716,18.44211930227506
0.0,0.7337464106377272,3.090079511558097,6.779622397316752,11.21145628737785,13.286184898424397,15.690785459557347,16.182042631319632,17.364728322429162,17.427173478796494,18.527198137860864
0.0,0.7337464106377272,3.0388119495699186,6.779622397316752,11.21145628737785,13.249601378882204,15.703659314012153,16.10836924594403,17.406058838451724,17.50866991437176,18.732774732104833
0.0,0.7337464106377272,3.0388119495699186,6.779622397316752,11.21145628737785,13.249601378882204,15.703659314012153,16.10836924594403,17.406058838451724,17.50866991437176,18.732774732104833
0.0,0.7337464106377272,3.055850502270195,6.8005598164595895,11.21145628737785,13.249601378882204,15.703659314012153,16.10836924594403,17.406058838451724,17.50866991437176,18.732774732104833
0.0,0.7337464106377272,2.9685564016601917,6.877726991244748,11.243242175810503,13.253259730836419,15.703659314012153,16.10836924594403,17.406058838451724,17.559443788725986,18.732774732104833
0.0,0.7337464106377272,2.9685564016601917,6.877726991244748,11.243242175810503,13.253259730836419,15.703659314012153,16.10836924594403,17.406058838451724,17.559443788725986,18.732774732104833
0.0,0.7337464106377272,2.9685564016601917,6.877726991244748,11.243242175810503,13.253259730836419,15.703659314012153,16.10836924594403,17.406058838451724,17.559443788725986,18.732774732104833
0.0,0.7337464106377272,2.9685564016601917,6.877726991244748,11.243242175810503,13.253259730836419,15.703659314012153,16.10836924594403,17.42850263781099,17.559443788725986,18.732774732104833
0.0,0.7337464106377272,2.9772022645831386,6.877726991244748,11.243242175810503,13.253259730836419,15.703659314012153,16.10836924594403,17.42850263781099,17.559443788725986,18.732774732104833
0.0,0.7337464106377272,2.9790757458607446,6.877726991244748,11.243242175810503,13.253259730836419,15.703659314012153,16.10836924594403,17.42850263781099,17.559443788725986,18.732774732104833
0.0,0.7426914053305841,3.0146640109132337,6.842454260383633,11.206528699094191,13.215882890384368,15.665473771060217,16.07005013704802,17.45820858125569,17.52064578340087,18.69358949374491
0.0,0.7128647970094957,3.0146640109132337,6.842454260383633,11.206528699094191,13.215882890384368,15.665473771060217,16.07005013704802,17.45820858125569,17.52064578340087,18.69358949374491
0.0,0.7128647970094957,3.0146640109132337,6.842454260383633,11.206528699094191,13.215882890384368,15.665473771060217,16.07005013704802,17.45820858125569,17.52064578340087,18.69358949374491
0.0,0.7128647970094957,3.0146640109132337,6.842454260383633,11.206528699094191,13.215882890384368,15.665473771060217,16.07005013704802,17.45820858125569,17.52064578340087,18.69358949374491
0.0,0.7128647970094957,3.0146640109132337,6.842454260383633,11.206528699094191,13.215882890384368,15.665473771060217,16.07005013704802,17.45820858125569,17.52064578340087,18.69358949374491
0.0,0.7128647970094957,3.0146640109132337,6.842454260383633,11.206528699094191,13.215882890384368,15.665473771060217,16.07005013704802,17.45820858125569,17.52064578340087,18.69358949374491
0.0,0.7128647970094957,3.0146640109132337,6.842454260383633,11.206528699094191,13.215882890384368,15.665473771060217,16.07005013704802,17.45820858125569,17.52064578340087,18.69358949374491
0.0,0.7128647970094957,3.0146640109132337,6.842454260383633,11.206528699094191,13.215882890384368,15.665473771060217,16.07005013704802,17.45820858125569,17.52064578340087,18.69358949374491
0.0,0.7128647970094957,3.0146640109132337,6.842454260383633,11.206528699094191,13.215882890384368,15.665473771060217,16.07005013704802,17.45820858125569,17.52064578340087,18.69358949374491
0.0,0.7128647970094957,3.0146640109132337,6.842454260383633,11.206528699094191,13.215882890384368,15.665473771060217,16.07005013704802,17.45820858125569,17.52064578340087,18.69358949374491
0.0,0.7128647970094957,3.0146640109132337,6.842454260383633,11.206528699094191,13.215882890384368,15.665473771060217,16.07005013704802,17.45820858125569,17.52064578340087,18.69358949374491
0.0,0.7128647970094957,3.0146640109132337,6.815386328606464,11.206528699094191,13.215882890384368,15.665473771060217,16.07005013704802,17.45820858125569,17.52064578340087,18.69358949374491
0.0,0.7128647970094957,3.0146640109132337,6.815386328606464,11.206528699094191,13.215882890384368,15.665473771060217,16.07005013704802,17.45820858125569,17.52064578340087,18.69358949374491
0.0,0.7128647970094957,3.0146640109132337,6.815386328606464,11.206528699094191,13.215882890384368,15.665473771060217,16.07005013704802,17.45820858125569,17.52064578340087,18.69358949374491
0.0,0.7128647970094957,3.0146640109132337,6.815386328606464,11.362976029884825,13.215882890384368,15.665473771060217,16.07005013704802,17.520898872992053,17.44261826243872,18.84539263053729
0.0,0.7128647970094957,2.979370667422572,6.833393653019246,11.362976029884825,13.215882890384368,15.665473771060217,16.07005013704802,17.520898872992053,17.44261826243872,18.84539263053729
0.0,0.7241287383279056,3.0576826893477382,6.816808157633138,11.438607403467323,13.198306536782688,15.647517127393234,16.05203068437327,17.50265418133356,17.424385723560004,18.8269423160454
0.0,0.7184575138460373,3.046378779302864,6.892587122620035,11.496053986914195,13.18589034964426,15.63483229792291,16.023829157154086,17.489765870649308,17.411505997772895,18.81390875045576
0.0,0.7184575138460373,3.046378779302864,6.892587122620035,11.496053986914195,13.18589034964426,15.63483229792291,16.023829157154086,17.489765870649308,17.486805506883858,18.81390875045576
0.0,0.7184575138460373,3.046378779302864,6.892587122620035,11.496053986914195,13.18589034964426,15.63483229792291,16.023829157154086,17.489765870649308,17.486805506883858,18.81390875045576
0.0,0.7184575138460373,3.046378779302864,6.892587122620035,11.496053986914195,13.18589034964426,15.63483229792291,16.058657710343343,17.430862222393152,17.486805506883858,18.81390875045576
0.0,0.7184575138460373,3.046378779302864,6.892587122620035,11.496053986914195,13.18589034964426,15.63483229792291,16.058657710343343,17.430862222393152,17.486805506883858,18.81390875045576
0.0,0.7184575138460373,3.046378779302864,6.892587122620035,11.496053986914195,13.318562720619854,15.595790919375121,16.058657710343343,17.430862222393152,17.486805506883858,18.81390875045576
0.0,0.7157562780167497,3.043615109392622,6.889720298669904,11.493063699500269,13.31552355412247,15.59269067836812,16.05554505540159,17.42771276537873,17.483654549488985,18.810722200589364
0.0,0.7093860126049523,3.1034467927600478,6.876862236320486,11.546529311413092,13.308356354202688,15.585379447767297,16.048204549289785,17.420285469743366,17.476223715539206,18.80320742969199
0.0,0.7119666101043451,3.131921915167648,6.95478616081221,11.546529311413092,13.308356354202688,15.585379447767297,16.048204549289785,17.420285469743366,17.476223715539206,18.80320742969199
0.0,0.7119666101043451,3.131921915167648,6.95478616081221,11.546529311413092,13.308356354202688,15.585379447767297,16.048204549289785,17.420285469743366,17.476223715539206,18.80320742969199
0.0,0.7119666101043451,3.131921915167648,6.95478616081221,11.546529311413092,13.308356354202688,15.585379447767297,16.048204549289785,17.420285469743366,17.476223715539206,18.80320742969199
0.0,0.7119666101043451,3.131921915167648,6.95478616081221,11.546529311413092,13.308356354202688,15.585379447767297,16.048204549289785,17.420285469743366,17.476223715539206,18.80320742969199
0.0,0.7119666101043451,3.131921915167648,6.95478616081221,11.546529311413092,13.308356354202688,15.585379447767297,16.048204549289785,17.420285469743366,17.476223715539206,18.80320742969199
0.0,0.7119666101043451,3.131921915167648,6.95478616081221,11.546529311413092,13.308356354202688,15.585379447767297,16.048204549289785,17.420285469743366,17.476223715539206,18.80320742969199
0.0,0.7119666101043451,3.131921915167648,6.95478616081221,11.546529311413092,13.308356354202688,15.585379447767297,16.048204549289785,17.420285469743366,17.476223715539206,18.80320742969199
0.0,0.7119666101043451,3.131921915167648,6.95478616081221,11.546529311413092,13.308356354202688,15.585379447767297,16.048204549289785,17.420285469743366,17.476223715539206,18.6204910067442
0.0,0.7119666101043451,3.131921915167648,6.95478616081221,11.546529311413092,13.308356354202688,15.585379447767297,16.048204549289785,17.420285469743366,17.335492601907657,18.6204910067442
0.0,0.7119666101043451,3.131921915167648,6.95478616081221,11.546529311413092,13.308356354202688,15.585379447767297,16.048204549289785,17.420285469743366,17.335492601907657,18.6204910067442
0.0,0.7119666101043451,3.131921915167648,6.95478616081221,11.546529311413092,13.308356354202688,15.585379447767297,16.048204549289785,17.420285469743366,17.335492601907657,18.6204910067442
0.0,0.7119666101043451,3.131921915167648,6.95478616081221,11.546529311413092,13.308356354202688,15.585379447767297,16.048204549289785,17.420285469743366,17.335492601907657,18.6204910067442
0.0,0.7119666101043451,3.131921915167648,6.95478616081221,11.546529311413092,13.308356354202688,15.585379447767297,16.048204549289785,17.420285469743366,17.335492601907657,18.6204910067442
0.0,0.7119666101043451,3.131921915167648,6.95478616081221,11.546529311413092,13.308356354202688,15.585379447767297,16.048204549289785,17.420285469743366,17.335492601907657,18.6204910067442
0.0,0.7119666101043451,3.131921915167648,6.95478616081221,11.546529311413092,13.308356354202688,15.585379447767297,16.048204549289785,17.420285469743366,17.335492601907657,18.6204910067442
0.0,0.7119666101043451,3.131921915167648,6.95478616081221,11.546529311413092,13.308356354202688,15.585379447767297,16.048204549289785,17.420285469743366,17.335492601907657,18.6204910067442
0.0,0.7119666101043451,3.1529967947460937,6.855648206876876,11.546529311413092,13.308356354202688,15.585379447767297,16.048204549289785,17.420285469743366,17.5134526294644,18.64152793635942
0.0,0.6967992748014864,3.1529967947460937,6.855648206876876,11.546529311413092,13.308356354202688,15.585379447767297,16.048204549289785,17.420285469743366,17.5134526294644,18.64152793635942
0.0,0.6967992748014864,3.1529967947460937,6.855648206876876,11.546529311413092,13.308356354202688,15.585379447767297,16.048204549289785,17.420285469743366,17.5134526294644,18.64152793635942
0.0,0.6967992748014864,3.1529967947460937,6.855648206876876,11.546529311413092,13.308356354202688,15.585379447767297,16.048204549289785,17.420285469743366,17.5134526294644,18.64152793635942
0.0,0.6967992748014864,3.1529967947460937,6.855648206876876,11.546529311413092,13.308356354202688,15.585379447767297,16.048204549289785,17.420285469743366,17.5134526294644,18.64152793635942
0.0,0.6967992748014864,3.1529967947460937,6.855648206876876,11.546529311413092,13.308356354202688,15.585379447767297,16.048204549289785,17.420285469743366,17.5134526294644,18.64152793635942
0.0,0.6967992748014864,3.1529967947460937,6.855648206876876,11.546529311413092,13.308356354202688,15.585379447767297,16.048204549289785,17.463978527404805,17.5134526294644,18.64152793635942
0.0,0.6967992748014864,3.1529967947460937,6.855648206876876,11.546529311413092,13.308356354202688,15.585379447767297,16.048204549289785,17.463978527404805,17.571680523041568,18.684752944474386
0.0,0.6967992748014864,3.1529967947460937,6.883794429603185,11.546529311413092,13.308356354202688,15.585379447767297,16.048204549289785,17.463978527404805,17.571680523041568,18.684752944474386
0.0,0.6967992748014864,3.1529967947460937,6.883794429603185,11.546529311413092,13.308356354202688,15.585379447767297,16.048204549289785,17.463978527404805,17.571680523041568,18.684752944474386
0.0,0.6967992748014864,3.1529967947460937,6.883794429603185,11.546529311413092,13.308356354202688,15.585379447767297,16.048204549289785,17.463978527404805,17.571680523041568,18.684752944474386
0.0,0.6967992748014864,3.1529967947460937,6.883794429603185,11.546529311413092,13.308356354202688,15.585379447767297,16.048204549289785,17.463978527404805,17.571680523041568,18.684752944474386
0.0,0.6967992748014864,3.1529967947460937,6.883794429603185,11.546529311413092,13.308356354202688,15.585379447767297,16.048204549289785,17.463978527404805,17.571680523041568,18.684752944474386
0.0,0.6967992748014864,3.1529967947460937,6.883794429603185,11.546529311413092,13.308356354202688,15.687186549116227,16.048204549289785,17.463978527404805,17.571680523041568,18.684752944474386
0.0,0.6967992748014864,3.1529967947460937,6.883794429603185,11.546529311413092,13.31769204515639,15.793965095647822,16.174071927324295,17.565368179158224,17.524964118309754,18.684752944474386
0.0,0.6967992748014864,3.1529967947460937,6.883794429603185,11.546529311413092,13.31769204515639,15.793965095647822,16.174071927324295,17.565368179158224,17.524964118309754,18.684752944474386
0.0,0.6967992748014864,3.1529967947460937,6.883794429603185,11.546529311413092,13.31769204515639,15.793965095647822,16.174071927324295,17.565368179158224,17.524964118309754,18.645272332731107
0.0,0.6967992748014864,3.1529967947460937,6.883794429603185,11.546529311413092,13.31769204515639,15.793965095647822,16.174071927324295,17.565368179158224,17.524964118309754,18.45103177095021
0.0,0.6967992748014864,3.1529967947460937,6.883794429603185,11.546529311413092,13.31769204515639,15.793965095647822,16.174071927324295,17.565368179158224,17.524964118309754,18.45103177095021
0.0,0.6967992748014864,3.1529967947460937,6.883794429603185,11.546529311413092,13.31769204515639,15.793965095647822,16.174071927324295,17.565368179158224,17.524964118309754,18.45103177095021
0.0,0.6967992748014864,3.1529967947460937,6.883794429603185,11.546529311413092,13.31769204515639,15.793965095647822,16.174071927324295,17.565368179158224,17.524964118309754,18.45103177095021
0.0,0.6967992748014864,3.1529967947460937,6.883794429603185,11.546529311413092,13.31769204515639,15.793965095647822,16.174071927324295,17.565368179158224,17.524964118309754,18.45103177095021
0.0,0.686762626654861,3.1454221601141628,6.87314111147399,11.535411249322355,13.30639744779048,15.78242368327387,16.16249262895441,17.553650207552966,17.513250173856754,18.439225523511844
0.0,0.686762626654861,3.1454221601141628,6.859670217332964,11.533298911931226,13.392649116473779,15.78242368327387,16.203031798646446,17.553650207552966,17.513250173856754,18.439225523511844
0.0,0.686762626654861,3.1454221601141628,6.859670217332964,11.533298911931226,13.392649116473779,15.78242368327387,16.203031798646446,17.553650207552966,17.652360872225845,18.496385120341266
0.0,0.686762626654861,3.1454221601141628,6.859670217332964,11.668450558782808,13.470894141033812,15.918308956285246,16.203031798646446,17.728329125945155,17.716591107388464,18.598004992199538
0.0,0.686762626654861,3.1454221601141628,6.80143547871763,11.644645654770212,13.48150642289703,15.966829472646754,16.242774098544217,17.674685875191983,17.784413580988666,18.6619316579167
0.0,0.686762626654861,3.1454221601141628,6.80143547871763,11.644645654770212,13.48150642289703,15.966829472646754,16.242774098544217,17.674685875191983,17.784413580988666,18.6619316579167
0.0,0.686762626654861,3.1454221601141628,6.80143547871763,11.644645654770212,13.48150642289703,16.000057678194644,16.242774098544217,17.674685875191983,17.784413580988666,18.6619316579167
0.0,0.686762626654861,3.1454221601141628,6.80143547871763,11.644645654770212,13.48150642289703,16.000057678194644,16.242774098544217,17.674685875191983,17.784413580988666,18.6619316579167
0.0,0.686762626654861,3.1454221601141628,6.80143547871763,11.677899157771874,13.564014068420013,15.959758834313579,16.284401058749033,17.751071536898746,17.78891652776257,18.706101012227016
0.0,0.686762626654861,3.1454221601141628,6.80143547871763,11.677899157771874,13.564014068420013,15.959758834313579,16.284401058749033,17.751071536898746,17.818362763969446,18.706101012227016
0.0,0.686762626654861,3.1454221601141628,6.80143547871763,11.677899157771874,13.564014068420013,15.959758834313579,16.284401058749033,17.751071536898746,17.818362763969446,18.706101012227016
0.0,0.686762626654861,3.1454221601141628,6.80143547871763,11.677899157771874,13.564014068420013,15.959758834313579,16.284401058749033,17.751071536898746,17.818362763969446,18.706101012227016
0.0,0.686762626654861,3.1454221601141628,6.80143547871763,11.677899157771874,13.564014068420013,15.959758834313579,16.284401058749033,17.751071536898746,17.818362763969446,18.706101012227016
0.0,0.686762626654861,3.1454221601141628,6.80143547871763,11.677899157771874,13.564014068420013,15.959758834313579,16.284401058749033,17.751071536898746,17.818362763969446,18.706101012227016
0.0,0.686762626654861,3.1454221601141628,6.80143547871763,11.677899157771874,13.564014068420013,15.959758834313579,16.284401058749033,17.751071536898746,17.818362763969446,18.706101012227016
0.0,0.686762626654861,3.1454221601141628,6.80143547871763,11.677899157771874,13.564014068420013,15.959758834313579,16.284401058749033,17.751071536898746,17.818362763969446,18.706101012227016
0.0,0.686762626654861,3.1454221601141628,6.80143547871763,11.677899157771874,13.564014068420013,15.959758834313579,16.284401058749033,17.751071536898746,17.818362763969446,18.706101012227016
0.0,0.686762626654861,3.1454221601141628,6.80143547871763,11.677899157771874,13.564014068420013,15.959758834313579,16.284401058749033,17.751071536898746,17.818362763969446,18.706101012227016
0.0,0.686762626654861,3.1454221601141628,6.80143547871763,11.677899157771874,13.564014068420013,15.959758834313579,16.284401058749033,17.751071536898746,17.818362763969446,18.706101012227016
0.0,0.686762626654861,3.1454221601141628,6.80143547871763,11.677899157771874,13.564014068420013,15.959758834313579,16.284401058749033,17.751071536898746,17.818362763969446,18.706101012227016
0.0,0.686762626654861,3.1454221601141628,6.80143547871763,11.677899157771874,13.564014068420013,15.959758834313579,16.284401058749033,17.751071536898746,17.818362763969446,18.706101012227016
0.0,0.686762626654861,3.1454221601141628,6.80143547871763,11.677899157771874,13.564014068420013,15.959758834313579,16.284401058749033,17.751071536898746,17.818362763969446,18.706101012227016
0.0,0.686762626654861,3.1454221601141628,6.80143547871763,11.677899157771874,13.564014068420013,15.959758834313579,16.284401058749033,17.751071536898746,17.818362763969446,18.706101012227016
0.0,0.686762626654861,3.1454221601141628,6.80143547871763,11.677899157771874,13.564014068420013,15.959758834313579,16.284401058749033,17.751071536898746,17.818362763969446,18.706101012227016
0.0,0.686762626654861,3.1454221601141628,6.80143547871763,11.677899157771874,13.564014068420013,15.959758834313579,16.284401058749033,17.751071536898746,17.818362763969446,18.706101012227016
0.0,0.686762626654861,3.1954225775221485,6.80143547871763,11.677899157771874,13.564014068420013,15.959758834313579,16.284401058749033,17.751071536898746,17.818362763969446,18.706101012227016
0.0,0.686762626654861,3.1954225775221485,6.80143547871763,11.654789933738376,13.564014068420013,15.959758834313579,16.284401058749033,17.751071536898746,17.818362763969446,18.706101012227016
0.0,0.6550016734265636,3.1954225775221485,6.80143547871763,11.654789933738376,13.564014068420013,15.959758834313579,16.284401058749033,17.751071536898746,17.818362763969446,18.706101012227016
0.0,0.6550016734265636,3.1999255242960496,6.821736685380881,11.670917060526937,13.625891640380514,15.959758834313579,16.284401058749033,17.751071536898746,17.818362763969446,18.706101012227016
0.0,0.6550016734265636,3.1999255242960496,6.821736685380881,11.670917060526937,13.625891640380514,15.959758834313579,16.284401058749033,17.751071536898746,17.818362763969446,18.706101012227016
0.0,0.6550016734265636,3.1999255242960496,6.821736685380881,11.670917060526937,13.625891640380514,15.959758834313579,16.284401058749033,17.751071536898746,17.818362763969446,18.706101012227016
0.0,0.6550016734265636,3.1999255242960496,6.821736685380881,11.670917060526937,13.625891640380514,15.959758834313579,16.284401058749033,17.751071536898746,17.818362763969446,18.706101012227016
0.0,0.6550016734265636,3.1999255242960496,6.821736685380881,11.681415503848122,13.704060772579174,15.893213882129558,16.284401058749033,17.751071536898746,17.834173672585685,18.706101012227016
0.0,0.6550016734265636,3.1999255242960496,6.821736685380881,11.681415503848122,13.704060772579174,15.893213882129558,16.284401058749033,17.751071536898746,17.834173672585685,18.706101012227016
0.0,0.6550016734265636,3.1999255242960496,6.821736685380881,11.852729860886775,13.704060772579174,15.893213882129558,16.284401058749033,17.751071536898746,17.834173672585685,18.675883203679668
0.0,0.6550016734265636,3.1999255242960496,6.762717725698188,11.852729860886775,13.704060772579174,15.893213882129558,16.284401058749033,17.751071536898746,17.834173672585685,18.675883203679668
0.0,0.6550016734265636,3.1999255242960496,6.762717725698188,11.852729860886775,13.704060772579174,15.893213882129558,16.284401058749033,17.751071536898746,17.834173672585685,18.675883203679668
0.0,0.6550016734265636,3.1999255242960496,6.762717725698188,11.852729860886775,13.704060772579174,15.893213882129558,16.284401058749033,17.751071536898746,17.834173672585685,18.675883203679668
0.0,0.6550016734265636,3.1999255242960496,6.762717725698188,11.852729860886775,13.704060772579174,15.893213882129558,16.284401058749033,17.751071536898746,17.834173672585685,18.675883203679668
0.0,0.6550016734265636,3.1999255242960496,6.762717725698188,11.852729860886775,13.704060772579174,15.893213882129558,16.284401058749033,17.751071536898746,17.834173672585685,18.675883203679668
0.0,0.6550016734265636,3.1999255242960496,6.762717725698188,11.852729860886775,13.704060772579174,15.893213882129558,16.284401058749033,17.751071536898746,17.834173672585685,18.675883203679668
0.0,0.6550016734265636,3.1999255242960496,6.762717725698188,11.852729860886775,13.704060772579174,15.893213882129558,16.284401058749033,17.751071536898746,17.834173672585685,18.675883203679668
0.0,0.6550016734265636,3.1999255242960496,6.762717725698188,11.852729860886775,13.704060772579174,15.893213882129558,16.284401058749033,17.751071536898746,17.834173672585685,18.675883203679668
0.0,0.6550016734265636,3.1999255242960496,6.762717725698188,11.852729860886775,13.704060772579174,15.893213882129558,16.284401058749033,17.751071536898746,17.834173672585685,18.675883203679668
0.0,0.6550016734265636,3.1999255242960496,6.762717725698188,11.852729860886775,13.704060772579174,15.893213882129558,16.284401058749033,17.751071536898746,17.834173672585685,18.675883203679668
0.0,0.6550016734265636,3.1999255242960496,6.762717725698188,11.852729860886775,13.704060772579174,15.795843982507312,16.284401058749033,17.75573891712226,17.89793590485325,18.675883203679668
0.0,0.6550016734265636,3.1999255242960496,6.762717725698188,11.852729860886775,13.704060772579174,15.795843982507312,16.284401058749033,17.75573891712226,17.89793590485325,18.675883203679668
0.0,0.6550016734265636,3.1999255242960496,6.762717725698188,11.852729860886775,13.704060772579174,15.795843982507312,16.284401058749033,17.75573891712226,17.89793590485325,18.675883203679668
0.0,0.6550016734265636,3.1999255242960496,6.762717725698188,11.852729860886775,13.704060772579174,15.795843982507312,16.284401058749033,17.75573891712226,17.89793590485325,18.675883203679668
0.0,0.6550016734265636,3.1999255242960496,6.762717725698188,11.852729860886775,13.704060772579174,15.727275234020427,16.289194926241485,17.703221403062567,17.89793590485325,18.675883203679668
0.0,0.6550016734265636,3.1999255242960496,6.762717725698188,11.852729860886775,13.704060772579174,15.727275234020427,16.289194926241485,17.703221403062567,17.89793590485325,18.675883203679668
0.0,0.6550016734265636,3.1999255242960496,6.762717725698188,11.852729860886775,13.704060772579174,15.727275234020427,16.289194926241485,17.703221403062567,17.89793590485325,18.675883203679668
0.0,0.6550016734265636,3.1999255242960496,6.762717725698188,11.852729860886775,13.704060772579174,15.727275234020427,16.289194926241485,17.703221403062567,17.89793590485325,18.675883203679668
0.0,0.6550016734265636,3.1999255242960496,6.762717725698188,11.852729860886775,13.704060772579174,15.727275234020427,16.289194926241485,17.703221403062567,17.89793590485325,18.675883203679668
0.0,0.6550016734265636,3.1999255242960496,6.762717725698188,11.852729860886775,13.647887776447423,15.727275234020427,16.289194926241485,17.694367294237473,17.89793590485325,18.675883203679668
0.0,0.6550016734265636,3.1999255242960496,6.762717725698188,11.810306030887697,13.647887776447423,15.727275234020427,16.289194926241485,17.694367294237473,17.89793590485325,18.675883203679668
0.0,0.6550016734265636,3.1999255242960496,6.762717725698188,11.810306030887697,13.647887776447423,15.727275234020427,16.289194926241485,17.694367294237473,17.89793590485325,18.675883203679668
0.0,0.6550016734265636,3.1999255242960496,6.762717725698188,11.810306030887697,13.647887776447423,15.727275234020427,16.289194926241485,17.694367294237473,17.89793590485325,18.675883203679668
0.0,0.6550016734265636,3.1999255242960496,6.762717725698188,11.810306030887697,13.647887776447423,15.727275234020427,16.289194926241485,17.694367294237473,17.89793590485325,18.675883203679668
0.0,0.6550016734265636,3.1999255242960496,6.762717725698188,11.810306030887697,13.647887776447423,15.656530904507928,16.073685917438723,17.694367294237473,17.89793590485325,18.675883203679668
0.0,0.6550016734265636,3.1999255242960496,6.762717725698188,11.810306030887697,13.647887776447423,15.656530904507928,16.073685917438723,17.694367294237473,17.89793590485325,18.675883203679668
0.0,0.6550016734265636,3.1999255242960496,6.762717725698188,11.810306030887697,13.564848884394937,15.466534377848342,15.987687223293301,17.694367294237473,17.676684374041077,18.60704883192802
0.0,0.6550016734265636,3.1999255242960496,6.762717725698188,11.810306030887697,13.564848884394937,15.466534377848342,15.987687223293301,17.694367294237473,17.676684374041077,18.60704883192802
0.0,0.6550016734265636,3.1999255242960496,6.762717725698188,11.810306030887697,13.564848884394937,15.466534377848342,15.987687223293301,17.694367294237473,17.676684374041077,18.60704883192802
0.0,0.6550016734265636,3.1999255242960496,6.762717725698188,11.810306030887697,13.564848884394937,15.466534377848342,15.987687223293301,17.694367294237473,17.676684374041077,18.60704883192802
0.0,0.6550016734265636,3.1999255242960496,6.762717725698188,11.810306030887697,13.564848884394937,15.32219975527244,15.691023982745115,17.694367294237473,17.676684374041077,18.60704883192802
0.0,0.6550016734265636,3.1999255242960496,6.762717725698188,11.810306030887697,13.564848884394937,15.32219975527244,15.691023982745115,17.694367294237473,17.676684374041077,18.60704883192802
0.0,0.6550016734265636,3.1999255242960496,6.762717725698188,11.810306030887697,13.564848884394937,15.32219975527244,15.691023982745115,17.694367294237473,17.676684374041077,18.60704883192802
0.0,0.6550016734265636,3.1999255242960496,6.762717725698188,11.810306030887697,13.564848884394937,15.32219975527244,15.691023982745115,17.694367294237473,17.676684374041077,18.60704883192802
0.0,0.6550016734265636,3.1999255242960496,6.762717725698188,11.810306030887697,13.564848884394937,15.32219975527244,15.691023982745115,17.694367294237473,17.676684374041077,18.60704883192802
0.0,0.6550016734265636,3.1999255242960496,6.762717725698188,11.810306030887697,13.564848884394937,15.32219975527244,15.691023982745115,17.694367294237473,17.676684374041077,18.60704883192802
0.0,0.6550016734265636,3.1999255242960496,6.762717725698188,11.810306030887697,13.564848884394937,15.32219975527244,15.691023982745115,17.694367294237473,17.676684374041077,18.60704883192802
0.0,0.6550016734265636,3.1999255242960496,6.762717725698188,11.810306030887697,13.564848884394937,15.32219975527244,15.691023982745115,17.694367294237473,17.676684374041077,18.60704883192802
0.0,0.6550016734265636,3.1999255242960496,6.762717725698188,11.810306030887697,13.564848884394937,15.32219975527244,15.691023982745115,17.694367294237473,17.676684374041077,18.60704883192802
0.0,0.6550016734265636,3.1999255242960496,6.762717725698188,11.810306030887697,13.447481347554893,15.316887289977387,15.691023982745115,17.632299991373582,17.676684374041077,18.60704883192802
0.0,0.6550016734265636,3.1999255242960496,6.762717725698188,11.810306030887697,13.447481347554893,15.316887289977387,15.691023982745115,17.632299991373582,17.676684374041077,18.60704883192802
0.0,0.6550016734265636,3.1999255242960496,6.762717725698188,11.810306030887697,13.447481347554893,15.316887289977387,15.691023982745115,17.632299991373582,17.676684374041077,18.60704883192802
0.0,0.6550016734265636,3.1999255242960496,6.762717725698188,11.810306030887697,13.447481347554893,15.316887289977387,15.691023982745115,17.632299991373582,17.676684374041077,18.60704883192802
0.0,0.6550016734265636,3.1999255242960496,6.762717725698188,11.810306030887697,13.447481347554893,15.316887289977387,15.691023982745115,17.632299991373582,17.676684374041077,18.60704883192802
0.0,0.6550016734265636,3.1999255242960496,6.762717725698188,11.810306030887697,13.447481347554893,15.316887289977387,15.691023982745115,17.632299991373582,17.676684374041077,18.60704883192802
0.0,0.6550016734265636,3.1999255242960496,6.762717725698188,11.810306030887697,13.447481347554893,15.316887289977387,15.691023982745115,17.632299991373582,17.676684374041077,18.60704883192802
0.0,0.6550016734265636,3.1999255242960496,6.762717725698188,11.810306030887697,13.447481347554893,15.316887289977387,15.691023982745115,17.632299991373582,17.676684374041077,18.60704883192802
0.0,0.6550016734265636,3.1999255242960496,6.762717725698188,11.810306030887697,13.447481347554893,15.316887289977387,15.691023982745115,17.632299991373582,17.676684374041077,18.60704883192802
0.0,0.6550016734265636,3.1999255242960496,6.762717725698188,11.810306030887697,13.447481347554893,15.360727777388474,15.691023982745115,17.632299991373582,17.676684374041077,18.60704883192802
0.0,0.6550016734265636,3.1999255242960496,6.762717725698188,11.810306030887697,13.447481347554893,15.360727777388474,15.691023982745115,17.632299991373582,17.676684374041077,18.60704883192802
0.0,0.6550016734265636,3.1999255242960496,6.762717725698188,11.810306030887697,13.417174997919284,15.360727777388474,15.691023982745115,17.632299991373582,17.676684374041077,18.60704883192802
0.0,0.6550016734265636,3.1999255242960496,6.762717725698188,11.810306030887697,13.417174997919284,15.360727777388474,15.691023982745115,17.632299991373582,17.676684374041077,18.60704883192802
0.0,0.6550016734265636,3.1999255242960496,6.762717725698188,11.810306030887697,13.417174997919284,15.360727777388474,15.691023982745115,17.632299991373582,17.676684374041077,18.60704883192802
0.0,0.6550016734265636,3.1999255242960496,6.762717725698188,11.810306030887697,13.417174997919284,15.360727777388474,15.691023982745115,17.632299991373582,17.676684374041077,18.60704883192802
0.0,0.6550016734265636,3.1999255242960496,6.762717725698188,11.810306030887697,13.417174997919284,15.360727777388474,15.691023982745115,17.632299991373582,17.676684374041077,18.60704883192802
0.0,0.6550016734265636,3.1999255242960496,6.762717725698188,11.810306030887697,13.417174997919284,15.360727777388474,15.558440027452807,17.632299991373582,17.676684374041077,18.511019697356446
0.0,0.6550016734265636,3.1999255242960496,6.762717725698188,11.810306030887697,13.417174997919284,15.360727777388474,15.558440027452807,17.632299991373582,17.676684374041077,18.511019697356446
0.0,0.6550016734265636,3.1999255242960496,6.762717725698188,11.810306030887697,13.417174997919284,15.360727777388474,15.558440027452807,17.632299991373582,17.676684374041077,18.511019697356446
0.0,0.6550016734265636,3.1999255242960496,6.762717725698188,11.810306030887697,13.417174997919284,15.360727777388474,15.558440027452807,17.632299991373582,17.676684374041077,18.511019697356446
0.0,0.6550016734265636,3.1999255242960496,6.762717725698188,11.810306030887697,13.417174997919284,15.360727777388474,15.558440027452807,17.632299991373582,17.676684374041077,18.511019697356446
0.0,0.6550016734265636,3.1999255242960496,6.762717725698188,11.810306030887697,13.417174997919284,15.360727777388474,15.558440027452807,17.632299991373582,17.676684374041077,18.511019697356446
0.0,0.6550016734265636,3.1999255242960496,6.762717725698188,11.810306030887697,13.417174997919284,15.360727777388474,15.558440027452807,17.632299991373582,17.676684374041077,18.511019697356446
0.0,0.6550016734265636,3.1999255242960496,6.762717725698188,11.810306030887697,13.417174997919284,15.360727777388474,15.558440027452807,17.632299991373582,17.676684374041077,18.511019697356446
0.0,0.6550016734265636,3.1999255242960496,6.762717725698188,11.810306030887697,13.417174997919284,15.360727777388474,15.558440027452807,17.632299991373582,17.676684374041077,18.511019697356446
0.0,0.6550016734265636,3.1999255242960496,6.762717725698188,11.810306030887697,13.417174997919284,15.360727777388474,15.558440027452807,17.58577797386115,17.676684374041077,18.47063231238714
0.0,0.6550016734265636,3.1999255242960496,6.762717725698188,11.810306030887697,13.417174997919284,15.360727777388474,15.558440027452807,17.58577797386115,17.676684374041077,18.47063231238714
0.0,0.6550016734265636,3.1999255242960496,6.762717725698188,11.666123193034503,13.343862976847525,15.360727777388474,15.558440027452807,17.58577797386115,17.676684374041077,18.47063231238714
0.0,0.6550016734265636,3.1999255242960496,6.762717725698188,11.666123193034503,13.502478012085609,15.271415116797094,15.556998072587009,17.457621072981393,17.676684374041077,18.47063231238714
0.0,0.6550016734265636,3.1999255242960496,6.762717725698188,11.666123193034503,13.502478012085609,15.271415116797094,15.556998072587009,17.457621072981393,17.676684374041077,18.47063231238714
0.0,0.6550016734265636,3.1999255242960496,6.762717725698188,11.666123193034503,13.502478012085609,15.271415116797094,15.556998072587009,17.457621072981393,17.676684374041077,18.47063231238714
0.0,0.6550016734265636,3.1999255242960496,6.762717725698188,11.666123193034503,13.502478012085609,15.271415116797094,15.556998072587009,17.457621072981393,17.676684374041077,18.47063231238714
0.0,0.6550016734265636,3.1999255242960496,6.762717725698188,11.666123193034503,13.502478012085609,15.271415116797094,15.749157531545302,17.457621072981393,17.676684374041077,18.47063231238714
0.0,0.6550016734265636,3.1999255242960496,6.762717725698188,11.666123193034503,13.502478012085609,15.271415116797094,15.749157531545302,17.457621072981393,17.676684374041077,18.47063231238714
0.0,0.6550016734265636,3.1999255242960496,6.762717725698188,11.666123193034503,13.502478012085609,15.271415116797094,15.749157531545302,17.457621072981393,17.676684374041077,18.47063231238714
0.0,0.6550016734265636,3.1999255242960496,6.762717725698188,11.666123193034503,13.502478012085609,15.271415116797094,15.749157531545302,17.457621072981393,17.676684374041077,18.47063231238714
0.0,0.6550016734265636,3.1999255242960496,6.762717725698188,11.666123193034503,13.502478012085609,15.271415116797094,15.749157531545302,17.457621072981393,17.676684374041077,18.47063231238714
0.0,0.6550016734265636,3.1999255242960496,6.762717725698188,11.666123193034503,13.502478012085609,15.271415116797094,15.749157531545302,17.457621072981393,17.676684374041077,18.47063231238714
0.0,0.6550016734265636,3.1999255242960496,6.762717725698188,11.666123193034503,13.502478012085609,15.271415116797094,15.749157531545302,17.457621072981393,17.676684374041077,18.47063231238714
0.0,0.6550016734265636,3.1999255242960496,6.762717725698188,11.666123193034503,13.502478012085609,15.271415116797094,15.749157531545302,17.457621072981393,17.676684374041077,18.47063231238714
0.0,0.6550016734265636,3.1999255242960496,6.762717725698188,11.666123193034503,13.502478012085609,15.271415116797094,15.749157531545302,17.457621072981393,17.676684374041077,18.47063231238714
0.0,0.6550016734265636,3.1999255242960496,6.762717725698188,11.666123193034503,13.502478012085609,15.271415116797094,15.749157531545302,17.457621072981393,17.676684374041077,18.47063231238714
0.0,0.6550016734265636,3.1999255242960496,6.762717725698188,11.666123193034503,13.502478012085609,15.271415116797094,15.749157531545302,17.457621072981393,17.676684374041077,18.47063231238714
0.0,0.6550016734265636,3.1999255242960496,6.762717725698188,11.666123193034503,13.502478012085609,15.271415116797094,15.749157531545302,17.457621072981393,17.676684374041077,18.47063231238714
0.0,0.6550016734265636,3.1999255242960496,6.762717725698188,11.666123193034503,13.502478012085609,15.271415116797094,15.749157531545302,17.457621072981393,17.676684374041077,18.47063231238714
0.0,0.6550016734265636,3.1999255242960496,6.762717725698188,11.666123193034503,13.502478012085609,15.271415116797094,15.749157531545302,17.457621072981393,17.676684374041077,18.47063231238714
0.0,0.6550016734265636,3.1999255242960496,6.762717725698188,11.666123193034503,13.502478012085609,15.271415116797094,15.749157531545302,17.457621072981393,17.676684374041077,18.47063231238714
0.0,0.6550016734265636,3.1999255242960496,6.762717725698188,11.666123193034503,13.511180336187989,15.271415116797094,15.749157531545302,17.457621072981393,17.676684374041077,18.47063231238714
0.0,0.6550016734265636,3.1999255242960496,6.762717725698188,11.666123193034503,13.511180336187989,15.271415116797094,15.749157531545302,17.457621072981393,17.676684374041077,18.47063231238714
0.0,0.6550016734265636,3.1999255242960496,6.762717725698188,11.666123193034503,13.511180336187989,15.10896751731042,15.894073995558275,17.457621072981393,17.676684374041077,18.47063231238714
0.0,0.6550016734265636,3.1999255242960496,6.762717725698188,11.666123193034503,13.511180336187989,15.10896751731042,15.894073995558275,17.457621072981393,17.676684374041077,18.47063231238714
0.0,0.6550016734265636,3.1999255242960496,6.762717725698188,11.666123193034503,13.511180336187989,15.10896751731042,15.894073995558275,17.457621072981393,17.676684374041077,18.47063231238714
0.0,0.6550016734265636,3.1999255242960496,6.762717725698188,11.666123193034503,13.511180336187989,15.10896751731042,15.894073995558275,17.457621072981393,17.676684374041077,18.47063231238714
0.0,0.6550016734265636,3.1999255242960496,6.762717725698188,11.666123193034503,13.511180336187989,15.10896751731042,15.894073995558275,17.457621072981393,17.676684374041077,18.47063231238714
0.0,0.6550016734265636,3.1999255242960496,6.762717725698188,11.666123193034503,13.511180336187989,15.10896751731042,15.907140130438735,17.429642089094102,17.676684374041077,18.451633924593864
0.0,0.6550016734265636,3.1999255242960496,6.762717725698188,11.666123193034503,13.423600551180925,15.162598119336687,15.907140130438735,17.45215682296361,17.676684374041077,18.451633924593864
0.0,0.6550016734265636,3.1999255242960496,6.762717725698188,11.666123193034503,13.423600551180925,15.162598119336687,15.908227920951532,17.45215682296361,17.676684374041077,18.457110823338528
0.0,0.6550016734265636,3.1999255242960496,6.762717725698188,11.582085051557478,13.423600551180925,15.162598119336687,15.908227920951532,17.45215682296361,17.676684374041077,18.546676458467786
0.0,0.6550016734265636,3.1999255242960496,6.762717725698188,11.317157466783817,13.362342766838184,15.162598119336687,15.908227920951532,17.45215682296361,17.676684374041077,18.546676458467786
0.0,0.6550016734265636,3.1999255242960496,6.762717725698188,11.317157466783817,13.362342766838184,15.162598119336687,15.908227920951532,17.45215682296361,17.676684374041077,18.546676458467786
0.0,0.6550016734265636,3.1999255242960496,6.762717725698188,11.317157466783817,13.362342766838184,15.162598119336687,15.908227920951532,17.45215682296361,17.676684374041077,18.546676458467786
0.0,0.6550016734265636,3.1999255242960496,6.762717725698188,11.317157466783817,13.362342766838184,15.162598119336687,15.908227920951532,17.45215682296361,17.676684374041077,18.546676458467786
0.0,0.6550016734265636,3.1999255242960496,6.762717725698188,11.317157466783817,13.362342766838184,15.162598119336687,15.908227920951532,17.45215682296361,17.676684374041077,18.546676458467786
0.0,0.6550016734265636,3.1999255242960496,6.762717725698188,11.317157466783817,13.362342766838184,15.162598119336687,15.908227920951532,17.45215682296361,17.676684374041077,18.546676458467786
0.0,0.6550016734265636,3.1999255242960496,6.762717725698188,11.317157466783817,13.362342766838184,15.162598119336687,15.908227920951532,17.45215682296361,17.676684374041077,18.546676458467786
0.0,0.6550016734265636,3.1999255242960496,6.762717725698188,11.317157466783817,13.362342766838184,15.162598119336687,15.908227920951532,17.45215682296361,17.676684374041077,18.546676458467786
0.0,0.6550016734265636,3.1999255242960496,6.762717725698188,11.317157466783817,13.362342766838184,15.162598119336687,15.908227920951532,17.45215682296361,17.676684374041077,18.546676458467786
0.0,0.6550016734265636,3.1999255242960496,6.762717725698188,11.317157466783817,13.362342766838184,15.162598119336687,15.908227920951532,17.45215682296361,17.676684374041077,18.546676458467786
0.0,0.6550016734265636,3.1999255242960496,6.762717725698188,11.317157466783817,13.362342766838184,15.162598119336687,15.908227920951532,17.45215682296361,17.676684374041077,18.546676458467786
0.0,0.6550016734265636,3.1999255242960496,6.791215307388092,11.239140119307848,13.362760174825656,15.19791336482193,15.936282797200194,17.372001840642742,17.722548657755052,18.59149089784964
0.0,0.6550016734265636,3.1999255242960496,6.791215307388092,11.239140119307848,13.362760174825656,15.19791336482193,15.936282797200194,17.372001840642742,17.722548657755052,18.59149089784964
0.0,0.6550016734265636,3.1999255242960496,6.791215307388092,11.239140119307848,13.362760174825656,15.19791336482193,15.936282797200194,17.372001840642742,17.722548657755052,18.59149089784964
0.0,0.6550016734265636,3.1999255242960496,6.791215307388092,11.239140119307848,13.362760174825656,15.19791336482193,15.936282797200194,17.372001840642742,17.722548657755052,18.59149089784964
0.0,0.6550016734265636,3.1999255242960496,6.791215307388092,11.239140119307848,13.362760174825656,15.19791336482193,15.936282797200194,17.372001840642742,17.722548657755052,18.59149089784964
0.0,0.6550016734265636,3.1999255242960496,6.791215307388092,11.239140119307848,13.362760174825656,15.19791336482193,15.936282797200194,17.372001840642742,17.722548657755052,18.59149089784964
0.0,0.6550016734265636,3.1999255242960496,6.791215307388092,11.239140119307848,13.362760174825656,15.19791336482193,15.936282797200194,17.372001840642742,17.722548657755052,18.59149089784964
0.0,0.6550016734265636,3.1999255242960496,6.791215307388092,11.239140119307848,13.362760174825656,15.19791336482193,15.936282797200194,17.372001840642742,17.722548657755052,18.59149089784964
0.0,0.6550016734265636,3.1999255242960496,6.791215307388092,11.239140119307848,13.362760174825656,15.19791336482193,15.936282797200194,17.372001840642742,17.722548657755052,18.59149089784964
0.0,0.6550016734265636,3.1999255242960496,6.791215307388092,11.239140119307848,13.362760174825656,15.19791336482193,15.936282797200194,17.372001840642742,17.722548657755052,18.59149089784964
0.0,0.6550016734265636,3.1999255242960496,6.791215307388092,11.239140119307848,13.362760174825656,15.19791336482193,15.936282797200194,17.372001840642742,17.722548657755052,18.59149089784964
0.0,0.6550016734265636,3.177157815888669,6.761098688655887,11.181322788680003,13.48135463817432,15.19791336482193,15.936282797200194,17.598793513834046,17.84448238500348,18.668192777728727
0.0,0.6550016734265636,3.177157815888669,6.761098688655887,11.181322788680003,13.48135463817432,15.19791336482193,15.936282797200194,17.598793513834046,17.84448238500348,18.668192777728727
0.0,0.6550016734265636,3.177157815888669,6.761098688655887,11.181322788680003,13.48135463817432,15.19791336482193,15.936282797200194,17.598793513834046,17.84448238500348,18.668192777728727
0.0,0.6550016734265636,3.177157815888669,6.761098688655887,11.181322788680003,13.48135463817432,15.19791336482193,15.936282797200194,17.598793513834046,17.84448238500348,18.668192777728727
0.0,0.6550016734265636,3.177157815888669,6.761098688655887,11.181322788680003,13.48135463817432,15.19791336482193,15.936282797200194,17.598793513834046,17.84448238500348,18.668192777728727
0.0,0.6550016734265636,3.177157815888669,6.761098688655887,11.181322788680003,13.48135463817432,15.19791336482193,15.936282797200194,17.598793513834046,17.84448238500348,18.668192777728727
0.0,0.6550016734265636,3.177157815888669,6.761098688655887,10.931535729997252,13.383592628018413,15.19791336482193,15.816904112784153,17.598793513834046,17.84448238500348,18.668192777728727
0.0,0.6550016734265636,3.177157815888669,6.761098688655887,10.931535729997252,13.383592628018413,15.19791336482193,15.816904112784153,17.598793513834046,17.84448238500348,18.668192777728727
0.0,0.6550016734265636,3.177157815888669,6.761098688655887,10.931535729997252,13.383592628018413,15.19791336482193,15.816904112784153,17.598793513834046,17.84448238500348,18.668192777728727
0.0,0.6550016734265636,3.177157815888669,6.761098688655887,10.931535729997252,13.383592628018413,15.19791336482193,15.816904112784153,17.598793513834046,17.84448238500348,18.668192777728727
0.0,0.6550016734265636,3.177157815888669,6.761098688655887,10.931535729997252,13.383592628018413,15.19791336482193,15.816904112784153,17.598793513834046,17.84448238500348,18.668192777728727
0.0,0.6550016734265636,3.177157815888669,6.761098688655887,10.931535729997252,13.383592628018413,15.19791336482193,15.816904112784153,17.598793513834046,17.84448238500348,18.668192777728727
0.0,0.6550016734265636,3.177157815888669,6.761098688655887,10.931535729997252,13.383592628018413,15.244233002704052,15.816904112784153,17.61584399768579,17.92088069543713,18.722734088091308
0.0,0.6550016734265636,3.177157815888669,6.761098688655887,10.931535729997252,13.383592628018413,15.244233002704052,15.816904112784153,17.61584399768579,17.92088069543713,18.722734088091308
0.0,0.6550016734265636,3.177157815888669,6.761098688655887,10.931535729997252,13.320665211725787,15.200013053486153,15.715461323102378,17.642659298698927,17.92088069543713,18.722734088091308
0.0,0.6550016734265636,3.177157815888669,6.761098688655887,10.931535729997252,13.32700222389917,15.200013053486153,15.657163340852575,17.642659298698927,17.92088069543713,18.722734088091308
0.0,0.6550016734265636,3.177157815888669,6.761098688655887,10.931535729997252,13.32700222389917,15.200013053486153,15.657163340852575,17.642659298698927,17.92088069543713,18.722734088091308
0.0,0.6550016734265636,3.177157815888669,6.761098688655887,10.931535729997252,13.32700222389917,15.200013053486153,15.657163340852575,17.642659298698927,17.92088069543713,18.722734088091308
0.0,0.6550016734265636,3.177157815888669,6.761098688655887,10.931535729997252,13.32700222389917,15.200013053486153,15.657163340852575,17.616438487849763,17.92088069543713,18.722734088091308
0.0,0.6550016734265636,3.177157815888669,6.761098688655887,10.931535729997252,13.32700222389917,15.200013053486153,15.657163340852575,17.616438487849763,17.92088069543713,18.722734088091308
0.0,0.6550016734265636,3.177157815888669,6.761098688655887,10.931535729997252,13.32700222389917,15.200013053486153,15.657163340852575,17.616438487849763,17.92088069543713,18.722734088091308
0.0,0.6550016734265636,3.177157815888669,6.761098688655887,10.931535729997252,13.32700222389917,15.200013053486153,15.657163340852575,17.616438487849763,17.92088069543713,18.722734088091308
0.0,0.6550016734265636,3.177157815888669,6.761098688655887,10.931535729997252,13.32700222389917,15.200013053486153,15.657163340852575,17.616438487849763,17.92088069543713,18.722734088091308
0.0,0.6550016734265636,3.177157815888669,6.761098688655887,10.931535729997252,13.32700222389917,15.200013053486153,15.657163340852575,17.616438487849763,17.92088069543713,18.722734088091308
0.0,0.6550016734265636,3.177157815888669,6.761098688655887,10.931535729997252,13.32700222389917,15.200013053486153,15.657163340852575,17.616438487849763,17.92088069543713,18.722734088091308
0.0,0.6550016734265636,3.177157815888669,6.761098688655887,10.931535729997252,13.32700222389917,15.200013053486153,15.657163340852575,17.616438487849763,17.92088069543713,18.659768725618008
0.0,0.6550016734265636,3.177157815888669,6.761098688655887,10.931535729997252,13.32700222389917,15.200013053486153,15.657163340852575,17.616438487849763,17.92088069543713,18.659768725618008
0.0,0.6550016734265636,3.177157815888669,6.761098688655887,10.931535729997252,13.32700222389917,15.200013053486153,15.657163340852575,17.53116077113723,17.92088069543713,18.659768725618008
0.0,0.6550016734265636,3.177157815888669,6.761098688655887,10.931535729997252,13.32700222389917,15.200013053486153,15.657163340852575,17.53116077113723,17.92088069543713,18.659768725618008
0.0,0.6550016734265636,3.177157815888669,6.761098688655887,10.931535729997252,13.32700222389917,15.150404746611844,15.657163340852575,17.53116077113723,17.92088069543713,18.659768725618008
0.0,0.6550016734265636,3.177157815888669,6.761098688655887,10.931535729997252,13.32700222389917,15.150404746611844,15.657163340852575,17.53116077113723,17.92088069543713,18.659768725618008
0.0,0.6550016734265636,3.177157815888669,6.761098688655887,10.931535729997252,13.32700222389917,15.151758160389406,15.657163340852575,17.53116077113723,17.92088069543713,18.659768725618008
0.0,0.6550016734265636,3.177157815888669,6.761098688655887,10.931535729997252,13.32700222389917,15.151758160389406,15.657163340852575,17.53116077113723,17.92088069543713,18.659768725618008
0.0,0.6550016734265636,3.177157815888669,6.761098688655887,10.931535729997252,13.32700222389917,15.151758160389406,15.657163340852575,17.53116077113723,17.92088069543713,18.659768725618008
0.0,0.6550016734265636,3.177157815888669,6.761098688655887,10.931535729997252,13.32700222389917,15.151758160389406,15.657163340852575,17.53116077113723,17.84914976522698,18.659768725618008
0.0,0.6550016734265636,3.177157815888669,6.761098688655887,10.931535729997252,13.32700222389917,15.151758160389406,15.657163340852575,17.53116077113723,17.84914976522698,18.659768725618008
0.0,0.6550016734265636,3.177157815888669,6.761098688655887,10.931535729997252,13.32700222389917,15.151758160389406,15.657163340852575,17.53116077113723,17.84914976522698,18.659768725618008
0.0,0.6550016734265636,3.177157815888669,6.761098688655887,10.931535729997252,13.32700222389917,15.151758160389406,15.657163340852575,17.53116077113723,17.84914976522698,18.659768725618008
0.0,0.6550016734265636,3.177157815888669,6.761098688655887,10.931535729997252,13.32700222389917,15.151758160389406,15.657163340852575,17.53116077113723,17.84914976522698,18.659768725618008
0.0,0.6550016734265636,3.177157815888669,6.761098688655887,10.896207835785123,13.32700222389917,15.151758160389406,15.657163340852575,17.53116077113723,17.84914976522698,18.659768725618008
0.0,0.6602382463602788,3.1971301556527094,6.761098688655887,10.896207835785123,13.354829423063746,15.243474079090467,15.629955929305764,17.53116077113723,17.84914976522698,18.773379590570833
0.0,0.6602382463602788,3.1971301556527094,6.761098688655887,10.896207835785123,13.354829423063746,15.243474079090467,15.629955929305764,17.53116077113723,17.84914976522698,18.773379590570833
0.0,0.6602382463602788,3.1971301556527094,6.761098688655887,10.896207835785123,13.354829423063746,15.243474079090467,15.629955929305764,17.53116077113723,17.84914976522698,18.773379590570833
0.0,0.6602382463602788,3.1971301556527094,6.761098688655887,10.896207835785123,13.354829423063746,15.243474079090467,15.629955929305764,17.53116077113723,17.84914976522698,18.773379590570833
0.0,0.6602382463602788,3.1971301556527094,6.761098688655887,10.896207835785123,13.354829423063746,15.243474079090467,15.629955929305764,17.53116077113723,17.84914976522698,18.773379590570833
0.0,0.6602382463602788,3.1971301556527094,6.761098688655887,10.896207835785123,13.354829423063746,15.243474079090467,15.574883372413694,17.53116077113723,17.84914976522698,18.683598927084397
0.0,0.6602382463602788,3.1971301556527094,6.761098688655887,10.896207835785123,13.354829423063746,15.243474079090467,15.574883372413694,17.53116077113723,17.84914976522698,18.683598927084397
0.0,0.6602382463602788,3.1971301556527094,6.761098688655887,10.896207835785123,13.354829423063746,15.243474079090467,15.574883372413694,17.53116077113723,17.84914976522698,18.683598927084397
0.0,0.6602382463602788,3.1971301556527094,6.761098688655887,10.896207835785123,13.354829423063746,15.243474079090467,15.574883372413694,17.53116077113723,17.84914976522698,18.683598927084397
0.0,0.6602382463602788,3.1971301556527094,6.761098688655887,10.896207835785123,13.354829423063746,15.243474079090467,15.574883372413694,17.53116077113723,17.84914976522698,18.683598927084397
0.0,0.6602382463602788,3.1971301556527094,6.761098688655887,10.896207835785123,13.354829423063746,15.243474079090467,15.574883372413694,17.53116077113723,17.84914976522698,18.683598927084397
0.0,0.6602382463602788,3.1971301556527094,6.761098688655887,10.896207835785123,13.354829423063746,15.243474079090467,15.574883372413694,17.53116077113723,17.84914976522698,18.683598927084397
0.0,0.6602382463602788,3.1971301556527094,6.761098688655887,10.896207835785123,13.354829423063746,15.243474079090467,15.574883372413694,17.560164301902848,17.842597724696418,18.688089225131414
0.0,0.6602382463602788,3.1971301556527094,6.761098688655887,10.896207835785123,13.354829423063746,15.243474079090467,15.574883372413694,17.560164301902848,17.842597724696418,18.688089225131414
0.0,0.6602382463602788,3.1971301556527094,6.761098688655887,10.896207835785123,13.354829423063746,15.243474079090467,15.574883372413694,17.560164301902848,17.842597724696418,18.688089225131414
0.0,0.6602382463602788,3.1971301556527094,6.761098688655887,10.896207835785123,13.354829423063746,15.243474079090467,15.574883372413694,17.560164301902848,17.842597724696418,18.688089225131414
0.0,0.6602382463602788,3.1971301556527094,6.761098688655887,10.896207835785123,13.354829423063746,15.243474079090467,15.574883372413694,17.560164301902848,17.842597724696418,18.688089225131414
0.0,0.6602382463602788,3.1971301556527094,6.761098688655887,10.896207835785123,13.354829423063746,15.243474079090467,15.574883372413694,17.560164301902848,17.842597724696418,18.688089225131414
0.0,0.6602382463602788,3.1971301556527094,6.761098688655887,10.896207835785123,13.354829423063746,15.243474079090467,15.466686162571053,17.327908378693778,17.633590161516654,18.688089225131414
0.0,0.6602382463602788,3.1971301556527094,6.761098688655887,10.896207835785123,13.354829423063746,15.243474079090467,15.466686162571053,17.327908378693778,17.633590161516654,18.688089225131414
0.0,0.6602382463602788,3.1971301556527094,6.761098688655887,10.896207835785123,13.354829423063746,15.243474079090467,15.466686162571053,17.327908378693778,17.633590161516654,18.688089225131414
0.0,0.6602382463602788,3.1971301556527094,6.761098688655887,10.896207835785123,13.354829423063746,15.243474079090467,15.466686162571053,17.327908378693778,17.633590161516654,18.688089225131414
0.0,0.6602382463602788,3.1971301556527094,6.761098688655887,10.896207835785123,13.354829423063746,15.243474079090467,15.466686162571053,17.327908378693778,17.633590161516654,18.688089225131414
0.0,0.6602382463602788,3.1971301556527094,6.761098688655887,10.896207835785123,13.354829423063746,15.243474079090467,15.466686162571053,17.327908378693778,17.633590161516654,18.688089225131414
0.0,0.6602382463602788,3.1971301556527094,6.761098688655887,10.896207835785123,13.283908011374745,15.187225190597339,15.344891571318463,17.286142282493124,17.565653849374417,18.69996637968393
0.0,0.6602382463602788,3.1971301556527094,6.761098688655887,10.896207835785123,13.283908011374745,15.187225190597339,15.344891571318463,17.286142282493124,17.565653849374417,18.69996637968393
0.0,0.6602382463602788,3.1971301556527094,6.761098688655887,10.896207835785123,13.283908011374745,15.187225190597339,15.344891571318463,17.286142282493124,17.565653849374417,18.69996637968393
0.0,0.6602382463602788,3.1971301556527094,6.761098688655887,10.896207835785123,13.283908011374745,15.187225190597339,15.344891571318463,17.15157247707861,17.565653849374417,18.69996637968393
0.0,0.6602382463602788,3.1971301556527094,6.761098688655887,10.896207835785123,13.283908011374745,15.187225190597339,15.344891571318463,17.15157247707861,17.565653849374417,18.69996637968393
0.0,0.6602382463602788,3.1971301556527094,6.761098688655887,10.896207835785123,13.283908011374745,15.187225190597339,15.344891571318463,17.15157247707861,17.565653849374417,18.69996637968393
0.0,0.6602382463602788,3.1971301556527094,6.761098688655887,10.896207835785123,13.283908011374745,15.16006837395809,15.232861797227248,17.15157247707861,17.565653849374417,18.69996637968393
0.0,0.6602382463602788,3.1971301556527094,6.761098688655887,10.896207835785123,13.283908011374745,15.16006837395809,15.232861797227248,17.15157247707861,17.565653849374417,18.69996637968393
0.0,0.6602382463602788,3.1971301556527094,6.761098688655887,10.896207835785123,13.283908011374745,15.16006837395809,15.232861797227248,17.15157247707861,17.565653849374417,18.69996637968393
0.0,0.6602382463602788,3.1971301556527094,6.761098688655887,10.896207835785123,13.283908011374745,15.16006837395809,15.232861797227248,17.15157247707861,17.565653849374417,18.69996637968393
0.0,0.6602382463602788,3.1971301556527094,6.761098688655887,10.896207835785123,13.283908011374745,15.16006837395809,15.232861797227248,17.15157247707861,17.565653849374417,18.69996637968393
0.0,0.6602382463602788,3.1971301556527094,6.761098688655887,10.896207835785123,13.283908011374745,15.16006837395809,15.232861797227248,17.15157247707861,17.565653849374417,18.69996637968393
0.0,0.6602382463602788,3.1971301556527094,6.761098688655887,10.896207835785123,13.283908011374745,15.16006837395809,15.232861797227248,17.15157247707861,17.565653849374417,18.69996637968393
0.0,0.6602382463602788,3.1971301556527094,6.761098688655887,10.896207835785123,13.283908011374745,15.16006837395809,15.232861797227248,17.15157247707861,17.565653849374417,18.69996637968393
0.0,0.6602382463602788,3.1971301556527094,6.761098688655887,10.896207835785123,13.283908011374745,15.16006837395809,15.232861797227248,17.15157247707861,17.565653849374417,18.69996637968393
0.0,0.6602382463602788,3.1971301556527094,6.761098688655887,10.896207835785123,13.283908011374745,15.16006837395809,15.232861797227248,17.15157247707861,17.565653849374417,18.69996637968393
0.0,0.6602382463602788,3.1971301556527094,6.761098688655887,10.896207835785123,13.283908011374745,15.16006837395809,15.232861797227248,17.15157247707861,17.565653849374417,18.69996637968393
0.0,0.6602382463602788,3.1971301556527094,6.761098688655887,10.896207835785123,13.283908011374745,15.16006837395809,15.232861797227248,17.15157247707861,17.565653849374417,18.69996637968393
0.0,0.6602382463602788,3.1971301556527094,6.761098688655887,10.896207835785123,13.283908011374745,15.16006837395809,15.232861797227248,17.15157247707861,17.565653849374417,18.69996637968393
0.0,0.6602382463602788,3.1971301556527094,6.761098688655887,10.896207835785123,13.283908011374745,15.16006837395809,15.232861797227248,17.15157247707861,17.565653849374417,18.69996637968393
0.0,0.6602382463602788,3.1971301556527094,6.761098688655887,10.896207835785123,13.283908011374745,15.16006837395809,15.232861797227248,17.15157247707861,17.565653849374417,18.69996637968393
0.0,0.6602382463602788,3.1971301556527094,6.761098688655887,10.896207835785123,13.283908011374745,15.16006837395809,15.232861797227248,17.15157247707861,17.565653849374417,18.69996637968393
0.0,0.6602382463602788,3.1971301556527094,6.761098688655887,10.896207835785123,13.283908011374745,15.16006837395809,15.232861797227248,17.15157247707861,17.565653849374417,18.69996637968393
0.0,0.6602382463602788,3.1971301556527094,6.761098688655887,10.896207835785123,13.283908011374745,15.16006837395809,15.16976994748503,17.013536920495426,17.39552847266371,18.566142849156094
0.0,0.6602382463602788,3.1971301556527094,6.761098688655887,10.896207835785123,13.283908011374745,15.16006837395809,15.16976994748503,17.013536920495426,17.39552847266371,18.566142849156094
0.0,0.6602382463602788,3.1971301556527094,6.761098688655887,10.896207835785123,13.283908011374745,15.16006837395809,15.16976994748503,17.013536920495426,17.39552847266371,18.566142849156094
0.0,0.6602382463602788,3.1971301556527094,6.761098688655887,10.896207835785123,13.283908011374745,15.16006837395809,15.16976994748503,17.013536920495426,17.39552847266371,18.566142849156094
0.0,0.6602382463602788,3.1971301556527094,6.761098688655887,10.896207835785123,13.283908011374745,15.044357820341029,15.16976994748503,17.013536920495426,17.39552847266371,18.566142849156094
0.0,0.6602382463602788,3.1971301556527094,6.761098688655887,10.896207835785123,13.283908011374745,15.044357820341029,15.16976994748503,17.013536920495426,17.39552847266371,18.566142849156094
0.0,0.6602382463602788,3.1971301556527094,6.761098688655887,10.896207835785123,13.283908011374745,15.115051554945943,15.16976994748503,17.013536920495426,17.39552847266371,18.566142849156094
0.0,0.6602382463602788,3.1971301556527094,6.761098688655887,10.896207835785123,13.283908011374745,15.044357820341029,15.16976994748503,17.013536920495426,17.39552847266371,18.566142849156094
0.0,0.6602382463602788,3.1971301556527094,6.761098688655887,10.896207835785123,13.283908011374745,15.044357820341029,15.16976994748503,17.013536920495426,17.39552847266371,18.566142849156094
0.0,0.6602382463602788,3.1971301556527094,6.761098688655887,10.896207835785123,13.283908011374745,15.115051554945943,15.16976994748503,17.013536920495426,17.39552847266371,18.566142849156094
0.0,0.6602382463602788,3.1971301556527094,6.761098688655887,10.896207835785123,13.283908011374745,14.989196722360699,14.964063702024335,17.013536920495426,17.39552847266371,18.566142849156094
0.0,0.6602382463602788,3.1971301556527094,6.761098688655887,10.896207835785123,13.283908011374745,14.989196722360699,14.964063702024335,17.013536920495426,17.39552847266371,18.566142849156094
0.0,0.6602382463602788,3.1971301556527094,6.761098688655887,10.896207835785123,13.283908011374745,14.989196722360699,14.964063702024335,17.013536920495426,17.39552847266371,18.566142849156094
0.0,0.6602382463602788,3.1971301556527094,6.761098688655887,10.896207835785123,13.283908011374745,14.989196722360699,14.964063702024335,17.013536920495426,17.39552847266371,18.566142849156094
0.0,0.6602382463602788,3.1971301556527094,6.761098688655887,10.896207835785123,13.283908011374745,14.989196722360699,14.792445775540244,16.797939370604407,17.228679116218277,18.61651007964397
0.0,0.6602382463602788,3.1971301556527094,6.761098688655887,10.896207835785123,13.283908011374745,14.989196722360699,14.792445775540244,16.797939370604407,17.228679116218277,18.61651007964397
0.0,0.6602382463602788,3.1971301556527094,6.761098688655887,10.896207835785123,13.283908011374745,14.989196722360699,14.792445775540244,16.797939370604407,17.228679116218277,18.61651007964397
0.0,0.6602382463602788,3.1971301556527094,6.761098688655887,10.896207835785123,13.283908011374745,14.989196722360699,14.792445775540244,16.797939370604407,17.228679116218277,18.61651007964397
0.0,0.6602382463602788,3.1971301556527094,6.761098688655887,10.896207835785123,13.283908011374745,14.989196722360699,14.792445775540244,16.797939370604407,17.228679116218277,18.61651007964397
0.0,0.6602382463602788,3.1971301556527094,6.761098688655887,10.896207835785123,13.283908011374745,14.989196722360699,14.792445775540244,16.797939370604407,17.228679116218277,18.61651007964397
0.0,0.6602382463602788,3.1971301556527094,6.761098688655887,10.896207835785123,13.283908011374745,14.989196722360699,14.792445775540244,16.797939370604407,17.228679116218277,18.61651007964397
0.0,0.6602382463602788,3.1971301556527094,6.761098688655887,10.896207835785123,13.283908011374745,14.989196722360699,14.792445775540244,16.797939370604407,17.228679116218277,18.61651007964397
0.0,0.6602382463602788,3.1971301556527094,6.761098688655887,10.896207835785123,13.283908011374745,14.989196722360699,14.792445775540244,16.797939370604407,17.228679116218277,18.61651007964397
0.0,0.6602382463602788,3.1971301556527094,6.761098688655887,10.896207835785123,13.283908011374745,14.989196722360699,14.792445775540244,16.797939370604407,17.228679116218277,18.61651007964397
0.0,0.6602382463602788,3.1971301556527094,6.761098688655887,10.896207835785123,13.283908011374745,14.989196722360699,14.792445775540244,16.797939370604407,17.228679116218277,18.61651007964397
0.0,0.6602382463602788,3.1971301556527094,6.761098688655887,10.896207835785123,13.283908011374745,14.912785763200146,14.792445775540244,16.797939370604407,17.228679116218277,18.61651007964397
0.0,0.6602382463602788,3.1971301556527094,6.761098688655887,10.896207835785123,13.283908011374745,14.877457868988033,14.792445775540244,16.797939370604407,17.228679116218277,18.61651007964397
0.0,0.6602382463602788,3.1971301556527094,6.761098688655887,10.896207835785123,13.283908011374745,14.877457868988033,14.792445775540244,16.797939370604407,17.228679116218277,18.61651007964397
0.0,0.6602382463602788,3.1971301556527094,6.761098688655887,10.896207835785123,13.283908011374745,14.877457868988033,14.792445775540244,16.797939370604407,17.228679116218277,18.61651007964397
0.0,0.6602382463602788,3.1971301556527094,6.761098688655887,10.896207835785123,13.283908011374745,14.877457868988033,14.792445775540244,16.797939370604407,17.228679116218277,18.61651007964397
0.0,0.6602382463602788,3.1971301556527094,6.761098688655887,10.896207835785123,13.283908011374745,14.877457868988033,14.792445775540244,16.797939370604407,17.228679116218277,18.61651007964397
0.0,0.6602382463602788,3.1971301556527094,6.761098688655887,10.896207835785123,13.267818830766862,14.877457868988033,14.792445775540244,16.797939370604407,17.228679116218277,18.610818152542123
0.0,0.6602382463602788,3.1971301556527094,6.761098688655887,10.896207835785123,13.267818830766862,14.877457868988033,14.792445775540244,16.797939370604407,17.228679116218277,18.610818152542123
0.0,0.6602382463602788,3.1971301556527094,6.761098688655887,10.896207835785123,13.267818830766862,14.877457868988033,14.792445775540244,16.797939370604407,17.228679116218277,18.610818152542123
0.0,0.6602382463602788,3.1971301556527094,6.761098688655887,10.896207835785123,13.267818830766862,14.877457868988033,14.792445775540244,16.797939370604407,17.228679116218277,18.610818152542123
0.0,0.6602382463602788,3.1971301556527094,6.761098688655887,10.896207835785123,13.267818830766862,14.877457868988033,14.792445775540244,16.797939370604407,17.228679116218277,18.610818152542123
0.0,0.6602382463602788,3.1971301556527094,6.761098688655887,10.896207835785123,13.267818830766862,14.877457868988033,14.792445775540244,16.797939370604407,17.228679116218277,18.610818152542123
0.0,0.6602382463602788,3.1971301556527094,6.761098688655887,10.896207835785123,13.267818830766862,14.877457868988033,14.792445775540244,16.797939370604407,17.228679116218277,18.610818152542123
0.0,0.6602382463602788,3.1971301556527094,6.761098688655887,10.896207835785123,13.267818830766862,14.877457868988033,14.792445775540244,16.797939370604407,17.228679116218277,18.610818152542123
0.0,0.6602382463602788,3.1971301556527094,6.761098688655887,10.896207835785123,13.267818830766862,14.877457868988033,14.792445775540244,16.797939370604407,17.228679116218277,18.610818152542123
0.0,0.6602382463602788,3.1971301556527094,6.761098688655887,10.896207835785123,13.267818830766862,14.877457868988033,14.792445775540244,16.797939370604407,17.228679116218277,18.610818152542123
0.0,0.6602382463602788,3.1971301556527094,6.761098688655887,10.896207835785123,13.267818830766862,14.877457868988033,14.792445775540244,16.797939370604407,17.228679116218277,18.610818152542123
0.0,0.6602382463602788,3.1971301556527094,6.761098688655887,10.896207835785123,13.267818830766862,14.877457868988033,14.792445775540244,16.797939370604407,17.228679116218277,18.610818152542123
0.0,0.6602382463602788,3.1971301556527094,6.761098688655887,10.896207835785123,13.267818830766862,14.877457868988033,14.792445775540244,16.797939370604407,17.228679116218277,18.610818152542123
0.0,0.6602382463602788,3.1971301556527094,6.761098688655887,10.896207835785123,13.267818830766862,14.877457868988033,14.792445775540244,16.797939370604407,17.228679116218277,18.610818152542123
0.0,0.6602382463602788,3.1971301556527094,6.761098688655887,10.896207835785123,13.267818830766862,14.877457868988033,14.792445775540244,16.797939370604407,17.228679116218277,18.610818152542123
0.0,0.6602382463602788,3.1971301556527094,6.761098688655887,10.896207835785123,13.267818830766862,14.877457868988033,14.826306417432782,16.82012523757472,17.228679116218277,18.582067596314364
0.0,0.6602382463602788,3.1971301556527094,6.761098688655887,10.896207835785123,13.267818830766862,14.877457868988033,14.826306417432782,16.82012523757472,17.228679116218277,18.582067596314364
0.0,0.6602382463602788,3.1124469291041486,6.641429083521312,10.896207835785123,13.267818830766862,14.877457868988033,14.826306417432782,16.82012523757472,17.228679116218277,18.582067596314364
0.0,0.6602382463602788,3.1124469291041486,6.641429083521312,10.896207835785123,13.267818830766862,14.877457868988033,14.826306417432782,16.968848968382492,17.357000450547655,18.582067596314364
0.0,0.6602382463602788,3.1124469291041486,6.615891303924382,10.896207835785123,13.267818830766862,14.877457868988033,14.836640427304351,16.852695709324166,17.357000450547655,18.582067596314364
0.0,0.6602382463602788,3.1124469291041486,6.615891303924382,10.896207835785123,13.267818830766862,14.877457868988033,14.836640427304351,16.852695709324166,17.357000450547655,18.582067596314364
0.0,0.6602382463602788,3.1124469291041486,6.615891303924382,10.83808693571184,13.267818830766862,14.877457868988033,14.836640427304351,16.852695709324166,17.35143501071475,18.532016583998814
0.0,0.6602382463602788,3.1124469291041486,6.615891303924382,10.83808693571184,13.267818830766862,14.877457868988033,14.836640427304351,16.852695709324166,17.35143501071475,18.532016583998814
0.0,0.6602382463602788,3.1124469291041486,6.615891303924382,10.83808693571184,13.267818830766862,14.877457868988033,14.836640427304351,16.852695709324166,17.35143501071475,18.532016583998814
0.0,0.6602382463602788,3.1124469291041486,6.615891303924382,10.83808693571184,13.267818830766862,14.877457868988033,14.836640427304351,16.852695709324166,17.35143501071475,18.532016583998814
0.0,0.6602382463602788,3.1124469291041486,6.615891303924382,10.83808693571184,13.267818830766862,14.877457868988033,14.836640427304351,16.852695709324166,17.35143501071475,18.47279524468583
0.0,0.6602382463602788,3.1124469291041486,6.615891303924382,10.83808693571184,13.267818830766862,14.877457868988033,14.836640427304351,16.852695709324166,17.35143501071475,18.47279524468583
0.0,0.6602382463602788,3.1124469291041486,6.615891303924382,10.83808693571184,13.267818830766862,14.877457868988033,14.836640427304351,16.852695709324166,17.35143501071475,18.47279524468583
0.0,0.6602382463602788,3.1124469291041486,6.615891303924382,10.83808693571184,13.267818830766862,14.877457868988033,14.836640427304351,16.852695709324166,17.35143501071475,18.47279524468583
0.0,0.6602382463602788,3.1124469291041486,6.615891303924382,10.83808693571184,13.267818830766862,14.877457868988033,14.836640427304351,16.852695709324166,17.35143501071475,18.47279524468583
0.0,0.6602382463602788,3.1124469291041486,6.615891303924382,10.83808693571184,13.267818830766862,14.877457868988033,14.836640427304351,16.852695709324166,17.35143501071475,18.47279524468583
0.0,0.6602382463602788,3.1124469291041486,6.615891303924382,10.83808693571184,13.267818830766862,14.877457868988033,14.741711731972462,16.68268417115549,17.35143501071475,18.47279524468583
0.0,0.6602382463602788,3.1124469291041486,6.615891303924382,10.83808693571184,13.267818830766862,14.877457868988033,14.741711731972462,16.68268417115549,17.35143501071475,18.38865591339366
0.0,0.6602382463602788,3.1124469291041486,6.615891303924382,10.83808693571184,13.267818830766862,14.877457868988033,14.741711731972462,16.68268417115549,17.35143501071475,18.38865591339366
0.0,0.6602382463602788,3.1124469291041486,6.615891303924382,10.83808693571184,13.267818830766862,14.877457868988033,14.741711731972462,16.68268417115549,17.35143501071475,18.38865591339366
0.0,0.6602382463602788,3.1124469291041486,6.615891303924382,10.83808693571184,13.267818830766862,14.877457868988033,14.741711731972462,16.68268417115549,17.35143501071475,18.38865591339366
0.0,0.6602382463602788,3.1124469291041486,6.615891303924382,10.83808693571184,13.267818830766862,14.877457868988033,14.741711731972462,16.68268417115549,17.35143501071475,18.38865591339366
0.0,0.6602382463602788,3.1124469291041486,6.615891303924382,10.83808693571184,13.267818830766862,14.877457868988033,14.741711731972462,16.68268417115549,17.35143501071475,18.38865591339366
0.0,0.6602382463602788,3.1124469291041486,6.615891303924382,10.83808693571184,13.267818830766862,14.877457868988033,14.741711731972462,16.68268417115549,17.35143501071475,18.38865591339366
0.0,0.6602382463602788,3.1124469291041486,6.615891303924382,10.83808693571184,13.267818830766862,14.877457868988033,14.741711731972462,16.68268417115549,17.35143501071475,18.38865591339366
0.0,0.6602382463602788,3.1124469291041486,6.615891303924382,10.83808693571184,13.135766122004059,14.877457868988033,14.57750595944768,16.68268417115549,17.35143501071475,18.38865591339366
0.0,0.6602382463602788,3.1124469291041486,6.615891303924382,10.83808693571184,13.135766122004059,14.877457868988033,14.57750595944768,16.68268417115549,17.35143501071475,18.38865591339366
0.0,0.6602382463602788,3.1124469291041486,6.615891303924382,10.83808693571184,13.135766122004059,14.877457868988033,14.57750595944768,16.68268417115549,17.35143501071475,18.38865591339366
0.0,0.6602382463602788,3.1124469291041486,6.615891303924382,10.83808693571184,13.135766122004059,14.877457868988033,14.57750595944768,16.68268417115549,17.35143501071475,18.38865591339366
0.0,0.6602382463602788,3.1124469291041486,6.615891303924382,10.83808693571184,13.135766122004059,14.877457868988033,14.57750595944768,16.68268417115549,17.35143501071475,18.38865591339366
0.0,0.6602382463602788,3.1124469291041486,6.615891303924382,10.83808693571184,13.135766122004059,14.877457868988033,14.57750595944768,16.68268417115549,17.35143501071475,18.38865591339366
0.0,0.6602382463602788,3.1124469291041486,6.615891303924382,10.83808693571184,13.135766122004059,14.877457868988033,14.445238222327683,16.58778077327739,17.35143501071475,18.23835109172428
0.0,0.6602382463602788,3.1124469291041486,6.615891303924382,10.83808693571184,13.135766122004059,14.877457868988033,14.445238222327683,16.58778077327739,17.35143501071475,18.23835109172428
0.0,0.6602382463602788,3.1124469291041486,6.615891303924382,10.83808693571184,13.135766122004059,14.877457868988033,14.445238222327683,16.58778077327739,17.35143501071475,18.23835109172428
0.0,0.6602382463602788,3.1124469291041486,6.615891303924382,10.83808693571184,13.135766122004059,14.877457868988033,14.445238222327683,16.58778077327739,17.35143501071475,18.23835109172428
0.0,0.6602382463602788,3.1124469291041486,6.615891303924382,10.83808693571184,13.135766122004059,14.877457868988033,14.445238222327683,16.58778077327739,17.35143501071475,18.23835109172428
0.0,0.6602382463602788,3.1124469291041486,6.615891303924382,10.83808693571184,13.135766122004059,14.877457868988033,14.445238222327683,16.58778077327739,17.35143501071475,18.23835109172428
0.0,0.6602382463602788,3.1124469291041486,6.615891303924382,10.83808693571184,13.135766122004059,14.877457868988033,14.445238222327683,16.58778077327739,17.35143501071475,18.23835109172428
0.0,0.6602382463602788,3.1124469291041486,6.615891303924382,10.83808693571184,13.135766122004059,14.877457868988033,14.445238222327683,16.58778077327739,17.35143501071475,18.23835109172428
0.0,0.6602382463602788,3.1124469291041486,6.615891303924382,10.83808693571184,13.135766122004059,14.877457868988033,14.445238222327683,16.58778077327739,17.35143501071475,18.23835109172428
0.0,0.6602382463602788,3.1124469291041486,6.615891303924382,10.83808693571184,13.135766122004059,14.877457868988033,14.445238222327683,16.58778077327739,17.35143501071475,18.23835109172428
0.0,0.6602382463602788,3.1124469291041486,6.615891303924382,10.83808693571184,13.135766122004059,14.877457868988033,14.445238222327683,16.58778077327739,17.35143501071475,18.23835109172428
0.0,0.6602382463602788,3.1124469291041486,6.615891303924382,10.83808693571184,13.135766122004059,14.877457868988033,14.445238222327683,16.58778077327739,17.35143501071475,18.23835109172428
0.0,0.6602382463602788,3.1124469291041486,6.615891303924382,10.83808693571184,13.135766122004059,14.877457868988033,14.445238222327683,16.58778077327739,17.35143501071475,18.23835109172428
0.0,0.6602382463602788,3.1124469291041486,6.615891303924382,10.83808693571184,13.135766122004059,14.877457868988033,14.445238222327683,16.58778077327739,17.35143501071475,18.23835109172428
0.0,0.6602382463602788,3.1124469291041486,6.615891303924382,10.83808693571184,13.135766122004059,14.877457868988033,14.445238222327683,16.58778077327739,17.35143501071475,18.23835109172428
0.0,0.6602382463602788,3.1124469291041486,6.615891303924382,10.83808693571184,13.135766122004059,14.877457868988033,14.445238222327683,16.58778077327739,17.35143501071475,18.23835109172428
0.0,0.6602382463602788,3.1124469291041486,6.615891303924382,10.83808693571184,13.135766122004059,14.877457868988033,14.445238222327683,16.59887370676255,17.35143501071475,18.23835109172428
0.0,0.6602382463602788,3.1124469291041486,6.615891303924382,10.83808693571184,13.135766122004059,14.877457868988033,14.445238222327683,16.59887370676255,17.35143501071475,18.23835109172428
0.0,0.6602382463602788,3.1124469291041486,6.615891303924382,10.83808693571184,13.135766122004059,14.877457868988033,14.445238222327683,16.59887370676255,17.35143501071475,18.23835109172428
0.0,0.6602382463602788,3.1124469291041486,6.615891303924382,10.83808693571184,13.135766122004059,14.877457868988033,14.445238222327683,16.59887370676255,17.35143501071475,18.23835109172428
0.0,0.6602382463602788,3.1124469291041486,6.615891303924382,10.83808693571184,13.135766122004059,14.877457868988033,14.445238222327683,16.59887370676255,17.35143501071475,18.23835109172428
0.0,0.6602382463602788,3.1124469291041486,6.615891303924382,10.778612621860997,13.135766122004059,14.877457868988033,14.445238222327683,16.59887370676255,17.35143501071475,18.23835109172428
0.0,0.6602382463602788,3.1124469291041486,6.615891303924382,10.778612621860997,13.135766122004059,14.877457868988033,14.445238222327683,16.59887370676255,17.35143501071475,18.23835109172428
0.0,0.6602382463602788,3.1124469291041486,6.615891303924382,10.778612621860997,13.135766122004059,14.877457868988033,14.445238222327683,16.59887370676255,17.35143501071475,18.08340418728516
0.0,0.6602382463602788,3.1124469291041486,6.615891303924382,10.778612621860997,13.135766122004059,14.877457868988033,14.445238222327683,16.59887370676255,17.35143501071475,18.08340418728516
0.0,0.6602382463602788,3.1124469291041486,6.615891303924382,10.778612621860997,13.135766122004059,14.877457868988033,14.445238222327683,16.59887370676255,17.35143501071475,17.974460702555835
0.0,0.6602382463602788,3.1124469291041486,6.615891303924382,10.778612621860997,13.135766122004059,14.877457868988033,14.445238222327683,16.59887370676255,17.35143501071475,17.974460702555835
0.0,0.6602382463602788,3.1124469291041486,6.615891303924382,10.778612621860997,13.135766122004059,14.877457868988033,14.445238222327683,16.59887370676255,17.35143501071475,17.974460702555835
0.0,0.6602382463602788,3.1124469291041486,6.615891303924382,10.778612621860997,13.135766122004059,14.85553762528248,14.443872159823258,16.59887370676255,17.35143501071475,17.974460702555835
0.0,0.6602382463602788,3.1124469291041486,6.615891303924382,10.778612621860997,13.135766122004059,14.85553762528248,14.443872159823258,16.59887370676255,17.35143501071475,17.974460702555835
0.0,0.6602382463602788,3.1124469291041486,6.615891303924382,10.778612621860997,13.135766122004059,14.85553762528248,14.443872159823258,16.59887370676255,17.35143501071475,17.974460702555835
0.0,0.6602382463602788,3.1124469291041486,6.615891303924382,10.778612621860997,13.135766122004059,14.85553762528248,14.443872159823258,16.59887370676255,17.35143501071475,17.974460702555835
0.0,0.6602382463602788,3.1124469291041486,6.615891303924382,10.778612621860997,13.135766122004059,14.85553762528248,14.443872159823258,16.59887370676255,17.35143501071475,17.974460702555835
0.0,0.6602382463602788,3.1124469291041486,6.615891303924382,10.778612621860997,13.135766122004059,14.85553762528248,14.443872159823258,16.59887370676255,17.35143501071475,17.974460702555835
0.0,0.6602382463602788,3.1124469291041486,6.615891303924382,10.778612621860997,13.135766122004059,14.85553762528248,14.443872159823258,16.62566371032189,17.233283252807325,17.853994227626995
0.0,0.6602382463602788,3.1124469291041486,6.615891303924382,10.778612621860997,13.135766122004059,14.85553762528248,14.443872159823258,16.62566371032189,17.233283252807325,17.853994227626995
0.0,0.6602382463602788,3.1124469291041486,6.615891303924382,10.778612621860997,13.135766122004059,14.85553762528248,14.49039417733567,16.67259048709489,17.27692136058814,17.857864738056247
0.0,0.6602382463602788,3.1124469291041486,6.615891303924382,10.778612621860997,13.135766122004059,14.85553762528248,14.49039417733567,16.67259048709489,17.27692136058814,17.857864738056247
0.0,0.6602382463602788,3.1124469291041486,6.615891303924382,10.778612621860997,13.135766122004059,14.85553762528248,14.49039417733567,16.67259048709489,17.27692136058814,17.857864738056247
0.0,0.6602382463602788,3.1124469291041486,6.615891303924382,10.778612621860997,13.135766122004059,14.85553762528248,14.49039417733567,16.67259048709489,17.27692136058814,17.857864738056247
0.0,0.6602382463602788,3.1124469291041486,6.615891303924382,10.778612621860997,13.135766122004059,14.85553762528248,14.49039417733567,16.67259048709489,17.27692136058814,17.857864738056247
0.0,0.6528849726187944,3.085795129930818,6.588333958440461,10.803785746495501,13.190502047426037,14.940683952332693,14.474445932955302,16.642433754873878,17.24660842506138,17.827401644263546
0.0,0.6535526402601493,3.08664211104531,6.607709413519045,10.749783172902774,13.135336257054947,14.884665173713199,14.568619614617795,16.737787976845826,17.189465805273475,17.769975962589708
0.0,0.648171564700175,3.0811309592193417,6.602010020655285,10.743862339153027,13.129287888398968,14.878523283558645,14.562494620687858,16.73154701623063,17.183200697348422,17.76367981980361
0.0,0.6501352400091509,3.0718558356541017,6.59241809237468,10.733897731685788,13.119108643039043,14.868186643976482,14.55218641700731,16.721043643669017,17.17265668549946,17.753083577099808
0.0,0.6214141952224324,3.1030908725865363,6.634289261541694,10.714337609059577,13.099127194884955,14.847896237311206,14.531951828870199,16.700425946888743,17.151959215436943,17.7322835799755
0.0,0.6214141952224324,3.1030908725865363,6.634289261541694,10.714337609059577,13.099127194884955,14.847896237311206,14.531951828870199,16.700425946888743,17.151959215436943,17.7322835799755
0.0,0.6214141952224324,3.0721092413328885,6.634289261541694,10.714337609059577,13.099127194884955,14.847896237311206,14.531951828870199,16.700425946888743,17.151959215436943,17.7322835799755
0.0,0.6214141952224324,3.0721092413328885,6.634289261541694,10.714337609059577,13.099127194884955,14.847896237311206,14.531951828870199,16.700425946888743,17.151959215436943,17.7322835799755
0.0,0.6214141952224324,3.0721092413328885,6.634289261541694,10.714337609059577,13.099127194884955,14.847896237311206,14.531951828870199,16.700425946888743,17.151959215436943,17.7322835799755
0.0,0.6214141952224324,3.0721092413328885,6.634289261541694,10.714337609059577,13.099127194884955,14.847896237311206,14.531951828870199,16.700425946888743,17.151959215436943,17.7322835799755
0.0,0.6214141952224324,3.104569196753205,6.669491066057458,10.714337609059577,13.120910364657078,15.000075179733264,14.473147378684867,16.76108777871938,17.232332036156528,17.780537597005544
0.0,0.6214141952224324,3.104569196753205,6.669491066057458,10.695713251609378,13.120910364657078,15.000075179733264,14.473147378684867,16.76108777871938,17.232332036156528,17.780537597005544
0.0,0.6214141952224324,3.104569196753205,6.669491066057458,10.695713251609378,13.120910364657078,15.000075179733264,14.473147378684867,16.76108777871938,17.232332036156528,17.780537597005544
0.0,0.6214141952224324,3.104569196753205,6.669491066057458,10.695713251609378,13.120910364657078,15.000075179733264,14.473147378684867,16.76108777871938,17.232332036156528,17.780537597005544
0.0,0.6214141952224324,3.104569196753205,6.669491066057458,10.695713251609378,13.120910364657078,15.000075179733264,14.473147378684867,16.76108777871938,17.232332036156528,17.780537597005544
0.0,0.6214141952224324,3.104569196753205,6.669491066057458,10.695713251609378,13.120910364657078,15.000075179733264,14.473147378684867,16.76108777871938,17.232332036156528,17.780537597005544
0.0,0.6214141952224324,3.104569196753205,6.669491066057458,10.695713251609378,13.120910364657078,15.000075179733264,14.473147378684867,16.76108777871938,17.232332036156528,17.780537597005544
0.0,0.6214141952224324,3.104569196753205,6.669491066057458,10.695713251609378,13.120910364657078,15.000075179733264,14.473147378684867,16.76108777871938,17.169370588955505,17.780537597005544
0.0,0.6214141952224324,3.104569196753205,6.669491066057458,10.695713251609378,13.120910364657078,15.000075179733264,14.473147378684867,16.76108777871938,17.169370588955505,17.780537597005544
0.0,0.6214141952224324,3.104569196753205,6.669491066057458,10.695713251609378,13.120910364657078,15.000075179733264,14.473147378684867,16.76108777871938,17.169370588955505,17.780537597005544
0.0,0.6214141952224324,3.104569196753205,6.669491066057458,10.695713251609378,13.120910364657078,15.000075179733264,14.473147378684867,16.76108777871938,17.169370588955505,17.780537597005544
0.0,0.6214141952224324,3.104569196753205,6.669491066057458,10.695713251609378,13.120910364657078,15.000075179733264,14.473147378684867,16.76108777871938,17.169370588955505,17.780537597005544
0.0,0.6214141952224324,3.104569196753205,6.669491066057458,10.695713251609378,13.120910364657078,15.000075179733264,14.473147378684867,16.76108777871938,17.169370588955505,17.780537597005544
0.0,0.6214141952224324,3.104569196753205,6.669491066057458,10.695713251609378,13.120910364657078,15.000075179733264,14.473147378684867,16.76108777871938,17.169370588955505,17.780537597005544
0.0,0.6214141952224324,3.104569196753205,6.669491066057458,10.695713251609378,13.120910364657078,15.000075179733264,14.473147378684867,16.76108777871938,17.169370588955505,17.780537597005544
0.0,0.6214141952224324,3.104569196753205,6.669491066057458,10.695713251609378,13.120910364657078,15.000075179733264,14.473147378684867,16.76108777871938,17.169370588955505,17.780537597005544
0.0,0.6214141952224324,3.104569196753205,6.669491066057458,10.695713251609378,13.120910364657078,15.000075179733264,14.473147378684867,16.76108777871938,17.169370588955505,17.780537597005544
0.0,0.6214141952224324,3.104569196753205,6.669491066057458,10.695713251609378,13.073957778303694,15.000075179733264,14.473147378684867,16.76108777871938,17.169370588955505,17.780537597005544
0.0,0.6214141952224324,3.104569196753205,6.669491066057458,10.695713251609378,13.073957778303694,15.000075179733264,14.490482940707707,16.76108777871938,17.169370588955505,17.780537597005544
0.0,0.6214141952224324,3.104569196753205,6.669491066057458,10.695713251609378,13.073957778303694,15.000075179733264,14.490482940707707,16.76108777871938,17.169370588955505,17.780537597005544
0.0,0.6214141952224324,3.104569196753205,6.669491066057458,10.695713251609378,13.073957778303694,15.000075179733264,14.490482940707707,16.76108777871938,17.169370588955505,17.780537597005544
0.0,0.6214141952224324,3.104569196753205,6.669491066057458,10.695713251609378,13.073957778303694,15.000075179733264,14.490482940707707,16.76108777871938,17.169370588955505,17.780537597005544
0.0,0.6214141952224324,3.104569196753205,6.669491066057458,10.695713251609378,13.073957778303694,15.000075179733264,14.490482940707707,16.76108777871938,17.169370588955505,17.780537597005544
0.0,0.6214141952224324,3.104569196753205,6.669491066057458,10.695713251609378,13.073957778303694,15.000075179733264,14.490482940707707,16.76108777871938,17.169370588955505,17.780537597005544
0.0,0.6214141952224324,3.104569196753205,6.669491066057458,10.695713251609378,13.073957778303694,15.000075179733264,14.490482940707707,16.76108777871938,17.169370588955505,17.780537597005544
0.0,0.6214141952224324,3.104569196753205,6.669491066057458,10.695713251609378,13.073957778303694,15.000075179733264,14.50620119082171,16.76108777871938,17.169370588955505,17.780537597005544
0.0,0.6214141952224324,3.104569196753205,6.669491066057458,10.695713251609378,13.073957778303694,15.000075179733264,14.50620119082171,16.76108777871938,17.169370588955505,17.780537597005544
0.0,0.6214141952224324,3.104569196753205,6.669491066057458,10.695713251609378,13.073957778303694,15.000075179733264,14.50620119082171,16.76108777871938,17.169370588955505,17.780537597005544
0.0,0.6214141952224324,3.104569196753205,6.669491066057458,10.695713251609378,13.073957778303694,15.000075179733264,14.50620119082171,16.76108777871938,17.169370588955505,17.780537597005544
0.0,0.6214141952224324,3.104569196753205,6.669491066057458,10.695713251609378,13.073957778303694,15.000075179733264,14.50620119082171,16.76108777871938,17.169370588955505,17.780537597005544
0.0,0.6214141952224324,3.104569196753205,6.669491066057458,10.695713251609378,13.073957778303694,15.000075179733264,14.50620119082171,16.76108777871938,17.169370588955505,17.780537597005544
0.0,0.6214141952224324,3.104569196753205,6.669491066057458,10.695713251609378,13.073957778303694,15.000075179733264,14.50620119082171,16.76108777871938,17.169370588955505,17.780537597005544
0.0,0.6214141952224324,3.104569196753205,6.669491066057458,10.695713251609378,13.073957778303694,15.000075179733264,14.50620119082171,16.76108777871938,17.169370588955505,17.780537597005544
0.0,0.6214141952224324,3.104569196753205,6.669491066057458,10.695713251609378,13.073957778303694,14.897615943258637,14.50620119082171,16.76108777871938,17.169370588955505,17.780537597005544
0.0,0.6214141952224324,3.104569196753205,6.669491066057458,10.695713251609378,13.073957778303694,14.897615943258637,14.50620119082171,16.76108777871938,17.169370588955505,17.780537597005544
0.0,0.6214141952224324,3.104569196753205,6.669491066057458,10.695713251609378,13.073957778303694,14.897615943258637,14.50620119082171,16.76108777871938,17.169370588955505,17.780537597005544
0.0,0.6214141952224324,3.104569196753205,6.669491066057458,10.695713251609378,13.073957778303694,14.897615943258637,14.50620119082171,16.76108777871938,17.169370588955505,17.780537597005544
0.0,0.6214141952224324,3.104569196753205,6.669491066057458,10.695713251609378,13.073957778303694,14.897615943258637,14.50620119082171,16.76108777871938,17.169370588955505,17.780537597005544
0.0,0.6214141952224324,3.104569196753205,6.669491066057458,10.695713251609378,13.073957778303694,14.897615943258637,14.50620119082171,16.76108777871938,17.169370588955505,17.780537597005544
0.0,0.6214141952224324,3.104569196753205,6.669491066057458,10.695713251609378,12.978953338908852,14.856740911812654,14.308156293485,16.76108777871938,17.078093548100558,17.689247920901316
0.0,0.6214141952224324,3.104569196753205,6.669491066057458,10.695713251609378,12.978953338908852,14.856740911812654,14.205734962758237,16.76108777871938,17.1163151771961,17.689247920901316
0.0,0.6214141952224324,3.104569196753205,6.669491066057458,10.695713251609378,12.978953338908852,14.856740911812654,14.205734962758237,16.76108777871938,17.078093548100558,17.689247920901316
0.0,0.6214141952224324,3.104569196753205,6.669491066057458,10.695713251609378,12.930775133374533,14.737034560060213,14.105423718662532,16.674890108078127,17.06032838760194,17.642661756777265
0.0,0.6214141952224324,3.104569196753205,6.669491066057458,10.695713251609378,12.930775133374533,14.737034560060213,14.15936359787208,16.674890108078127,17.06032838760194,17.642661756777265
0.0,0.6214141952224324,3.104569196753205,6.669491066057458,10.695713251609378,12.930775133374533,14.737034560060213,14.15936359787208,16.674890108078127,17.06032838760194,17.642661756777265
0.0,0.6214141952224324,3.104569196753205,6.669491066057458,10.695713251609378,12.930775133374533,14.737034560060213,14.15936359787208,16.674890108078127,17.06032838760194,17.642661756777265
0.0,0.6214141952224324,3.104569196753205,6.669491066057458,10.695713251609378,12.930775133374533,14.737034560060213,14.15936359787208,16.674890108078127,17.06032838760194,17.642661756777265
0.0,0.6214141952224324,3.104569196753205,6.669491066057458,10.695713251609378,12.930775133374533,14.737034560060213,14.15936359787208,16.674890108078127,17.06032838760194,17.642661756777265
0.0,0.6214141952224324,3.104569196753205,6.669491066057458,10.695713251609378,12.930775133374533,14.737034560060213,14.15936359787208,16.674890108078127,17.06032838760194,17.642661756777265
0.0,0.6214141952224324,3.104569196753205,6.669491066057458,10.695713251609378,12.930775133374533,14.737034560060213,14.15936359787208,16.674890108078127,17.06032838760194,17.642661756777265
0.0,0.6214141952224324,3.104569196753205,6.669491066057458,10.695713251609378,12.930775133374533,14.737034560060213,14.15936359787208,16.674890108078127,17.06032838760194,17.642661756777265
0.0,0.6214141952224324,3.104569196753205,6.669491066057458,10.695713251609378,12.930775133374533,14.737034560060213,14.15936359787208,16.674890108078127,17.06032838760194,17.642661756777265
0.0,0.6214141952224324,3.104569196753205,6.669491066057458,10.695713251609378,12.930775133374533,14.737034560060213,14.15936359787208,16.674890108078127,17.06032838760194,17.642661756777265
0.0,0.6214141952224324,3.104569196753205,6.669491066057458,10.695713251609378,12.930775133374533,14.737034560060213,14.15936359787208,16.674890108078127,17.06032838760194,17.642661756777265
0.0,0.6214141952224324,3.104569196753205,6.669491066057458,10.695713251609378,12.930775133374533,14.737034560060213,14.15936359787208,16.674890108078127,17.06032838760194,17.642661756777265
0.0,0.6214141952224324,3.104569196753205,6.669491066057458,10.695713251609378,12.930775133374533,14.737034560060213,14.15936359787208,16.674890108078127,17.06032838760194,17.642661756777265
0.0,0.6214141952224324,3.104569196753205,6.669491066057458,10.695713251609378,12.930775133374533,14.737034560060213,14.15936359787208,16.674890108078127,17.06032838760194,17.642661756777265
0.0,0.6214141952224324,3.104569196753205,6.669491066057458,10.695713251609378,12.930775133374533,14.737034560060213,14.15936359787208,16.674890108078127,17.06032838760194,17.642661756777265
0.0,0.6214141952224324,3.104569196753205,6.669491066057458,10.695713251609378,12.930775133374533,14.737034560060213,14.15936359787208,16.674890108078127,17.06032838760194,17.642661756777265
0.0,0.6214141952224324,3.104569196753205,6.669491066057458,10.695713251609378,12.930775133374533,14.737034560060213,14.15936359787208,16.674890108078127,17.06032838760194,17.642661756777265
0.0,0.6214141952224324,3.104569196753205,6.669491066057458,10.695713251609378,12.930775133374533,14.737034560060213,14.15936359787208,16.674890108078127,17.06032838760194,17.642661756777265
0.0,0.6214141952224324,3.104569196753205,6.669491066057458,10.695713251609378,12.930775133374533,14.737034560060213,14.15936359787208,16.674890108078127,17.06032838760194,17.642661756777265
0.0,0.6214141952224324,3.104569196753205,6.669491066057458,10.695713251609378,12.930775133374533,14.737034560060213,14.15936359787208,16.674890108078127,17.06032838760194,17.642661756777265
0.0,0.6214141952224324,3.104569196753205,6.669491066057458,10.695713251609378,12.930775133374533,14.737034560060213,14.15936359787208,16.674890108078127,17.06032838760194,17.642661756777265
0.0,0.6214141952224324,3.104569196753205,6.669491066057458,10.695713251609378,12.930775133374533,14.737034560060213,14.15936359787208,16.674890108078127,17.06032838760194,17.629217851535067
0.0,0.6214141952224324,3.104569196753205,6.669491066057458,10.695713251609378,12.930775133374533,14.687656005843557,14.15936359787208,16.674890108078127,17.06032838760194,17.629217851535067
0.0,0.6214141952224324,3.104569196753205,6.669491066057458,10.695713251609378,12.930775133374533,14.687656005843557,14.15936359787208,16.674890108078127,17.06032838760194,17.629217851535067
0.0,0.6214141952224324,3.104569196753205,6.669491066057458,10.695713251609378,12.930775133374533,14.687656005843557,14.15936359787208,16.674890108078127,17.06032838760194,17.629217851535067
0.0,0.6214141952224324,3.104569196753205,6.669491066057458,10.695713251609378,12.930775133374533,14.687656005843557,14.15936359787208,16.674890108078127,17.06032838760194,17.629217851535067
0.0,0.6214141952224324,3.104569196753205,6.669491066057458,10.695713251609378,12.930775133374533,14.687656005843557,14.15936359787208,16.674890108078127,17.06032838760194,17.629217851535067
0.0,0.6214141952224324,3.104569196753205,6.669491066057458,10.695713251609378,12.930775133374533,14.687656005843557,14.15936359787208,16.674890108078127,17.06032838760194,17.629217851535067
0.0,0.6214141952224324,3.104569196753205,6.669491066057458,10.695713251609378,12.930775133374533,14.687656005843557,14.15936359787208,16.674890108078127,17.06032838760194,17.629217851535067
0.0,0.6214141952224324,3.104569196753205,6.669491066057458,10.695713251609378,12.930775133374533,14.687656005843557,14.15936359787208,16.674890108078127,17.06032838760194,17.629217851535067
0.0,0.6214141952224324,3.104569196753205,6.669491066057458,10.695713251609378,12.930775133374533,14.687656005843557,14.15936359787208,16.674890108078127,17.06032838760194,17.629217851535067
0.0,0.6214141952224324,3.104569196753205,6.669491066057458,10.695713251609378,12.930775133374533,14.687656005843557,14.15936359787208,16.674890108078127,17.06032838760194,17.629217851535067
0.0,0.6214141952224324,3.104569196753205,6.669491066057458,10.695713251609378,12.930775133374533,14.687656005843557,14.15936359787208,16.674890108078127,17.06032838760194,17.629217851535067
0.0,0.6214141952224324,3.104569196753205,6.669491066057458,10.695713251609378,12.930775133374533,14.687656005843557,14.15936359787208,16.674890108078127,17.06032838760194,17.629217851535067
0.0,0.6214141952224324,3.104569196753205,6.669491066057458,10.695713251609378,12.930775133374533,14.687656005843557,14.15936359787208,16.674890108078127,17.06032838760194,17.629217851535067
0.0,0.6214141952224324,3.104569196753205,6.669491066057458,10.695713251609378,12.930775133374533,14.687656005843557,14.15936359787208,16.674890108078127,17.06032838760194,17.629217851535067
0.0,0.6214141952224324,3.104569196753205,6.669491066057458,10.695713251609378,12.930775133374533,14.687656005843557,14.15936359787208,16.674890108078127,17.06032838760194,17.629217851535067
0.0,0.6214141952224324,3.104569196753205,6.669491066057458,10.695713251609378,12.930775133374533,14.687656005843557,14.15936359787208,16.674890108078127,17.06032838760194,17.629217851535067
0.0,0.6214141952224324,3.104569196753205,6.669491066057458,10.695713251609378,12.930775133374533,14.687656005843557,14.15936359787208,16.674890108078127,17.06032838760194,17.629217851535067
0.0,0.6214141952224324,3.104569196753205,6.669491066057458,10.695713251609378,12.930775133374533,14.687656005843557,14.15936359787208,16.674890108078127,17.06032838760194,17.629217851535067
0.0,0.6214141952224324,3.104569196753205,6.669491066057458,10.695713251609378,12.930775133374533,14.687656005843557,14.15936359787208,16.674890108078127,17.06032838760194,17.629217851535067
0.0,0.6214141952224324,3.104569196753205,6.669491066057458,10.695713251609378,12.930775133374533,14.687656005843557,14.15936359787208,16.674890108078127,17.06032838760194,17.629217851535067
0.0,0.6214141952224324,3.104569196753205,6.669491066057458,10.695713251609378,12.930775133374533,14.687656005843557,14.15936359787208,16.674890108078127,17.06032838760194,17.629217851535067
0.0,0.6214141952224324,3.104569196753205,6.669491066057458,10.695713251609378,12.930775133374533,14.687656005843557,14.15936359787208,16.674890108078127,17.06032838760194,17.629217851535067
0.0,0.6214141952224324,3.104569196753205,6.669491066057458,10.695713251609378,12.930775133374533,14.687656005843557,14.15936359787208,16.674890108078127,17.06032838760194,17.629217851535067
0.0,0.6214141952224324,3.104569196753205,6.669491066057458,10.695713251609378,12.930775133374533,14.687656005843557,14.15936359787208,16.674890108078127,17.06032838760194,17.629217851535067
0.0,0.6214141952224324,3.104569196753205,6.669491066057458,10.650504329657693,12.849568386201948,14.59378873888461,14.15936359787208,16.674890108078127,17.06032838760194,17.629217851535067
0.0,0.6214141952224324,3.104569196753205,6.669491066057458,10.650504329657693,12.849568386201948,14.59378873888461,14.15936359787208,16.674890108078127,17.06032838760194,17.629217851535067
0.0,0.6214141952224324,3.104569196753205,6.669491066057458,10.650504329657693,12.702241379506415,14.708617884411984,14.15936359787208,16.674890108078127,17.06032838760194,17.629217851535067
0.0,0.6214141952224324,3.104569196753205,6.669491066057458,10.650504329657693,12.702241379506415,14.708617884411984,14.15936359787208,16.674890108078127,17.06032838760194,17.629217851535067
0.0,0.6214141952224324,3.104569196753205,6.669491066057458,10.650504329657693,12.702241379506415,14.708617884411984,14.15936359787208,16.674890108078127,17.06032838760194,17.629217851535067
0.0,0.6214141952224324,3.104569196753205,6.669491066057458,10.650504329657693,12.702241379506415,14.708617884411984,14.15936359787208,16.674890108078127,17.06032838760194,17.629217851535067
0.0,0.6214141952224324,3.104569196753205,6.669491066057458,10.650504329657693,12.702241379506415,14.708617884411984,14.15936359787208,16.674890108078127,17.06032838760194,17.629217851535067
0.0,0.6214141952224324,3.104569196753205,6.669491066057458,10.650504329657693,12.702241379506415,14.637822582652541,14.232509055999051,16.632663104958358,17.060454740094823,17.629217851535067
0.0,0.6214141952224324,3.104569196753205,6.669491066057458,10.650504329657693,12.702241379506415,14.637822582652541,14.232509055999051,16.632663104958358,17.060454740094823,17.629217851535067
0.0,0.6214141952224324,3.104569196753205,6.669491066057458,10.650504329657693,12.702241379506415,14.637822582652541,14.232509055999051,16.632663104958358,17.060454740094823,17.629217851535067
0.0,0.6214141952224324,3.104569196753205,6.669491066057458,10.650504329657693,12.702241379506415,14.637822582652541,14.232509055999051,16.632663104958358,17.060454740094823,17.629217851535067
0.0,0.6214141952224324,3.104569196753205,6.669491066057458,10.650504329657693,12.702241379506415,14.637822582652541,14.232509055999051,16.632663104958358,17.060454740094823,17.629217851535067
0.0,0.6214141952224324,3.104569196753205,6.669491066057458,10.650504329657693,12.702241379506415,14.637822582652541,14.232509055999051,16.632663104958358,17.060454740094823,17.629217851535067
0.0,0.6214141952224324,3.104569196753205,6.669491066057458,10.650504329657693,12.702241379506415,14.637822582652541,14.232509055999051,16.632663104958358,17.060454740094823,17.629217851535067
0.0,0.6214141952224324,3.104569196753205,6.669491066057458,10.650504329657693,12.702241379506415,14.637822582652541,14.232509055999051,16.632663104958358,17.060454740094823,17.629217851535067
0.0,0.6214141952224324,3.104569196753205,6.669491066057458,10.650504329657693,12.702241379506415,14.637822582652541,14.232509055999051,16.632663104958358,17.060454740094823,17.629217851535067
0.0,0.6214141952224324,3.104569196753205,6.669491066057458,10.650504329657693,12.702241379506415,14.444907596526665,14.284237766583239,16.374512326759678,17.060454740094823,17.629217851535067
0.0,0.6214141952224324,3.104569196753205,6.669491066057458,10.650504329657693,12.702241379506415,14.444907596526665,14.284237766583239,16.374512326759678,17.060454740094823,17.629217851535067
0.0,0.6214141952224324,3.104569196753205,6.669491066057458,10.650504329657693,12.702241379506415,14.444907596526665,14.284237766583239,16.374512326759678,17.060454740094823,17.629217851535067
0.0,0.6214141952224324,3.104569196753205,6.669491066057458,10.54459567012751,12.702241379506415,14.444907596526665,14.284237766583239,16.374512326759678,17.060454740094823,17.629217851535067
0.0,0.6214141952224324,3.104569196753205,6.669491066057458,10.54459567012751,12.702241379506415,14.444907596526665,14.284237766583239,16.374512326759678,17.060454740094823,17.629217851535067
0.0,0.6214141952224324,3.104569196753205,6.669491066057458,10.54459567012751,12.702241379506415,14.444907596526665,14.284237766583239,16.374512326759678,17.060454740094823,17.629217851535067
0.0,0.6214141952224324,3.104569196753205,6.669491066057458,10.522635606865338,12.702241379506415,14.444907596526665,14.284237766583239,16.374512326759678,17.060454740094823,17.629217851535067
0.0,0.6214141952224324,3.104569196753205,6.669491066057458,10.522635606865338,12.702241379506415,14.444907596526665,14.284237766583239,16.374512326759678,17.060454740094823,17.629217851535067
0.0,0.6214141952224324,3.104569196753205,6.669491066057458,10.513841473361051,12.702241379506415,14.444907596526665,14.284237766583239,16.374512326759678,17.060454740094823,17.629217851535067
0.0,0.6214141952224324,3.104569196753205,6.669491066057458,10.513841473361051,12.702241379506415,14.444907596526665,14.284237766583239,16.30111416364695,17.060454740094823,17.629217851535067
0.0,0.6214141952224324,3.104569196753205,6.669491066057458,10.513841473361051,12.702241379506415,14.444907596526665,14.284237766583239,16.30111416364695,17.060454740094823,17.629217851535067
0.0,0.6214141952224324,3.104569196753205,6.669491066057458,10.513841473361051,12.702241379506415,14.444907596526665,14.284237766583239,16.30111416364695,17.060454740094823,17.629217851535067
0.0,0.6214141952224324,3.104569196753205,6.669491066057458,10.513841473361051,12.702241379506415,14.444907596526665,14.284237766583239,16.30111416364695,17.060454740094823,17.629217851535067
0.0,0.6214141952224324,3.104569196753205,6.669491066057458,10.513841473361051,12.702241379506415,14.444907596526665,14.284237766583239,16.30111416364695,17.060454740094823,17.629217851535067
0.0,0.6214141952224324,3.104569196753205,6.669491066057458,10.513841473361051,12.702241379506415,14.444907596526665,14.284237766583239,16.30111416364695,17.060454740094823,17.629217851535067
0.0,0.6214141952224324,3.104569196753205,6.669491066057458,10.513841473361051,12.591670312989017,14.312149032259944,14.120510206312147,16.249827686787846,17.060454740094823,17.629217851535067
0.0,0.6214141952224324,3.104569196753205,6.669491066057458,10.513841473361051,12.524589774520184,14.210637439481905,14.120510206312147,16.249827686787846,17.060454740094823,17.629217851535067
0.0,0.6214141952224324,3.104569196753205,6.669491066057458,10.513841473361051,12.524589774520184,14.210637439481905,14.120510206312147,16.249827686787846,17.060454740094823,17.629217851535067
0.0,0.6214141952224324,3.104569196753205,6.669491066057458,10.513841473361051,12.524589774520184,14.210637439481905,14.120510206312147,16.249827686787846,17.060454740094823,17.629217851535067
0.0,0.6214141952224324,3.104569196753205,6.669491066057458,10.513841473361051,12.524589774520184,14.210637439481905,14.120510206312147,16.249827686787846,17.060454740094823,17.629217851535067
0.0,0.6214141952224324,3.104569196753205,6.669491066057458,10.513841473361051,12.524589774520184,14.210637439481905,14.120510206312147,16.15206876304826,16.876586592459006,17.514944656976358
0.0,0.6214141952224324,3.104569196753205,6.669491066057458,10.513841473361051,12.524589774520184,14.210637439481905,14.120510206312147,16.15206876304826,16.876586592459006,17.514944656976358
0.0,0.6214141952224324,3.104569196753205,6.669491066057458,10.513841473361051,12.524589774520184,14.210637439481905,14.120510206312147,16.15206876304826,16.876586592459006,17.514944656976358
0.0,0.6214141952224324,3.104569196753205,6.669491066057458,10.513841473361051,12.524589774520184,14.210637439481905,14.120510206312147,16.15206876304826,16.876586592459006,17.514944656976358
0.0,0.6214141952224324,3.104569196753205,6.669491066057458,10.513841473361051,12.524589774520184,14.210637439481905,14.120510206312147,16.15206876304826,16.876586592459006,17.514944656976358
0.0,0.6214141952224324,3.104569196753205,6.669491066057458,10.38280130299745,12.524589774520184,14.210637439481905,14.120510206312147,16.15206876304826,16.876586592459006,17.514944656976358
0.0,0.6214141952224324,3.104569196753205,6.669491066057458,10.38280130299745,12.524589774520184,14.210637439481905,14.120510206312147,16.15206876304826,16.876586592459006,17.514944656976358
0.0,0.6214141952224324,3.104569196753205,6.669491066057458,10.38280130299745,12.524589774520184,14.210637439481905,14.08715314819239,16.15206876304826,16.876586592459006,17.514944656976358
0.0,0.6214141952224324,3.104569196753205,6.669491066057458,10.38280130299745,12.524589774520184,14.210637439481905,14.08715314819239,16.15206876304826,16.876586592459006,17.514944656976358
0.0,0.6214141952224324,3.104569196753205,6.669491066057458,10.38280130299745,12.524589774520184,14.210637439481905,13.994132442935742,16.15206876304826,16.876586592459006,17.514944656976358
0.0,0.6214141952224324,3.104569196753205,6.669491066057458,10.38280130299745,12.524589774520184,14.210637439481905,13.994132442935742,16.15206876304826,16.876586592459006,17.514944656976358
0.0,0.6214141952224324,3.104569196753205,6.669491066057458,10.38280130299745,12.524589774520184,14.210637439481905,13.994132442935742,16.15206876304826,16.876586592459006,17.514944656976358
0.0,0.6214141952224324,3.104569196753205,6.669491066057458,10.38280130299745,12.55832589011856,14.210637439481905,14.141282556141267,16.15206876304826,16.876586592459006,17.514944656976358
0.0,0.6307084049903866,3.1717831509094374,6.64508807154159,10.357548807012678,12.532575694988154,14.184509241707307,14.115170224823151,16.125496420115866,16.849848500122157,17.488060526178163
0.0,0.604470995978103,3.140278048320786,6.64508807154159,10.357548807012678,12.532575694988154,14.184509241707307,14.115170224823151,16.2696568975584,16.848635793687315,17.488060526178163
0.0,0.604470995978103,3.140278048320786,6.571365626189804,10.357548807012678,12.532575694988154,14.184509241707307,14.115170224823151,16.2696568975584,16.848635793687315,17.488060526178163
0.0,0.604470995978103,3.140278048320786,6.571365626189804,10.357548807012678,12.561453266967968,14.133082909454536,14.0622785389616,16.31306168203899,16.743231392725132,17.518138172234124
0.0,0.604470995978103,3.140278048320786,6.571365626189804,10.318565348075802,12.55909101589176,14.133082909454536,14.0622785389616,16.31306168203899,16.743231392725132,17.518138172234124
0.0,0.604470995978103,3.140278048320786,6.571365626189804,10.318565348075802,12.55909101589176,14.133082909454536,14.0622785389616,16.31306168203899,16.743231392725132,17.518138172234124
0.0,0.604470995978103,3.140278048320786,6.571365626189804,10.318565348075802,12.55909101589176,14.133082909454536,14.0622785389616,16.31306168203899,16.743231392725132,17.518138172234124
0.0,0.604470995978103,3.140278048320786,6.571365626189804,10.318565348075802,12.55909101589176,14.133082909454536,14.0622785389616,16.31306168203899,16.743231392725132,17.518138172234124
0.0,0.604470995978103,3.140278048320786,6.571365626189804,10.318565348075802,12.55909101589176,14.133082909454536,14.0622785389616,16.31306168203899,16.743231392725132,17.518138172234124
0.0,0.604470995978103,3.140278048320786,6.571365626189804,10.318565348075802,12.55909101589176,14.133082909454536,14.0622785389616,16.31306168203899,16.743231392725132,17.359425217573428
0.0,0.604470995978103,3.140278048320786,6.571365626189804,10.318565348075802,12.424493233982355,14.133082909454536,14.0622785389616,16.31306168203899,16.69851284294011,17.271769280579594
0.0,0.604470995978103,3.140278048320786,6.571365626189804,10.318565348075802,12.424493233982355,14.133082909454536,14.0622785389616,16.31306168203899,16.69851284294011,17.271769280579594
0.0,0.604470995978103,3.140278048320786,6.571365626189804,10.318565348075802,12.424493233982355,14.133082909454536,14.0622785389616,16.31306168203899,16.69851284294011,17.271769280579594
0.0,0.604470995978103,3.140278048320786,6.571365626189804,10.318565348075802,12.424493233982355,14.133082909454536,14.0622785389616,16.31306168203899,16.69851284294011,17.271769280579594
0.0,0.604470995978103,3.140278048320786,6.571365626189804,10.318565348075802,12.424493233982355,14.133082909454536,14.0622785389616,16.31306168203899,16.69851284294011,17.271769280579594
0.0,0.604470995978103,3.140278048320786,6.571365626189804,10.318565348075802,12.424493233982355,14.133082909454536,14.0622785389616,16.31306168203899,16.69851284294011,17.271769280579594
0.0,0.604470995978103,3.140278048320786,6.571365626189804,10.318565348075802,12.424493233982355,14.133082909454536,14.0622785389616,16.31306168203899,16.507852653136403,17.271769280579594
0.0,0.604470995978103,3.140278048320786,6.571365626189804,10.318565348075802,12.424493233982355,14.133082909454536,14.0622785389616,16.31306168203899,16.507852653136403,17.076763559384347
0.0,0.604470995978103,3.140278048320786,6.571365626189804,10.318565348075802,12.424493233982355,14.133082909454536,14.0622785389616,16.31306168203899,16.507852653136403,17.076763559384347
0.0,0.604470995978103,3.140278048320786,6.571365626189804,10.318565348075802,12.424493233982355,14.133082909454536,14.0622785389616,16.31306168203899,16.507852653136403,17.076763559384347
0.0,0.604470995978103,3.140278048320786,6.571365626189804,10.318565348075802,12.424493233982355,14.133082909454536,14.0622785389616,16.31306168203899,16.507852653136403,17.076763559384347
0.0,0.604470995978103,3.140278048320786,6.571365626189804,10.318565348075802,12.424493233982355,14.133082909454536,14.0622785389616,16.31306168203899,16.507852653136403,17.076763559384347
0.0,0.604470995978103,3.140278048320786,6.571365626189804,10.318565348075802,12.424493233982355,14.203129338425684,14.0622785389616,16.31306168203899,16.507852653136403,17.076763559384347
0.0,0.604470995978103,3.140278048320786,6.571365626189804,10.318565348075802,12.424493233982355,14.203129338425684,14.0622785389616,16.31306168203899,16.56148964816101,17.076763559384347
0.0,0.604470995978103,3.140278048320786,6.571365626189804,10.318565348075802,12.345983124684668,14.20307880899091,13.90917435156208,16.36683763300926,16.6452042892416,17.083168165243375
0.0,0.604470995978103,3.140278048320786,6.571365626189804,10.318565348075802,12.345983124684668,14.20307880899091,13.90917435156208,16.36683763300926,16.6452042892416,17.083168165243375
0.0,0.604470995978103,3.140278048320786,6.571365626189804,10.318565348075802,12.345983124684668,14.20307880899091,13.90917435156208,16.36683763300926,16.6452042892416,17.083168165243375
0.0,0.604470995978103,3.140278048320786,6.571365626189804,10.318565348075802,12.345983124684668,14.20307880899091,13.90917435156208,16.36683763300926,16.6452042892416,17.083168165243375
0.0,0.604470995978103,3.140278048320786,6.571365626189804,10.318565348075802,12.345983124684668,14.20307880899091,13.90917435156208,16.36683763300926,16.6452042892416,17.083168165243375
0.0,0.604470995978103,3.140278048320786,6.571365626189804,10.318565348075802,12.345983124684668,14.20307880899091,13.90917435156208,16.36683763300926,16.6452042892416,17.083168165243375
0.0,0.604470995978103,3.140278048320786,6.505437346153671,10.394056323645067,12.345983124684668,14.20307880899091,13.90917435156208,16.471408298297483,16.711385216451674,17.083458709493403
0.0,0.604470995978103,3.140278048320786,6.505437346153671,10.366429355176198,12.345983124684668,14.20307880899091,13.90917435156208,16.53962303525767,16.820465633794495,17.068034599525177
0.0,0.604470995978103,3.140278048320786,6.505437346153671,10.366429355176198,12.345983124684668,14.20307880899091,13.90917435156208,16.53962303525767,16.820465633794495,17.068034599525177
0.0,0.604470995978103,3.140278048320786,6.505437346153671,10.394056323645067,12.345983124684668,14.20307880899091,13.90917435156208,16.53962303525767,16.820465633794495,17.068034599525177
0.0,0.604470995978103,3.140278048320786,6.505437346153671,10.366429355176198,12.345983124684668,14.20307880899091,13.90917435156208,16.53962303525767,16.820465633794495,17.068034599525177
0.0,0.604470995978103,3.140278048320786,6.505437346153671,10.394056323645067,12.345983124684668,14.20307880899091,13.90917435156208,16.53962303525767,16.820465633794495,17.068034599525177
0.0,0.604470995978103,3.140278048320786,6.505437346153671,10.394056323645067,12.345983124684668,14.20307880899091,13.90917435156208,16.53962303525767,16.820465633794495,17.068034599525177
0.0,0.604470995978103,3.140278048320786,6.505437346153671,10.366429355176198,12.345983124684668,14.20307880899091,13.90917435156208,16.53962303525767,16.820465633794495,17.068034599525177
0.0,0.604470995978103,3.140278048320786,6.505437346153671,10.366429355176198,12.345983124684668,14.20307880899091,13.90917435156208,16.53962303525767,16.820465633794495,17.068034599525177
0.0,0.604470995978103,3.140278048320786,6.505437346153671,10.394056323645067,12.345983124684668,14.20307880899091,13.826242916720677,16.53962303525767,16.820465633794495,17.068034599525177
0.0,0.604470995978103,3.140278048320786,6.505437346153671,10.394056323645067,12.345983124684668,14.20307880899091,13.826242916720677,16.53962303525767,16.820465633794495,17.068034599525177
0.0,0.604470995978103,3.140278048320786,6.505437346153671,10.394056323645067,12.345983124684668,14.20307880899091,13.826242916720677,16.45158812750294,16.725495561115476,16.955113945138677
0.0,0.604470995978103,3.140278048320786,6.505437346153671,10.366429355176198,12.345983124684668,14.20307880899091,13.826242916720677,16.45158812750294,16.725495561115476,16.955113945138677
0.0,0.604470995978103,3.140278048320786,6.505437346153671,10.366429355176198,12.345983124684668,14.20307880899091,13.826242916720677,16.45158812750294,16.725495561115476,16.955113945138677
0.0,0.604470995978103,3.140278048320786,6.505437346153671,10.366429355176198,12.345983124684668,14.20307880899091,13.826242916720677,16.45158812750294,16.725495561115476,16.955113945138677
0.0,0.604470995978103,3.140278048320786,6.505437346153671,10.366429355176198,12.392356513458887,14.05966364071147,13.826242916720677,16.45158812750294,16.725495561115476,16.955113945138677
0.0,0.604470995978103,3.140278048320786,6.52098777970885,10.390443469057915,12.367521296261916,14.15656646427101,13.845608322602153,16.444943506828675,16.622529205381692,16.955113945138677
0.0,0.604470995978103,3.140278048320786,6.52098777970885,10.390443469057915,12.367521296261916,14.15656646427101,13.917536973019045,16.444943506828675,16.622529205381692,16.955113945138677
0.0,0.604470995978103,3.140278048320786,6.52098777970885,10.390443469057915,12.367521296261916,14.15656646427101,13.917536973019045,16.444943506828675,16.622529205381692,16.955113945138677
0.0,0.604470995978103,3.140278048320786,6.52098777970885,10.390443469057915,12.367521296261916,14.15656646427101,13.917536973019045,16.444943506828675,16.622529205381692,16.955113945138677
0.0,0.604470995978103,3.140278048320786,6.52098777970885,10.390443469057915,12.367521296261916,14.15656646427101,13.917536973019045,16.444943506828675,16.622529205381692,16.955113945138677
0.0,0.604470995978103,3.140278048320786,6.52098777970885,10.390443469057915,12.367521296261916,14.15656646427101,13.917536973019045,16.444943506828675,16.622529205381692,16.955113945138677
0.0,0.604470995978103,3.140278048320786,6.52098777970885,10.390443469057915,12.367521296261916,14.15656646427101,13.917536973019045,16.444943506828675,16.622529205381692,16.955113945138677
0.0,0.604470995978103,3.140278048320786,6.52098777970885,10.390443469057915,12.367521296261916,14.15656646427101,13.917536973019045,16.444943506828675,16.622529205381692,16.955113945138677
0.0,0.604470995978103,3.140278048320786,6.52098777970885,10.390443469057915,12.367521296261916,14.15656646427101,13.917536973019045,16.444943506828675,16.622529205381692,16.955113945138677
0.0,0.604470995978103,3.140278048320786,6.52098777970885,10.390443469057915,12.367521296261916,14.15656646427101,13.917536973019045,16.444943506828675,16.622529205381692,16.784008646596885
0.0,0.604470995978103,3.140278048320786,6.52098777970885,10.390443469057915,12.367521296261916,14.15656646427101,13.917536973019045,16.444943506828675,16.622529205381692,16.784008646596885
0.0,0.604470995978103,3.140278048320786,6.52098777970885,10.390443469057915,12.367521296261916,14.15656646427101,13.917536973019045,16.444943506828675,16.622529205381692,16.784008646596885
0.0,0.604470995978103,3.140278048320786,6.52098777970885,10.390443469057915,12.367521296261916,14.15656646427101,13.917536973019045,16.444943506828675,16.622529205381692,16.784008646596885
0.0,0.604470995978103,3.140278048320786,6.52098777970885,10.390443469057915,12.367521296261916,14.15656646427101,13.917536973019045,16.444943506828675,16.622529205381692,16.784008646596885
0.0,0.604470995978103,3.140278048320786,6.52098777970885,10.390443469057915,12.367521296261916,14.15656646427101,13.917536973019045,16.444943506828675,16.622529205381692,16.784008646596885
0.0,0.604470995978103,3.140278048320786,6.52098777970885,10.390443469057915,12.367521296261916,14.15656646427101,13.917536973019045,16.444943506828675,16.622529205381692,16.784008646596885
0.0,0.604470995978103,3.140278048320786,6.52098777970885,10.390443469057915,12.367521296261916,14.15656646427101,13.917536973019045,16.444943506828675,16.622529205381692,16.784008646596885
0.0,0.604470995978103,3.140278048320786,6.52098777970885,10.390443469057915,12.367521296261916,14.15656646427101,13.917536973019045,16.444943506828675,16.622529205381692,16.784008646596885
0.0,0.604470995978103,3.140278048320786,6.52098777970885,10.390443469057915,12.367521296261916,14.15656646427101,13.917536973019045,16.444943506828675,16.622529205381692,16.784008646596885
0.0,0.604470995978103,3.140278048320786,6.52098777970885,10.390443469057915,12.367521296261916,14.15656646427101,13.917536973019045,16.444943506828675,16.622529205381692,16.784008646596885
0.0,0.604470995978103,3.140278048320786,6.52098777970885,10.390443469057915,12.367521296261916,14.15656646427101,13.917536973019045,16.444943506828675,16.622529205381692,16.784008646596885
0.0,0.604470995978103,3.140278048320786,6.52098777970885,10.390443469057915,12.367521296261916,14.15656646427101,13.917536973019045,16.444943506828675,16.622529205381692,16.784008646596885
0.0,0.604470995978103,3.140278048320786,6.52098777970885,10.390443469057915,12.367521296261916,14.15656646427101,13.917536973019045,16.444943506828675,16.622529205381692,16.784008646596885
0.0,0.604470995978103,3.140278048320786,6.52098777970885,10.390443469057915,12.367521296261916,14.15656646427101,13.917536973019045,16.444943506828675,16.622529205381692,16.784008646596885
0.0,0.604470995978103,3.140278048320786,6.52098777970885,10.390443469057915,12.367521296261916,14.15656646427101,13.917536973019045,16.444943506828675,16.622529205381692,16.784008646596885
0.0,0.604470995978103,3.140278048320786,6.52098777970885,10.390443469057915,12.367521296261916,14.15656646427101,13.917536973019045,16.444943506828675,16.622529205381692,16.784008646596885
0.0,0.604470995978103,3.140278048320786,6.52098777970885,10.364130265893474,12.367521296261916,14.01099116265451,13.917536973019045,16.444943506828675,16.622529205381692,16.784008646596885
0.0,0.604470995978103,3.140278048320786,6.52098777970885,10.364130265893474,12.367521296261916,14.01099116265451,13.917536973019045,16.444943506828675,16.622529205381692,16.784008646596885
0.0,0.604470995978103,3.140278048320786,6.52098777970885,10.364130265893474,12.367521296261916,14.01099116265451,13.833493890612358,16.379091020944696,16.572075564748545,16.784008646596885
0.0,0.604470995978103,3.140278048320786,6.52098777970885,10.364130265893474,12.367521296261916,14.01099116265451,13.833493890612358,16.379091020944696,16.572075564748545,16.784008646596885
0.0,0.604470995978103,3.140278048320786,6.52098777970885,10.364130265893474,12.367521296261916,14.01099116265451,13.833493890612358,16.379091020944696,16.572075564748545,16.784008646596885
0.0,0.604470995978103,3.140278048320786,6.52098777970885,10.364130265893474,12.367521296261916,14.01099116265451,13.833493890612358,16.379091020944696,16.572075564748545,16.784008646596885
0.0,0.604470995978103,3.140278048320786,6.52098777970885,10.364130265893474,12.367521296261916,14.01099116265451,13.833493890612358,16.379091020944696,16.572075564748545,16.784008646596885
0.0,0.604470995978103,3.140278048320786,6.52098777970885,10.364130265893474,12.367521296261916,14.01099116265451,13.833493890612358,16.379091020944696,16.572075564748545,16.784008646596885
0.0,0.604470995978103,3.140278048320786,6.52098777970885,10.364130265893474,12.367521296261916,14.01099116265451,13.833493890612358,16.379091020944696,16.572075564748545,16.784008646596885
0.0,0.604470995978103,3.140278048320786,6.52098777970885,10.364130265893474,12.367521296261916,14.01099116265451,13.833493890612358,16.379091020944696,16.572075564748545,16.784008646596885
0.0,0.604470995978103,3.140278048320786,6.52098777970885,10.364130265893474,12.367521296261916,14.01099116265451,13.833493890612358,16.379091020944696,16.572075564748545,16.784008646596885
0.0,0.604470995978103,3.140278048320786,6.52098777970885,10.364130265893474,12.367521296261916,14.01099116265451,13.833493890612358,16.379091020944696,16.572075564748545,16.784008646596885
0.0,0.604470995978103,3.140278048320786,6.52098777970885,10.364130265893474,12.367521296261916,14.01099116265451,13.833493890612358,16.379091020944696,16.463664662416647,16.67922323121083
0.0,0.604470995978103,3.140278048320786,6.52098777970885,10.364130265893474,12.367521296261916,14.01099116265451,13.833493890612358,16.379091020944696,16.463664662416647,16.67922323121083
0.0,0.604470995978103,3.140278048320786,6.52098777970885,10.128069378935136,12.367521296261916,14.01099116265451,13.833493890612358,16.31863255222406,16.463664662416647,16.67922323121083
0.0,0.604470995978103,3.140278048320786,6.52098777970885,10.128069378935136,12.367521296261916,14.01099116265451,13.833493890612358,16.31863255222406,16.463664662416647,16.67922323121083
0.0,0.604470995978103,3.140278048320786,6.52098777970885,10.128069378935136,12.367521296261916,14.01099116265451,13.833493890612358,16.31863255222406,16.463664662416647,16.67922323121083
0.0,0.604470995978103,3.140278048320786,6.52098777970885,10.128069378935136,12.367521296261916,14.01099116265451,13.833493890612358,16.31863255222406,16.463664662416647,16.67922323121083
0.0,0.604470995978103,3.140278048320786,6.52098777970885,10.128069378935136,12.367521296261916,14.01099116265451,13.833493890612358,16.31863255222406,16.463664662416647,16.67922323121083
0.0,0.604470995978103,3.140278048320786,6.52098777970885,10.128069378935136,12.367521296261916,14.01099116265451,13.833493890612358,16.31863255222406,16.463664662416647,16.67922323121083
0.0,0.604470995978103,3.140278048320786,6.52098777970885,10.128069378935136,12.367521296261916,14.01099116265451,13.833493890612358,16.31863255222406,16.463664662416647,16.67922323121083
0.0,0.604470995978103,3.140278048320786,6.52098777970885,10.128069378935136,12.367521296261916,14.01099116265451,13.833493890612358,16.31863255222406,16.463664662416647,16.67922323121083
0.0,0.604470995978103,3.140278048320786,6.52098777970885,10.128069378935136,12.367521296261916,14.01099116265451,13.833493890612358,16.31863255222406,16.463664662416647,16.67922323121083
0.0,0.604470995978103,3.140278048320786,6.52098777970885,10.128069378935136,12.367521296261916,14.01099116265451,13.833493890612358,16.31863255222406,16.463664662416647,16.67922323121083
0.0,0.604470995978103,3.140278048320786,6.52098777970885,10.128069378935136,12.272753341322039,13.85933969650506,13.833493890612358,16.31863255222406,16.463664662416647,16.67922323121083
0.0,0.604470995978103,3.140278048320786,6.52098777970885,10.128069378935136,12.272753341322039,13.85933969650506,13.833493890612358,16.31863255222406,16.463664662416647,16.67922323121083
0.0,0.604470995978103,3.140278048320786,6.52098777970885,10.128069378935136,12.272753341322039,13.85933969650506,13.833493890612358,16.31863255222406,16.463664662416647,16.67922323121083
0.0,0.604470995978103,3.140278048320786,6.52098777970885,10.128069378935136,12.272753341322039,13.85933969650506,13.833493890612358,16.31863255222406,16.463664662416647,16.67922323121083
0.0,0.604470995978103,3.140278048320786,6.52098777970885,10.128069378935136,12.272753341322039,13.85933969650506,13.833493890612358,16.31863255222406,16.463664662416647,16.485329157580843
0.0,0.604470995978103,3.140278048320786,6.52098777970885,10.128069378935136,12.272753341322039,13.85933969650506,13.833493890612358,16.31863255222406,16.463664662416647,16.485329157580843
0.0,0.604470995978103,3.140278048320786,6.52098777970885,10.128069378935136,12.272753341322039,13.85933969650506,13.833493890612358,16.31863255222406,16.463664662416647,16.485329157580843
0.0,0.604470995978103,3.140278048320786,6.52098777970885,10.128069378935136,12.272753341322039,13.699009799931236,13.89727466967014,16.207733075228983,16.255079155622823,16.463550971188365
0.0,0.604470995978103,3.140278048320786,6.52098777970885,10.128069378935136,12.272753341322039,13.699009799931236,13.89727466967014,16.207733075228983,16.255079155622823,16.463550971188365
0.0,0.604470995978103,3.140278048320786,6.52098777970885,10.128069378935136,11.991557036741716,13.431304854438602,13.724969297052198,16.05512154981862,16.255079155622823,16.463550971188365
0.0,0.604470995978103,3.140278048320786,6.52098777970885,10.128069378935136,11.991557036741716,13.431304854438602,13.724969297052198,16.05512154981862,16.255079155622823,16.463550971188365
0.0,0.604470995978103,3.140278048320786,6.52098777970885,10.128069378935136,11.948531223022018,13.246670299733033,13.724969297052198,16.05512154981862,16.151834887997722,16.357616011160935
0.0,0.604470995978103,3.140278048320786,6.52098777970885,10.128069378935136,11.948531223022018,13.246670299733033,13.724969297052198,16.05512154981862,16.151834887997722,16.357616011160935
0.0,0.604470995978103,3.140278048320786,6.52098777970885,10.128069378935136,11.948531223022018,13.246670299733033,13.724969297052198,16.05512154981862,16.151834887997722,16.357616011160935
0.0,0.604470995978103,3.140278048320786,6.52098777970885,10.048561313300427,11.948531223022018,13.246670299733033,13.724969297052198,16.05512154981862,16.151834887997722,16.357616011160935
0.0,0.604470995978103,3.140278048320786,6.52098777970885,10.048561313300427,11.948531223022018,13.246670299733033,13.724969297052198,16.05512154981862,16.151834887997722,16.357616011160935
0.0,0.604470995978103,3.140278048320786,6.52098777970885,10.048561313300427,11.948531223022018,13.246670299733033,13.724969297052198,16.05512154981862,16.078807222374238,16.357616011160935
0.0,0.604470995978103,3.140278048320786,6.52098777970885,10.048561313300427,11.948531223022018,13.246670299733033,13.724969297052198,16.05512154981862,16.078807222374238,16.357616011160935
0.0,0.604470995978103,3.140278048320786,6.52098777970885,10.048561313300427,11.948531223022018,13.246670299733033,13.724969297052198,16.05512154981862,16.078807222374238,16.357616011160935
0.0,0.604470995978103,3.140278048320786,6.52098777970885,10.048561313300427,11.948531223022018,13.246670299733033,13.724969297052198,16.05512154981862,16.078807222374238,16.357616011160935
0.0,0.604470995978103,3.140278048320786,6.52098777970885,10.048561313300427,11.948531223022018,13.246670299733033,13.724969297052198,16.05512154981862,16.078807222374238,16.357616011160935
0.0,0.604470995978103,3.140278048320786,6.52098777970885,10.048561313300427,11.948531223022018,13.246670299733033,13.724969297052198,16.05512154981862,16.078807222374238,16.357616011160935
0.0,0.604470995978103,3.140278048320786,6.52098777970885,10.048561313300427,11.948531223022018,13.246670299733033,13.724969297052198,16.05512154981862,16.078807222374238,16.357616011160935
0.0,0.604470995978103,3.140278048320786,6.52098777970885,10.048561313300427,11.948531223022018,13.246670299733033,13.724969297052198,16.05512154981862,16.017590812131814,16.357616011160935
0.0,0.604470995978103,3.140278048320786,6.52098777970885,10.048561313300427,11.948531223022018,13.246670299733033,13.724969297052198,16.05512154981862,16.017590812131814,16.357616011160935
0.0,0.604470995978103,3.140278048320786,6.52098777970885,10.048561313300427,11.948531223022018,13.246670299733033,13.724969297052198,16.05512154981862,16.017590812131814,16.357616011160935
0.0,0.604470995978103,3.140278048320786,6.52098777970885,10.048561313300427,11.948531223022018,13.246670299733033,13.724969297052198,16.05512154981862,16.017590812131814,16.357616011160935
0.0,0.604470995978103,3.140278048320786,6.52098777970885,10.048561313300427,11.948531223022018,13.246670299733033,13.724969297052198,16.05512154981862,16.017590812131814,16.357616011160935
0.0,0.604470995978103,3.140278048320786,6.52098777970885,10.048561313300427,11.948531223022018,13.246670299733033,13.724969297052198,16.05512154981862,16.017590812131814,16.357616011160935
0.0,0.604470995978103,3.140278048320786,6.52098777970885,10.048561313300427,11.948531223022018,13.246670299733033,13.724969297052198,16.05512154981862,16.017590812131814,16.357616011160935
0.0,0.604470995978103,3.140278048320786,6.52098777970885,10.048561313300427,11.948531223022018,13.246670299733033,13.724969297052198,16.05512154981862,16.017590812131814,16.357616011160935
0.0,0.604470995978103,3.140278048320786,6.52098777970885,10.048561313300427,11.948531223022018,13.246670299733033,13.724969297052198,16.05512154981862,16.017590812131814,16.357616011160935
0.0,0.604470995978103,3.140278048320786,6.52098777970885,10.048561313300427,11.948531223022018,13.246670299733033,13.724969297052198,16.05512154981862,16.017590812131814,16.357616011160935
0.0,0.604470995978103,3.140278048320786,6.52098777970885,10.048561313300427,11.948531223022018,13.246670299733033,13.724969297052198,16.05512154981862,16.017590812131814,16.357616011160935
0.0,0.604470995978103,3.140278048320786,6.52098777970885,10.048561313300427,11.948531223022018,13.246670299733033,13.724969297052198,16.05512154981862,16.017590812131814,16.357616011160935
0.0,0.604470995978103,3.140278048320786,6.52098777970885,10.048561313300427,11.948531223022018,13.246670299733033,13.724969297052198,16.05512154981862,16.017590812131814,16.357616011160935
0.0,0.604470995978103,3.140278048320786,6.52098777970885,10.048561313300427,11.948531223022018,13.246670299733033,13.724969297052198,16.05512154981862,16.017590812131814,16.357616011160935
0.0,0.604470995978103,3.140278048320786,6.52098777970885,10.048561313300427,11.948531223022018,13.246670299733033,13.724969297052198,16.05512154981862,16.017590812131814,16.357616011160935
0.0,0.604470995978103,3.140278048320786,6.52098777970885,10.048561313300427,11.948531223022018,13.246670299733033,13.724969297052198,16.05512154981862,16.017590812131814,16.357616011160935
0.0,0.604470995978103,3.140278048320786,6.52098777970885,10.048561313300427,11.948531223022018,13.246670299733033,13.724969297052198,16.05512154981862,16.017590812131814,16.357616011160935
0.0,0.604470995978103,3.140278048320786,6.52098777970885,10.048561313300427,11.948531223022018,13.246670299733033,13.724969297052198,16.05512154981862,16.017590812131814,16.357616011160935
0.0,0.604470995978103,3.140278048320786,6.52098777970885,10.048561313300427,11.948531223022018,13.246670299733033,13.724969297052198,16.05512154981862,16.017590812131814,16.357616011160935
0.0,0.604470995978103,3.140278048320786,6.52098777970885,10.048561313300427,11.948531223022018,13.246670299733033,13.724969297052198,16.05512154981862,16.017590812131814,16.357616011160935
0.0,0.604470995978103,3.140278048320786,6.52098777970885,10.048561313300427,11.948531223022018,13.246670299733033,13.724969297052198,16.05512154981862,16.017590812131814,16.357616011160935
0.0,0.604470995978103,3.140278048320786,6.52098777970885,10.048561313300427,11.948531223022018,13.246670299733033,13.724969297052198,16.05512154981862,16.017590812131814,16.357616011160935
0.0,0.604470995978103,3.140278048320786,6.52098777970885,10.048561313300427,11.948531223022018,13.246670299733033,13.724969297052198,16.05512154981862,16.017590812131814,16.357616011160935
0.0,0.604470995978103,3.140278048320786,6.52098777970885,10.048561313300427,11.948531223022018,13.246670299733033,13.724969297052198,16.05512154981862,16.017590812131814,16.357616011160935
0.0,0.604470995978103,3.140278048320786,6.52098777970885,10.048561313300427,11.948531223022018,13.246670299733033,13.724969297052198,16.05512154981862,16.017590812131814,16.357616011160935
0.0,0.604470995978103,3.140278048320786,6.52098777970885,10.048561313300427,11.948531223022018,13.246670299733033,13.724969297052198,16.05512154981862,16.017590812131814,16.357616011160935
0.0,0.604470995978103,3.140278048320786,6.52098777970885,10.048561313300427,11.948531223022018,13.246670299733033,13.724969297052198,16.05512154981862,16.017590812131814,16.357616011160935
0.0,0.604470995978103,3.140278048320786,6.52098777970885,10.048561313300427,11.948531223022018,13.246670299733033,13.724969297052198,16.05512154981862,16.017590812131814,16.357616011160935
0.0,0.604470995978103,3.140278048320786,6.52098777970885,10.048561313300427,11.948531223022018,13.246670299733033,13.724969297052198,16.05512154981862,16.017590812131814,16.357616011160935
0.0,0.604470995978103,3.140278048320786,6.52098777970885,10.048561313300427,11.948531223022018,13.246670299733033,13.724969297052198,16.05512154981862,16.017590812131814,16.357616011160935
0.0,0.604470995978103,3.140278048320786,6.52098777970885,10.048561313300427,11.948531223022018,13.246670299733033,13.724969297052198,16.05512154981862,16.017590812131814,16.357616011160935
0.0,0.604470995978103,3.140278048320786,6.52098777970885,10.048561313300427,11.948531223022018,13.246670299733033,13.724969297052198,16.05512154981862,16.017590812131814,16.357616011160935
0.0,0.604470995978103,3.140278048320786,6.52098777970885,10.048561313300427,11.948531223022018,13.246670299733033,13.724969297052198,16.05512154981862,16.017590812131814,16.357616011160935
0.0,0.604470995978103,3.140278048320786,6.52098777970885,10.048561313300427,11.948531223022018,13.246670299733033,13.724969297052198,15.992237668228285,16.017590812131814,16.357616011160935
0.0,0.604470995978103,3.140278048320786,6.52098777970885,10.048561313300427,11.948531223022018,13.246670299733033,13.724969297052198,15.992237668228285,16.017590812131814,16.357616011160935
0.0,0.604470995978103,3.140278048320786,6.52098777970885,10.048561313300427,11.948531223022018,13.246670299733033,13.724969297052198,15.992237668228285,16.017590812131814,16.357616011160935
0.0,0.604470995978103,3.140278048320786,6.52098777970885,10.048561313300427,11.948531223022018,13.0946019657466,13.724969297052198,15.992237668228285,16.017590812131814,16.357616011160935
0.0,0.604470995978103,3.140278048320786,6.52098777970885,10.048561313300427,11.948531223022018,13.0946019657466,13.724969297052198,15.992237668228285,16.017590812131814,16.357616011160935
0.0,0.604470995978103,3.140278048320786,6.52098777970885,10.048561313300427,11.948531223022018,13.0946019657466,13.5180512616063,15.992237668228285,15.981702281075533,16.357616011160935
0.0,0.604470995978103,3.140278048320786,6.52098777970885,10.048561313300427,11.948531223022018,12.862823448386331,13.440829652895628,15.840523040285348,15.968286716140035,16.275114076515205
0.0,0.604470995978103,3.140278048320786,6.52098777970885,10.048561313300427,11.948531223022018,12.862823448386331,13.440829652895628,15.840523040285348,15.968286716140035,16.275114076515205
0.0,0.604470995978103,3.140278048320786,6.52098777970885,10.048561313300427,11.948531223022018,12.862823448386331,13.440829652895628,15.75147754383491,15.968286716140035,16.312164784571547
0.0,0.604470995978103,3.140278048320786,6.52098777970885,10.048561313300427,11.948531223022018,12.862823448386331,13.440829652895628,15.75147754383491,15.968286716140035,16.312164784571547
0.0,0.604470995978103,3.140278048320786,6.52098777970885,10.048561313300427,11.948531223022018,12.862823448386331,13.440829652895628,15.75147754383491,15.968286716140035,16.312164784571547
0.0,0.604470995978103,3.140278048320786,6.52098777970885,10.048561313300427,11.948531223022018,12.862823448386331,13.440829652895628,15.75147754383491,15.968286716140035,16.312164784571547
0.0,0.604470995978103,3.140278048320786,6.52098777970885,10.048561313300427,11.948531223022018,12.862823448386331,13.440829652895628,15.75147754383491,15.968286716140035,16.312164784571547
0.0,0.604470995978103,3.140278048320786,6.52098777970885,10.048561313300427,11.948531223022018,12.862823448386331,13.440829652895628,15.75147754383491,15.968286716140035,16.312164784571547
0.0,0.604470995978103,3.140278048320786,6.52098777970885,10.048561313300427,11.948531223022018,12.862823448386331,13.440829652895628,15.75147754383491,15.968286716140035,16.312164784571547
0.0,0.604470995978103,3.140278048320786,6.52098777970885,10.048561313300427,11.948531223022018,12.862823448386331,13.440829652895628,15.75147754383491,15.968286716140035,16.312164784571547
0.0,0.604470995978103,3.140278048320786,6.52098777970885,10.048561313300427,11.948531223022018,12.862823448386331,13.440829652895628,15.75147754383491,15.968286716140035,16.312164784571547
0.0,0.604470995978103,3.140278048320786,6.52098777970885,10.048561313300427,11.948531223022018,12.862823448386331,13.440829652895628,15.75147754383491,15.968286716140035,16.312164784571547
0.0,0.604470995978103,3.140278048320786,6.52098777970885,10.048561313300427,11.948531223022018,12.862823448386331,13.440829652895628,15.75147754383491,15.968286716140035,16.312164784571547
0.0,0.604470995978103,3.140278048320786,6.52098777970885,10.048561313300427,11.948531223022018,12.862823448386331,13.440829652895628,15.75147754383491,15.968286716140035,16.312164784571547
0.0,0.604470995978103,3.140278048320786,6.52098777970885,10.048561313300427,11.948531223022018,12.862823448386331,13.440829652895628,15.75147754383491,15.968286716140035,16.312164784571547
0.0,0.604470995978103,3.140278048320786,6.52098777970885,10.048561313300427,11.948531223022018,12.862823448386331,13.440829652895628,15.75147754383491,15.968286716140035,16.312164784571547
0.0,0.604470995978103,3.140278048320786,6.52098777970885,10.048561313300427,11.948531223022018,12.862823448386331,13.440829652895628,15.75147754383491,15.968286716140035,16.312164784571547
0.0,0.604470995978103,3.140278048320786,6.52098777970885,10.048561313300427,11.909888837769946,12.811460277927047,13.47204421123427,15.75147754383491,15.968286716140035,16.312164784571547
0.0,0.604470995978103,3.140278048320786,6.52098777970885,10.048561313300427,11.909888837769946,12.811460277927047,13.47204421123427,15.75147754383491,15.968286716140035,16.312164784571547
0.0,0.604470995978103,3.140278048320786,6.52098777970885,10.048561313300427,11.909888837769946,12.811460277927047,13.47204421123427,15.75147754383491,15.968286716140035,16.312164784571547
0.0,0.604470995978103,3.140278048320786,6.52098777970885,10.048561313300427,11.909888837769946,12.811460277927047,13.47204421123427,15.75147754383491,15.968286716140035,16.312164784571547
0.0,0.604470995978103,3.140278048320786,6.52098777970885,10.011864311287603,11.909888837769946,12.811460277927047,13.47204421123427,15.75147754383491,15.968286716140035,16.312164784571547
0.0,0.604470995978103,3.140278048320786,6.52098777970885,10.011864311287603,11.909888837769946,12.811460277927047,13.47204421123427,15.75147754383491,15.968286716140035,16.312164784571547
0.0,0.604470995978103,3.140278048320786,6.52098777970885,10.011864311287603,11.909888837769946,12.811460277927047,13.47204421123427,15.75147754383491,15.968286716140035,16.312164784571547
0.0,0.604470995978103,3.140278048320786,6.52098777970885,10.011864311287603,11.909888837769946,12.811460277927047,13.47204421123427,15.75147754383491,15.968286716140035,16.312164784571547
0.0,0.604470995978103,3.140278048320786,6.52098777970885,10.011864311287603,11.909888837769946,12.811460277927047,13.47204421123427,15.75147754383491,15.968286716140035,16.312164784571547
0.0,0.604470995978103,3.140278048320786,6.52098777970885,10.011864311287603,11.909888837769946,12.811460277927047,13.47204421123427,15.75147754383491,15.968286716140035,16.312164784571547
0.0,0.604470995978103,3.140278048320786,6.52098777970885,10.011864311287603,11.909888837769946,12.811460277927047,13.47204421123427,15.75147754383491,15.968286716140035,16.312164784571547
0.0,0.604470995978103,3.140278048320786,6.52098777970885,10.011864311287603,11.909888837769946,12.811460277927047,13.47204421123427,15.75147754383491,15.968286716140035,16.312164784571547
0.0,0.604470995978103,3.140278048320786,6.52098777970885,9.958088360317314,11.909888837769946,12.704135758443035,13.530355178976517,15.779420321271203,15.968286716140035,16.344288872736325
0.0,0.604470995978103,3.0762572544477917,6.543081775068721,9.958088360317314,11.909888837769946,12.704135758443035,13.530355178976517,15.779420321271203,16.044952501068067,16.36682500065057
0.0,0.604470995978103,3.102115692699182,6.559971238645727,9.958088360317314,11.909888837769946,12.704135758443035,13.530355178976517,15.779420321271203,16.044952501068067,16.36682500065057
0.0,0.604470995978103,3.102115692699182,6.559971238645727,9.958088360317314,11.909888837769946,12.704135758443035,13.530355178976517,15.779420321271203,16.116097945245812,16.456918982872793
0.0,0.604470995978103,3.102115692699182,6.559971238645727,9.958088360317314,11.909888837769946,12.704135758443035,13.530355178976517,15.779420321271203,16.116097945245812,16.456918982872793
0.0,0.604470995978103,3.102115692699182,6.559971238645727,9.958088360317314,11.909888837769946,12.704135758443035,13.530355178976517,15.779420321271203,16.116097945245812,16.456918982872793
0.0,0.604470995978103,3.0410129736850373,6.559971238645727,9.958088360317314,11.909888837769946,12.704135758443035,13.530355178976517,15.779420321271203,16.116097945245812,16.456918982872793
0.0,0.604470995978103,3.0410129736850373,6.559971238645727,9.958088360317314,11.909888837769946,12.704135758443035,13.530355178976517,15.779420321271203,16.116097945245812,16.456918982872793
0.0,0.604470995978103,3.0410129736850373,6.583404264027423,9.958088360317314,11.909888837769946,12.704135758443035,13.530355178976517,15.779420321271203,16.116097945245812,16.456918982872793
0.0,0.604470995978103,3.0410129736850373,6.583404264027423,9.958088360317314,11.909888837769946,12.724322267639767,13.530355178976517,15.779420321271203,16.050093871057484,16.456918982872793
0.0,0.604470995978103,3.0410129736850373,6.499361181620721,9.958088360317314,11.985935637121854,12.759111783489452,13.530355178976517,15.779420321271203,16.050093871057484,16.456918982872793
0.0,0.5881499885424463,3.0859968030026708,6.499361181620721,9.958088360317314,11.985935637121854,12.759111783489452,13.530355178976517,15.779420321271203,16.050093871057484,16.456918982872793
0.0,0.5881499885424463,3.0859968030026708,6.499361181620721,9.958088360317314,11.985935637121854,12.759111783489452,13.530355178976517,15.779420321271203,16.050093871057484,16.456918982872793
0.0,0.5881499885424463,3.0859968030026708,6.499361181620721,9.958088360317314,11.985935637121854,12.759111783489452,13.530355178976517,15.779420321271203,16.050093871057484,16.456918982872793
0.0,0.5881499885424463,3.0859968030026708,6.499361181620721,9.958088360317314,11.985935637121854,12.759111783489452,13.530355178976517,15.779420321271203,16.050093871057484,16.456918982872793
0.0,0.5881499885424463,3.0859968030026708,6.499361181620721,9.958088360317314,12.03475970348318,12.759111783489452,13.53567340198768,15.779420321271203,16.050093871057484,16.456918982872793
0.0,0.5881499885424463,3.0859968030026708,6.499361181620721,9.958088360317314,12.03475970348318,12.759111783489452,13.53567340198768,15.779420321271203,16.050093871057484,16.456918982872793
0.0,0.5881499885424463,3.0859968030026708,6.495192503250946,9.849412178452784,12.03475970348318,12.759111783489452,13.53567340198768,15.779420321271203,16.050093871057484,16.456918982872793
0.0,0.5881499885424463,3.0859968030026708,6.495192503250946,9.849412178452784,12.03475970348318,12.759111783489452,13.53567340198768,15.779420321271203,16.050093871057484,16.456918982872793
0.0,0.5881499885424463,3.0038485744004166,6.485048719217794,9.849412178452784,12.03475970348318,12.759111783489452,13.53567340198768,15.779420321271203,16.050093871057484,16.456918982872793
0.0,0.5881499885424463,3.0038485744004166,6.485048719217794,9.849412178452784,12.03475970348318,12.759111783489452,13.53567340198768,15.779420321271203,16.050093871057484,16.456918982872793
0.0,0.5881499885424463,3.0038485744004166,6.485048719217794,9.849412178452784,12.03475970348318,12.759111783489452,13.53567340198768,15.779420321271203,16.050093871057484,16.456918982872793
0.0,0.5881499885424463,3.0038485744004166,6.485048719217794,9.849412178452784,12.03475970348318,12.759111783489452,13.53567340198768,15.779420321271203,16.050093871057484,16.456918982872793
0.0,0.5881499885424463,3.0038485744004166,6.485048719217794,9.849412178452784,12.03475970348318,12.759111783489452,13.53567340198768,15.779420321271203,16.050093871057484,16.456918982872793
0.0,0.5881499885424463,3.0038485744004166,6.485048719217794,9.849412178452784,12.03475970348318,12.759111783489452,13.53567340198768,15.779420321271203,16.050093871057484,16.456918982872793
0.0,0.5881499885424463,3.0038485744004166,6.485048719217794,9.849412178452784,11.917190341096424,12.759111783489452,13.53567340198768,15.779420321271203,16.050093871057484,16.456918982872793
0.0,0.5881499885424463,3.0038485744004166,6.4450041421504105,9.901962790629527,11.930492214803659,12.759111783489452,13.55843691235847,15.779420321271203,16.050093871057484,16.456918982872793
0.0,0.5881499885424463,3.0038485744004166,6.4450041421504105,9.901962790629527,11.930492214803659,12.759111783489452,13.55843691235847,15.779420321271203,16.050093871057484,16.456918982872793
0.0,0.5881499885424463,3.0038485744004166,6.4450041421504105,9.901962790629527,11.930492214803659,12.759111783489452,13.55843691235847,15.779420321271203,16.050093871057484,16.456918982872793
0.0,0.5881499885424463,3.0038485744004166,6.4450041421504105,9.901962790629527,11.930492214803659,12.759111783489452,13.472814785114744,15.860671652405992,16.02515759499092,16.456918982872793
0.0,0.5881499885424463,3.0038485744004166,6.4450041421504105,9.81012554290719,11.930492214803659,12.759111783489452,13.472814785114744,15.860671652405992,16.02515759499092,16.43908209239358
0.0,0.5881499885424463,3.0038485744004166,6.4450041421504105,9.81012554290719,11.930492214803659,12.759111783489452,13.472814785114744,15.860671652405992,16.02515759499092,16.43908209239358
0.0,0.5881499885424463,3.0038485744004166,6.4450041421504105,9.81012554290719,11.930492214803659,12.759111783489452,13.472814785114744,15.860671652405992,16.02515759499092,16.43908209239358
0.0,0.5881499885424463,3.0038485744004166,6.4450041421504105,9.81012554290719,11.930492214803659,12.759111783489452,13.472814785114744,15.860671652405992,16.02515759499092,16.43908209239358
0.0,0.5881499885424463,3.0038485744004166,6.4450041421504105,9.81012554290719,11.930492214803659,12.759111783489452,13.472814785114744,15.860671652405992,16.02515759499092,16.43908209239358
0.0,0.5881499885424463,3.0038485744004166,6.376650449244567,9.826054947223263,11.995321479633235,12.759111783489452,13.472814785114744,15.854330208340448,16.02515759499092,16.43908209239358
0.0,0.5881499885424463,3.0038485744004166,6.376650449244567,9.826054947223263,11.995321479633235,12.759111783489452,13.472814785114744,15.854330208340448,16.02515759499092,16.43908209239358
0.0,0.5881499885424463,3.0038485744004166,6.376650449244567,9.826054947223263,11.995321479633235,12.759111783489452,13.472814785114744,15.854330208340448,16.02515759499092,16.43908209239358
0.0,0.5881499885424463,3.0038485744004166,6.376650449244567,9.826054947223263,11.995321479633235,12.759111783489452,13.472814785114744,15.854330208340448,16.02515759499092,16.43908209239358
0.0,0.5881499885424463,3.0038485744004166,6.376650449244567,9.826054947223263,11.995321479633235,12.759111783489452,13.472814785114744,15.854330208340448,16.02515759499092,16.43908209239358
0.0,0.5881499885424463,3.0038485744004166,6.376650449244567,9.826054947223263,11.995321479633235,12.759111783489452,13.472814785114744,15.854330208340448,16.02515759499092,16.43908209239358
0.0,0.5881499885424463,3.0038485744004166,6.376650449244567,9.826054947223263,11.995321479633235,12.759111783489452,13.472814785114744,15.854330208340448,16.02515759499092,16.43908209239358
0.0,0.5881499885424463,3.0038485744004166,6.376650449244567,9.826054947223263,11.995321479633235,12.759111783489452,13.472814785114744,15.854330208340448,16.02515759499092,16.43908209239358
0.0,0.5881499885424463,3.0038485744004166,6.376650449244567,9.826054947223263,11.995321479633235,12.759111783489452,13.472814785114744,15.854330208340448,16.02515759499092,16.43908209239358
0.0,0.5881499885424463,3.0038485744004166,6.376650449244567,9.826054947223263,11.995321479633235,12.759111783489452,13.472814785114744,15.854330208340448,16.02515759499092,16.43908209239358
0.0,0.5881499885424463,3.0038485744004166,6.376650449244567,9.826054947223263,11.995321479633235,12.759111783489452,13.472814785114744,15.854330208340448,16.05744590381874,16.414158448685722
0.0,0.5881499885424463,3.0038485744004166,6.376650449244567,9.826054947223263,11.995321479633235,12.759111783489452,13.472814785114744,15.854330208340448,16.05744590381874,16.414158448685722
0.0,0.5881499885424463,3.0038485744004166,6.376650449244567,9.826054947223263,11.995321479633235,12.597935518882977,13.472814785114744,15.854330208340448,16.05744590381874,16.414158448685722
0.0,0.5881499885424463,3.0038485744004166,6.376650449244567,9.826054947223263,11.995321479633235,12.597935518882977,13.472814785114744,15.854330208340448,16.05744590381874,16.414158448685722
0.0,0.5881499885424463,3.0038485744004166,6.376650449244567,9.826054947223263,11.995321479633235,12.597935518882977,13.472814785114744,15.854330208340448,16.05744590381874,16.414158448685722
0.0,0.5881499885424463,3.0038485744004166,6.376650449244567,9.826054947223263,11.995321479633235,12.597935518882977,13.472814785114744,15.854330208340448,16.05744590381874,16.414158448685722
0.0,0.5881499885424463,3.0038485744004166,6.376650449244567,9.826054947223263,11.995321479633235,12.597935518882977,13.472814785114744,15.854330208340448,16.05744590381874,16.414158448685722
0.0,0.5881499885424463,3.0038485744004166,6.376650449244567,9.826054947223263,11.995321479633235,12.597935518882977,13.472814785114744,15.854330208340448,15.992982977391366,16.414158448685722
0.0,0.5881499885424463,3.0038485744004166,6.376650449244567,9.826054947223263,11.995321479633235,12.597935518882977,13.472814785114744,15.854330208340448,15.992982977391366,16.414158448685722
0.0,0.5881499885424463,3.0038485744004166,6.2991130315665025,9.810087645831103,11.995321479633235,12.597935518882977,13.515006863160481,15.854330208340448,15.992982977391366,16.380556374553475
0.0,0.5881499885424463,3.0038485744004166,6.2863290845658035,9.746344763849429,12.010316089405773,12.597935518882977,13.515006863160481,15.854330208340448,15.992982977391366,16.380556374553475
0.0,0.5881499885424463,3.0038485744004166,6.2863290845658035,9.746344763849429,12.010316089405773,12.597935518882977,13.515006863160481,15.854330208340448,15.992982977391366,16.287001126048455
0.0,0.5881499885424463,3.0038485744004166,6.2863290845658035,9.746344763849429,12.010316089405773,12.597935518882977,13.515006863160481,15.854330208340448,15.992982977391366,16.287001126048455
0.0,0.5881499885424463,3.0038485744004166,6.2863290845658035,9.746344763849429,12.010316089405773,12.597935518882977,13.515006863160481,15.854330208340448,15.992982977391366,16.287001126048455
0.0,0.5453515572792911,3.0038485744004166,6.195843499224001,9.746344763849429,12.010316089405773,12.597935518882977,13.515006863160481,15.854330208340448,15.992982977391366,16.287001126048455
0.0,0.5453515572792911,3.0038485744004166,6.195843499224001,9.746344763849429,12.010316089405773,12.597935518882977,13.515006863160481,15.854330208340448,15.992982977391366,16.287001126048455
0.0,0.5453515572792911,3.0013473673785485,6.2373913269762316,9.799703846982718,12.04726573859254,12.630438577808627,13.515006863160481,15.854330208340448,15.992982977391366,16.287001126048455
0.0,0.5453515572792911,3.0013473673785485,6.2373913269762316,9.799703846982718,12.04726573859254,12.630438577808627,13.515006863160481,15.854330208340448,15.992982977391366,16.287001126048455
0.0,0.5453515572792911,3.0013473673785485,6.2373913269762316,9.799703846982718,12.04726573859254,12.630438577808627,13.515006863160481,15.854330208340448,15.992982977391366,16.287001126048455
0.0,0.5453515572792911,3.0013473673785485,6.2373913269762316,9.799703846982718,12.04726573859254,12.630438577808627,13.515006863160481,15.854330208340448,15.992982977391366,16.287001126048455
0.0,0.5453515572792911,3.0013473673785485,6.2373913269762316,9.799703846982718,12.04726573859254,12.630438577808627,13.515006863160481,15.854330208340448,15.992982977391366,16.287001126048455
0.0,0.5453515572792911,3.0013473673785485,6.2373913269762316,9.799703846982718,12.04726573859254,12.630438577808627,13.515006863160481,15.854330208340448,15.992982977391366,16.287001126048455
0.0,0.5453515572792911,3.0013473673785485,6.2373913269762316,9.799703846982718,12.04726573859254,12.630438577808627,13.515006863160481,15.854330208340448,15.992982977391366,16.287001126048455
0.0,0.5453515572792911,3.0013473673785485,6.2373913269762316,9.799703846982718,12.04726573859254,12.630438577808627,13.515006863160481,15.854330208340448,15.992982977391366,16.287001126048455
0.0,0.5453515572792911,3.0013473673785485,6.2373913269762316,9.799703846982718,12.04726573859254,12.630438577808627,13.515006863160481,15.854330208340448,15.91329805873491,16.21604516725117
0.0,0.5453515572792911,3.0013473673785485,6.2373913269762316,9.799703846982718,12.04726573859254,12.630438577808627,13.515006863160481,15.854330208340448,15.91329805873491,16.21604516725117
0.0,0.5453515572792911,3.0013473673785485,6.2373913269762316,9.799703846982718,12.04726573859254,12.630438577808627,13.515006863160481,15.854330208340448,15.91329805873491,16.21604516725117
0.0,0.5453515572792911,3.0013473673785485,6.2373913269762316,9.799703846982718,12.04726573859254,12.630438577808627,13.515006863160481,15.854330208340448,15.91329805873491,16.21604516725117
0.0,0.5453515572792911,3.0013473673785485,6.2373913269762316,9.799703846982718,12.04726573859254,12.630438577808627,13.515006863160481,15.854330208340448,15.91329805873491,16.21604516725117
0.0,0.5453515572792911,3.0013473673785485,6.2373913269762316,9.799703846982718,12.04726573859254,12.630438577808627,13.50108600387712,15.854330208340448,15.91329805873491,16.21604516725117
0.0,0.5453515572792911,3.0013473673785485,6.2373913269762316,9.799703846982718,12.04726573859254,12.630438577808627,13.50108600387712,15.854330208340448,15.91329805873491,16.21604516725117
0.0,0.5453515572792911,2.9721666187900357,6.225201100834261,9.837487231843447,12.019070313982322,12.6556906628426,13.50108600387712,15.818113235958053,15.91329805873491,16.21604516725117
0.0,0.5453515572792911,2.9721666187900357,6.225201100834261,9.837487231843447,12.019070313982322,12.6556906628426,13.50108600387712,15.818113235958053,15.91329805873491,16.21604516725117
0.0,0.5453515572792911,2.9721666187900357,6.1819100075819495,9.837487231843447,12.019070313982322,12.6556906628426,13.50108600387712,15.818113235958053,15.91329805873491,16.21604516725117
0.0,0.5453515572792911,2.9721666187900357,6.1819100075819495,9.837487231843447,12.019070313982322,12.6556906628426,13.50108600387712,15.818113235958053,15.91329805873491,16.21604516725117
0.0,0.5453515572792911,2.9721666187900357,6.1819100075819495,9.778835190416393,11.969892541577517,12.6556906628426,13.50108600387712,15.818113235958053,15.91329805873491,16.21604516725117
0.0,0.5453515572792911,2.9721666187900357,6.1819100075819495,9.778835190416393,11.867886245104648,12.6556906628426,13.50108600387712,15.818113235958053,15.91329805873491,16.21604516725117
0.0,0.5453515572792911,2.9721666187900357,6.1819100075819495,9.797114213449984,11.867886245104648,12.6556906628426,13.50108600387712,15.818113235958053,15.91329805873491,16.21604516725117
0.0,0.5453515572792911,2.9721666187900357,6.143924504982076,9.797114213449984,11.867886245104648,12.6556906628426,13.50108600387712,15.815169896381823,15.959684079867836,16.263062806318914
0.0,0.5453515572792911,2.9721666187900357,6.143924504982076,9.797114213449984,11.969892541577517,12.6556906628426,13.50108600387712,15.815169896381823,15.959684079867836,16.263062806318914
0.0,0.5453515572792911,2.9721666187900357,6.143924504982076,9.797114213449984,11.867886245104648,12.6556906628426,13.50108600387712,15.815169896381823,15.959684079867836,16.263062806318914
0.0,0.5453515572792911,2.9721666187900357,6.143924504982076,9.797114213449984,11.969892541577517,12.6556906628426,13.50108600387712,15.815169896381823,15.959684079867836,16.263062806318914
0.0,0.5453515572792911,2.9721666187900357,6.143924504982076,9.797114213449984,11.867886245104648,12.6556906628426,13.50108600387712,15.815169896381823,15.959684079867836,16.263062806318914
0.0,0.5453515572792911,2.9721666187900357,6.143924504982076,9.747671161512548,11.867886245104648,12.6556906628426,13.50108600387712,15.815169896381823,15.959684079867836,16.263062806318914
0.0,0.5453515572792911,2.9721666187900357,6.143924504982076,9.747671161512548,11.824216181091424,12.6556906628426,13.50108600387712,15.815169896381823,15.959684079867836,16.263062806318914
0.0,0.5453515572792911,2.9721666187900357,6.143924504982076,9.747671161512548,11.824216181091424,12.6556906628426,13.50108600387712,15.815169896381823,15.959684079867836,16.263062806318914
0.0,0.5453515572792911,2.9721666187900357,6.143924504982076,9.747671161512548,11.824216181091424,12.6556906628426,13.50108600387712,15.815169896381823,15.959684079867836,16.263062806318914
0.0,0.5453515572792911,2.9721666187900357,6.019318918801472,9.747671161512548,11.824216181091424,12.6556906628426,13.50108600387712,15.815169896381823,15.959684079867836,16.263062806318914
0.0,0.5453515572792911,2.9721666187900357,6.019318918801472,9.747671161512548,11.824216181091424,12.6556906628426,13.50108600387712,15.815169896381823,15.959684079867836,16.263062806318914
0.0,0.5453515572792911,2.9721666187900357,6.019318918801472,9.747671161512548,11.824216181091424,12.6556906628426,13.50108600387712,15.815169896381823,15.959684079867836,16.263062806318914
0.0,0.5453515572792911,2.9721666187900357,6.019318918801472,9.747671161512548,11.824216181091424,12.6556906628426,13.50108600387712,15.815169896381823,15.959684079867836,16.263062806318914
0.0,0.5453515572792911,2.9721666187900357,6.019318918801472,9.747671161512548,11.769126464816726,12.6556906628426,13.50108600387712,15.815169896381823,15.959684079867836,16.263062806318914
0.0,0.5453515572792911,2.9721666187900357,6.019318918801472,9.747671161512548,11.769126464816726,12.6556906628426,13.352655789195236,15.815169896381823,16.04131438176352,16.263062806318914
0.0,0.5453515572792911,2.9721666187900357,6.08662412593552,9.747671161512548,11.769126464816726,12.6556906628426,13.352655789195236,15.815169896381823,16.04131438176352,16.263062806318914
0.0,0.5453515572792911,2.9721666187900357,6.098448013675285,9.6954995200967,11.801212655905417,12.6556906628426,13.352655789195236,15.815169896381823,16.04131438176352,16.263062806318914
0.0,0.5453515572792911,2.9721666187900357,6.098448013675285,9.6954995200967,11.801212655905417,12.6556906628426,13.371591694881044,15.856881944797093,16.04131438176352,16.263062806318914
0.0,0.5453515572792911,2.9721666187900357,6.098448013675285,9.6954995200967,11.801212655905417,12.6556906628426,13.371591694881044,15.856881944797093,16.04131438176352,16.263062806318914
0.0,0.5453515572792911,2.9721666187900357,6.098448013675285,9.6954995200967,11.801212655905417,12.6556906628426,13.371591694881044,15.856881944797093,16.04131438176352,16.263062806318914
0.0,0.5453515572792911,2.9721666187900357,6.098448013675285,9.6954995200967,11.801212655905417,12.6556906628426,13.371591694881044,15.856881944797093,16.04131438176352,16.263062806318914
0.0,0.5453515572792911,2.9721666187900357,6.098448013675285,9.6954995200967,11.801212655905417,12.6556906628426,13.371591694881044,15.856881944797093,16.04131438176352,16.263062806318914
0.0,0.5453515572792911,2.9721666187900357,6.098448013675285,9.6954995200967,11.801212655905417,12.6556906628426,13.371591694881044,15.856881944797093,16.04131438176352,16.263062806318914
0.0,0.5453515572792911,2.9721666187900357,6.098448013675285,9.727775196565828,11.853384297321265,12.6556906628426,13.371591694881044,15.856881944797093,16.04131438176352,16.263062806318914
0.0,0.5453515572792911,2.9721666187900357,6.098448013675285,9.727775196565828,11.853384297321265,12.6556906628426,13.371591694881044,15.856881944797093,16.04131438176352,16.263062806318914
0.0,0.5453515572792911,2.9721666187900357,6.098448013675285,9.727775196565828,11.853384297321265,12.6556906628426,13.371591694881044,15.856881944797093,16.04131438176352,16.263062806318914
0.0,0.5453515572792911,2.9721666187900357,6.098448013675285,9.572889846590119,11.8398171440814,12.652747323266352,13.339391812564088,15.856881944797093,16.012739986392425,16.263062806318914
0.0,0.5453515572792911,2.9721666187900357,6.068256676391063,9.572889846590119,11.8398171440814,12.652747323266352,13.339391812564088,15.856881944797093,16.012739986392425,16.263062806318914
0.0,0.5453515572792911,2.9721666187900357,6.068256676391063,9.572889846590119,11.8398171440814,12.652747323266352,13.339391812564088,15.856881944797093,16.012739986392425,16.263062806318914
0.0,0.5453515572792911,2.9721666187900357,6.068256676391063,9.572889846590119,11.8398171440814,12.652747323266352,13.339391812564088,15.856881944797093,16.012739986392425,16.263062806318914
0.0,0.5453515572792911,2.9721666187900357,6.068256676391063,9.572889846590119,11.8398171440814,12.652747323266352,13.339391812564088,15.856881944797093,16.012739986392425,16.263062806318914
0.0,0.5453515572792911,2.9721666187900357,6.068256676391063,9.572889846590119,11.8398171440814,12.652747323266352,13.339391812564088,15.856881944797093,16.012739986392425,16.263062806318914
0.0,0.5453515572792911,2.9721666187900357,6.068256676391063,9.572889846590119,11.675508054518238,12.652747323266352,13.338595973966234,15.856881944797093,15.976308263912212,16.369642016639848
0.0,0.5453515572792911,2.9721666187900357,6.068256676391063,9.572889846590119,11.675508054518238,12.652747323266352,13.338595973966234,15.856881944797093,15.976308263912212,16.369642016639848
0.0,0.5453515572792911,2.9721666187900357,6.068256676391063,9.572889846590119,11.675508054518238,12.652747323266352,13.338595973966234,15.856881944797093,15.976308263912212,16.369642016639848
0.0,0.5453515572792911,2.9721666187900357,6.068256676391063,9.572889846590119,11.675508054518238,12.652747323266352,13.338595973966234,15.856881944797093,15.976308263912212,16.369642016639848
0.0,0.5453515572792911,2.9721666187900357,6.068256676391063,9.572889846590119,11.675508054518238,12.652747323266352,13.381583890609845,15.778624482673331,15.98651520973885,16.369642016639848
0.0,0.5453515572792911,2.9721666187900357,6.068256676391063,9.572889846590119,11.675508054518238,12.652747323266352,13.381583890609845,15.778624482673331,15.98651520973885,16.369642016639848
0.0,0.5453515572792911,2.9721666187900357,6.068256676391063,9.5612428118721,11.60128031481859,12.652747323266352,13.381583890609845,15.778624482673331,15.98651520973885,16.369642016639848
0.0,0.5453515572792911,2.9721666187900357,6.068256676391063,9.5612428118721,11.60128031481859,12.652747323266352,13.381583890609845,15.778624482673331,15.98651520973885,16.369642016639848
0.0,0.5453515572792911,2.9721666187900357,6.068256676391063,9.5612428118721,11.60128031481859,12.652747323266352,13.381583890609845,15.778624482673331,15.98651520973885,16.369642016639848
0.0,0.5453515572792911,2.9721666187900357,6.068256676391063,9.5612428118721,11.60128031481859,12.652747323266352,13.381583890609845,15.778624482673331,15.98651520973885,16.369642016639848
0.0,0.5453515572792911,2.9721666187900357,6.068256676391063,9.5612428118721,11.60128031481859,12.652747323266352,13.381583890609845,15.778624482673331,15.98651520973885,16.369642016639848
0.0,0.5453515572792911,2.9721666187900357,6.068256676391063,9.5612428118721,11.60128031481859,12.652747323266352,13.381583890609845,15.778624482673331,15.98651520973885,16.369642016639848
0.0,0.5453515572792911,2.9721666187900357,6.068256676391063,9.5612428118721,11.60128031481859,12.652747323266352,13.381583890609845,15.778624482673331,15.98651520973885,16.369642016639848
0.0,0.5453515572792911,2.9721666187900357,6.068256676391063,9.5612428118721,11.60128031481859,12.652747323266352,13.381583890609845,15.778624482673331,15.98651520973885,16.369642016639848
0.0,0.5453515572792911,2.9721666187900357,6.068256676391063,9.5612428118721,11.60128031481859,12.652747323266352,13.43016794215592,15.793189592250197,15.98651520973885,16.40459575315259
0.0,0.5453515572792911,2.9721666187900357,6.068256676391063,9.5612428118721,11.696351446367185,12.729488902346562,13.43016794215592,15.793189592250197,15.98651520973885,16.40459575315259
0.0,0.5636992536138893,2.951412267229623,6.095427674470247,9.539344121062955,11.737889952828851,12.72806488099584,13.42873506968805,15.791726869622313,15.98505004498327,16.40312530712034
0.0,0.5753966700007251,2.96707619414074,6.120313106740308,9.539344121062955,11.737889952828851,12.72806488099584,13.42873506968805,15.791726869622313,15.98505004498327,16.40312530712034
0.0,0.5753966700007251,2.96707619414074,6.120313106740308,9.539344121062955,11.737889952828851,12.72806488099584,13.42873506968805,15.853422530133473,16.097186076588006,16.278912893155088
0.0,0.5753966700007251,2.9562503994932974,6.120313106740308,9.539344121062955,11.737889952828851,12.72806488099584,13.42873506968805,15.853422530133473,16.097186076588006,16.278912893155088
0.0,0.5753966700007251,2.9562503994932974,6.120313106740308,9.576912281251374,11.757166688688804,12.72806488099584,13.42873506968805,15.853422530133473,16.097186076588006,16.278912893155088
0.0,0.5753966700007251,2.9346619711940427,6.1357875506645865,9.508976314374012,11.777744541058306,12.7336988418042,13.354861969223416,15.866951615392994,16.26705125817966,16.270537745137307
0.0,0.5753966700007251,2.9346619711940427,6.09768883811307,9.508976314374012,11.777744541058306,12.7336988418042,13.354861969223416,15.866951615392994,16.26705125817966,16.270537745137307
0.0,0.5753966700007251,2.9346619711940427,6.09768883811307,9.508976314374012,11.777744541058306,12.809694151721295,13.452988892002018,15.866951615392994,16.26705125817966,16.270537745137307
0.0,0.5753966700007251,2.9346619711940427,6.09768883811307,9.508976314374012,11.777744541058306,12.809694151721295,13.576620224807675,16.024424609646104,16.309609137021212,16.270537745137307
0.0,0.59546923440536,2.9346619711940427,6.09768883811307,9.508976314374012,11.777744541058306,12.809694151721295,13.576620224807675,16.024424609646104,16.309609137021212,16.270537745137307
0.0,0.59546923440536,2.9346619711940427,6.09768883811307,9.508976314374012,11.777744541058306,12.809694151721295,13.576620224807675,16.123903177730753,16.309609137021212,16.270537745137307
0.0,0.59546923440536,2.9346619711940427,6.09768883811307,9.508976314374012,11.777744541058306,12.809694151721295,13.576620224807675,16.123903177730753,16.309609137021212,16.270537745137307
0.0,0.59546923440536,2.899456032241425,6.09768883811307,9.547037130328164,11.777744541058306,12.809694151721295,13.576620224807675,16.123903177730753,16.31543258081639,16.381183177245674
0.0,0.59546923440536,2.899456032241425,6.09768883811307,9.547037130328164,11.777744541058306,12.809694151721295,13.576620224807675,16.123903177730753,16.31543258081639,16.381183177245674
0.0,0.59546923440536,2.899456032241425,6.09768883811307,9.547037130328164,11.777744541058306,12.809694151721295,13.576620224807675,16.123903177730753,16.31543258081639,16.381183177245674
0.0,0.59546923440536,2.899456032241425,6.09768883811307,9.547037130328164,11.777744541058306,12.809694151721295,13.576620224807675,16.123903177730753,16.31543258081639,16.381183177245674
0.0,0.59546923440536,2.899456032241425,6.09768883811307,9.547037130328164,11.777744541058306,12.809694151721295,13.576620224807675,16.123903177730753,16.31543258081639,16.381183177245674
0.0,0.59546923440536,2.899456032241425,6.09768883811307,9.547037130328164,11.777744541058306,12.809694151721295,13.576620224807675,16.123903177730753,16.249138799824873,16.386526597474216
0.0,0.59546923440536,2.899456032241425,6.09768883811307,9.547037130328164,11.777744541058306,12.809694151721295,13.576620224807675,16.123903177730753,16.249138799824873,16.386526597474216
0.0,0.59546923440536,2.899456032241425,6.09768883811307,9.547037130328164,11.777744541058306,12.809694151721295,13.576620224807675,16.123903177730753,16.249138799824873,16.386526597474216
0.0,0.59546923440536,2.899456032241425,6.09768883811307,9.547037130328164,11.777744541058306,12.809694151721295,13.576620224807675,16.123903177730753,16.249138799824873,16.386526597474216
0.0,0.59546923440536,2.899456032241425,6.09768883811307,9.547037130328164,11.777744541058306,12.809694151721295,13.576620224807675,16.123903177730753,16.249138799824873,16.386526597474216
0.0,0.59546923440536,2.899456032241425,6.04512625756701,9.547037130328164,11.68450627933986,12.809694151721295,13.576620224807675,16.133718396448423,16.252713712176362,16.232274813997183
0.0,0.59546923440536,2.899456032241425,6.04512625756701,9.547037130328164,11.68450627933986,12.809694151721295,13.46882966970084,16.173156122106874,16.252713712176362,16.232274813997183
0.0,0.59546923440536,2.899456032241425,6.04512625756701,9.547037130328164,11.68450627933986,12.809694151721295,13.46882966970084,16.173156122106874,16.252713712176362,16.232274813997183
0.0,0.59546923440536,2.899456032241425,6.04512625756701,9.547037130328164,11.68450627933986,12.809694151721295,13.46882966970084,16.173156122106874,16.252713712176362,16.232274813997183
0.0,0.59546923440536,2.899456032241425,6.04512625756701,9.547037130328164,11.68450627933986,12.809694151721295,13.396624019520283,16.173156122106874,16.252713712176362,16.232274813997183
0.0,0.59546923440536,2.899456032241425,6.04512625756701,9.547037130328164,11.68450627933986,12.809694151721295,13.396624019520283,16.173156122106874,16.252713712176362,16.232274813997183
0.0,0.59546923440536,2.899456032241425,6.04512625756701,9.547037130328164,11.68450627933986,12.809694151721295,13.396624019520283,16.173156122106874,16.252713712176362,16.232274813997183
0.0,0.59546923440536,2.899456032241425,6.04512625756701,9.547037130328164,11.50619015653568,12.809694151721295,13.396624019520283,16.173156122106874,16.252713712176362,16.232274813997183
0.0,0.59546923440536,2.899456032241425,6.04512625756701,9.547037130328164,11.50619015653568,12.809694151721295,13.295591690943652,16.169909646932563,16.252713712176362,16.232274813997183
0.0,0.59546923440536,2.899456032241425,6.04512625756701,9.547037130328164,11.50619015653568,12.809694151721295,13.295591690943652,16.169909646932563,16.252713712176362,16.232274813997183
0.0,0.59546923440536,2.899456032241425,6.04512625756701,9.547037130328164,11.50619015653568,12.809694151721295,13.295591690943652,16.169909646932563,16.252713712176362,16.232274813997183
0.0,0.59546923440536,2.899456032241425,6.04512625756701,9.547037130328164,11.50619015653568,12.809694151721295,13.295591690943652,16.169909646932563,16.14943285215602,16.232274813997183
0.0,0.59546923440536,2.899456032241425,6.04512625756701,9.547037130328164,11.50619015653568,12.809694151721295,13.295591690943652,16.169909646932563,16.14943285215602,16.234106482869848
0.0,0.59546923440536,2.899456032241425,6.04512625756701,9.547037130328164,11.50619015653568,12.809694151721295,13.295591690943652,16.169909646932563,16.14943285215602,16.234106482869848
0.0,0.59546923440536,2.899456032241425,6.04512625756701,9.547037130328164,11.50619015653568,12.756259949435842,13.295591690943652,16.169909646932563,16.14943285215602,16.234106482869848
0.0,0.59546923440536,2.899456032241425,6.04512625756701,9.547037130328164,11.50619015653568,12.756259949435842,13.295591690943652,16.169909646932563,16.14943285215602,16.234106482869848
0.0,0.59546923440536,2.899456032241425,6.04512625756701,9.547037130328164,11.50619015653568,12.756259949435842,13.295591690943652,16.169909646932563,16.14943285215602,16.234106482869848
0.0,0.59546923440536,2.899456032241425,6.04512625756701,9.547037130328164,11.430030628029993,12.802291683035886,13.324595220127433,16.169909646932563,16.14943285215602,16.234106482869848
0.0,0.59546923440536,2.899456032241425,6.04512625756701,9.547037130328164,11.430030628029993,12.802291683035886,13.324595220127433,16.169909646932563,16.14943285215602,16.234106482869848
0.0,0.59546923440536,2.899456032241425,6.04512625756701,9.547037130328164,11.430030628029993,12.78850995379395,13.39791250383072,16.155382617942426,16.16702950553278,16.12847603381286
0.0,0.59546923440536,2.899456032241425,6.04512625756701,9.547037130328164,11.430030628029993,12.78850995379395,13.39791250383072,16.155382617942426,16.16702950553278,16.229937857159648
0.0,0.59546923440536,2.899456032241425,6.04512625756701,9.547037130328164,11.430030628029993,12.78850995379395,13.39791250383072,16.155382617942426,16.16702950553278,16.12847603381286
0.0,0.59546923440536,2.899456032241425,6.04512625756701,9.547037130328164,11.430030628029993,12.78850995379395,13.39791250383072,16.155382617942426,16.16702950553278,16.229937857159648
0.0,0.59546923440536,2.899456032241425,6.04512625756701,9.547037130328164,11.430030628029993,12.78850995379395,13.39791250383072,16.155382617942426,16.16702950553278,16.229937857159648
0.0,0.59546923440536,2.899456032241425,6.04512625756701,9.547037130328164,11.430030628029993,12.78850995379395,13.39791250383072,16.155382617942426,16.16702950553278,16.12847603381286
0.0,0.59546923440536,2.899456032241425,6.04512625756701,9.547037130328164,11.430030628029993,12.78850995379395,13.39791250383072,16.155382617942426,16.16702950553278,16.12847603381286
0.0,0.59546923440536,2.899456032241425,6.04512625756701,9.547037130328164,11.430030628029993,12.811778464576411,13.39791250383072,16.109350884342366,16.16702950553278,16.12847603381286
0.0,0.59546923440536,2.899456032241425,6.04512625756701,9.547037130328164,11.430030628029993,12.811778464576411,13.39791250383072,16.109350884342366,16.16702950553278,16.12847603381286
0.0,0.59546923440536,2.899456032241425,6.04512625756701,9.547037130328164,11.430030628029993,12.811778464576411,13.39791250383072,16.109350884342366,16.16702950553278,16.12847603381286
0.0,0.59546923440536,2.899456032241425,6.04512625756701,9.547037130328164,11.430030628029993,12.811778464576411,13.39791250383072,16.109350884342366,16.16702950553278,16.229937857159648
0.0,0.59546923440536,2.899456032241425,6.04512625756701,9.547037130328164,11.430030628029993,12.811778464576411,13.39791250383072,16.109350884342366,16.16702950553278,16.12847603381286
0.0,0.59546923440536,2.899456032241425,6.04512625756701,9.547037130328164,11.430030628029993,12.811778464576411,13.39791250383072,16.109350884342366,16.16702950553278,16.229937857159648
0.0,0.59546923440536,2.899456032241425,6.04512625756701,9.547037130328164,11.430030628029993,12.811778464576411,13.39791250383072,16.109350884342366,16.18487880289196,16.104639074069915
0.0,0.59546923440536,2.899456032241425,6.04512625756701,9.547037130328164,11.430030628029993,12.811778464576411,13.39791250383072,16.109350884342366,16.18487880289196,16.104639074069915
0.0,0.59546923440536,2.899456032241425,6.04512625756701,9.547037130328164,11.430030628029993,12.811778464576411,13.39791250383072,16.109350884342366,16.18487880289196,16.104639074069915
0.0,0.59546923440536,2.899456032241425,6.04512625756701,9.547037130328164,11.430030628029993,12.811778464576411,13.39791250383072,16.109350884342366,16.18487880289196,16.104639074069915
0.0,0.59546923440536,2.899456032241425,6.04512625756701,9.547037130328164,11.430030628029993,12.811778464576411,13.39791250383072,16.109350884342366,16.18487880289196,16.104639074069915
0.0,0.59546923440536,2.899456032241425,6.04512625756701,9.547037130328164,11.430030628029993,12.811778464576411,13.39791250383072,16.109350884342366,16.18487880289196,16.104639074069915
0.0,0.59546923440536,2.899456032241425,6.04512625756701,9.547037130328164,11.430030628029993,12.811778464576411,13.39791250383072,16.109350884342366,16.18487880289196,16.104639074069915
0.0,0.59546923440536,2.899456032241425,6.04512625756701,9.547037130328164,11.430030628029993,12.811778464576411,13.39791250383072,16.109350884342366,16.18487880289196,16.104639074069915
0.0,0.59546923440536,2.899456032241425,6.04512625756701,9.484015088909205,11.436435152984767,12.755653603877978,13.39791250383072,16.109350884342366,16.18487880289196,16.104639074069915
0.0,0.59546923440536,2.899456032241425,6.04512625756701,9.484015088909205,11.436435152984767,12.755653603877978,13.39791250383072,16.109350884342366,16.18487880289196,16.184790377498114
0.0,0.59546923440536,2.899456032241425,6.04512625756701,9.484015088909205,11.436435152984767,12.755653603877978,13.39791250383072,16.109350884342366,16.18487880289196,16.184790377498114
0.0,0.59546923440536,2.899456032241425,6.04512625756701,9.484015088909205,11.436435152984767,12.73234719649815,13.39791250383072,16.109350884342366,16.18487880289196,16.184790377498114
0.0,0.59546923440536,2.899456032241425,6.04512625756701,9.484015088909205,11.436435152984767,12.73234719649815,13.39791250383072,16.109350884342366,16.18487880289196,16.184790377498114
0.0,0.59546923440536,2.899456032241425,6.04512625756701,9.484015088909205,11.436435152984767,12.73234719649815,13.39791250383072,16.109350884342366,16.18487880289196,16.184790377498114
0.0,0.59546923440536,2.899456032241425,6.04512625756701,9.484015088909205,11.436435152984767,12.73234719649815,13.39791250383072,16.109350884342366,16.18487880289196,16.18626834479537
0.0,0.59546923440536,2.899456032241425,6.04512625756701,9.484015088909205,11.288095238696773,12.715041083701205,13.39791250383072,15.993614675987889,16.18487880289196,16.18626834479537
0.0,0.59546923440536,2.899456032241425,6.04512625756701,9.484015088909205,11.288095238696773,12.715041083701205,13.39791250383072,15.993614675987889,16.18487880289196,16.18626834479537
0.0,0.59546923440536,2.899456032241425,5.974070137506547,9.478317967105252,11.247305867732296,12.645513459734497,13.251303200822415,15.945056502563457,16.055904049857777,16.11700599701021
0.0,0.59546923440536,2.899456032241425,5.974070137506547,9.478317967105252,11.247305867732296,12.645513459734497,13.251303200822415,15.945056502563457,16.055904049857777,16.11700599701021
0.0,0.59546923440536,2.899456032241425,5.974070137506547,9.478317967105252,11.247305867732296,12.645513459734497,13.251303200822415,15.945056502563457,16.055904049857777,16.220110006242844
0.0,0.59546923440536,2.899456032241425,5.974070137506547,9.478317967105252,11.247305867732296,12.645513459734497,13.251303200822415,15.945056502563457,16.055904049857777,16.11700599701021
0.0,0.59546923440536,2.899456032241425,5.974070137506547,9.478317967105252,11.247305867732296,12.645513459734497,13.251303200822415,15.945056502563457,16.055904049857777,16.220110006242844
0.0,0.59546923440536,2.899456032241425,5.974070137506547,9.478317967105252,11.247305867732296,12.645513459734497,13.263442744178523,15.814818529617073,16.055904049857777,16.11700599701021
0.0,0.59546923440536,2.899456032241425,5.974070137506547,9.478317967105252,11.247305867732296,12.55029194275391,13.177821698530556,15.614838185318908,15.97168517831234,16.116968100412844
0.0,0.59546923440536,2.899456032241425,5.974070137506547,9.478317967105252,11.247305867732296,12.55029194275391,13.177821698530556,15.614838185318908,15.97168517831234,16.116968100412844
0.0,0.59546923440536,2.899456032241425,5.974070137506547,9.478317967105252,11.247305867732296,12.55029194275391,13.177821698530556,15.614838185318908,15.97168517831234,16.116968100412844
0.0,0.59546923440536,2.899456032241425,5.974070137506547,9.478317967105252,11.247305867732296,12.55029194275391,12.999480311328126,15.614838185318908,15.97168517831234,16.116968100412844
0.0,0.59546923440536,2.899456032241425,5.974070137506547,9.478317967105252,11.247305867732296,12.55029194275391,12.999480311328126,15.614838185318908,15.97168517831234,16.116968100412844
0.0,0.59546923440536,2.899456032241425,5.974070137506547,9.478317967105252,11.247305867732296,12.55029194275391,12.999480311328126,15.614838185318908,15.97168517831234,16.116968100412844
0.0,0.59546923440536,2.899456032241425,5.974070137506547,9.478317967105252,11.247305867732296,12.55029194275391,12.999480311328126,15.614838185318908,15.97168517831234,16.116968100412844
0.0,0.59546923440536,2.899456032241425,5.974070137506547,9.478317967105252,11.247305867732296,12.55029194275391,12.999480311328126,15.614838185318908,15.97168517831234,16.116968100412844
0.0,0.59546923440536,2.899456032241425,5.974070137506547,9.478317967105252,11.247305867732296,12.55029194275391,12.999480311328126,15.614838185318908,15.97168517831234,16.116968100412844
0.0,0.59546923440536,2.899456032241425,5.974070137506547,9.478317967105252,11.247305867732296,12.55029194275391,12.999480311328126,15.614838185318908,15.97168517831234,16.116968100412844
0.0,0.59546923440536,2.899456032241425,5.974070137506547,9.482132891240058,11.247305867732296,12.55029194275391,12.999480311328126,15.44205496573011,15.866522120622855,16.06822044400159
0.0,0.59546923440536,2.899456032241425,5.974070137506547,9.482132891240058,11.268325847071068,12.55029194275391,12.999480311328126,15.44205496573011,15.876501557929116,16.12803390684359
0.0,0.59546923440536,2.899456032241425,5.974070137506547,9.482132891240058,11.268325847071068,12.55029194275391,12.999480311328126,15.44205496573011,15.876501557929116,16.12803390684359
0.0,0.59546923440536,2.899456032241425,5.974070137506547,9.482132891240058,11.268325847071068,12.55029194275391,12.999480311328126,15.44205496573011,15.757556770997677,15.981664615618602
0.0,0.59546923440536,2.899456032241425,5.974070137506547,9.482132891240058,11.268325847071068,12.55029194275391,12.999480311328126,15.44205496573011,15.757556770997677,15.981664615618602
0.0,0.59546923440536,2.899456032241425,5.974070137506547,9.482132891240058,11.268325847071068,12.735138912504091,13.001867796962157,15.44205496573011,15.757556770997677,15.981664615618602
0.0,0.59546923440536,2.899456032241425,5.974070137506547,9.482132891240058,11.268325847071068,12.735138912504091,13.001867796962157,15.44205496573011,15.757556770997677,15.981664615618602
0.0,0.59546923440536,2.899456032241425,5.974070137506547,9.482132891240058,11.268325847071068,12.735138912504091,13.001867796962157,15.44205496573011,15.757556770997677,15.981664615618602
0.0,0.59546923440536,2.762510361561336,5.974070137506547,9.482132891240058,11.268325847071068,12.735138912504091,13.001867796962157,15.44205496573011,15.757556770997677,15.981664615618602
0.0,0.59546923440536,2.7364248703746834,5.974070137506547,9.482132891240058,11.268325847071068,12.735138912504091,13.001867796962157,15.44205496573011,15.757556770997677,16.024336184252245
0.0,0.59546923440536,2.7364248703746834,5.974070137506547,9.482132891240058,11.268325847071068,12.735138912504091,13.001867796962157,15.44205496573011,15.757556770997677,16.024336184252245
0.0,0.59546923440536,2.7364248703746834,5.974070137506547,9.482132891240058,11.268325847071068,12.735138912504091,13.001867796962157,15.44205496573011,15.757556770997677,16.024336184252245
0.0,0.59546923440536,2.7364248703746834,5.974070137506547,9.482132891240058,11.268325847071068,12.735138912504091,13.001867796962157,15.44205496573011,15.757556770997677,16.024336184252245
0.0,0.59546923440536,2.7364248703746834,5.974070137506547,9.482132891240058,11.268325847071068,12.735138912504091,13.001867796962157,15.44205496573011,15.757556770997677,16.024336184252245
0.0,0.59546923440536,2.7364248703746834,5.974070137506547,9.482132891240058,11.268325847071068,12.735138912504091,13.001867796962157,15.44205496573011,15.757556770997677,16.024336184252245
0.0,0.59546923440536,2.7364248703746834,5.974070137506547,9.482132891240058,11.268325847071068,12.735138912504091,13.001867796962157,15.47710931829327,15.76897627900385,16.024336184252245
0.0,0.59546923440536,2.7364248703746834,5.974070137506547,9.482132891240058,11.268325847071068,12.735138912504091,13.001867796962157,15.47710931829327,15.76897627900385,16.024336184252245
0.0,0.59546923440536,2.7364248703746834,5.974070137506547,9.482132891240058,11.188035589452513,12.735138912504091,13.001867796962157,15.47710931829327,15.76897627900385,16.024336184252245
0.0,0.59546923440536,2.7364248703746834,5.974070137506547,9.482132891240058,11.188035589452513,12.735138912504091,13.001867796962157,15.47710931829327,15.76897627900385,16.024336184252245
0.0,0.59546923440536,2.7364248703746834,5.974070137506547,9.482132891240058,11.070278229238548,12.735138912504091,13.001867796962157,15.47710931829327,15.76897627900385,16.024336184252245
0.0,0.59546923440536,2.7364248703746834,5.974070137506547,9.482132891240058,11.070278229238548,12.735138912504091,13.001867796962157,15.47710931829327,15.76897627900385,16.024336184252245
0.0,0.59546923440536,2.7364248703746834,5.861959370300039,9.428256561985314,11.060197734339292,12.735138912504091,13.001867796962157,15.47710931829327,15.76897627900385,16.024336184252245
0.0,0.59546923440536,2.7364248703746834,5.861959370300039,9.428256561985314,11.060197734339292,12.735138912504091,13.001867796962157,15.47710931829327,15.76897627900385,16.024336184252245
0.0,0.59546923440536,2.7364248703746834,5.861959370300039,9.428256561985314,11.060197734339292,12.735138912504091,13.001867796962157,15.47710931829327,15.76897627900385,16.024336184252245
0.0,0.59546923440536,2.7364248703746834,5.861959370300039,9.428256561985314,11.060197734339292,12.735138912504091,13.001867796962157,15.47710931829327,15.76897627900385,16.024336184252245
0.0,0.59546923440536,2.7364248703746834,5.927293104158301,9.415182235894202,11.131392808590096,12.757081042378754,13.001867796962157,15.47710931829327,15.755927217310967,16.024336184252245
0.0,0.59546923440536,2.7364248703746834,5.927293104158301,9.415182235894202,11.131392808590096,12.757081042378754,13.001867796962157,15.47710931829327,15.755927217310967,16.024336184252245
0.0,0.59546923440536,2.7364248703746834,5.927293104158301,9.415182235894202,11.131392808590096,12.757081042378754,13.001867796962157,15.47710931829327,15.755927217310967,16.024336184252245
0.0,0.59546923440536,2.7666663550724198,5.927293104158301,9.415182235894202,11.131392808590096,12.757081042378754,13.001867796962157,15.47710931829327,15.755927217310967,16.024336184252245
0.0,0.59546923440536,2.7666663550724198,5.927293104158301,9.415182235894202,11.131392808590096,12.757081042378754,12.992861038988265,15.47710931829327,15.755927217310967,16.024336184252245
0.0,0.59546923440536,2.7666663550724198,5.927293104158301,9.415182235894202,11.131392808590096,12.757081042378754,12.992861038988265,15.47710931829327,15.755927217310967,16.024336184252245
0.0,0.59546923440536,2.7666663550724198,5.927293104158301,9.415182235894202,11.131392808590096,12.757081042378754,12.992861038988265,15.47710931829327,15.755927217310967,16.024336184252245
0.0,0.59546923440536,2.7666663550724198,5.927293104158301,9.352741275634836,11.131392808590096,12.757081042378754,12.992861038988265,15.47710931829327,15.755927217310967,16.024336184252245
0.0,0.59546923440536,2.7666663550724198,5.927293104158301,9.352741275634836,11.225591117441814,12.713601013001316,12.992861038988265,15.47710931829327,15.755927217310967,16.024336184252245
0.0,0.59546923440536,2.7666663550724198,5.927293104158301,9.352741275634836,11.225591117441814,12.713601013001316,12.992861038988265,15.47710931829327,15.755927217310967,16.024336184252245
0.0,0.59546923440536,2.7666663550724198,5.927293104158301,9.352741275634836,11.193353745282824,12.638110991049087,12.99493271964425,15.47710931829327,15.755927217310967,16.024336184252245
0.0,0.59546923440536,2.7666663550724198,5.927293104158301,9.352741275634836,11.193353745282824,12.638110991049087,12.99493271964425,15.47710931829327,15.755927217310967,16.024336184252245
0.0,0.59546923440536,2.7666663550724198,5.927293104158301,9.352741275634836,11.193353745282824,12.638110991049087,12.99493271964425,15.47710931829327,15.755927217310967,16.024336184252245
0.0,0.59546923440536,2.7666663550724198,5.898731701943775,9.352741275634836,11.193353745282824,12.638110991049087,12.898447982751495,15.47710931829327,15.755927217310967,16.024336184252245
0.0,0.59546923440536,2.7666663550724198,5.898731701943775,9.352741275634836,11.193353745282824,12.638110991049087,12.898447982751495,15.47710931829327,15.755927217310967,16.024336184252245
0.0,0.59546923440536,2.7666663550724198,5.898731701943775,9.352741275634836,11.193353745282824,12.638110991049087,12.898447982751495,15.47710931829327,15.755927217310967,16.024336184252245
0.0,0.59546923440536,2.7666663550724198,5.898731701943775,9.352741275634836,11.242227723685302,12.638110991049087,12.797996735334461,15.390629283105008,15.714935731160534,15.929026241877814
0.0,0.59546923440536,2.7666663550724198,5.898731701943775,9.352741275634836,11.242227723685302,12.638110991049087,12.797996735334461,15.390629283105008,15.714935731160534,15.929026241877814
0.0,0.59546923440536,2.7666663550724198,5.898731701943775,9.352741275634836,11.242227723685302,12.638110991049087,12.797996735334461,15.390629283105008,15.714935731160534,15.929026241877814
0.0,0.59546923440536,2.7666663550724198,5.898731701943775,9.352741275634836,11.242227723685302,12.638110991049087,12.797996735334461,15.390629283105008,15.714935731160534,15.929026241877814
0.0,0.59546923440536,2.7666663550724198,5.898731701943775,9.352741275634836,11.242227723685302,12.638110991049087,12.797996735334461,15.390629283105008,15.714935731160534,15.929026241877814
0.0,0.59546923440536,2.7666663550724198,5.898731701943775,9.352741275634836,11.242227723685302,12.638110991049087,12.797996735334461,15.390629283105008,15.714935731160534,15.929026241877814
0.0,0.59546923440536,2.7666663550724198,5.898731701943775,9.352741275634836,11.242227723685302,12.638110991049087,12.797996735334461,15.40500472570569,15.714935731160534,15.929026241877814
0.0,0.59546923440536,2.7666663550724198,5.898731701943775,9.352741275634836,11.242227723685302,12.638110991049087,12.797996735334461,15.40500472570569,15.714935731160534,15.929026241877814
0.0,0.59546923440536,2.7570785159389324,5.898731701943775,9.352741275634836,11.242227723685302,12.638110991049087,12.797996735334461,15.40500472570569,15.714935731160534,15.929026241877814
0.0,0.59546923440536,2.7570785159389324,5.898731701943775,9.352741275634836,11.242227723685302,12.507392994536065,12.797996735334461,15.40500472570569,15.714935731160534,15.929026241877814
0.0,0.59546923440536,2.7570785159389324,5.898731701943775,9.352741275634836,11.242227723685302,12.44384040075399,12.71342416221361,15.37860342954101,15.714935731160534,15.929026241877814
0.0,0.59546923440536,2.7570785159389324,5.898731701943775,9.352741275634836,11.242227723685302,12.44384040075399,12.71342416221361,15.37860342954101,15.714935731160534,15.929026241877814
0.0,0.59546923440536,2.7570785159389324,5.898731701943775,9.352741275634836,11.242227723685302,12.44384040075399,12.669337787278307,15.37860342954101,15.714935731160534,15.929026241877814
0.0,0.59546923440536,2.7570785159389324,5.898731701943775,9.352741275634836,11.242227723685302,12.44384040075399,12.669337787278307,15.37860342954101,15.714935731160534,15.929026241877814
0.0,0.59546923440536,2.7570785159389324,5.788856833981822,9.32046600687848,11.150088463290452,12.44384040075399,12.669337787278307,15.37860342954101,15.714935731160534,15.929026241877814
0.0,0.59546923440536,2.7570785159389324,5.788856833981822,9.32046600687848,11.150088463290452,12.44384040075399,12.669337787278307,15.37860342954101,15.714935731160534,15.929026241877814
0.0,0.59546923440536,2.7570785159389324,5.788856833981822,9.32046600687848,11.150088463290452,12.44384040075399,12.669337787278307,15.37860342954101,15.714935731160534,15.929026241877814
0.0,0.59546923440536,2.7570785159389324,5.788856833981822,9.32046600687848,11.150088463290452,12.44384040075399,12.669337787278307,15.37860342954101,15.714935731160534,15.929026241877814
0.0,0.59546923440536,2.7570785159389324,5.788856833981822,9.32046600687848,11.150088463290452,12.49455868022827,12.725348958184648,15.314558179993185,15.715036788753512,15.88247658811375
0.0,0.59546923440536,2.7570785159389324,5.788856833981822,9.217336733247617,11.150088463290452,12.49455868022827,12.725348958184648,15.314558179993185,15.715036788753512,15.88247658811375
0.0,0.59546923440536,2.7570785159389324,5.788856833981822,9.217336733247617,11.150088463290452,12.49455868022827,12.725348958184648,15.314558179993185,15.715036788753512,15.88247658811375
0.0,0.59546923440536,2.7570785159389324,5.788856833981822,9.156676913064457,11.017955660475788,12.382081579247217,12.725348958184648,15.314558179993185,15.810308834530575,15.88247658811375
0.0,0.59546923440536,2.7570785159389324,5.788856833981822,9.156676913064457,11.017955660475788,12.44980279873951,12.725348958184648,15.314558179993185,15.810308834530575,15.88247658811375
0.0,0.59546923440536,2.7570785159389324,5.788856833981822,9.156676913064457,10.934178915899622,12.300237561136694,12.602715569109629,15.314558179993185,15.810308834530575,15.88247658811375
0.0,0.59546923440536,2.7570785159389324,5.788856833981822,9.156676913064457,10.934178915899622,12.300237561136694,12.602715569109629,15.314558179993185,15.810308834530575,15.88247658811375
0.0,0.59546923440536,2.7570785159389324,5.788856833981822,9.156676913064457,10.934178915899622,12.300237561136694,12.602715569109629,15.314558179993185,15.810308834530575,15.88247658811375
0.0,0.59546923440536,2.7570785159389324,5.788856833981822,9.156676913064457,10.934178915899622,12.300237561136694,12.602715569109629,15.314558179993185,15.810308834530575,15.830949847895692
0.0,0.59546923440536,2.7570785159389324,5.788856833981822,9.122456285643324,10.81826585675744,12.262378860368479,12.626337781467504,15.236844890995496,15.759565290658067,15.825366415883831
0.0,0.59546923440536,2.7570785159389324,5.788856833981822,9.122456285643324,10.81826585675744,12.262378860368479,12.626337781467504,15.236844890995496,15.748499484227308,15.825366415883831
0.0,0.59546923440536,2.7570785159389324,5.788856833981822,9.122456285643324,10.81826585675744,12.145935248863163,12.626337781467504,15.3171730452114,15.759565290658067,15.825366415883831
0.0,0.59546923440536,2.7570785159389324,5.788856833981822,9.122456285643324,10.81826585675744,12.145935248863163,12.626337781467504,15.3171730452114,15.759565290658067,15.825366415883831
0.0,0.59546923440536,2.7570785159389324,5.741890317646756,9.122456285643324,10.81826585675744,12.145935248863163,12.626337781467504,15.3171730452114,15.748499484227308,15.825366415883831
0.0,0.59546923440536,2.7570785159389324,5.741890317646756,9.122456285643324,10.81826585675744,12.145935248863163,12.626337781467504,15.3171730452114,15.759565290658067,15.825366415883831
0.0,0.59546923440536,2.7570785159389324,5.741890317646756,9.122456285643324,10.81826585675744,12.091124136873413,12.636771977942155,15.271267633602564,15.78014314302757,15.724094075523881
0.0,0.59546923440536,2.7570785159389324,5.741890317646756,9.122456285643324,10.81826585675744,12.091124136873413,12.652511698048,15.272379267125293,15.840929285201955,15.776530334078718
0.0,0.59546923440536,2.7570785159389324,5.741890317646756,9.122456285643324,10.81826585675744,12.091124136873413,12.652511698048,15.272379267125293,15.840929285201955,15.794379631437911
0.0,0.59546923440536,2.7570785159389324,5.741890317646756,9.122456285643324,10.81826585675744,12.091124136873413,12.652511698048,15.272379267125293,15.840929285201955,15.795857598735166
0.0,0.59546923440536,2.7570785159389324,5.741890317646756,9.122456285643324,10.81826585675744,12.091124136873413,12.652511698048,15.272379267125293,15.840929285201955,15.795857598735166
0.0,0.59546923440536,2.7570785159389324,5.741890317646756,9.122456285643324,10.81826585675744,12.091124136873413,12.652511698048,15.272379267125293,15.840929285201955,15.795857598735166
0.0,0.569307950023998,2.7741825135499223,5.793480218860428,9.090825259042196,10.81826585675744,12.091124136873413,12.652511698048,15.249211813935787,15.842369355901845,15.785562356450859
0.0,0.574032392495562,2.7741825135499223,5.793480218860428,9.090825259042196,10.81826585675744,12.091124136873413,12.652511698048,15.249211813935787,15.842369355901845,15.785562356450859
0.0,0.574032392495562,2.7981078986867285,5.793480218860428,9.090825259042196,10.81826585675744,12.13435152226842,12.652511698048,15.249211813935787,15.842369355901845,15.785562356450859
0.0,0.574032392495562,2.7981078986867285,5.793480218860428,9.090825259042196,10.81826585675744,12.13435152226842,12.652511698048,15.249211813935787,15.842369355901845,15.785562356450859
0.0,0.574032392495562,2.7981078986867285,5.793480218860428,9.090825259042196,10.81826585675744,12.13435152226842,12.652511698048,15.249211813935787,15.842369355901845,15.785562356450859
0.0,0.574032392495562,2.7981078986867285,5.793480218860428,9.090825259042196,10.81826585675744,12.073300103912468,12.656364518780169,15.299589024033772,15.791537386635493,15.867621121946451
0.0,0.574032392495562,2.7981078986867285,5.793480218860428,9.090825259042196,10.81826585675744,12.073300103912468,12.656364518780169,15.299589024033772,15.791537386635493,15.867621121946451
0.0,0.574032392495562,2.7981078986867285,5.793480218860428,9.090825259042196,10.81826585675744,12.06688294675856,12.656364518780169,15.299589024033772,15.791537386635493,15.867621121946451
0.0,0.574032392495562,2.7981078986867285,5.793480218860428,9.090825259042196,10.81826585675744,12.06688294675856,12.656364518780169,15.299589024033772,15.791537386635493,15.867621121946451
0.0,0.574032392495562,2.808074703793875,5.793480218860428,9.090825259042196,10.81826585675744,12.06688294675856,12.656364518780169,15.299589024033772,15.791537386635493,15.867621121946451
0.0,0.574032392495562,2.808074703793875,5.793480218860428,9.090825259042196,10.937854885844088,12.06688294675856,12.656364518780169,15.299589024033772,15.791537386635493,15.867621121946451
0.0,0.574032392495562,2.808074703793875,5.85155043822362,9.090825259042196,10.937854885844088,12.120190827052824,12.656364518780169,15.299589024033772,15.791537386635493,15.931097922533796
0.0,0.574032392495562,2.808074703793875,5.85155043822362,9.090825259042196,10.937854885844088,12.120190827052824,12.656364518780169,15.299589024033772,15.791537386635493,15.931097922533796
0.0,0.574032392495562,2.808074703793875,5.85155043822362,9.090825259042196,10.937854885844088,12.120190827052824,12.656364518780169,15.299589024033772,15.791537386635493,15.947835586370262
0.0,0.574032392495562,2.808074703793875,5.85155043822362,9.090825259042196,10.937854885844088,12.120190827052824,12.656364518780169,15.299589024033772,15.791537386635493,15.947835586370262
0.0,0.574032392495562,2.808074703793875,5.85155043822362,9.090825259042196,10.937854885844088,12.120190827052824,12.656364518780169,15.299589024033772,15.791537386635493,15.947835586370262
0.0,0.5845929109614377,2.808074703793875,5.85155043822362,9.090825259042196,10.937854885844088,12.120190827052824,12.656364518780169,15.299589024033772,15.791537386635493,15.947835586370262
0.0,0.5845929109614377,2.808074703793875,5.85155043822362,9.090825259042196,10.937854885844088,12.195175561040186,12.656364518780169,15.299589024033772,15.791537386635493,15.947835586370262
0.0,0.5845929109614377,2.808074703793875,5.85155043822362,9.090825259042196,10.947720633358257,12.195175561040186,12.656364518780169,15.299589024033772,15.791537386635493,15.947835586370262
0.0,0.5845929109614377,2.808074703793875,5.85155043822362,9.145522681239852,10.947720633358257,12.195175561040186,12.656364518780169,15.299589024033772,15.791537386635493,15.867280052570154
0.0,0.5845929109614377,2.808074703793875,5.85155043822362,9.145522681239852,10.947720633358257,12.195175561040186,12.668137728361733,15.299589024033772,15.791537386635493,15.867280052570154
0.0,0.5845929109614377,2.808074703793875,5.85155043822362,9.145522681239852,10.947720633358257,12.195175561040186,12.668137728361733,15.299589024033772,15.791537386635493,15.867280052570154
0.0,0.5845929109614377,2.808074703793875,5.85155043822362,9.145522681239852,10.947720633358257,12.093461093710964,12.668137728361733,15.299589024033772,15.791537386635493,15.867280052570154
0.0,0.5845929109614377,2.808074703793875,5.85155043822362,9.145522681239852,10.947720633358257,12.093461093710964,12.668137728361733,15.299589024033772,15.791537386635493,15.867280052570154
0.0,0.5845929109614377,2.808074703793875,5.85155043822362,9.145522681239852,10.947720633358257,12.093461093710964,12.668137728361733,15.299589024033772,15.791537386635493,15.867280052570154
0.0,0.5845929109614377,2.808074703793875,5.85155043822362,9.145522681239852,10.947720633358257,12.093461093710964,12.650301063201674,15.17109429456621,15.791537386635493,15.867280052570154
0.0,0.5845929109614377,2.808074703793875,5.85155043822362,9.145522681239852,10.774470022401935,12.083633242794159,12.688538729943549,15.009667421987968,15.748145782651896,15.78014314302757
0.0,0.5845929109614377,2.808074703793875,5.85155043822362,9.100349937180068,10.774470022401935,12.083633242794159,12.688538729943549,15.009667421987968,15.748145782651896,15.78014314302757
0.0,0.5845929109614377,2.808074703793875,5.85155043822362,9.100349937180068,10.774470022401935,12.083633242794159,12.688538729943549,15.009667421987968,15.748145782651896,15.78014314302757
0.0,0.5845929109614377,2.808074703793875,5.85155043822362,9.100349937180068,10.774470022401935,12.083633242794159,12.688538729943549,15.009667421987968,15.748145782651896,15.78014314302757
0.0,0.5845929109614377,2.808074703793875,5.85155043822362,9.100349937180068,10.774470022401935,12.083633242794159,12.681540491630027,14.944737918501596,15.581969203203824,15.791613179830222
0.0,0.5845929109614377,2.808074703793875,5.85155043822362,9.100349937180068,10.774470022401935,12.083633242794159,12.681540491630027,14.944737918501596,15.581969203203824,15.791613179830222
0.0,0.5845929109614377,2.7595291625685756,5.85155043822362,9.100349937180068,10.774470022401935,12.083633242794159,12.681540491630027,14.944737918501596,15.581969203203824,15.791613179830222
0.0,0.5502585937482309,2.7870673566542346,5.7998215828196065,9.100349937180068,10.774470022401935,12.172046004448045,12.681540491630027,14.944737918501596,15.581969203203824,15.791613179830222
0.0,0.5502585937482309,2.8401857539616415,5.8274482022991085,9.178000065182145,10.735158618734713,12.172046004448045,12.681540491630027,14.944737918501596,15.581969203203824,15.791613179830222
0.0,0.5502585937482309,2.8401857539616415,5.8274482022991085,9.178000065182145,10.735158618734713,12.172046004448045,12.681540491630027,14.944737918501596,15.581969203203824,15.791613179830222
0.0,0.5502585937482309,2.8401857539616415,5.8274482022991085,9.178000065182145,10.735158618734713,12.172046004448045,12.681540491630027,14.944737918501596,15.581969203203824,15.791613179830222
0.0,0.5502585937482309,2.8401857539616415,5.8274482022991085,9.178000065182145,10.735158618734713,12.172046004448045,12.681540491630027,14.944737918501596,15.581969203203824,15.791613179830222
0.0,0.5502585937482309,2.8401857539616415,5.874136810253511,9.178000065182145,10.735158618734713,12.120051872862483,12.681540491630027,14.95426259663949,15.581969203203824,15.791613179830222
0.0,0.5502585937482309,2.8776654887562163,5.874136810253511,9.158230673556442,10.712483821310977,11.982247212642099,12.707398603232479,14.994508783041738,15.624047058478755,15.73666311365013
0.0,0.5502585937482309,2.8776654887562163,5.874136810253511,9.158230673556442,10.712483821310977,11.982247212642099,12.707398603232479,14.994508783041738,15.613372850220768,15.723310879178316
0.0,0.5502585937482309,2.8776654887562163,5.761937617653142,9.126094358990427,10.712483821310977,11.982247212642099,12.707398603232479,14.994508783041738,15.613372850220768,15.723310879178316
0.0,0.5502585937482309,2.8776654887562163,5.761937617653142,9.126094358990427,10.712483821310977,11.982247212642099,12.88219034248165,14.994508783041738,15.613372850220768,15.723310879178316
0.0,0.5502585937482309,2.8776654887562163,5.761937617653142,9.126094358990427,10.760726189757365,12.001511316302935,12.942900691461324,15.033201208951983,15.629895766672163,15.757632564192425
0.0,0.5502585937482309,2.8776654887562163,5.761937617653142,9.126094358990427,10.760726189757365,12.001511316302935,12.942900691461324,15.033201208951983,15.629895766672163,15.757632564192425
0.0,0.5502585937482309,2.8776654887562163,5.761937617653142,9.126094358990427,10.760726189757365,12.001511316302935,12.942900691461324,15.033201208951983,15.629895766672163,15.757632564192425
0.0,0.5502585937482309,2.8776654887562163,5.761937617653142,9.126094358990427,10.760726189757365,12.001511316302935,12.942900691461324,15.033201208951983,15.629895766672163,15.757632564192425
0.0,0.5502585937482309,2.8776654887562163,5.761937617653142,9.126094358990427,10.760726189757365,12.001511316302935,12.942900691461324,15.033201208951983,15.629895766672163,15.849771824587256
0.0,0.5502585937482309,2.8159319316476736,5.761937617653142,9.00834963097556,10.760726189757365,11.969880289701806,12.942900691461324,15.127942702365932,15.629895766672163,15.849771824587256
0.0,0.5502585937482309,2.8159319316476736,5.761937617653142,9.00834963097556,10.760726189757365,11.969880289701806,12.942900691461324,15.127942702365932,15.629895766672163,15.849771824587256
0.0,0.5502585937482309,2.8159319316476736,5.761937617653142,9.00834963097556,10.760726189757365,11.969880289701806,12.901492342739868,15.032443277004681,15.629895766672163,15.849771824587256
0.0,0.5502585937482309,2.8159319316476736,5.761937617653142,9.00834963097556,10.760726189757365,11.969880289701806,12.901492342739868,15.032443277004681,15.629895766672163,15.849771824587256
0.0,0.5502585937482309,2.8159319316476736,5.761937617653142,9.00834963097556,10.760726189757365,11.924960189624475,12.901492342739868,15.032443277004681,15.629895766672163,15.849771824587256
0.0,0.5502585937482309,2.8159319316476736,5.761937617653142,9.00834963097556,10.760726189757365,11.924960189624475,12.901492342739868,15.032443277004681,15.629895766672163,15.849771824587256
0.0,0.5502585937482309,2.8159319316476736,5.761937617653142,9.00834963097556,10.760726189757365,11.924960189624475,12.901492342739868,15.032443277004681,15.629895766672163,15.849771824587256
0.0,0.5502585937482309,2.8159319316476736,5.761937617653142,9.00834963097556,10.760726189757365,11.924960189624475,12.901492342739868,15.032443277004681,15.629895766672163,15.849771824587256
0.0,0.5502585937482309,2.8159319316476736,5.761937617653142,9.00834963097556,10.760726189757365,11.924960189624475,12.901492342739868,15.032443277004681,15.629895766672163,15.849771824587256
0.0,0.5502585937482309,2.8780823513272216,5.711863580334089,9.00834963097556,10.751264672615084,11.924960189624475,12.901492342739868,15.032443277004681,15.629895766672163,15.849771824587256
0.0,0.5525829183866489,2.8780823513272216,5.711863580334089,9.00834963097556,10.751264672615084,11.924960189624475,12.901492342739868,15.032443277004681,15.629895766672163,15.849771824587256
0.0,0.5233297478852362,2.8662575651860096,5.728852213690011,8.995820233143368,10.738534944477754,11.912095557159939,12.888515467865613,15.019221471057653,15.61660528965586,15.836456075060978
0.0,0.5233297478852362,2.8662575651860096,5.728852213690011,8.995820233143368,10.738534944477754,11.912095557159939,12.888515467865613,15.019221471057653,15.61660528965586,15.836456075060978
0.0,0.5233297478852362,2.8662575651860096,5.767350731092902,9.067941799537909,10.71221246735583,11.940931552970575,12.888515467865613,15.019221471057653,15.61660528965586,15.749417596247556
0.0,0.5233297478852362,2.8662575651860096,5.767350731092902,9.067941799537909,10.822731505175824,11.988372639376504,12.888515467865613,15.019221471057653,15.61660528965586,15.749417596247556
0.0,0.5397224208915528,2.85925956423871,5.7570517856937675,9.244415132738125,10.906926898712154,12.050567576821244,12.9612189201788,15.046377481873808,15.605347287097599,15.738146661279767
0.0,0.5272294108978746,2.877190386097408,5.738836514181837,9.225599208417188,10.887824628443617,12.03126832937613,12.941762824928343,15.02656224528284,15.585435775255032,15.718212276478697
0.0,0.5215976163619125,2.9342407172936387,5.738836514181837,9.225599208417188,10.887824628443617,12.03126832937613,12.941762824928343,15.02656224528284,15.585435775255032,15.718212276478697
0.0,0.5215976163619125,2.877190386097408,5.738836514181837,9.225599208417188,10.887824628443617,12.03126832937613,13.036101697076893,15.02656224528284,15.585435775255032,15.929606609049788
0.0,0.5215976163619125,2.877190386097408,5.738836514181837,9.225599208417188,10.887824628443617,12.03126832937613,13.036101697076893,15.02656224528284,15.585435775255032,15.929606609049788
0.0,0.5215976163619125,2.877190386097408,5.749885438439629,9.225599208417188,10.887824628443617,12.000609142978508,12.989898252666308,15.07236161474915,15.70358981443238,15.824231439985464
0.0,0.5215976163619125,2.9342407172936387,5.699590735218153,9.225599208417188,10.887824628443617,12.000609142978508,12.989898252666308,15.07236161474915,15.70358981443238,15.824231439985464
0.0,0.5215976163619125,2.877190386097408,5.699590735218153,9.225599208417188,10.887824628443617,12.000609142978508,12.989898252666308,15.07236161474915,15.70358981443238,15.824231439985464
0.0,0.5215976163619125,2.877190386097408,5.699590735218153,9.225599208417188,10.887824628443617,12.000609142978508,12.989898252666308,15.07236161474915,15.70358981443238,15.824231439985464
0.0,0.5215976163619125,2.9342407172936387,5.699590735218153,9.225599208417188,10.887824628443617,12.000609142978508,12.989898252666308,15.08247611569828,15.712378444470568,15.749730122132915
0.0,0.5215976163619125,2.877190386097408,5.58526278066952,9.113039081749797,10.900755026660743,12.000609142978508,12.989898252666308,15.08247611569828,15.712378444470568,15.645541923217435
0.0,0.5215976163619125,2.877190386097408,5.58526278066952,9.113039081749797,10.900755026660743,12.000609142978508,12.989898252666308,15.08247611569828,15.712378444470568,15.645541923217435
0.0,0.5215976163619125,2.877190386097408,5.58526278066952,9.113039081749797,10.900755026660743,12.000609142978508,12.989898252666308,15.08247611569828,15.712378444470568,15.767421028287407
0.0,0.5215976163619125,2.9342407172936387,5.58526278066952,9.113039081749797,10.900755026660743,12.000609142978508,12.989898252666308,14.9747522610203,15.712378444470568,15.767421028287407
0.0,0.5215976163619125,2.9342407172936387,5.58526278066952,9.113039081749797,10.703200260931405,12.000609142978508,12.989898252666308,14.9747522610203,15.712378444470568,15.767421028287407
0.0,0.5215976163619125,2.877190386097408,5.58526278066952,9.113039081749797,10.703200260931405,12.000609142978508,12.989898252666308,14.952212455534394,15.535595656345876,15.701683085789023
0.0,0.5215976163619125,2.9342407172936387,5.58526278066952,9.113039081749797,10.524725408977522,12.036811732518059,12.949718050393958,14.952212455534394,15.535595656345876,15.701683085789023
0.0,0.5215976163619125,2.877190386097408,5.58526278066952,9.072997780239545,10.524725408977522,12.005331768889846,12.949718050393958,14.952212455534394,15.535595656345876,15.701683085789023
0.0,0.5215976163619125,2.9342407172936387,5.58526278066952,9.072997780239545,10.453090497760982,12.005331768889846,12.949718050393958,14.952212455534394,15.535595656345876,15.701683085789023
0.0,0.5215976163619125,2.9342407172936387,5.58526278066952,9.072997780239545,10.453090497760982,12.005331768889846,12.949718050393958,14.952212455534394,15.535595656345876,15.701683085789023
0.0,0.5215976163619125,2.9342407172936387,5.58526278066952,9.072997780239545,10.453090497760982,12.005331768889846,12.949718050393958,14.952212455534394,15.535595656345876,15.701683085789023
0.0,0.5215976163619125,2.9342407172936387,5.58526278066952,9.047818860273802,10.469581806424612,12.005331768889846,12.949718050393958,14.952212455534394,15.535595656345876,15.701683085789023
0.0,0.5215976163619125,2.877190386097408,5.58526278066952,9.047818860273802,10.469581806424612,12.005331768889846,12.949718050393958,14.952212455534394,15.535595656345876,15.701683085789023
0.0,0.5215976163619125,2.877190386097408,5.58526278066952,9.047818860273802,10.469581806424612,12.005331768889846,12.949718050393958,14.952212455534394,15.535595656345876,15.701683085789023
0.0,0.5215976163619125,2.877190386097408,5.463345793573525,9.047818860273802,10.469581806424612,12.005331768889846,12.949718050393958,14.952212455534394,15.535595656345876,15.701683085789023
0.0,0.5215976163619125,2.9342407172936387,5.463345793573525,9.047818860273802,10.469581806424612,12.005331768889846,12.949718050393958,14.952212455534394,15.535595656345876,15.701683085789023
0.0,0.5215976163619125,2.9342407172936387,5.463345793573525,9.047818860273802,10.446145459656083,12.005331768889846,12.949718050393958,15.096378819250077,15.535595656345876,15.701683085789023
0.0,0.5215976163619125,2.9342407172936387,5.44533920386883,8.928932435259934,10.451537334693892,11.960062747787909,12.949718050393958,15.096378819250077,15.535595656345876,15.701683085789023
0.0,0.5215976163619125,2.8595373619689433,5.301109703443097,8.814983300971575,10.451537334693892,11.960062747787909,12.949718050393958,15.096378819250077,15.535595656345876,15.701683085789023
0.0,0.5215976163619125,2.8595373619689433,5.177222850993714,8.814983300971575,10.451537334693892,11.960062747787909,12.949718050393958,15.096378819250077,15.535595656345876,15.701683085789023
0.0,0.5215976163619125,2.8595373619689433,5.177222850993714,8.814983300971575,10.451537334693892,11.960062747787909,12.949718050393958,15.096378819250077,15.535595656345876,15.701683085789023
0.0,0.5215976163619125,2.8595373619689433,5.177222850993714,8.814983300971575,10.451537334693892,11.960062747787909,12.949718050393958,15.096378819250077,15.535595656345876,15.701683085789023
0.0,0.5215976163619125,2.8595373619689433,5.177222850993714,8.814983300971575,10.451537334693892,11.960062747787909,12.949718050393958,15.096378819250077,15.535595656345876,15.701683085789023
0.0,0.5215976163619125,2.8595373619689433,5.177222850993714,8.814983300971575,10.451537334693892,11.957057440389802,12.949718050393958,15.096378819250077,15.535595656345876,15.701683085789023
0.0,0.5215976163619125,2.8595373619689433,5.177222850993714,8.907213407004619,10.444402886458867,11.957057440389802,12.949718050393958,15.096378819250077,15.535595656345876,15.701683085789023
0.0,0.5215976163619125,2.8595373619689433,5.177222850993714,8.907213407004619,10.444402886458867,11.936651655703404,12.949718050393958,15.096378819250077,15.535595656345876,15.701683085789023
0.0,0.5215976163619125,2.8595373619689433,5.177222850993714,8.907213407004619,10.444402886458867,11.936651655703404,12.949718050393958,15.096378819250077,15.535595656345876,15.701683085789023
0.0,0.5215976163619125,2.8595373619689433,5.177222850993714,8.907213407004619,10.444402886458867,11.936651655703404,12.949718050393958,15.096378819250077,15.535595656345876,15.701683085789023
0.0,0.5215976163619125,2.8595373619689433,5.177222850993714,8.907213407004619,10.444402886458867,11.936651655703404,12.949718050393958,15.096378819250077,15.535595656345876,15.701683085789023
0.0,0.5215976163619125,2.8595373619689433,5.177222850993714,8.907213407004619,10.444402886458867,11.936651655703404,12.949718050393958,15.096378819250077,15.535595656345876,15.701683085789023
0.0,0.5215976163619125,2.8595373619689433,5.177222850993714,8.907213407004619,10.357072189125265,11.962285159981487,12.949718050393958,15.096378819250077,15.535595656345876,15.701683085789023
0.0,0.5215976163619125,2.8595373619689433,5.259300574051607,8.907213407004619,10.406558742458174,11.962285159981487,12.949718050393958,15.206299831437613,15.535595656345876,15.701683085789023
0.0,0.5057981975526662,2.943529384734224,5.254766838089656,8.90383332822056,10.4863052859358,12.029036497734412,13.031139550740214,15.176950468361344,15.50616240356272,15.672207521428493
0.0,0.519915607096747,2.927150106576392,5.214627346071848,8.931014391945439,10.584371261134809,11.986313600222502,12.972462266052162,15.10409101652713,15.530977064023944,15.784006865914638
0.0,0.5155442924531203,2.9061655393471955,5.182704981399742,8.89796446672844,10.550819703566466,11.971827609941416,12.971427951467748,15.08865908526654,15.495924694654883,15.882639683664268
0.0,0.5218258265500882,2.9419477755390884,5.1697955319175986,8.983820233279568,10.537251406169807,11.958084907163336,12.957562564165501,15.074533842616699,15.481749466840553,15.868416992936565
0.0,0.5218258265500882,2.9419477755390884,5.1697955319175986,9.101155045302317,10.4157035402645,11.971657499910746,13.113231120946056,15.074533842616699,15.502625527246666,15.868416992936565
0.0,0.5218258265500882,2.9419477755390884,5.1697955319175986,9.101155045302317,10.4157035402645,11.971657499910746,13.113231120946056,15.074533842616699,15.502625527246666,15.868416992936565
0.0,0.5218258265500882,2.9419477755390884,5.1697955319175986,9.101155045302317,10.4157035402645,11.971657499910746,13.113231120946056,15.272004975944597,15.459952589268495,15.868416992936565
0.0,0.5218258265500882,2.9419477755390884,5.1697955319175986,9.101155045302317,10.4157035402645,11.971657499910746,13.113231120946056,15.272004975944597,15.459952589268495,15.868416992936565
0.0,0.5300374974409444,2.9133519876595235,5.1697955319175986,9.101155045302317,10.4157035402645,11.971657499910746,13.113231120946056,15.272004975944597,15.459952589268495,15.868416992936565
0.0,0.5300374974409444,2.9133519876595235,5.1697955319175986,9.101155045302317,10.4157035402645,11.971657499910746,13.113231120946056,15.272004975944597,15.459952589268495,15.868416992936565
0.0,0.5405449042797927,2.9679450930599316,5.217514043407823,9.17304185391525,10.4157035402645,11.971657499910746,13.113231120946056,15.272004975944597,15.459952589268495,15.868416992936565
0.0,0.5323836891240489,2.9172623071313706,5.226104132312086,9.17304185391525,10.4157035402645,12.070121866998416,13.113231120946056,15.272004975944597,15.459952589268495,15.868416992936565
0.0,0.5323836891240489,2.9172623071313706,5.226104132312086,9.17304185391525,10.4157035402645,12.070121866998416,13.113231120946056,15.272004975944597,15.459952589268495,15.868416992936565
0.0,0.5243318429903002,2.9437302166294947,5.217676356419025,9.164297959632595,10.40686011864222,12.061145939597214,13.104171648771464,15.262772603115707,15.45070516332728,15.85913685223809
0.0,0.514392990291999,2.883882226857039,5.335736389861155,9.152658996088697,10.433445583027897,12.047437455749801,13.090335571180772,15.24867246302532,15.43658203337324,15.795880265535128
0.0,0.5357998786192651,2.848602117027265,5.299615510007105,9.115229247966413,10.39557663791501,12.009015053581235,13.051555546814663,15.209152319206623,15.396997453122552,15.756172477636966
0.0,0.5137052327191665,2.799250592940358,5.414627298770111,9.062870705860492,10.564583056636229,11.955267938981878,12.997308172987626,15.153869630490602,15.341624627608752,15.700627303306469
0.0,0.5307095201105662,2.849298221240146,5.436390621050053,9.017414008469128,10.518500455273548,11.908605709176866,13.037840291626978,15.105874244238986,15.293550986291665,15.652404032001776
0.0,0.5423314851828781,2.8198995826078725,5.406252483015395,8.986252263911906,10.486909637317005,11.876617540895847,13.02128212557577,15.19544345348389,15.226772732899136,15.87461387733454
0.0,0.5367485388246165,2.8141901667284905,5.400399451314765,8.980200440852013,10.480774485280213,11.870405220719379,13.015006244102484,15.189046844493259,15.220374384246377,15.868179555153967
0.0,0.5367485388246165,2.8141901667284905,5.400399451314765,8.980200440852013,10.480774485280213,11.870405220719379,13.015006244102484,15.189046844493259,15.220374384246377,15.868179555153967
0.0,0.5367485388246165,2.8141901667284905,5.400399451314765,8.985803638275696,10.480774485280213,11.870405220719379,13.015006244102484,15.189046844493259,15.220374384246377,15.868179555153967
0.0,0.5367485388246165,2.8141901667284905,5.400399451314765,8.985803638275696,10.480774485280213,11.870405220719379,13.015006244102484,15.189046844493259,15.220374384246377,15.868179555153967
0.0,0.5367485388246165,2.8141901667284905,5.400399451314765,8.976246724018221,10.480774485280213,11.870405220719379,13.015006244102484,15.189046844493259,15.220374384246377,15.868179555153967
0.0,0.5367485388246165,2.8141901667284905,5.400399451314765,8.976246724018221,10.480774485280213,11.870405220719379,13.015006244102484,15.189046844493259,15.220374384246377,15.868179555153967
0.0,0.5367485388246165,2.8141901667284905,5.400399451314765,8.952876983752237,10.361911151168716,11.870405220719379,13.065951270565934,15.189046844493259,15.220374384246377,15.858244897249946
0.0,0.5367485388246165,2.8141901667284905,5.400399451314765,8.952876983752237,10.361911151168716,11.870405220719379,13.065951270565934,15.189046844493259,15.220374384246377,15.858244897249946
0.0,0.5367485388246165,2.8141901667284905,5.400399451314765,8.952876983752237,10.361911151168716,11.870405220719379,13.065951270565934,15.189046844493259,15.220374384246377,15.858244897249946
0.0,0.5367485388246165,2.8141901667284905,5.400399451314765,8.952876983752237,10.44700420327946,11.854552579019558,13.065951270565934,15.212152164206676,15.220374384246377,15.852817980194647
0.0,0.5367485388246165,2.8141901667284905,5.400399451314765,8.952876983752237,10.44700420327946,11.742538996365354,13.065951270565934,15.212152164206676,15.220374384246377,15.852817980194647
0.0,0.49990594183201653,2.7992063354156973,5.4235929112123635,8.952876983752237,10.44700420327946,11.742538996365354,13.065951270565934,15.212152164206676,15.220374384246377,15.852817980194647
0.0,0.4973877792667668,2.7966305607350614,5.42095137893753,8.950147020439083,10.444236802565777,11.739739134255936,13.063118248552374,15.209265366195046,15.217487380215783,15.849915129424963
0.0,0.47882813247460904,2.8021693044428417,5.478689655519689,8.930026335799056,10.423840192558488,11.864315244046738,13.042237989012474,15.265158191037772,15.320725216401716,15.859740469008853
0.0,0.49443826193796575,2.8575600864096176,5.478689655519689,8.930026335799056,10.516216910302175,11.864315244046738,13.127489437984977,15.302320370211831,15.371659558182971,15.996127680787954
0.0,0.49443826193796575,2.8279763733137258,5.478689655519689,8.930026335799056,10.516216910302175,11.864315244046738,13.127489437984977,15.346179798478246,15.471501442678083,15.996127680787954
0.0,0.49443826193796575,2.8279763733137258,5.478689655519689,8.930026335799056,10.516216910302175,11.864315244046738,13.127489437984977,15.346179798478246,15.471501442678083,15.996127680787954
0.0,0.49443826193796575,2.8279763733137258,5.478689655519689,8.930026335799056,10.516216910302175,11.754289008958194,13.102148155235168,15.346179798478246,15.471501442678083,15.996127680787954
0.0,0.49443826193796575,2.8279763733137258,5.478689655519689,8.962870551742533,10.516216910302175,11.935958184995133,13.102148155235168,15.346179798478246,15.471501442678083,15.996127680787954
0.0,0.4943370535759341,2.827872814835866,5.4785834274975835,8.962760814787519,10.516105608965654,11.87523037506573,13.102034249596658,15.425096128087548,15.445703995987708,15.99601086061076
0.0,0.4680449514449095,2.798755269753235,5.467152658165599,8.931906066814022,10.484811003725493,11.843550909421802,13.07000739256802,15.3924114546797,15.413013487094734,15.963164522519907
0.0,0.4891201649406079,2.8153408454715856,5.4901278948961565,9.012792005795259,10.522738841435135,12.043568154123042,13.031546099305052,15.379544314830444,15.48395318999999,15.970142005631702
0.0,0.49905117516432573,2.785210909775097,5.459214115454774,8.99286972725561,10.509769474805829,12.137587650586942,13.065660087275784,15.484459094380387,15.513650802275162,15.936157068241922
0.0,0.4956075323591823,2.851478842923421,5.451594821726291,9.067952737694602,10.501917071005769,12.129619580220115,13.05762607161233,15.476253208061463,15.50544284170453,15.927919085983397
0.0,0.4956075323591823,2.9176302746177365,5.469792753601133,9.113768263485937,10.533244678676974,12.129619580220115,13.05762607161233,15.476253208061463,15.50544284170453,15.927919085983397
0.0,0.4956075323591823,2.9176302746177365,5.469792753601133,9.113768263485937,10.533244678676974,12.129619580220115,13.05762607161233,15.476253208061463,15.50544284170453,15.927919085983397
0.0,0.4956075323591823,2.9176302746177365,5.469792753601133,9.113768263485937,10.533244678676974,12.127984658904472,13.021808718482013,15.476253208061463,15.50544284170453,15.927919085983397
0.0,0.4956075323591823,2.9176302746177365,5.469792753601133,9.169418469806718,10.533244678676974,12.127984658904472,13.021808718482013,15.476253208061463,15.50544284170453,15.927919085983397
0.0,0.4956075323591823,2.8690856878610695,5.472924256736478,9.118710756386282,10.715966000176321,12.18799884750623,13.079886154140638,15.638575742068781,15.553019051989622,15.873891224660452
0.0,0.4956075323591823,2.8690856878610695,5.472924256736478,9.118710756386282,10.715966000176321,12.18799884750623,13.079886154140638,15.638575742068781,15.553019051989622,15.873891224660452
0.0,0.4956075323591823,2.8690856878610695,5.472924256736478,9.118710756386282,10.715966000176321,12.235625363062583,13.079886154140638,15.638575742068781,15.553019051989622,15.873891224660452
0.0,0.4956075323591823,2.8690856878610695,5.509533917888976,9.153408817231275,10.603345074164428,12.235625363062583,13.129524880546995,15.638575742068781,15.54656740095175,15.922372929828052
0.0,0.4956075323591823,2.8690856878610695,5.509533917888976,9.153408817231275,10.603345074164428,12.235625363062583,13.129524880546995,15.638575742068781,15.63855058943315,16.010935359864423
0.0,0.4956075323591823,2.8690856878610695,5.48039458951717,9.153408817231275,10.603345074164428,12.235625363062583,13.129524880546995,15.638575742068781,15.63855058943315,16.010935359864423
0.0,0.5221058339903338,2.8806433239308578,5.48039458951717,9.153408817231275,10.603345074164428,12.235625363062583,13.129524880546995,15.638575742068781,15.63855058943315,16.010935359864423
0.0,0.5119233537223206,2.949611093429001,5.47092383748984,9.143608276838263,10.593414348566872,12.225548080164824,13.088922805569853,15.656826623485154,15.647118577866895,16.1137964029176
0.0,0.5188728348553299,2.926248671732813,5.537648359838335,9.089182109265654,10.56831731366416,12.200080664100907,13.063259463322218,15.63058054516662,15.737545970742675,16.2982343915719
0.0,0.5317997875213761,2.8805381987773586,5.490778140789348,9.040734622129094,10.519212929277085,12.15025159893063,13.013047052682083,15.579227964138523,15.686145885406821,16.246585299464424
0.0,0.5051870924434008,2.8768079833076428,5.472822484480926,8.992727180002634,10.470554556450173,12.10087512754348,12.963290717724163,15.528341814877539,15.635212663316262,16.195405332312685
0.0,0.4779682826038458,2.8353273895023943,5.4332840804305595,9.096765882303309,10.426958380460096,12.090424110685436,13.055174970016333,15.480110331859434,15.586936563198748,16.146895359512698
0.0,0.5069190019124545,2.871356923696431,5.464746253054574,9.063626399503141,10.393414835348299,12.056375267423785,13.020833071829996,15.445031829768613,15.551825611327885,16.111614313278825
0.0,0.5390906622925454,2.8618670545093834,5.455017144041956,9.053565294268921,10.383231057305244,12.04603808149893,13.01040691479915,15.434382040720223,15.54116597056715,16.10090303208374
0.0,0.5390906622925454,2.8618670545093834,5.455017144041956,9.053565294268921,10.383231057305244,12.04603808149893,13.01040691479915,15.434382040720223,15.54116597056715,16.10090303208374
0.0,0.5119947718861441,2.8335764771015284,5.465464508329674,8.958854452793503,10.436112835104861,12.002426334716237,13.061124410889791,15.409308461980359,15.516069197219007,16.075684677876954
0.0,0.5127378649300406,2.781303792983436,5.411853974684185,8.903468148282851,10.37997560600883,12.073257224916983,13.003652827727624,15.350643242582256,15.457349708871208,16.01668072404375
0.0,0.4852635862146088,2.750073520987148,5.358482817650157,8.848329149385366,10.324089035482377,12.016513327668934,12.946437861164798,15.2922399694935,15.398892409149253,15.957940229004391
0.0,0.47625838480424715,2.7166214364268817,5.423869335902467,8.82141306821429,10.326880797682994,11.980044391466976,12.909666171757287,15.254704563158104,15.487088078164268,16.10238308392373
0.0,0.4649150406105162,2.70502516472946,5.411967427378642,8.809127591386986,10.314425359922604,11.967402318535706,12.896919148462684,15.241692794957103,15.474050074848247,16.089275616406486
0.0,0.4549586774788685,2.6948468002171158,5.4015207970728865,8.869407703013087,10.303492881881903,11.968935066184699,12.885730737831649,15.230272010488132,15.462606263102002,16.077770834032858
0.0,0.4549586774788685,2.7298272377331814,5.4015207970728865,8.869407703013087,10.303492881881903,11.968935066184699,12.885730737831649,15.230272010488132,15.462606263102002,16.077770834032858
0.0,0.4549586774788685,2.7298272377331814,5.4015207970728865,8.869407703013087,10.312939604620833,11.968935066184699,12.89131858709103,15.230272010488132,15.462606263102002,16.077770834032858
0.0,0.4549586774788685,2.7298272377331814,5.4015207970728865,8.869407703013087,10.312939604620833,11.968935066184699,12.89131858709103,15.230272010488132,15.462606263102002,16.05852658187504
0.0,0.4549586774788685,2.7298272377331814,5.4015207970728865,8.869407703013087,10.312939604620833,11.968935066184699,12.89131858709103,15.230272010488132,15.462606263102002,16.05852658187504
0.0,0.4549586774788685,2.7298272377331814,5.4015207970728865,8.869407703013087,10.312939604620833,11.958448452215883,12.89131858709103,15.210952585470308,15.462606263102002,16.05852658187504
0.0,0.4549586774788685,2.7298272377331814,5.4015207970728865,8.869407703013087,10.312939604620833,11.958448452215883,12.721014472780162,15.210952585470308,15.462606263102002,16.05852658187504
0.0,0.4549586774788685,2.7298272377331814,5.4015207970728865,8.869407703013087,10.312939604620833,11.958448452215883,12.721014472780162,15.210952585470308,15.462606263102002,16.05852658187504
0.0,0.4549586774788685,2.7298272377331814,5.3838802325948665,8.869407703013087,10.312939604620833,11.958448452215883,12.721014472780162,15.204262200931046,15.498526361367981,15.981035892033743
0.0,0.4549586774788685,2.7298272377331814,5.3838802325948665,8.869407703013087,10.312939604620833,11.958448452215883,12.721014472780162,15.204262200931046,15.498526361367981,15.981035892033743
0.0,0.4549586774788685,2.7298272377331814,5.3838802325948665,8.869407703013087,10.312939604620833,11.958448452215883,12.771956614234442,15.172226033764655,15.498526361367981,15.981035892033743
0.0,0.4549586774788685,2.7298272377331814,5.3838802325948665,8.869407703013087,10.312939604620833,11.875457614785205,12.771956614234442,15.172226033764655,15.498526361367981,15.981035892033743
0.0,0.4549586774788685,2.7992243163153807,5.451648565877246,8.869407703013087,10.312939604620833,11.875457614785205,12.771956614234442,15.172226033764655,15.498526361367981,15.981035892033743
0.0,0.44884234580166865,2.7929652509555893,5.445228004194401,8.862779046590564,10.30622305686857,11.918119189335135,12.839306497421116,15.302533546978312,15.491494082376937,16.02647928048921
0.0,0.4210930102794708,2.8450744031623865,5.44610954055724,8.930684580251205,10.303017092019086,11.914866375974311,12.836026910465407,15.299182368238217,15.48813741164539,16.02310706082767
0.0,0.40108630045242916,2.8450744031623865,5.531510755892826,8.930684580251205,10.303017092019086,11.880715911986503,12.836026910465407,15.299182368238217,15.48813741164539,16.032978875069176
0.0,0.42366861770456316,2.843837543962252,5.5302415884510205,8.92937453287964,10.301690540385138,11.87937038626642,12.834669895763431,15.297795730566868,15.486748501519232,16.031583412444704
0.0,0.42366861770456316,2.840805881125254,5.4955403237465195,8.92937453287964,10.301690540385138,11.867243734918427,12.834669895763431,15.297795730566868,15.486748501519232,16.031583412444704
0.0,0.42366861770456316,2.840805881125254,5.4955403237465195,8.92937453287964,10.301690540385138,11.867243734918427,12.926358905284092,15.343521223769555,15.458386168201182,16.05516022839196
0.0,0.42366861770456316,2.840805881125254,5.534939413095132,8.999917067735618,10.273090183951785,11.867243734918427,12.926358905284092,15.343521223769555,15.458386168201182,16.05516022839196
0.0,0.4326574449085077,2.8233340903377133,5.524324079215629,9.045121010679772,10.261998258597613,11.855991460088596,12.91500009833122,15.331919284208714,15.446772674838888,16.043486707934047
0.0,0.4323680949749228,2.848278218729117,5.524020060015693,9.04480684794302,10.26168058999574,11.855669199137592,12.914674786339978,15.331587008990333,15.446440068723946,16.04315238266549
0.0,0.4323680949749228,2.848278218729117,5.524020060015693,9.04480684794302,10.196757107762199,11.855669199137592,12.914674786339978,15.331587008990333,15.386714974514115,16.146619093691726
0.0,0.4323680949749228,2.848278218729117,5.524020060015693,9.04480684794302,10.196757107762199,11.855669199137592,12.914674786339978,15.331587008990333,15.386714974514115,16.146619093691726
0.0,0.4323680949749228,2.848278218729117,5.523869745181278,9.04480684794302,10.196757107762199,11.855669199137592,12.914674786339978,15.331587008990333,15.386714974514115,16.146619093691726
0.0,0.4323680949749228,2.766381686442255,5.523869745181278,9.04480684794302,10.196757107762199,11.855669199137592,12.973660832613913,15.364819113633505,15.330434595259776,16.139278719277534
0.0,0.4323680949749228,2.766381686442255,5.523869745181278,9.04480684794302,10.196757107762199,11.855669199137592,12.973660832613913,15.364819113633505,15.330434595259776,16.139278719277534
0.0,0.4323680949749228,2.766381686442255,5.523869745181278,9.04480684794302,10.196757107762199,11.89661746528103,12.973660832613913,15.364819113633505,15.330434595259776,16.139278719277534
0.0,0.4323680949749228,2.766381686442255,5.523869745181278,9.04480684794302,10.196757107762199,11.89661746528103,12.973660832613913,15.364819113633505,15.25696821993665,16.190974496082035
0.0,0.4323680949749228,2.766381686442255,5.581202328276576,9.108327391721954,10.154506113053786,11.975971171618946,12.997172577964536,15.267001735134244,15.264133227044038,16.129282782788543
0.0,0.40766635718512056,2.766381686442255,5.581202328276576,9.108327391721954,10.0513901366412,11.975971171618946,12.997172577964536,15.253185296603725,15.352656138281622,16.129282782788543
0.0,0.40766635718512056,2.77664067389147,5.581202328276576,9.108327391721954,10.0513901366412,11.956918766356132,12.881167104500365,15.253185296603725,15.352656138281622,16.129282782788543
0.0,0.40766635718512056,2.77664067389147,5.581202328276576,9.108327391721954,10.0513901366412,11.956918766356132,12.881167104500365,15.253185296603725,15.352656138281622,16.129282782788543
0.0,0.40766635718512056,2.77664067389147,5.59771190759044,9.108327391721954,10.0513901366412,11.956918766356132,12.881167104500365,15.253185296603725,15.352656138281622,16.129282782788543
0.0,0.40766635718512056,2.77664067389147,5.583193999832646,9.058285078096068,9.990900942023062,11.956918766356132,12.881167104500365,15.212675448727353,15.241285372212085,16.129282782788543
0.0,0.40766635718512056,2.77664067389147,5.620334290170752,9.058285078096068,9.990900942023062,11.956918766356132,13.083666238937447,15.258245896029232,15.09678271138901,16.027081221618676
0.0,0.40766635718512056,2.77664067389147,5.638885645985521,9.058285078096068,9.990900942023062,11.991365915910874,13.083666238937447,15.258245896029232,15.09678271138901,16.027081221618676
0.0,0.40766635718512056,2.77664067389147,5.654405652639457,9.085980586338081,9.882073001902473,11.991365915910874,13.083666238937447,15.258245896029232,15.09678271138901,16.027081221618676
0.0,0.40766635718512056,2.77664067389147,5.654405652639457,9.085980586338081,9.882073001902473,11.991365915910874,13.083666238937447,15.258245896029232,15.09678271138901,16.027081221618676
0.0,0.40766635718512056,2.777404774299776,5.5459660258411185,9.052548061915676,10.03347761887273,11.97374150157504,13.182510768805262,15.184027946534012,15.24758606902157,15.951485386141261
0.0,0.40766635718512056,2.777404774299776,5.5459660258411185,9.052548061915676,10.03347761887273,11.97374150157504,13.182510768805262,15.184027946534012,15.24758606902157,15.951485386141261
0.0,0.40766635718512056,2.777404774299776,5.5459660258411185,9.052548061915676,10.03347761887273,11.97374150157504,13.182510768805262,15.184027946534012,15.24758606902157,15.951485386141261
0.0,0.40766635718512056,2.777404774299776,5.5459660258411185,9.00873128768205,10.03347761887273,11.937716046258886,13.161554375639781,15.207589796829454,15.272388016700969,16.02526491736943
0.0,0.40766635718512056,2.777404774299776,5.5459660258411185,9.00873128768205,10.03347761887273,11.937716046258886,13.161554375639781,15.207589796829454,15.272388016700969,16.02526491736943
0.0,0.40766635718512056,2.8103487755102967,5.5459660258411185,9.00873128768205,10.03347761887273,11.937716046258886,13.161554375639781,15.207589796829454,15.272388016700969,16.02526491736943
0.0,0.40766635718512056,2.8103487755102967,5.5459660258411185,9.007390980408456,10.03347761887273,11.937716046258886,13.161554375639781,15.207589796829454,15.272388016700969,16.02526491736943
0.0,0.40766635718512056,2.8103487755102967,5.5459660258411185,9.007390980408456,10.03347761887273,12.000497542101925,13.200598653880553,15.16273334499108,15.432648682665837,16.096451517703834
0.0,0.40766635718512056,2.8103487755102967,5.5459660258411185,9.007390980408456,10.03347761887273,12.000497542101925,13.200598653880553,15.16273334499108,15.432648682665837,16.096451517703834
0.0,0.40766635718512056,2.8103487755102967,5.5459660258411185,9.007390980408456,10.03347761887273,12.000497542101925,13.200598653880553,15.16273334499108,15.432648682665837,16.096451517703834
0.0,0.40766635718512056,2.8103487755102967,5.5459660258411185,9.007390980408456,10.03347761887273,12.000497542101925,13.200598653880553,15.16273334499108,15.432648682665837,16.096451517703834
0.0,0.40766635718512056,2.8103487755102967,5.5459660258411185,9.007390980408456,10.03347761887273,12.000497542101925,13.200598653880553,15.16273334499108,15.432648682665837,16.096451517703834
0.0,0.40766635718512056,2.8103487755102967,5.5459660258411185,9.007390980408456,10.03347761887273,11.951695325860015,13.200598653880553,15.16273334499108,15.432648682665837,16.096451517703834
0.0,0.40766635718512056,2.7410912155509704,5.56559463796922,8.889706991293258,10.028893016422895,11.854353944336408,13.260185959492146,15.16273334499108,15.432648682665837,16.096451517703834
0.0,0.40766635718512056,2.7410912155509704,5.56559463796922,8.889706991293258,10.028893016422895,11.854353944336408,13.260185959492146,15.16273334499108,15.432648682665837,16.096451517703834
0.0,0.40766635718512056,2.7410912155509704,5.56559463796922,8.889706991293258,10.028893016422895,11.854353944336408,13.230310886151045,15.16273334499108,15.432648682665837,16.096451517703834
0.0,0.4122063895309629,2.702658016624531,5.5605964310434475,8.884551397849243,10.023683486016747,11.849057983957653,13.224949778433903,15.157280743001108,15.427183301012992,16.090954707023958
0.0,0.4122063895309629,2.702658016624531,5.5605964310434475,8.884551397849243,10.023683486016747,11.849057983957653,13.224949778433903,15.157280743001108,15.427183301012992,16.090954707023958
0.0,0.4122063895309629,2.702658016624531,5.6309279171784485,8.884551397849243,10.023683486016747,11.849057983957653,13.224949778433903,15.257974388065968,15.345891877145487,16.10662428657068
0.0,0.4122063895309629,2.702658016624531,5.6309279171784485,8.884551397849243,9.918931532580066,11.78046756221675,13.224949778433903,15.257974388065968,15.266592030534518,16.160497077642194
0.0,0.4122063895309629,2.702658016624531,5.6309279171784485,8.884551397849243,9.918931532580066,11.78046756221675,13.224949778433903,15.257974388065968,15.266592030534518,16.160497077642194
0.0,0.4122063895309629,2.702658016624531,5.6309279171784485,8.884551397849243,9.918931532580066,11.78046756221675,13.224949778433903,15.257974388065968,15.266592030534518,16.148873280824162
0.0,0.4122063895309629,2.6299466582961895,5.6309279171784485,8.912796723091349,10.044438476671374,11.910158071111077,13.251917488077469,15.207821713001952,15.266592030534518,16.148873280824162
0.0,0.4122063895309629,2.54437146448066,5.460516542491618,8.739203835051313,10.096044126337649,11.910158071111077,13.251917488077469,15.207821713001952,15.266592030534518,16.148873280824162
0.0,0.4122063895309629,2.54437146448066,5.503153831681904,8.637082266670445,10.096044126337649,11.910158071111077,13.251917488077469,15.207821713001952,15.266592030534518,16.148873280824162
0.0,0.4122063895309629,2.54437146448066,5.503153831681904,8.637082266670445,10.096044126337649,11.874384834352124,13.213238302114,15.207821713001952,15.266592030534518,16.148873280824162
0.0,0.4122063895309629,2.54437146448066,5.503153831681904,8.637082266670445,10.096044126337649,11.874384834352124,13.213238302114,15.207821713001952,15.266592030534518,16.148873280824162
0.0,0.4122063895309629,2.54437146448066,5.503153831681904,8.637082266670445,10.096044126337649,11.874384834352124,13.213238302114,15.207821713001952,15.266592030534518,16.148873280824162
0.0,0.4122063895309629,2.54437146448066,5.503153831681904,8.637082266670445,10.096044126337649,11.874384834352124,13.213238302114,15.207821713001952,15.266592030534518,16.148873280824162
0.0,0.41143918164084914,2.574926885248331,5.502347725980596,8.683962026047377,10.09520292827258,11.873530048725629,13.212373286865217,15.20694145797122,15.265711326464244,16.147985835609948
0.0,0.3803852526407426,2.6199599486356617,5.501488774445286,8.854036976116996,10.09430658382505,12.033308165538307,13.140056524830197,15.206003496102346,15.26477288611816,16.147040212191065
0.0,0.3803852526407426,2.6133214625511774,5.501488774445286,8.851556937919385,10.09430658382505,12.110727943817876,13.140056524830197,15.259011181214643,15.26477288611816,16.147040212191065
0.0,0.3803852526407426,2.6133214625511774,5.5358585967392795,8.851556937919385,10.033295139075033,12.024465201055945,13.177758115611876,15.116834849997781,15.26477288611816,16.160743049505072
0.0,0.3803852526407426,2.6133214625511774,5.5358585967392795,8.851556937919385,10.033295139075033,12.024465201055945,13.177758115611876,15.116834849997781,15.26477288611816,16.160743049505072
0.0,0.3803852526407426,2.6133214625511774,5.446251560044241,8.807317064616779,10.06639989137935,12.122965304015105,13.177758115611876,15.116834849997781,15.26477288611816,16.160743049505072
0.0,0.3803852526407426,2.5313173712396764,5.473782489126667,8.662823525993064,10.088231742785473,12.139686773680738,13.177758115611876,15.061434804805963,15.26477288611816,16.05902390706722
0.0,0.3803852526407426,2.5313173712396764,5.473782489126667,8.643609492684403,10.088231742785473,12.139686773680738,13.177758115611876,15.061434804805963,15.26477288611816,16.05902390706722
0.0,0.3803852526407426,2.5313173712396764,5.473782489126667,8.643609492684403,10.088231742785473,12.139686773680738,13.177758115611876,15.061434804805963,15.26477288611816,16.05902390706722
0.0,0.3803852526407426,2.5313173712396764,5.473782489126667,8.643609492684403,10.088231742785473,12.139686773680738,13.177758115611876,15.061434804805963,15.26477288611816,16.05902390706722
0.0,0.3803852526407426,2.5313173712396764,5.473782489126667,8.643609492684403,10.088231742785473,12.139686773680738,13.177758115611876,15.061434804805963,15.26477288611816,16.05902390706722
0.0,0.3803852526407426,2.5313173712396764,5.473782489126667,8.643609492684403,10.088231742785473,12.139686773680738,13.177758115611876,15.061434804805963,15.26477288611816,16.05902390706722
0.0,0.3803852526407426,2.4593336362821088,5.473782489126667,8.508322156460853,10.241054702628388,12.141264979806476,13.213242702550243,15.061434804805963,15.26477288611816,16.080642825900824
0.0,0.3803852526407426,2.4593336362821088,5.473782489126667,8.508322156460853,10.241054702628388,12.141264979806476,13.213242702550243,15.061434804805963,15.26477288611816,16.080642825900824
0.0,0.3803852526407426,2.4593336362821088,5.473782489126667,8.508322156460853,10.241054702628388,12.124869171722358,13.230026799443074,14.962984803628581,15.26477288611816,16.110140249917716
0.0,0.3803852526407426,2.4593336362821088,5.473782489126667,8.508322156460853,10.241054702628388,12.124869171722358,13.230026799443074,14.962984803628581,15.26477288611816,16.110140249917716
0.0,0.40291852899165603,2.4228344882629083,5.473782489126667,8.476494999591669,10.241054702628388,12.124869171722358,13.230026799443074,14.962984803628581,15.26477288611816,16.110140249917716
0.0,0.40291852899165603,2.4228344882629083,5.473782489126667,8.476494999591669,10.349399805705287,12.124869171722358,13.230026799443074,14.962984803628581,15.26477288611816,16.110140249917716
0.0,0.3908439995851675,2.4228344882629083,5.53451837407695,8.47782269680858,10.419291791273974,12.080341213174565,13.400548213696128,15.037310796883874,15.26140354129415,16.185894143953448
0.0,0.35683741520899637,2.4294604489019567,5.455720796798705,8.439958275236142,10.419291791273974,12.080341213174565,13.400548213696128,15.037310796883874,15.26140354129415,16.185894143953448
0.0,0.35683741520899637,2.436700156367672,5.481022196592382,8.439958275236142,10.58671942050275,12.080341213174565,13.400548213696128,15.037310796883874,15.26140354129415,16.185894143953448
0.0,0.35683741520899637,2.436700156367672,5.405180624438548,8.496009643590956,10.58671942050275,12.011764399377336,13.425110612208707,15.037310796883874,15.436008250761423,16.185894143953448
0.0,0.35683741520899637,2.4916492855235464,5.360915700245053,8.56697881746769,10.621001564678656,12.161681455877618,13.467221159786105,15.079421344461272,15.473283976398067,16.108787501809935
0.0,0.3436907702315088,2.4782229823336674,5.347113526034607,8.625131719115096,10.547660966582226,12.035739431724842,13.515564709621804,15.145663119173769,15.4581570920928,16.093577367180668
0.0,0.3406324693719452,2.447340438784507,5.315366421854171,8.592396760767631,10.514346640331205,12.00197666241278,13.481355984405555,15.110963152173094,15.423362952804135,16.058591739459178
0.0,0.3175162991491603,2.3959276813763237,5.2766152687418115,8.641612206843394,10.473682504476448,11.960765147949195,13.439600127206758,15.06860767538395,15.380892527428491,16.01588757945573
0.0,0.3369957576473549,2.348409468114289,5.350376986788449,8.660685863696155,10.549799093870321,12.190695153227216,13.41616498527489,15.044836001737789,15.386273816936177,16.07025057709209
0.0,0.3312273392500786,2.3945568152924994,5.407773375483244,8.595869361965375,10.661663867127675,12.144823088488788,13.490103346033026,15.007535231147164,15.533862743174492,16.10951586327572
0.0,0.3310264711064166,2.394351816259855,5.407562343840086,8.59565194759433,10.661442316932536,12.144598568934583,13.489876133160344,15.007304980299828,15.53363143859311,16.185523976551995
0.0,0.3310264711064166,2.394351816259855,5.407562343840086,8.59565194759433,10.661442316932536,12.144598568934583,13.489876133160344,15.007304980299828,15.53363143859311,16.263140956339296
0.0,0.3310264711064166,2.385342590812983,5.477921892017415,8.51129056153501,10.661442316932536,12.144598568934583,13.489876133160344,15.007304980299828,15.53363143859311,16.263140956339296
0.0,0.3310264711064166,2.385342590812983,5.477921892017415,8.535252598661017,10.895119101960406,12.346930757095256,13.40984418044077,15.007304980299828,15.53363143859311,16.263140956339296
0.0,0.3310264711064166,2.385342590812983,5.477921892017415,8.535252598661017,10.895119101960406,12.346930757095256,13.40984418044077,15.007304980299828,15.53363143859311,16.263140956339296
0.0,0.3310264711064166,2.385342590812983,5.477921892017415,8.535252598661017,10.895119101960406,12.346930757095256,13.40984418044077,15.007304980299828,15.53363143859311,16.263140956339296
0.0,0.3310264711064166,2.385342590812983,5.477921892017415,8.535252598661017,10.895119101960406,12.346930757095256,13.40984418044077,15.007304980299828,15.53363143859311,16.263140956339296
0.0,0.3310264711064166,2.385342590812983,5.477921892017415,8.535252598661017,10.895119101960406,12.346930757095256,13.40984418044077,15.007304980299828,15.53363143859311,16.263140956339296
0.0,0.3310264711064166,2.365697474213589,5.481775838458573,8.42253717807035,10.895119101960406,12.346930757095256,13.40984418044077,15.007304980299828,15.53363143859311,16.263140956339296
0.0,0.3310264711064166,2.365697474213589,5.481775838458573,8.42253717807035,10.895119101960406,12.346930757095256,13.40984418044077,15.007304980299828,15.53363143859311,16.263140956339296
0.0,0.3310264711064166,2.3324509297520697,5.481775838458573,8.42253717807035,10.895119101960406,12.346930757095256,13.40984418044077,15.157208481485029,15.53363143859311,16.263140956339296
0.0,0.3310264711064166,2.3324509297520697,5.481775838458573,8.42253717807035,10.895119101960406,12.346930757095256,13.40984418044077,15.157208481485029,15.53363143859311,16.263140956339296
0.0,0.3310264711064166,2.3324509297520697,5.481775838458573,8.508287486386063,10.90380299426613,12.346930757095256,13.435007447626369,15.109659791626614,15.53363143859311,16.263140956339296
0.0,0.3310264711064166,2.3324509297520697,5.481775838458573,8.508287486386063,10.90380299426613,12.346930757095256,13.435007447626369,15.109659791626614,15.53363143859311,16.263140956339296
0.0,0.3310264711064166,2.3324509297520697,5.481775838458573,8.508287486386063,10.90380299426613,12.346930757095256,13.458043536581462,15.109659791626614,15.53363143859311,16.263140956339296
0.0,0.3310264711064166,2.3324509297520697,5.481775838458573,8.508287486386063,10.90380299426613,12.346930757095256,13.458043536581462,15.109659791626614,15.53363143859311,16.263140956339296
0.0,0.3310264711064166,2.3324509297520697,5.481775838458573,8.508287486386063,10.90380299426613,12.224029906624374,13.375033534339153,15.109659791626614,15.53363143859311,16.263140956339296
0.0,0.3310264711064166,2.3324509297520697,5.481775838458573,8.508287486386063,10.90380299426613,12.224029906624374,13.375033534339153,15.109659791626614,15.53363143859311,16.263140956339296
0.0,0.3310264711064166,2.3324509297520697,5.481775838458573,8.508287486386063,10.90380299426613,12.224029906624374,13.375033534339153,15.109659791626614,15.429299602793265,16.263140956339296
0.0,0.3310264711064166,2.3324509297520697,5.481775838458573,8.508287486386063,10.90380299426613,12.224029906624374,13.375033534339153,15.109659791626614,15.429299602793265,16.263140956339296
0.0,0.31622872872872365,2.3071821821821747,5.425713213213208,8.505680680680687,10.901138638638642,12.221333833833826,13.372309809809801,15.106894394394384,15.426526526526532,16.260347847847854
0.0,0.2889055634152826,2.304225190688303,5.422666086603351,8.502544533560163,10.897933255432688,12.218090292935722,13.369033002174232,15.103567451941762,15.4231903457245,16.256987567051063
0.0,0.2970885100793538,2.2753596586485103,5.485889984911594,8.459727953308665,10.83408374958132,12.355373612199145,13.369033002174232,15.103567451941762,15.4231903457245,16.256987567051063
0.0,0.2970885100793538,2.2753596586485103,5.485889984911594,8.405099902642958,10.83408374958132,12.355373612199145,13.369033002174232,15.103567451941762,15.4231903457245,16.16144478306496
0.0,0.2970885100793538,2.2753596586485103,5.485889984911594,8.32266985276076,10.83408374958132,12.432135657740627,13.369033002174232,15.051867244577895,15.47072400685115,16.188871417755575
0.0,0.2970885100793538,2.2753596586485103,5.385705192955515,8.316263631519163,10.661541189187346,12.432135657740627,13.369033002174232,15.051867244577895,15.466519924161348,16.28626600006932
0.0,0.2970885100793538,2.2753596586485103,5.385705192955515,8.316263631519163,10.73771516363829,12.432135657740627,13.369033002174232,15.051867244577895,15.466519924161348,16.28626600006932
0.0,0.2970885100793538,2.2753596586485103,5.385705192955515,8.316263631519163,10.73771516363829,12.432135657740627,13.369033002174232,15.051867244577895,15.466519924161348,16.28626600006932
0.0,0.2970885100793538,2.2753596586485103,5.385705192955515,8.316263631519163,10.73771516363829,12.432135657740627,13.369033002174232,15.051867244577895,15.466519924161348,16.28626600006932
0.0,0.2970885100793538,2.2753596586485103,5.359454700445982,8.349283197645315,10.73771516363829,12.432135657740627,13.361588272411046,15.051867244577895,15.466519924161348,16.28626600006932
0.0,0.2702624586301372,2.2753596586485103,5.35362403814405,8.25336504913334,10.73771516363829,12.432135657740627,13.361588272411046,15.098737761708852,15.428895886517802,16.408772469164123
0.0,0.27640592470363223,2.3610428677549486,5.310945091552039,8.326423498019512,10.831306052089843,12.432135657740627,13.361588272411046,15.098737761708852,15.428895886517802,16.408772469164123
0.0,0.27640592470363223,2.3610428677549486,5.434339923358071,8.326423498019512,10.831306052089843,12.432135657740627,13.290356597550804,15.098737761708852,15.428895886517802,16.408772469164123
0.0,0.27640592470363223,2.3610428677549486,5.310945091552039,8.326423498019512,10.831306052089843,12.432135657740627,13.290356597550804,15.098737761708852,15.428895886517802,16.408772469164123
0.0,0.27640592470363223,2.3610428677549486,5.310945091552039,8.326423498019512,10.94596740259385,12.432135657740627,13.290356597550804,15.098737761708852,15.428895886517802,16.408772469164123
0.0,0.27640592470363223,2.3610428677549486,5.434339923358071,8.409316497483617,10.94596740259385,12.432135657740627,13.290356597550804,15.098737761708852,15.428895886517802,16.408772469164123
0.0,0.27640592470363223,2.3610428677549486,5.434339923358071,8.409316497483617,10.94596740259385,12.432135657740627,13.290356597550804,15.098737761708852,15.428895886517802,16.408772469164123
0.0,0.27640592470363223,2.3610428677549486,5.310945091552039,8.409316497483617,10.94596740259385,12.432135657740627,13.290356597550804,15.098737761708852,15.428895886517802,16.408772469164123
0.0,0.27640592470363223,2.3610428677549486,5.434339923358071,8.409316497483617,10.94596740259385,12.432135657740627,13.402427932826264,15.05756027322034,15.44889030359608,16.461336014937505
0.0,0.27640592470363223,2.3610428677549486,5.434339923358071,8.409316497483617,10.94596740259385,12.432135657740627,13.402427932826264,15.05756027322034,15.44889030359608,16.461336014937505
0.0,0.27640592470363223,2.3610428677549486,5.434339923358071,8.409316497483617,10.94596740259385,12.432135657740627,13.402427932826264,15.05756027322034,15.44889030359608,16.310376914781376
0.0,0.27640592470363223,2.3610428677549486,5.322531343250714,8.460078293532813,10.896832186156782,12.32917316829307,13.390528877356028,15.05756027322034,15.44889030359608,16.310376914781376
0.0,0.27640592470363223,2.3610428677549486,5.322531343250714,8.460078293532813,10.896832186156782,12.32917316829307,13.390528877356028,15.05756027322034,15.610397146929314,16.17787323714742
0.0,0.27640592470363223,2.3610428677549486,5.322531343250714,8.460078293532813,10.896832186156782,12.32917316829307,13.390528877356028,15.05756027322034,15.610397146929314,16.17787323714742
0.0,0.27640592470363223,2.3690381321560894,5.208820916212269,8.460078293532813,10.896832186156782,12.32917316829307,13.390528877356028,15.05756027322034,15.610397146929314,16.17787323714742
0.0,0.27640592470363223,2.3690381321560894,5.208820916212269,8.460078293532813,10.896832186156782,12.32917316829307,13.390528877356028,15.05756027322034,15.610397146929314,16.17787323714742
0.0,0.27640592470363223,2.3354304949393967,5.208820916212269,8.460078293532813,10.896832186156782,12.32917316829307,13.390528877356028,15.05756027322034,15.610397146929314,16.17787323714742
0.0,0.27640592470363223,2.3354304949393967,5.208820916212269,8.460078293532813,10.896832186156782,12.32917316829307,13.390528877356028,15.05756027322034,15.610397146929314,16.17787323714742
0.0,0.27640592470363223,2.3354304949393967,5.208820916212269,8.611175027348434,10.796810052161904,12.326420495103305,13.390528877356028,15.05756027322034,15.610397146929314,16.17787323714742
0.0,0.27640592470363223,2.3354304949393967,5.208820916212269,8.611175027348434,10.796810052161904,12.326420495103305,13.390528877356028,15.05756027322034,15.610397146929314,16.17787323714742
0.0,0.27640592470363223,2.3354304949393967,5.208820916212269,8.611175027348434,10.796810052161904,12.326420495103305,13.390528877356028,15.05756027322034,15.610397146929314,16.17787323714742
0.0,0.27640592470363223,2.3354304949393967,5.208820916212269,8.611175027348434,10.929701606472591,12.438904731357248,13.269161013989716,15.055345622517672,15.610397146929314,16.17787323714742
0.0,0.27640592470363223,2.3354304949393967,5.208820916212269,8.611175027348434,10.929701606472591,12.438904731357248,13.269161013989716,15.055345622517672,15.610397146929314,16.17787323714742
0.0,0.27640592470363223,2.3354304949393967,5.208820916212269,8.614240504309745,10.792143019890194,12.438904731357248,13.269161013989716,15.055345622517672,15.610397146929314,16.17787323714742
0.0,0.27640592470363223,2.3354304949393967,5.208820916212269,8.614240504309745,10.757722092867445,12.438904731357248,13.269161013989716,15.055345622517672,15.610397146929314,16.17787323714742
0.0,0.27640592470363223,2.3354304949393967,5.208820916212269,8.614240504309745,10.757722092867445,12.438904731357248,13.269161013989716,14.926245249918338,15.659282120349136,16.196090928803244
0.0,0.27640592470363223,2.3354304949393967,5.208820916212269,8.614240504309745,10.757722092867445,12.438904731357248,13.269161013989716,15.034475354879017,15.657092493948197,16.10763002220531
0.0,0.27640592470363223,2.3354304949393967,5.208820916212269,8.523489874103987,10.775827175165494,12.281652019317258,13.249166596911435,15.036990297202376,15.653026044917883,16.005230579546563
0.0,0.27640592470363223,2.244404597414663,5.166942747275458,8.523489874103987,10.775827175165494,12.281652019317258,13.26770960448966,14.929273190427061,15.653026044917883,15.864568979550267
0.0,0.27640592470363223,2.244404597414663,5.166942747275458,8.523489874103987,10.775827175165494,12.281652019317258,13.26770960448966,14.929273190427061,15.653026044917883,15.864568979550267
0.0,0.27640592470363223,2.1369377336565964,5.161962911232167,8.523489874103987,10.775827175165494,12.281652019317258,13.26770960448966,14.929273190427061,15.653026044917883,15.864568979550267
0.0,0.27640592470363223,2.1369377336565964,5.161962911232167,8.523489874103987,10.775827175165494,12.281652019317258,13.26770960448966,14.929273190427061,15.653026044917883,15.968194612993555
0.0,0.27640592470363223,2.1369377336565964,5.161962911232167,8.523489874103987,10.775827175165494,12.281652019317258,13.26770960448966,14.929273190427061,15.653026044917883,15.968194612993555
0.0,0.27640592470363223,2.1369377336565964,5.161962911232167,8.513742908582103,10.718559060667797,12.240712261695135,13.302330725926215,14.861494869204869,15.62085730505037,15.968194612993555
0.0,0.27640592470363223,2.1369377336565964,5.174049648965353,8.513742908582103,10.718559060667797,12.240712261695135,13.302330725926215,14.861494869204869,15.62085730505037,15.968194612993555
0.0,0.27640592470363223,2.1369377336565964,5.174049648965353,8.513742908582103,10.718559060667797,12.240712261695135,13.302330725926215,14.688339213418644,15.62085730505037,15.960524664514834
0.0,0.27640592470363223,2.1369377336565964,5.174049648965353,8.513742908582103,10.718559060667797,12.240712261695135,13.302330725926215,14.688339213418644,15.62085730505037,15.960524664514834
0.0,0.27640592470363223,2.1369377336565964,5.174049648965353,8.513742908582103,10.718559060667797,12.240712261695135,13.302330725926215,14.688339213418644,15.62085730505037,15.960524664514834
0.0,0.27640592470363223,2.1369377336565964,5.174049648965353,8.513742908582103,10.718559060667797,12.195017886745276,13.316181676931016,14.688339213418644,15.62085730505037,15.960524664514834
0.0,0.27640592470363223,2.1369377336565964,5.157683755637192,8.513742908582103,10.718559060667797,12.119582129195216,13.316181676931016,14.845666998363786,15.62085730505037,15.960524664514834
0.0,0.27640592470363223,2.189801571050686,5.052106226659377,8.492684958680503,10.615308791750389,12.171332385162541,13.316181676931016,14.845666998363786,15.62085730505037,15.960524664514834
0.0,0.27640592470363223,2.189801571050686,5.052106226659377,8.492684958680503,10.66541995595473,12.235932620065668,13.316181676931016,14.845666998363786,15.62085730505037,15.960524664514834
0.0,0.27640592470363223,2.189801571050686,5.052106226659377,8.492684958680503,10.66541995595473,12.235932620065668,13.316181676931016,14.845666998363786,15.62085730505037,15.960524664514834
0.0,0.27640592470363223,2.189801571050686,5.052106226659377,8.492684958680503,10.66541995595473,12.235932620065668,13.316181676931016,14.845666998363786,15.62085730505037,15.771816405206504
0.0,0.27640592470363223,2.189801571050686,5.052106226659377,8.492684958680503,10.66541995595473,12.098549203595345,13.402503005731436,14.845666998363786,15.635121157033621,15.771816405206504
0.0,0.27640592470363223,2.189801571050686,5.052106226659377,8.492684958680503,10.66541995595473,12.098549203595345,13.402503005731436,14.845666998363786,15.635121157033621,15.771816405206504
0.0,0.27640592470363223,2.189801571050686,5.052106226659377,8.492684958680503,10.66541995595473,12.098549203595345,13.402503005731436,14.845666998363786,15.635121157033621,15.771816405206504
0.0,0.27640592470363223,2.189801571050686,5.052106226659377,8.492684958680503,10.66541995595473,12.098549203595345,13.402503005731436,14.845666998363786,15.635121157033621,15.771816405206504
0.0,0.27640592470363223,2.189801571050686,5.052106226659377,8.492684958680503,10.66541995595473,12.098549203595345,13.378905089204748,14.81860321604818,15.55219062111693,15.559710423785308
0.0,0.27640592470363223,2.189801571050686,5.052106226659377,8.492684958680503,10.66541995595473,12.098549203595345,13.378905089204748,14.81860321604818,15.55219062111693,15.506646391977414
0.0,0.27640592470363223,2.189801571050686,5.052106226659377,8.492684958680503,10.66541995595473,12.098549203595345,13.378905089204748,14.81860321604818,15.55219062111693,15.506646391977414
0.0,0.27640592470363223,2.189801571050686,5.052106226659377,8.492684958680503,10.66541995595473,12.098549203595345,13.378905089204748,14.81860321604818,15.55219062111693,15.506646391977414
0.0,0.27640592470363223,2.189801571050686,5.052106226659377,8.492684958680503,10.66541995595473,12.098549203595345,13.378905089204748,14.81860321604818,15.55219062111693,15.506646391977414
0.0,0.27640592470363223,2.189801571050686,5.052106226659377,8.492684958680503,10.66541995595473,12.073962827150526,13.38588686938603,14.81860321604818,15.419148920995898,15.506646391977414
0.0,0.27640592470363223,2.189801571050686,5.052106226659377,8.358316970568048,10.600469380827455,12.116379018574417,13.38588686938603,14.81860321604818,15.419148920995898,15.506646391977414
0.0,0.27640592470363223,2.189801571050686,5.052106226659377,8.358316970568048,10.668960894648823,12.13553512154491,13.43616069155159,14.775774123645824,15.449428326083178,15.506646391977414
0.0,0.27640592470363223,2.1264400390829543,4.958415241000923,8.280103515526527,10.723125995732603,12.119406959083141,13.43616069155159,14.775774123645824,15.449428326083178,15.506646391977414
0.0,0.27640592470363223,2.1264400390829543,4.958415241000923,8.280103515526527,10.723125995732603,12.119406959083141,13.43616069155159,14.775774123645824,15.449428326083178,15.506646391977414
0.0,0.27640592470363223,2.1264400390829543,4.958415241000923,8.280103515526527,10.723125995732603,12.119406959083141,13.546155009783888,14.775774123645824,15.449428326083178,15.506646391977414
0.0,0.27640592470363223,2.1264400390829543,4.8304409619792095,8.296819749078836,10.723125995732603,12.119406959083141,13.546155009783888,14.775774123645824,15.449428326083178,15.506646391977414
0.0,0.27640592470363223,2.0340753414159423,4.778640657408422,8.296819749078836,10.754493957944916,12.04892601327464,13.544140553495025,14.720407856079234,15.450554419660797,15.37646997440389
0.0,0.27640592470363223,2.0340753414159423,4.778640657408422,8.296819749078836,10.754493957944916,12.04892601327464,13.544140553495025,14.720407856079234,15.450554419660797,15.37646997440389
0.0,0.27640592470363223,1.9986909787767755,4.778640657408422,8.296819749078836,10.754493957944916,12.04892601327464,13.544140553495025,14.720407856079234,15.450554419660797,15.37646997440389
0.0,0.27640592470363223,1.9753433052673341,4.778640657408422,8.296819749078836,10.754493957944916,12.04892601327464,13.544140553495025,14.720407856079234,15.450554419660797,15.37646997440389
0.0,0.27640592470363223,1.9753433052673341,4.778640657408422,8.335770074713805,10.677068768407722,12.06385300925362,13.544140553495025,14.720407856079234,15.450554419660797,15.37646997440389
0.0,0.27640592470363223,1.9001452785836637,4.778640657408422,8.335770074713805,10.677068768407722,12.06385300925362,13.544140553495025,14.720407856079234,15.450554419660797,15.37646997440389
0.0,0.27640592470363223,1.9001452785836637,4.778640657408422,8.335770074713805,10.677068768407722,12.06385300925362,13.423585979934769,14.720407856079234,15.43689115091894,15.298982224112395
0.0,0.27640592470363223,1.9001452785836637,4.778640657408422,8.335770074713805,10.677068768407722,12.06385300925362,13.423585979934769,14.720407856079234,15.43689115091894,15.298982224112395
0.0,0.27640592470363223,1.9001452785836637,4.778640657408422,8.335770074713805,10.677068768407722,12.06385300925362,13.423585979934769,14.706444295716672,15.418823605073479,15.28729587520682
0.0,0.27640592470363223,1.9286479582484517,4.778640657408422,8.335770074713805,10.677068768407722,12.06385300925362,13.423585979934769,14.706444295716672,15.418823605073479,15.28729587520682
0.0,0.27640592470363223,1.9286479582484517,4.778640657408422,8.335770074713805,10.677068768407722,11.9551974911636,13.376915657217614,14.61426728031259,15.472475707971913,15.233093237670433
0.0,0.27640592470363223,1.9286479582484517,4.796445448085782,8.346543036606423,10.54716761815319,11.9551974911636,13.376915657217614,14.50275899182594,15.474903065239243,15.189688586328396
0.0,0.27640592470363223,1.9286479582484517,4.796445448085782,8.346543036606423,10.54716761815319,11.9551974911636,13.237104883479981,14.487268949058151,15.464705662286288,15.189688586328396
0.0,0.27640592470363223,1.9286479582484517,4.796445448085782,8.346543036606423,10.54716761815319,11.9551974911636,13.237104883479981,14.487268949058151,15.464705662286288,15.189688586328396
0.0,0.27640592470363223,1.9286479582484517,4.796445448085782,8.346543036606423,10.54716761815319,11.9551974911636,13.237104883479981,14.487268949058151,15.312820662966326,15.189688586328396
0.0,0.27640592470363223,1.9286479582484517,4.796445448085782,8.346543036606423,10.54716761815319,11.9551974911636,13.237104883479981,14.487268949058151,15.312820662966326,15.189688586328396
0.0,0.27640592470363223,1.9286479582484517,4.796445448085782,8.346543036606423,10.54716761815319,11.9551974911636,13.237104883479981,14.487268949058151,15.312820662966326,15.189688586328396
0.0,0.27640592470363223,1.9286479582484517,4.796445448085782,8.346543036606423,10.54716761815319,11.9551974911636,13.237104883479981,14.487268949058151,15.312820662966326,15.189688586328396
0.0,0.27640592470363223,1.9286479582484517,4.796445448085782,8.346543036606423,10.54716761815319,11.9551974911636,13.237104883479981,14.487268949058151,15.312820662966326,15.189688586328396
0.0,0.27640592470363223,1.9286479582484517,4.796445448085782,8.346543036606423,10.54716761815319,11.9551974911636,13.237104883479981,14.487268949058151,15.312820662966326,15.189688586328396
0.0,0.27640592470363223,1.9286479582484517,4.796445448085782,8.346543036606423,10.616847786306472,11.9551974911636,13.237104883479981,14.487268949058151,15.312820662966326,15.189688586328396
0.0,0.27640592470363223,1.9286479582484517,4.796445448085782,8.474392194119524,10.616847786306472,11.9551974911636,13.26386837417488,14.487268949058151,15.185084114811001,15.167404445642275
0.0,0.27640592470363223,1.9286479582484517,4.796445448085782,8.474392194119524,10.616847786306472,11.9551974911636,13.26386837417488,14.487268949058151,15.185084114811001,15.167404445642275
0.0,0.27640592470363223,1.9286479582484517,4.796445448085782,8.474392194119524,10.616847786306472,11.9551974911636,13.26386837417488,14.487268949058151,15.185084114811001,15.167404445642275
0.0,0.27640592470363223,1.9286479582484517,4.796445448085782,8.474392194119524,10.616847786306472,11.9551974911636,13.26386837417488,14.487268949058151,15.185084114811001,15.167404445642275
0.0,0.27640592470363223,1.8938516666998246,4.796445448085782,8.474392194119524,10.616847786306472,11.9551974911636,13.26386837417488,14.487268949058151,15.185084114811001,15.167404445642275
0.0,0.2484726793910393,1.9309901822074613,4.768538421616062,8.471718481542787,10.614121265778053,11.99889445360033,13.261076609010436,14.495682663641146,15.24256458738195,15.16456576149325
0.0,0.2484726793910393,1.9309901822074613,4.768538421616062,8.514421399854958,10.614834440798218,12.145495711691112,13.262790731427298,14.679731866211368,15.31165498143993,15.237372172761521
0.0,0.2484726793910393,1.9309901822074613,4.809314516189571,8.594259466585116,10.52015732891182,12.240160311735059,13.262790731427298,14.679731866211368,15.31165498143993,15.237372172761521
0.0,0.2484726793910393,1.8466853877194729,4.809314516189571,8.594259466585116,10.52015732891182,12.240160311735059,13.262790731427298,14.679731866211368,15.31165498143993,15.237372172761521
0.0,0.2484726793910393,1.8466853877194729,4.809314516189571,8.594259466585116,10.541427461091928,12.262156130777784,13.256785047047028,14.675315185823381,15.31165498143993,15.27349386194032
0.0,0.2484726793910393,1.8466853877194729,4.809314516189571,8.594259466585116,10.541427461091928,12.262156130777784,13.256785047047028,14.675315185823381,15.31165498143993,15.27349386194032
0.0,0.2484726793910393,1.8466853877194729,4.809314516189571,8.594259466585116,10.629848651748883,12.387950194859428,13.256785047047028,14.675315185823381,15.441390275896133,15.353144251033605
0.0,0.21978302463281935,1.8466853877194729,4.809314516189571,8.594259466585116,10.629848651748883,12.387950194859428,13.256785047047028,14.675315185823381,15.441390275896133,15.353144251033605
0.0,0.21356463893075087,1.8466853877194729,4.809314516189571,8.594259466585116,10.629848651748883,12.387950194859428,13.256785047047028,14.675315185823381,15.441390275896133,15.353144251033605
0.0,0.2039986283325366,1.8369634855466264,4.79930981256421,8.583893466326515,10.619288341789902,12.37722206312847,13.24597397960338,14.812294614253558,15.472619132959537,15.34213307301176
0.0,0.19623934018946576,1.8290777489082053,4.921082687729621,8.622796889092928,10.618378470341414,12.408876368089807,13.192682838346165,14.869380182916517,15.446038872577642,15.333201564710686
0.0,0.19623934018946576,1.8290777489082053,4.921082687729621,8.622796889092928,10.618378470341414,12.408876368089807,13.192682838346165,14.869380182916517,15.446038872577642,15.333201564710686
0.0,0.19623934018946576,1.8290777489082053,4.921082687729621,8.622796889092928,10.618378470341414,12.408876368089807,13.192682838346165,14.910186757003228,15.597856341344102,15.437870051952684
0.0,0.19623934018946576,1.8290777489082053,4.921082687729621,8.595062929942037,10.618378470341414,12.408876368089807,13.192682838346165,14.910186757003228,15.597856341344102,15.437870051952684
0.0,0.19623934018946576,1.8290777489082053,4.921082687729621,8.542334631421046,10.618378470341414,12.408876368089807,13.192682838346165,14.947290465998048,15.543676920016852,15.437870051952684
0.0,0.19623934018946576,1.8290777489082053,4.921082687729621,8.542334631421046,10.618378470341414,12.408876368089807,13.192682838346165,14.947290465998048,15.543676920016852,15.437870051952684
0.0,0.19623934018946576,1.8290777489082053,4.921082687729621,8.542334631421046,10.618378470341414,12.408876368089807,13.192682838346165,14.947290465998048,15.543676920016852,15.437870051952684
0.0,0.19623934018946576,1.8290777489082053,4.756455307294019,8.542334631421046,10.618378470341414,12.408876368089807,13.192682838346165,14.947290465998048,15.543676920016852,15.437870051952684
0.0,0.19623934018946576,1.8290777489082053,4.756455307294019,8.542334631421046,10.618378470341414,12.408876368089807,13.192682838346165,14.947290465998048,15.543676920016852,15.437870051952684
0.0,0.19623934018946576,1.8290777489082053,4.756455307294019,8.542334631421046,10.618378470341414,12.408876368089807,13.192682838346165,14.947290465998048,15.543676920016852,15.437870051952684
0.0,0.19623934018946576,1.8290777489082053,4.770153406198043,8.623109631077037,10.618378470341414,12.408876368089807,13.192682838346165,14.947290465998048,15.543676920016852,15.437870051952684
0.0,0.19623934018946576,1.8290777489082053,4.770153406198043,8.623109631077037,10.618378470341414,12.408876368089807,13.100436462713011,14.807269624872236,15.552708908517957,15.487133169289729
0.0,0.19623934018946576,1.8290777489082053,4.770153406198043,8.623109631077037,10.618378470341414,12.408876368089807,13.100436462713011,14.807269624872236,15.552708908517957,15.487133169289729
0.0,0.19623934018946576,1.759799144588125,4.7463349766882,8.573608829832066,10.610009494846622,12.449657922817767,13.047457970604754,14.717224952807232,15.580492906386315,15.381276262508115
0.0,0.19623934018946576,1.759799144588125,4.7463349766882,8.573608829832066,10.610009494846622,12.449657922817767,13.050247629103012,14.717224952807232,15.580492906386315,15.45540862242159
0.0,0.19623934018946576,1.759799144588125,4.7463349766882,8.573608829832066,10.610009494846622,12.449657922817767,13.050247629103012,14.717224952807232,15.580492906386315,15.45540862242159
0.0,0.19623934018946576,1.759799144588125,4.7463349766882,8.573608829832066,10.610009494846622,12.388798332709927,13.128883473587683,14.717224952807232,15.580492906386315,15.45540862242159
0.0,0.19623934018946576,1.759799144588125,4.7463349766882,8.573608829832066,10.610009494846622,12.388798332709927,13.128883473587683,14.717224952807232,15.580492906386315,15.45540862242159
0.0,0.19623934018946576,1.759799144588125,4.7463349766882,8.573608829832066,10.610009494846622,12.388798332709927,13.128883473587683,14.717224952807232,15.580492906386315,15.45540862242159
0.0,0.19623934018946576,1.759799144588125,4.767676489683877,8.569618242114835,10.574544553848535,12.321546296446876,13.128883473587683,14.717224952807232,15.580492906386315,15.45540862242159
0.0,0.19623934018946576,1.759799144588125,4.767676489683877,8.569618242114835,10.574544553848535,12.321546296446876,13.128883473587683,14.717224952807232,15.462201378316456,15.45540862242159
0.0,0.19623934018946576,1.759799144588125,4.767676489683877,8.569618242114835,10.574544553848535,12.269906340030582,13.041753556814568,14.717224952807232,15.462201378316456,15.45540862242159
0.0,0.19623934018946576,1.759799144588125,4.767676489683877,8.569618242114835,10.574544553848535,12.269906340030582,13.033909987853098,14.717224952807232,15.462201378316456,15.45540862242159
0.0,0.19623934018946576,1.759799144588125,4.767676489683877,8.569618242114835,10.574544553848535,12.269906340030582,13.041753556814568,14.717224952807232,15.462201378316456,15.45540862242159
0.0,0.19623934018946576,1.759799144588125,4.767676489683877,8.569618242114835,10.574544553848535,12.269906340030582,13.041753556814568,14.717224952807232,15.462201378316456,15.45540862242159
0.0,0.19623934018946576,1.759799144588125,4.767676489683877,8.569618242114835,10.574544553848535,12.269906340030582,13.041753556814568,14.717224952807232,15.462201378316456,15.314199361756145
0.0,0.19623934018946576,1.759799144588125,4.767676489683877,8.569618242114835,10.574544553848535,12.269906340030582,13.033909987853098,14.717224952807232,15.462201378316456,15.314199361756145
0.0,0.19623934018946576,1.759799144588125,4.767676489683877,8.568554919368852,10.492806308881496,12.065122888835223,13.033909987853098,14.558552179749062,15.308507457645337,15.30584289594073
0.0,0.19623934018946576,1.759799144588125,4.767676489683877,8.568554919368852,10.492806308881496,12.065122888835223,12.955011440101766,14.537635995851788,15.308507457645337,15.30584289594073
0.0,0.19623934018946576,1.759799144588125,4.767676489683877,8.448749720095911,10.374877561513216,12.065122888835223,12.955011440101766,14.537635995851788,15.308507457645337,15.30584289594073
0.0,0.19623934018946576,1.759799144588125,4.767676489683877,8.448749720095911,10.374877561513216,12.065122888835223,12.955011440101766,14.537635995851788,15.308507457645337,15.30584289594073
0.0,0.19623934018946576,1.759799144588125,4.767676489683877,8.571632300492507,10.374877561513216,11.95449979421577,12.955011440101766,14.537635995851788,15.308507457645337,15.299100178763315
0.0,0.19623934018946576,1.759799144588125,4.767676489683877,8.571632300492507,10.374877561513216,11.95449979421577,12.955011440101766,14.537635995851788,15.308507457645337,15.299100178763315
0.0,0.19623934018946576,1.759799144588125,4.767676489683877,8.571632300492507,10.374877561513216,11.95449979421577,13.090791499923062,14.378375267863493,15.403405885303737,15.176692966182573
0.0,0.19623934018946576,1.759799144588125,4.767676489683877,8.571632300492507,10.374877561513216,11.95449979421577,13.090791499923062,14.378375267863493,15.403405885303737,15.176692966182573
0.0,0.19623934018946576,1.759799144588125,4.767676489683877,8.571632300492507,10.374877561513216,11.95449979421577,13.090791499923062,14.378375267863493,15.403405885303737,15.176692966182573
0.0,0.19623934018946576,1.759799144588125,4.708768409556884,8.517202685577955,10.35527489394919,11.95449979421577,13.090791499923062,14.378375267863493,15.403405885303737,15.176692966182573
0.0,0.19623934018946576,1.7880960393104106,4.708768409556884,8.45560502438762,10.35527489394919,11.95449979421577,13.090791499923062,14.383566784799735,15.403405885303737,15.176692966182573
0.0,0.19623934018946576,1.7880960393104106,4.708768409556884,8.45560502438762,10.35527489394919,11.95449979421577,13.090791499923062,14.383566784799735,15.403405885303737,15.176692966182573
0.0,0.19623934018946576,1.7880960393104106,4.708768409556884,8.45560502438762,10.35527489394919,11.95449979421577,13.090791499923062,14.383566784799735,15.403405885303737,15.176692966182573
0.0,0.19623934018946576,1.7880960393104106,4.708768409556884,8.393832227686165,10.35527489394919,11.95449979421577,13.090791499923062,14.383566784799735,15.403405885303737,15.176692966182573
0.0,0.19623934018946576,1.7880960393104106,4.708768409556884,8.393832227686165,10.35527489394919,11.95449979421577,13.090791499923062,14.383566784799735,15.403405885303737,15.176692966182573
0.0,0.19623934018946576,1.7880960393104106,4.708768409556884,8.393832227686165,10.35527489394919,11.95449979421577,13.033284503884875,14.256981339311285,15.376847836013106,15.18843955510575
0.0,0.19623934018946576,1.7880960393104106,4.708768409556884,8.393832227686165,10.282406011651512,11.828652419809817,13.093230887399118,14.256981339311285,15.376847836013106,15.18843955510575
0.0,0.19623934018946576,1.7880960393104106,4.708768409556884,8.393832227686165,10.282406011651512,11.828652419809817,13.093230887399118,14.256981339311285,15.376847836013106,15.18843955510575
0.0,0.19623934018946576,1.7880960393104106,4.708768409556884,8.393832227686165,10.26995888068393,11.788246155462774,13.093230887399118,14.256981339311285,15.376847836013106,15.18843955510575
0.0,0.19623934018946576,1.7880960393104106,4.708768409556884,8.393832227686165,10.164289619092772,11.788246155462774,13.093230887399118,14.256981339311285,15.376847836013106,15.18843955510575
0.0,0.19623934018946576,1.7880960393104106,4.708768409556884,8.393832227686165,10.164289619092772,11.788246155462774,13.093781313291156,14.241356749785133,15.376847836013106,15.18843955510575
0.0,0.19623934018946576,1.7880960393104106,4.708768409556884,8.393832227686165,10.164289619092772,11.788246155462774,13.093781313291156,14.241356749785133,15.376847836013106,15.30548011523915
0.0,0.19623934018946576,1.7880960393104106,4.708768409556884,8.393832227686165,10.164289619092772,11.788246155462774,13.072977716508138,14.086474409574398,15.203763912327151,15.19300558807377
0.0,0.19623934018946576,1.7880960393104106,4.708768409556884,8.393832227686165,10.164289619092772,11.788246155462774,13.072977716508138,14.086474409574398,15.203763912327151,15.172189481611397
0.0,0.19623934018946576,1.7880960393104106,4.708768409556884,8.393832227686165,10.164289619092772,11.788246155462774,13.072977716508138,14.086474409574398,15.203763912327151,15.172189481611397
0.0,0.19623934018946576,1.7880960393104106,4.708768409556884,8.393832227686165,10.164289619092772,11.788246155462774,13.072977716508138,14.086474409574398,15.203763912327151,15.172189481611397
0.0,0.19623934018946576,1.7880960393104106,4.708768409556884,8.393832227686165,10.164289619092772,11.788246155462774,13.072977716508138,14.086474409574398,15.203763912327151,15.172189481611397
0.0,0.19623934018946576,1.7880960393104106,4.708768409556884,8.393832227686165,10.164289619092772,11.788246155462774,13.144095243694807,14.191343051686234,15.04026240303434,15.172189481611397
0.0,0.19623934018946576,1.7880960393104106,4.708768409556884,8.393832227686165,10.164289619092772,11.788246155462774,13.144095243694807,14.191343051686234,15.04026240303434,15.172189481611397
0.0,0.19623934018946576,1.7880960393104106,4.708768409556884,8.393832227686165,10.164289619092772,11.788246155462774,13.161433659293879,14.191343051686234,14.99850509331594,15.078154221829124
0.0,0.19623934018946576,1.7880960393104106,4.7411934984694275,8.291653166637671,10.134166311183275,11.853809385011642,13.177270913369204,14.128031564422963,14.99850509331594,14.97263507639035
0.0,0.19623934018946576,1.7880960393104106,4.7411934984694275,8.254074089826997,10.05030142072427,11.945192592768647,13.211897705849896,14.192343826035389,14.899678626337115,15.087774165260356
0.0,0.19623934018946576,1.7880960393104106,4.7411934984694275,8.254074089826997,10.05030142072427,11.945192592768647,13.211897705849896,14.192343826035389,14.899678626337115,15.087774165260356
0.0,0.19623934018946576,1.7880960393104106,4.7411934984694275,8.254074089826997,10.05030142072427,11.90906463876423,13.211897705849896,14.192343826035389,14.90663400806372,15.083746048505015
0.0,0.19623934018946576,1.764677919540237,4.7411934984694275,8.254074089826997,10.05030142072427,11.90906463876423,13.211897705849896,14.192343826035389,14.90663400806372,15.083746048505015
0.0,0.19623934018946576,1.764677919540237,4.7411934984694275,8.254074089826997,10.072593669351654,12.087903014957819,13.211897705849896,14.192343826035389,14.90663400806372,15.083746048505015
0.0,0.19623934018946576,1.764677919540237,4.7411934984694275,8.254074089826997,10.072593669351654,11.987625425172718,13.334580131376638,14.105889431947963,14.82723507313784,15.089287836463457
0.0,0.19623934018946576,1.764677919540237,4.7411934984694275,8.389166117283246,10.072593669351654,11.987625425172718,13.334580131376638,14.105889431947963,14.82723507313784,15.089287836463457
0.0,0.19623934018946576,1.764677919540237,4.7411934984694275,8.389166117283246,10.072593669351654,11.987625425172718,13.334580131376638,14.105889431947963,14.82723507313784,15.089287836463457
0.0,0.19623934018946576,1.764677919540237,4.7411934984694275,8.389166117283246,10.072593669351654,11.987625425172718,13.334580131376638,14.105889431947963,14.82723507313784,15.089287836463457
0.0,0.19623934018946576,1.764677919540237,4.7411934984694275,8.389166117283246,10.072593669351654,12.03179710300844,13.401131625595303,13.880264854931495,14.724980954013162,14.938020793589036
0.0,0.19623934018946576,1.764677919540237,4.7411934984694275,8.389166117283246,10.072593669351654,11.880555079492753,13.298902525829359,13.880264854931495,14.724980954013162,14.938020793589036
0.0,0.19623934018946576,1.764677919540237,4.7411934984694275,8.389166117283246,10.072593669351654,11.880555079492753,13.298902525829359,13.880264854931495,14.724980954013162,14.938020793589036
0.0,0.19623934018946576,1.764677919540237,4.7411934984694275,8.389166117283246,10.072593669351654,11.880555079492753,13.298902525829359,13.880264854931495,14.724980954013162,14.938020793589036
0.0,0.19623934018946576,1.764677919540237,4.7411934984694275,8.389166117283246,10.072593669351654,11.880555079492753,13.298902525829359,13.880264854931495,14.724980954013162,14.938020793589036
0.0,0.19623934018946576,1.764677919540237,4.7411934984694275,8.389166117283246,10.072593669351654,11.880555079492753,13.298902525829359,13.880264854931495,14.724980954013162,14.938020793589036
0.0,0.19623934018946576,1.764677919540237,4.7411934984694275,8.389166117283246,10.072593669351654,11.880555079492753,13.298902525829359,13.950106394822988,14.598545624677078,14.880576345947677
0.0,0.19623934018946576,1.764677919540237,4.7411934984694275,8.389166117283246,10.072593669351654,11.880555079492753,13.298902525829359,13.950106394822988,14.598545624677078,14.880576345947677
0.0,0.19623934018946576,1.764677919540237,4.7411934984694275,8.389166117283246,10.072593669351654,11.880555079492753,13.298902525829359,13.950106394822988,14.659017414724643,14.880576345947677
0.0,0.19623934018946576,1.6609226388918323,4.7411934984694275,8.389166117283246,10.072593669351654,11.880555079492753,13.298902525829359,13.814301315642977,14.438309141698378,14.828073221655252
0.0,0.19623934018946576,1.6609226388918323,4.7411934984694275,8.389166117283246,10.072593669351654,11.880555079492753,13.298902525829359,13.814301315642977,14.438309141698378,14.828073221655252
0.0,0.19623934018946576,1.6609226388918323,4.7411934984694275,8.389166117283246,10.072593669351654,11.880555079492753,13.298902525829359,13.814301315642977,14.438309141698378,14.828073221655252
0.0,0.19623934018946576,1.6609226388918323,4.7411934984694275,8.389166117283246,10.072593669351654,11.880555079492753,13.298902525829359,13.719828217082961,14.325471833831418,14.828073221655252
0.0,0.19623934018946576,1.6609226388918323,4.7411934984694275,8.389166117283246,10.072593669351654,11.880555079492753,13.298902525829359,13.719828217082961,14.325471833831418,14.828073221655252
0.0,0.19623934018946576,1.6609226388918323,4.7411934984694275,8.365923133024173,10.011133614634312,11.820070779765832,13.298201983784939,13.69684793609055,14.42553675906733,14.973598321701417
0.0,0.19623934018946576,1.6609226388918323,4.7411934984694275,8.365923133024173,10.011133614634312,11.820070779765832,13.327762356123039,13.694446077652566,14.26452467596802,14.973598321701417
0.0,0.19623934018946576,1.6609226388918323,4.7411934984694275,8.365923133024173,10.011133614634312,11.820070779765832,13.327762356123039,13.694446077652566,14.26452467596802,14.986658426957844
0.0,0.19623934018946576,1.6609226388918323,4.7411934984694275,8.365923133024173,10.011133614634312,11.820070779765832,13.327762356123039,13.694446077652566,14.26452467596802,14.986658426957844
0.0,0.19623934018946576,1.6609226388918323,4.7411934984694275,8.365923133024173,10.011133614634312,11.820070779765832,13.327762356123039,13.694446077652566,14.26452467596802,14.986658426957844
0.0,0.19623934018946576,1.6609226388918323,4.7411934984694275,8.365923133024173,10.011133614634312,11.820070779765832,13.327762356123039,13.694446077652566,14.26452467596802,14.986658426957844
0.0,0.19623934018946576,1.6609226388918323,4.744521073180364,8.368575185049423,10.016725441310205,11.685166397500058,13.28985802764888,13.623903995716669,14.207380460631413,14.99186245357344
0.0,0.19623934018946576,1.6609226388918323,4.744521073180364,8.368575185049423,10.016725441310205,11.685166397500058,13.28985802764888,13.623903995716669,14.207380460631413,14.99186245357344
0.0,0.19623934018946576,1.6609226388918323,4.657616330635819,8.368575185049423,10.016725441310205,11.685166397500058,13.28985802764888,13.623903995716669,14.207380460631413,14.99186245357344
0.0,0.19623934018946576,1.6609226388918323,4.657616330635819,8.368575185049423,10.016725441310205,11.685166397500058,13.28985802764888,13.623903995716669,14.207380460631413,14.99186245357344
0.0,0.19623934018946576,1.6609226388918323,4.579168131341625,8.368575185049423,10.016725441310205,11.685166397500058,13.225082907899974,13.686952779713298,14.207380460631413,14.84255943035924
0.0,0.19623934018946576,1.6609226388918323,4.579168131341625,8.368575185049423,10.016725441310205,11.685166397500058,13.225082907899974,13.686952779713298,14.207380460631413,14.84255943035924
0.0,0.19623934018946576,1.6609226388918323,4.455359834672076,8.368575185049423,10.016725441310205,11.685166397500058,13.225082907899974,13.686952779713298,14.207380460631413,14.84255943035924
0.0,0.19623934018946576,1.6609226388918323,4.460463783852756,8.368575185049423,10.016725441310205,11.685166397500058,13.225082907899974,13.686952779713298,14.207380460631413,14.84255943035924
0.0,0.19623934018946576,1.6609226388918323,4.293997480550567,8.395370918247982,10.022204680871821,11.726585945875614,13.071951922800269,13.686952779713298,14.090289861780544,14.725668986378206
0.0,0.19623934018946576,1.6609226388918323,4.293997480550567,8.395370918247982,10.022204680871821,11.726585945875614,13.157017742478244,13.511704681497308,13.981455651310192,14.875497416125711
0.0,0.19623934018946576,1.6609226388918323,4.293997480550567,8.395370918247982,10.022204680871821,11.726585945875614,13.157017742478244,13.511704681497308,13.981455651310192,14.875497416125711
0.0,0.19623934018946576,1.5272316955244076,4.1971725622700555,8.388002717102347,9.937676777406505,11.871985949128124,12.96373068661876,13.489737684533393,13.933243347039772,14.88880771496944
0.0,0.19623934018946576,1.5272316955244076,4.1971725622700555,8.49360943029668,9.82872997982188,11.871985949128124,12.96373068661876,13.489737684533393,13.933243347039772,14.88880771496944
0.0,0.19623934018946576,1.5272316955244076,4.1971725622700555,8.461809825352356,9.763942350393616,11.871985949128124,12.96373068661876,13.489737684533393,13.933243347039772,14.88880771496944
0.0,0.19623934018946576,1.5272316955244076,4.1971725622700555,8.461809825352356,9.763942350393616,11.871985949128124,12.96373068661876,13.489737684533393,13.933243347039772,14.88880771496944
0.0,0.19623934018946576,1.5272316955244076,4.151950071367709,8.345619923415725,9.763942350393616,11.871985949128124,12.96373068661876,13.5632695798374,13.933243347039772,14.88880771496944
0.0,0.19623934018946576,1.5272316955244076,4.1023366830084615,8.345619923415725,9.763942350393616,11.871985949128124,12.96373068661876,13.5632695798374,13.933243347039772,14.88880771496944
0.0,0.19623934018946576,1.4865126891932552,4.122402208708983,8.345619923415725,9.763942350393616,11.897318049841052,12.96373068661876,13.604826734685945,14.006925358496131,14.908873240669962
0.0,0.19623934018946576,1.4865126891932552,4.122402208708983,8.345619923415725,9.763942350393616,11.897318049841052,12.96373068661876,13.604826734685945,14.006925358496131,14.908873240669962
0.0,0.19623934018946576,1.4865126891932552,4.122402208708983,8.345619923415725,9.763942350393616,11.897318049841052,12.96373068661876,13.604826734685945,14.006925358496131,14.908873240669962
0.0,0.19623934018946576,1.3920521003126154,4.065921006378686,8.388240401010274,9.846931563297098,11.864217438242838,12.970385836040634,13.604826734685945,14.089914571399609,14.908873240669962
0.0,0.19623934018946576,1.3920521003126154,4.065921006378686,8.421866419141809,9.846931563297098,11.864217438242838,12.970385836040634,13.660132027156004,14.00607470029934,14.982355097256503
0.0,0.20244414115420206,1.4507350062110405,4.115259181791897,8.574196784762195,9.786910121706672,11.864217438242838,12.970385836040634,13.660132027156004,14.00607470029934,14.982355097256503
0.0,0.20244414115420206,1.508642311988896,4.115259181791897,8.574196784762195,9.786910121706672,11.864217438242838,12.970385836040634,13.660132027156004,14.00607470029934,14.982355097256503
0.0,0.19949850169719577,1.4627638448369962,4.03671733146361,8.535403541010847,9.816582218388811,11.86092897900876,12.939281677798913,13.656790773632126,14.002723277139417,14.978974974496653
0.0,0.19170279387496034,1.454869852615494,4.028623080861279,8.526959284232857,9.808038283520748,11.852225990150693,12.93049479109011,13.680119509668137,13.993853652691222,15.126946500711044
0.0,0.21360489436270963,1.454869852615494,4.028623080861279,8.444541842705899,9.808038283520748,11.79612609255645,13.031349523376026,13.820275441115943,13.993853652691222,15.126946500711044
0.0,0.21360489436270963,1.454869852615494,4.05444029125916,8.444541842705899,9.808038283520748,11.79612609255645,13.031349523376026,13.820275441115943,14.076934036151862,15.126946500711044
0.0,0.21360489436270963,1.353990103652849,4.071889423286795,8.444541842705899,9.808038283520748,11.79612609255645,13.031349523376026,13.820275441115943,14.076934036151862,15.126946500711044
0.0,0.21360489436270963,1.353990103652849,4.071889423286795,8.491035336431151,9.82926493373645,11.951842396937867,12.959876877923755,13.820275441115943,14.076934036151862,15.126946500711044
0.0,0.21834555460533586,1.3622330986393776,4.068762338694028,8.420788508139237,9.961265428566314,11.951842396937867,13.007070838597782,13.820275441115943,14.076934036151862,15.179731688636942
0.0,0.21834555460533586,1.3622330986393776,3.9637423297305623,8.420788508139237,9.961265428566314,11.951842396937867,13.007070838597782,13.715155365445488,14.076934036151862,15.199857605075984
0.0,0.21834555460533586,1.3622330986393776,3.9637423297305623,8.420788508139237,9.961265428566314,11.951842396937867,13.007070838597782,13.715155365445488,14.076934036151862,15.199857605075984
0.0,0.21834555460533586,1.3622330986393776,3.9637423297305623,8.420788508139237,9.961265428566314,11.951842396937867,12.900462270661187,13.715155365445488,14.23023623122765,15.199857605075984
0.0,0.21834555460533586,1.3622330986393776,3.9637423297305623,8.420788508139237,9.961265428566314,11.951842396937867,12.900462270661187,13.597589493095844,14.1880205892253,15.104981858531453
0.0,0.21834555460533586,1.3622330986393776,3.9637423297305623,8.420788508139237,9.961265428566314,11.951842396937867,12.900462270661187,13.51243272546562,13.997781270939736,14.915968357406264
0.0,0.21834555460533586,1.3622330986393776,3.9637423297305623,8.420788508139237,9.961265428566314,11.951842396937867,12.900462270661187,13.51243272546562,13.997781270939736,14.915968357406264
0.0,0.21834555460533586,1.3622330986393776,3.9637423297305623,8.420788508139237,9.961265428566314,11.951842396937867,12.900462270661187,13.51243272546562,13.997781270939736,14.915968357406264
0.0,0.21834555460533586,1.3622330986393776,3.9637423297305623,8.420788508139237,9.961265428566314,11.951842396937867,12.900462270661187,13.51243272546562,13.997781270939736,14.915968357406264
0.0,0.21834555460533586,1.3622330986393776,3.9637423297305623,8.420788508139237,9.961265428566314,11.951842396937867,12.900462270661187,13.51243272546562,13.997781270939736,14.915968357406264
0.0,0.21834555460533586,1.3622330986393776,3.9637423297305623,8.420788508139237,9.961265428566314,11.951842396937867,12.900462270661187,13.51243272546562,13.997781270939736,14.997122456757733
0.0,0.21834555460533586,1.3622330986393776,3.9932995333013803,8.238592051426277,9.882487913505342,11.951842396937867,13.013174907722869,13.51243272546562,13.997781270939736,14.997122456757733
0.0,0.21834555460533586,1.3622330986393776,3.9932995333013803,8.238592051426277,9.882487913505342,11.951842396937867,13.013174907722869,13.51243272546562,13.997781270939736,14.997122456757733
0.0,0.21834555460533586,1.3622330986393776,3.9932995333013803,8.259843718318725,9.806487249562748,11.933892931375379,13.027296821743795,13.498898703348116,13.932012427784683,14.937345107682415
0.0,0.21834555460533586,1.3622330986393776,3.9932995333013803,8.109293357684567,9.704606833530397,11.86793646314475,12.963754462818772,13.498898703348116,13.932012427784683,14.937345107682415
0.0,0.21834555460533586,1.3622330986393776,3.9932995333013803,8.109293357684567,9.704606833530397,11.86793646314475,12.963754462818772,13.498898703348116,13.932012427784683,14.937345107682415
0.0,0.21834555460533586,1.3622330986393776,3.9932995333013803,8.109293357684567,9.704606833530397,11.86793646314475,12.963754462818772,13.498898703348116,13.932012427784683,14.937345107682415
0.0,0.21834555460533586,1.3622330986393776,3.9750373592796344,8.109293357684567,9.790939384967503,11.715772526860713,12.904840189091061,13.40140871408402,13.780323808358752,14.937345107682415
0.0,0.21834555460533586,1.3622330986393776,3.9750373592796344,8.109293357684567,9.790939384967503,11.715772526860713,12.904840189091061,13.40140871408402,13.780323808358752,14.937345107682415
0.0,0.21834555460533586,1.3622330986393776,3.9750373592796344,7.977593062975615,9.72089269008953,11.715772526860713,12.904840189091061,13.40140871408402,13.780323808358752,14.937345107682415
0.0,0.21834555460533586,1.3622330986393776,3.9750373592796344,7.977593062975615,9.72089269008953,11.715772526860713,12.952484449946446,13.25208417061024,13.721734751428679,14.937345107682415
0.0,0.21834555460533586,1.3622330986393776,3.9750373592796344,7.977593062975615,9.72089269008953,11.715772526860713,12.981403728260348,13.193907888846399,13.508367515495024,14.86448403667095
0.0,0.21834555460533586,1.3622330986393776,3.9750373592796344,7.977593062975615,9.72089269008953,11.715772526860713,12.981403728260348,13.193907888846399,13.508367515495024,14.86448403667095
0.0,0.21834555460533586,1.3622330986393776,3.9750373592796344,7.977593062975615,9.72089269008953,11.715772526860713,12.981403728260348,13.193907888846399,13.508367515495024,14.86448403667095
0.0,0.21834555460533586,1.3622330986393776,3.9750373592796344,7.84606788500384,9.605615843661775,11.715772526860713,12.963929579555966,13.246117693207237,13.508367515495024,14.805269562822327
0.0,0.21834555460533586,1.3622330986393776,3.9979276184986894,7.84606788500384,9.605615843661775,11.715772526860713,12.963929579555966,13.159284808235295,13.508367515495024,14.805269562822327
0.0,0.21834555460533586,1.3622330986393776,3.879698804215363,7.7450255276423645,9.474816149315542,11.747618756353456,12.911594691811429,13.156833173914556,13.49412051809038,14.822956353279013
0.0,0.21834555460533586,1.3622330986393776,3.879698804215363,7.7450255276423645,9.474816149315542,11.747618756353456,12.911594691811429,13.156833173914556,13.49412051809038,14.822956353279013
0.0,0.21834555460533586,1.3622330986393776,3.87370731013563,7.66245798605496,9.549978754587277,11.747618756353456,12.911594691811429,13.156833173914556,13.49412051809038,14.822956353279013
0.0,0.21834555460533586,1.3622330986393776,3.87370731013563,7.66245798605496,9.495855174455665,11.747618756353456,12.911594691811429,13.156833173914556,13.49412051809038,14.822956353279013
0.0,0.21834555460533586,1.3622330986393776,3.87370731013563,7.66245798605496,9.495855174455665,11.747618756353456,12.911594691811429,13.156833173914556,13.49412051809038,14.822956353279013
0.0,0.21834555460533586,1.3622330986393776,3.87370731013563,7.66245798605496,9.495855174455665,11.747618756353456,12.911594691811429,13.156833173914556,13.49412051809038,14.822956353279013
0.0,0.21834555460533586,1.3622330986393776,3.87370731013563,7.66245798605496,9.495855174455665,11.747618756353456,12.911594691811429,13.156833173914556,13.49412051809038,14.822956353279013
0.0,0.21834555460533586,1.3622330986393776,3.87370731013563,7.66245798605496,9.495855174455665,11.747618756353456,12.911594691811429,13.156833173914556,13.49412051809038,14.777951351819901
0.0,0.21834555460533586,1.3622330986393776,3.87370731013563,7.66245798605496,9.495855174455665,11.747618756353456,12.911594691811429,13.156833173914556,13.49412051809038,14.777951351819901
0.0,0.21834555460533586,1.3622330986393776,3.87370731013563,7.66245798605496,9.495855174455665,11.747618756353456,12.911594691811429,13.156833173914556,13.49412051809038,14.777951351819901
0.0,0.21834555460533586,1.3622330986393776,3.87370731013563,7.66245798605496,9.410160548275496,11.581382939401989,12.883713605582328,13.282642041250748,13.435431394453337,14.857704517273834
0.0,0.21834555460533586,1.3622330986393776,3.87370731013563,7.66245798605496,9.410160548275496,11.581382939401989,12.883713605582328,13.282642041250748,13.435431394453337,14.857704517273834
0.0,0.21834555460533586,1.3622330986393776,3.87370731013563,7.66245798605496,9.240947746791708,11.581382939401989,12.700078689956703,13.368724425920437,13.283842841734378,14.877430166884995
0.0,0.21834555460533586,1.3622330986393776,3.87370731013563,7.66245798605496,9.240947746791708,11.581382939401989,12.700078689956703,13.368724425920437,13.283842841734378,14.877430166884995
0.0,0.21834555460533586,1.3622330986393776,3.87370731013563,7.71819514183643,9.142344515412587,11.63650718660327,12.685694100829975,13.388775292329255,13.283842841734378,14.877430166884995
0.0,0.21834555460533586,1.3622330986393776,3.87370731013563,7.71819514183643,9.142344515412587,11.63650718660327,12.685694100829975,13.388775292329255,13.283842841734378,14.870500547427431
0.0,0.21834555460533586,1.3622330986393776,3.87370731013563,7.71819514183643,9.142344515412587,11.63650718660327,12.728172417938108,13.24851929417448,13.401121022301494,14.877192508455957
0.0,0.21834555460533586,1.3622330986393776,3.87370731013563,7.71819514183643,9.142344515412587,11.63650718660327,12.728172417938108,13.24851929417448,13.401121022301494,14.877192508455957
0.0,0.21834555460533586,1.3622330986393776,3.87370731013563,7.71819514183643,9.142344515412587,11.63650718660327,12.728172417938108,13.24851929417448,13.401121022301494,14.877192508455957
0.0,0.21834555460533586,1.3622330986393776,3.87370731013563,7.71819514183643,8.902322010410192,11.31375453161464,12.50432319444951,13.11708167457131,13.146513794758427,14.676033410772456
0.0,0.21834555460533586,1.3622330986393776,3.87370731013563,7.71819514183643,8.902322010410192,11.31375453161464,12.50432319444951,13.11708167457131,13.146513794758427,14.676033410772456
0.0,0.21834555460533586,1.3622330986393776,3.87370731013563,7.71819514183643,8.902322010410192,11.31375453161464,12.50432319444951,13.073039815166792,12.85744609500309,14.403851967818056
0.0,0.21834555460533586,1.3622330986393776,3.87370731013563,7.71819514183643,8.902322010410192,11.31375453161464,12.50432319444951,13.073039815166792,12.85744609500309,14.403851967818056
0.0,0.21834555460533586,1.3622330986393776,3.87370731013563,7.71819514183643,8.902322010410192,11.31375453161464,12.50432319444951,13.073039815166792,12.85744609500309,14.403851967818056
0.0,0.21834555460533586,1.3622330986393776,3.87370731013563,7.71819514183643,8.902322010410192,11.238129117823163,12.637912248252487,13.127838845570434,12.766760641812855,14.456712205774178
0.0,0.21834555460533586,1.3622330986393776,3.87370731013563,7.71819514183643,8.902322010410192,11.238129117823163,12.637912248252487,13.127838845570434,12.766760641812855,14.456712205774178
0.0,0.21834555460533586,1.3622330986393776,3.87370731013563,7.71819514183643,8.902322010410192,11.238129117823163,12.637912248252487,13.127838845570434,12.766760641812855,14.456712205774178
0.0,0.21834555460533586,1.3622330986393776,3.87370731013563,7.71819514183643,8.902322010410192,11.238129117823163,12.453126565496724,13.127838845570434,12.766760641812855,14.456712205774178
0.0,0.21834555460533586,1.3622330986393776,3.87370731013563,7.71819514183643,8.902322010410192,11.238129117823163,12.453126565496724,13.127838845570434,12.766760641812855,14.456712205774178
0.0,0.21834555460533586,1.3622330986393776,3.87370731013563,7.71819514183643,8.902322010410192,11.023260881284981,12.33215842511015,13.036002625250065,12.557883899354408,14.321634659705024
0.0,0.21834555460533586,1.3622330986393776,3.87370731013563,7.71819514183643,8.902322010410192,11.023260881284981,12.20975182581089,12.941827345654294,12.304740147400755,14.179127160643471
0.0,0.21834555460533586,1.3622330986393776,3.87370731013563,7.71819514183643,8.902322010410192,11.023260881284981,12.20975182581089,12.941827345654294,12.304740147400755,14.005486407376317
0.0,0.21834555460533586,1.3622330986393776,3.87370731013563,7.71819514183643,8.902322010410192,11.023260881284981,12.20975182581089,12.941827345654294,12.304740147400755,14.005486407376317
0.0,0.21834555460533586,1.3622330986393776,3.87370731013563,7.71819514183643,8.902322010410192,11.023260881284981,12.20975182581089,12.941827345654294,12.304740147400755,14.005486407376317
0.0,0.21834555460533586,1.3622330986393776,3.87370731013563,7.71819514183643,8.902322010410192,11.023260881284981,12.20975182581089,12.941827345654294,12.304740147400755,14.005486407376317
0.0,0.21834555460533586,1.3622330986393776,3.87370731013563,7.71819514183643,8.697560511275833,11.023260881284981,11.975433123105699,12.815117877955387,12.304740147400755,14.005486407376317
0.0,0.21834555460533586,1.3622330986393776,3.87370731013563,7.71819514183643,8.697560511275833,11.023260881284981,11.975433123105699,12.815117877955387,12.304740147400755,14.005486407376317
0.0,0.21834555460533586,1.3622330986393776,3.87370731013563,7.71819514183643,8.566573191854022,10.728251720803387,11.948052370411434,12.815117877955387,12.168774509307266,14.005486407376317
0.0,0.21834555460533586,1.3622330986393776,3.87370731013563,7.71819514183643,8.566573191854022,10.728251720803387,11.948052370411434,12.815117877955387,12.168774509307266,14.005486407376317
0.0,0.21834555460533586,1.3622330986393776,3.87370731013563,7.71819514183643,8.566573191854022,10.728251720803387,11.948052370411434,12.648656910913248,12.180144588886561,14.057496078323211
0.0,0.21834555460533586,1.3622330986393776,3.87370731013563,7.71819514183643,8.35797163283974,10.728251720803387,11.953868747753974,12.681378724091944,11.974344897667404,14.057496078323211
0.0,0.21834555460533586,1.3622330986393776,3.87370731013563,7.745613419545807,8.144867072011884,10.530469874480069,11.825545704405204,12.681378724091944,11.974344897667404,14.057496078323211
0.0,0.21834555460533586,1.3622330986393776,3.87370731013563,7.745613419545807,8.144867072011884,10.530469874480069,11.59788143771341,12.581512150537352,11.974344897667404,14.057496078323211
0.0,0.21834555460533586,1.3622330986393776,3.87370731013563,7.745613419545807,8.144867072011884,10.530469874480069,11.59788143771341,12.581512150537352,11.974344897667404,14.057496078323211
0.0,0.21834555460533586,1.3622330986393776,3.87370731013563,7.745613419545807,8.144867072011884,10.530469874480069,11.59788143771341,12.581512150537352,11.974344897667404,14.057496078323211
0.0,0.21834555460533586,1.3622330986393776,3.87370731013563,7.745613419545807,8.144867072011884,10.530469874480069,11.59788143771341,12.581512150537352,11.974344897667404,14.057496078323211
0.0,0.21834555460533586,1.3622330986393776,3.87370731013563,7.493895618166454,8.144867072011884,10.311273752865509,11.390243020753704,12.581512150537352,11.68887959936292,13.787616169629086
0.0,0.21834555460533586,1.3622330986393776,3.87370731013563,7.493895618166454,8.144867072011884,10.311273752865509,11.390243020753704,12.581512150537352,11.68887959936292,13.64829829685214
0.0,0.21834555460533586,1.3622330986393776,3.87370731013563,7.493895618166454,8.141302195576122,10.311273752865509,11.390243020753704,12.581512150537352,11.68887959936292,13.64829829685214
0.0,0.21834555460533586,1.3622330986393776,3.87370731013563,7.493895618166454,8.141302195576122,10.311273752865509,11.390243020753704,12.523310852096781,11.560881772811811,13.378706079940542
0.0,0.21834555460533586,1.3622330986393776,3.87370731013563,7.493895618166454,8.141302195576122,10.20251375072909,11.237391125859274,12.41322496609303,11.436924139554534,13.234134705047754
0.0,0.21834555460533586,1.3622330986393776,3.87370731013563,7.493895618166454,8.141302195576122,10.20251375072909,11.237391125859274,12.221884914030824,11.436924139554534,13.234134705047754
0.0,0.21834555460533586,1.3622330986393776,3.87370731013563,7.493895618166454,8.141302195576122,10.20251375072909,11.237391125859274,12.122393590627349,11.475775038535064,13.053977107489281
0.0,0.21834555460533586,1.3622330986393776,3.7401682896861113,7.493895618166454,8.141302195576122,10.20251375072909,11.248398463625817,12.052697129223763,11.396822406736897,12.888166574042426
0.0,0.21834555460533586,1.3622330986393776,3.7401682896861113,7.493895618166454,8.141302195576122,10.20251375072909,11.248398463625817,12.052697129223763,11.303622777534068,12.836594694938523
0.0,0.21834555460533586,1.3622330986393776,3.7401682896861113,7.493895618166454,8.141302195576122,10.20251375072909,11.248398463625817,12.052697129223763,11.303622777534068,12.836594694938523
0.0,0.21834555460533586,1.3622330986393776,3.7401682896861113,7.493895618166454,8.141302195576122,10.20251375072909,11.263283386287378,11.915868415782667,11.465017867535957,12.84024712974287
0.0,0.21834555460533586,1.3622330986393776,3.7401682896861113,7.493895618166454,8.141302195576122,10.20251375072909,11.263283386287378,11.915868415782667,11.465017867535957,12.84024712974287
0.0,0.21834555460533586,1.3622330986393776,3.7401682896861113,7.493895618166454,8.141302195576122,10.20251375072909,11.263283386287378,11.915868415782667,11.465017867535957,12.750224618486305
0.0,0.21834555460533586,1.3622330986393776,3.7401682896861113,7.493895618166454,8.141302195576122,10.20251375072909,11.164892796660581,11.878180792270655,11.465017867535957,12.750224618486305
0.0,0.21834555460533586,1.3622330986393776,3.7401682896861113,7.493895618166454,8.061849230243121,10.015176366945619,11.164892796660581,11.683813722322652,11.465017867535957,12.578597707696893
0.0,0.21834555460533586,1.3622330986393776,3.555044881794325,7.268370277336138,8.061849230243121,10.015176366945619,11.164892796660581,11.502180140836387,11.284259869735662,12.51605601584156
0.0,0.21834555460533586,1.3622330986393776,3.555044881794325,7.268370277336138,8.061849230243121,10.015176366945619,11.164892796660581,11.502180140836387,11.284259869735662,12.331620566560185
0.0,0.21834555460533586,1.3622330986393776,3.555044881794325,7.1431117768882775,8.061849230243121,10.015176366945619,11.173923816964495,11.551888277523013,11.284259869735662,12.202784681338198
0.0,0.21834555460533586,1.3622330986393776,3.4751040912648343,7.260827749298386,8.061849230243121,10.015176366945619,11.173923816964495,11.493174137209222,11.351904963646392,12.186498824779065
0.0,0.21834555460533586,1.3622330986393776,3.4751040912648343,7.260827749298386,8.061849230243121,10.054014757587785,11.05687078648805,11.493174137209222,11.351904963646392,12.059501665297628
0.0,0.21834555460533586,1.3622330986393776,3.4751040912648343,7.260827749298386,7.999620246847064,10.054014757587785,10.850583270072422,11.324799394396292,11.277455333661798,12.034347396833411
0.0,0.21834555460533586,1.3622330986393776,3.4751040912648343,7.260827749298386,7.999620246847064,10.054014757587785,10.850583270072422,11.324799394396292,11.321922476570945,12.034347396833411
0.0,0.21834555460533586,1.3622330986393776,3.4751040912648343,7.260827749298386,7.999620246847064,10.054014757587785,10.850583270072422,11.324799394396292,11.064713514646696,12.083630250015425
0.0,0.21834555460533586,1.3622330986393776,3.4751040912648343,7.260827749298386,7.999620246847064,10.054014757587785,10.850583270072422,11.324799394396292,11.064713514646696,12.083630250015425
0.0,0.21834555460533586,1.3622330986393776,3.4751040912648343,7.260827749298386,7.999620246847064,10.054014757587785,10.850583270072422,11.324799394396292,11.064713514646696,12.083630250015425
0.0,0.21834555460533586,1.3622330986393776,3.4751040912648343,7.260827749298386,7.999620246847064,10.054014757587785,10.850583270072422,11.324799394396292,11.064713514646696,12.083630250015425
0.0,0.21834555460533586,1.3622330986393776,3.4751040912648343,7.260827749298386,7.952163611067234,9.767661367258947,10.850583270072422,11.167056739198772,10.917040071837885,12.083630250015425
0.0,0.21834555460533586,1.3622330986393776,3.4751040912648343,7.260827749298386,7.952163611067234,9.767661367258947,10.850583270072422,11.167056739198772,10.917040071837885,12.083630250015425
0.0,0.21834555460533586,1.3622330986393776,3.4751040912648343,7.260827749298386,7.952163611067234,9.767661367258947,10.850583270072422,11.167056739198772,10.653139148885128,11.794975325426316
0.0,0.21834555460533586,1.3622330986393776,3.4751040912648343,7.260827749298386,7.952163611067234,9.767661367258947,10.786565594289293,11.167056739198772,10.653139148885128,11.794975325426316
0.0,0.21834555460533586,1.3622330986393776,3.4751040912648343,7.03377639118678,7.952163611067234,9.767661367258947,10.786565594289293,11.167056739198772,10.47635880268684,11.663312555732475
0.0,0.21834555460533586,1.3622330986393776,3.4751040912648343,7.03377639118678,7.952163611067234,9.767661367258947,10.717432008112402,11.045137965095984,10.380995230945823,11.531524702654917
0.0,0.21834555460533586,1.3622330986393776,3.3785647357169513,6.995450842417833,7.813833897021613,9.619587657622272,10.583993054369873,11.045137965095984,10.380995230945823,11.351654796878975
0.0,0.21834555460533586,1.3622330986393776,3.3785647357169513,6.995450842417833,7.813833897021613,9.619587657622272,10.583993054369873,11.045137965095984,10.380995230945823,11.351654796878975
0.0,0.21834555460533586,1.3622330986393776,3.3785647357169513,6.995450842417833,7.813833897021613,9.619587657622272,10.542177679195389,10.876137805364502,10.380995230945823,11.240805902234587
0.0,0.21834555460533586,1.3622330986393776,3.3043277474846637,6.995450842417833,7.813833897021613,9.578697899487253,10.542177679195389,10.726237878325644,10.380995230945823,11.240805902234587
0.0,0.21834555460533586,1.3622330986393776,3.3043277474846637,6.995450842417833,7.813833897021613,9.578697899487253,10.542177679195389,10.726237878325644,10.380995230945823,11.240805902234587
0.0,0.21834555460533586,1.3622330986393776,3.3043277474846637,6.995450842417833,7.813833897021613,9.510014613491723,10.415580786541835,10.726237878325644,10.380995230945823,11.240805902234587
0.0,0.21834555460533586,1.3622330986393776,3.3043277474846637,6.892995042820421,7.620805219279305,9.341102012128847,10.415580786541835,10.726237878325644,10.380995230945823,11.138912977863871
0.0,0.21834555460533586,1.3622330986393776,3.3043277474846637,6.700841948764102,7.620805219279305,9.33134550819941,10.415580786541835,10.726237878325644,10.380995230945823,11.138912977863871
0.0,0.21834555460533586,1.3622330986393776,3.3043277474846637,6.700841948764102,7.620805219279305,9.33134550819941,10.415580786541835,10.726237878325644,10.380995230945823,11.138912977863871
0.0,0.21834555460533586,1.3622330986393776,3.3043277474846637,6.700841948764102,7.620805219279305,9.33134550819941,10.415580786541835,10.726237878325644,10.380995230945823,11.138912977863871
0.0,0.21834555460533586,1.3622330986393776,3.3043277474846637,6.700841948764102,7.5708844408403735,9.20459851548539,10.391577285207754,10.724361627569984,10.215347305897797,11.164192329711806
0.0,0.21834555460533586,1.3622330986393776,3.3043277474846637,6.700841948764102,7.5708844408403735,9.20459851548539,10.391577285207754,10.724361627569984,10.215347305897797,11.164192329711806
0.0,0.21834555460533586,1.3622330986393776,3.3043277474846637,6.700841948764102,7.5708844408403735,9.20459851548539,10.391577285207754,10.724361627569984,10.215347305897797,11.006262049438705
0.0,0.21834555460533586,1.3622330986393776,3.3043277474846637,6.443683020193331,7.5708844408403735,9.20459851548539,10.391577285207754,10.724361627569984,10.053089140548318,10.85225938741414
0.0,0.21834555460533586,1.3622330986393776,3.3043277474846637,6.443683020193331,7.5708844408403735,9.20459851548539,10.391577285207754,10.724361627569984,10.053089140548318,10.85225938741414
0.0,0.21834555460533586,1.3622330986393776,3.3043277474846637,6.443683020193331,7.5708844408403735,9.20459851548539,10.391577285207754,10.724361627569984,10.053089140548318,10.85225938741414
0.0,0.21834555460533586,1.3622330986393776,3.3043277474846637,6.344379321865433,7.5708844408403735,9.060052157269348,10.260164682281331,10.654902824595453,9.76796156737986,10.626709029907058
0.0,0.21834555460533586,1.3622330986393776,3.3043277474846637,6.344379321865433,7.5708844408403735,8.889763638685649,10.260164682281331,10.654902824595453,9.76796156737986,10.626709029907058
0.0,0.21834555460533586,1.3622330986393776,3.3043277474846637,6.344379321865433,7.5708844408403735,8.889763638685649,10.260164682281331,10.654902824595453,9.76796156737986,10.626709029907058
0.0,0.21834555460533586,1.3622330986393776,3.3043277474846637,6.344379321865433,7.5708844408403735,8.889763638685649,10.260164682281331,10.384660174088554,9.76796156737986,10.626709029907058
0.0,0.21834555460533586,1.3622330986393776,3.3043277474846637,6.344379321865433,7.5708844408403735,8.889763638685649,10.260164682281331,10.384660174088554,9.76796156737986,10.626709029907058
0.0,0.21834555460533586,1.3622330986393776,3.3043277474846637,6.24777742462569,7.5708844408403735,8.889763638685649,10.260164682281331,10.384660174088554,9.76796156737986,10.626709029907058
0.0,0.21834555460533586,1.3622330986393776,3.3043277474846637,6.24777742462569,7.5708844408403735,8.889763638685649,10.260164682281331,10.384660174088554,9.490626689016569,10.626709029907058
0.0,0.21834555460533586,1.3622330986393776,3.3043277474846637,6.24777742462569,7.454794552418507,8.788983956429956,10.035027099940494,10.179310783050756,9.490626689016569,10.626709029907058
0.0,0.21834555460533586,1.3622330986393776,3.3043277474846637,6.24777742462569,7.454794552418507,8.788983956429956,9.833130010293106,10.078030767260229,9.41441338332165,10.396455537172463
0.0,0.21834555460533586,1.3622330986393776,3.3043277474846637,6.24777742462569,7.336202996322427,8.788983956429956,9.833130010293106,10.078030767260229,9.41441338332165,10.396455537172463
0.0,0.21834555460533586,1.3622330986393776,3.3043277474846637,6.24777742462569,7.336202996322427,8.788983956429956,9.833130010293106,10.078030767260229,9.41441338332165,10.396455537172463
0.0,0.21834555460533586,1.3622330986393776,3.3043277474846637,6.24777742462569,7.336202996322427,8.788983956429956,9.833130010293106,10.078030767260229,9.41441338332165,10.396455537172463
0.0,0.21834555460533586,1.3622330986393776,3.3043277474846637,6.24777742462569,7.336202996322427,8.788983956429956,9.833130010293106,10.078030767260229,9.41441338332165,10.396455537172463
0.0,0.21834555460533586,1.3622330986393776,3.3043277474846637,6.24777742462569,7.336202996322427,8.788983956429956,9.833130010293106,10.078030767260229,9.41441338332165,10.396455537172463
0.0,0.21834555460533586,1.3622330986393776,3.3043277474846637,6.24777742462569,7.1115282225013345,8.645675923712655,9.588541961785277,9.837282778632309,9.27871042033396,10.176621490300967
0.0,0.21834555460533586,1.3622330986393776,3.3043277474846637,6.24777742462569,7.09591781621423,8.645675923712655,9.588541961785277,9.837282778632309,9.27871042033396,10.176621490300967
0.0,0.21834555460533586,1.3622330986393776,3.3043277474846637,6.093999912691795,6.869241708253759,8.452146912435511,9.474853674330653,9.660615007479356,8.959172408306685,9.905953556289457
0.0,0.21834555460533586,1.3622330986393776,3.3043277474846637,6.093999912691795,6.869241708253759,8.452146912435511,9.474853674330653,9.660615007479356,8.959172408306685,9.905953556289457
0.0,0.21834555460533586,1.3622330986393776,3.3043277474846637,6.093999912691795,6.869241708253759,8.452146912435511,9.474853674330653,9.660615007479356,8.959172408306685,9.905953556289457
0.0,0.21834555460533586,1.3622330986393776,3.3043277474846637,6.093999912691795,6.869241708253759,8.259118234693203,9.474853674330653,9.431512281874914,8.794487625313236,9.721568140361578
0.0,0.21834555460533586,1.3622330986393776,3.3043277474846637,6.093999912691795,6.869241708253759,8.259118234693203,9.474853674330653,9.431512281874914,8.794487625313236,9.721568140361578
0.0,0.21834555460533586,1.3622330986393776,3.3043277474846637,6.093999912691795,6.869241708253759,8.259118234693203,9.474853674330653,9.431512281874914,8.794487625313236,9.721568140361578
0.0,0.21834555460533586,1.3622330986393776,3.3043277474846637,6.093999912691795,6.731349786051133,7.922856574263816,9.163195915477154,9.431512281874914,8.794487625313236,9.721568140361578
0.0,0.21834555460533586,1.3622330986393776,3.3043277474846637,6.093999912691795,6.731349786051133,7.922856574263816,9.163195915477154,9.431512281874914,8.794487625313236,9.721568140361578
0.0,0.21834555460533586,1.3622330986393776,3.3043277474846637,6.093999912691795,6.731349786051133,7.922856574263816,9.163195915477154,9.431512281874914,8.794487625313236,9.721568140361578
0.0,0.21834555460533586,1.3622330986393776,3.3043277474846637,6.093999912691795,6.731349786051133,7.922856574263816,9.163195915477154,9.431512281874914,8.794487625313236,9.721568140361578
0.0,0.21834555460533586,1.3622330986393776,3.3043277474846637,6.093999912691795,6.731349786051133,7.922856574263816,8.858467776081234,9.270467425347432,8.512099378248024,9.555532456824032
0.0,0.21834555460533586,1.3622330986393776,3.3043277474846637,6.093999912691795,6.731349786051133,7.922856574263816,8.858467776081234,9.270467425347432,8.512099378248024,9.555532456824032
0.0,0.21834555460533586,1.3622330986393776,3.3043277474846637,6.093999912691795,6.731349786051133,7.922856574263816,8.858467776081234,9.270467425347432,8.512099378248024,9.555532456824032
0.0,0.21834555460533586,1.3622330986393776,3.3043277474846637,6.093999912691795,6.731349786051133,7.922856574263816,8.858467776081234,9.270467425347432,8.512099378248024,9.555532456824032
0.0,0.21834555460533586,1.3622330986393776,3.3043277474846637,6.093999912691795,6.731349786051133,7.748077562204907,8.72669243134204,8.974357531089158,8.251062864782233,9.391898374253731
0.0,0.21834555460533586,1.3622330986393776,3.3043277474846637,6.093999912691795,6.731349786051133,7.748077562204907,8.59629300382367,8.974357531089158,8.251062864782233,9.391898374253731
0.0,0.21834555460533586,1.3622330986393776,3.3043277474846637,6.093999912691795,6.731349786051133,7.748077562204907,8.59629300382367,8.974357531089158,8.251062864782233,9.391898374253731
0.0,0.21834555460533586,1.3622330986393776,3.3043277474846637,6.093999912691795,6.731349786051133,7.748077562204907,8.59629300382367,8.974357531089158,8.251062864782233,9.391898374253731
0.0,0.21834555460533586,1.3622330986393776,3.3043277474846637,6.093999912691795,6.731349786051133,7.748077562204907,8.59629300382367,8.974357531089158,8.251062864782233,9.391898374253731
0.0,0.21834555460533586,1.3622330986393776,3.3043277474846637,6.093999912691795,6.731349786051133,7.748077562204907,8.59629300382367,8.974357531089158,8.251062864782233,9.391898374253731
0.0,0.21834555460533586,1.3622330986393776,3.3043277474846637,5.922998418820953,6.468837288657546,7.527968331889247,8.59629300382367,8.974357531089158,8.05815927042364,9.207675566724664
0.0,0.21834555460533586,1.3622330986393776,3.3043277474846637,5.922998418820953,6.468837288657546,7.527968331889247,8.59629300382367,8.974357531089158,8.05815927042364,9.207675566724664
0.0,0.21834555460533586,1.3622330986393776,3.3043277474846637,5.68951777478662,6.244337631573647,7.248882286154014,8.59629300382367,8.884159903095396,8.05815927042364,9.207675566724664
0.0,0.21834555460533586,1.3622330986393776,3.3043277474846637,5.68951777478662,6.244337631573647,7.248882286154014,8.59629300382367,8.884159903095396,8.05815927042364,9.207675566724664
0.0,0.21834555460533586,1.3622330986393776,3.3043277474846637,5.615818645104297,6.244337631573647,7.248882286154014,8.59629300382367,8.884159903095396,8.05815927042364,9.207675566724664
0.0,0.21834555460533586,1.3622330986393776,3.3043277474846637,5.615818645104297,6.244337631573647,7.248882286154014,8.59629300382367,8.884159903095396,8.05815927042364,9.207675566724664
0.0,0.21834555460533586,1.3622330986393776,3.3043277474846637,5.449095002956341,6.15121305240106,7.067999204970018,8.480866057335469,8.884159903095396,8.108943124210178,9.207675566724664
0.0,0.21834555460533586,1.3622330986393776,3.3043277474846637,5.449095002956341,6.15121305240106,7.067999204970018,8.480866057335469,8.884159903095396,8.108943124210178,9.207675566724664
0.0,0.21834555460533586,1.3622330986393776,3.3043277474846637,5.449095002956341,5.937182874533739,6.926429831286278,8.294804524065853,8.884159903095396,8.033530352171027,9.122556324109569
0.0,0.21834555460533586,1.3622330986393776,3.3043277474846637,5.449095002956341,5.937182874533739,6.926429831286278,8.294804524065853,8.884159903095396,8.033530352171027,9.122556324109569
0.0,0.21834555460533586,1.3622330986393776,3.3043277474846637,5.449095002956341,5.937182874533739,6.767148650469119,8.153898092315796,8.647539666129932,7.897664780784488,8.858918076262592
0.0,0.21834555460533586,1.3622330986393776,3.3043277474846637,5.449095002956341,5.937182874533739,6.767148650469119,8.153898092315796,8.647539666129932,7.897664780784488,8.858918076262592
0.0,0.21834555460533586,1.3622330986393776,3.3043277474846637,5.449095002956341,5.937182874533739,6.767148650469119,8.153898092315796,8.577918254756572,7.7859653191308595,8.75379800059214
0.0,0.21834555460533586,1.3622330986393776,3.3043277474846637,5.3627499431808685,5.937182874533739,6.767148650469119,8.038145929029934,8.577918254756572,7.7859653191308595,8.67218109272093
0.0,0.21834555460533586,1.3622330986393776,3.3043277474846637,5.3627499431808685,5.937182874533739,6.767148650469119,8.038145929029934,8.417010989951171,7.552572233465132,8.478001647848503
0.0,0.21834555460533586,1.3622330986393776,3.3043277474846637,5.3627499431808685,5.937182874533739,6.767148650469119,8.038145929029934,8.417010989951171,7.552572233465132,8.478001647848503
0.0,0.21834555460533586,1.3622330986393776,3.3043277474846637,5.3627499431808685,5.937182874533739,6.767148650469119,8.038145929029934,8.417010989951171,7.552572233465132,8.478001647848503
0.0,0.21834555460533586,1.3622330986393776,3.3043277474846637,5.3627499431808685,5.937182874533739,6.767148650469119,8.038145929029934,8.417010989951171,7.552572233465132,8.478001647848503
0.0,0.21834555460533586,1.3622330986393776,3.3043277474846637,5.3627499431808685,5.937182874533739,6.767148650469119,8.038145929029934,8.417010989951171,7.552572233465132,8.303197619112847
0.0,0.21834555460533586,1.3622330986393776,3.3043277474846637,5.3627499431808685,5.937182874533739,6.767148650469119,8.038145929029934,8.417010989951171,7.552572233465132,8.303197619112847
0.0,0.21834555460533586,1.3622330986393776,3.3043277474846637,5.22669674671879,5.937182874533739,6.767148650469119,8.038145929029934,8.417010989951171,7.552572233465132,8.303197619112847
0.0,0.21834555460533586,1.3622330986393776,3.3043277474846637,5.22669674671879,5.937182874533739,6.767148650469119,8.038145929029934,8.417010989951171,7.552572233465132,8.303197619112847
0.0,0.21834555460533586,1.3622330986393776,3.3412273456793096,5.129294315823282,5.937182874533739,6.767448850590033,8.038145929029934,8.417010989951171,7.560102253164519,8.188145922775782
0.0,0.21834555460533586,1.3622330986393776,3.3793277443575866,5.129294315823282,5.861019602192314,6.767448850590033,7.9952423284171905,8.417010989951171,7.61567680054716,8.227134413478394
0.0,0.21834555460533586,1.3622330986393776,3.3793277443575866,5.129294315823282,5.861019602192314,6.767448850590033,7.915489162963259,8.442578033581635,7.657254517292592,8.07113041731445
0.0,0.21834555460533586,1.3622330986393776,3.3793277443575866,5.12246476307269,5.756237251657884,6.678702189847319,7.949499334994191,8.433809688383523,7.647623096746874,7.958567880313215
0.0,0.21834555460533586,1.3622330986393776,3.3793277443575866,5.12246476307269,5.756237251657884,6.678702189847319,7.949499334994191,8.433809688383523,7.647623096746874,7.958567880313215
0.0,0.21834555460533586,1.3622330986393776,3.327430648456025,5.071568334240817,5.756237251657884,6.678702189847319,7.949499334994191,8.433809688383523,7.647623096746874,7.958567880313215
0.0,0.21834555460533586,1.3622330986393776,3.327430648456025,5.071568334240817,5.756237251657884,6.665105626037956,7.949499334994191,8.380924433750653,7.647623096746874,7.958567880313215
0.0,0.21834555460533586,1.3622330986393776,3.327430648456025,5.071568334240817,5.756237251657884,6.636549089536809,7.875675121928151,8.380924433750653,7.647623096746874,7.946059541942148
0.0,0.21834555460533586,1.3622330986393776,3.327430648456025,5.071568334240817,5.756237251657884,6.688183510332571,7.718833067093348,8.24196930278648,7.6448712623052435,7.8420151833716245
0.0,0.21834555460533586,1.3622330986393776,3.327430648456025,5.071568334240817,5.756237251657884,6.688183510332571,7.718833067093348,8.24196930278648,7.730178129995914,7.759122424986561
0.0,0.21834555460533586,1.3622330986393776,3.327430648456025,5.071568334240817,5.660848663240136,6.688183510332571,7.718833067093348,8.122889921493911,7.606157955046777,7.795746839737043
0.0,0.21834555460533586,1.3622330986393776,3.3476816482787846,5.010690251388838,5.670092325296355,6.724457691608664,7.694354248901179,8.122889921493911,7.66808673832194,7.8363614144278975
0.0,0.21834555460533586,1.3622330986393776,3.3476816482787846,5.012704093866581,5.670092325296355,6.724457691608664,7.694354248901179,8.122889921493911,7.66808673832194,7.8363614144278975
0.0,0.21834555460533586,1.3622330986393776,3.3476816482787846,4.9706010269095655,5.670092325296355,6.683067599938809,7.620054718977033,8.037870745585769,7.626246346470726,7.7457885362829995
0.0,0.21834555460533586,1.3622330986393776,3.3476816482787846,4.9706010269095655,5.573915711561224,6.598511232550409,7.503802222156356,8.016481486971257,7.644445978800612,7.736557382565147
0.0,0.21834555460533586,1.3622330986393776,3.3476816482787846,4.9706010269095655,5.5765549709575195,6.575170673149995,7.293562070815465,7.893211812324391,7.503989847231914,7.640856085688124
0.0,0.21834555460533586,1.3622330986393776,3.3476816482787846,4.9706010269095655,5.5765549709575195,6.575170673149995,7.293562070815465,7.893211812324391,7.503989847231914,7.640856085688124
0.0,0.21834555460533586,1.3124248952457997,3.3476816482787846,4.9706010269095655,5.505057308828499,6.5848896520643185,7.194983856113092,7.808030028017421,7.432492185102893,7.640856085688124
0.0,0.21834555460533586,1.3124248952457997,3.3476816482787846,4.9706010269095655,5.505057308828499,6.5848896520643185,7.206704169166776,7.674753682673721,7.325583417045385,7.640856085688124
0.0,0.21834555460533586,1.3124248952457997,3.3476816482787846,4.9706010269095655,5.505057308828499,6.5848896520643185,7.146639128308909,7.745700977914412,7.325583417045385,7.640856085688124
0.0,0.21834555460533586,1.3124248952457997,3.3476816482787846,4.9706010269095655,5.505057308828499,6.5848896520643185,7.146639128308909,7.745700977914412,7.325583417045385,7.640856085688124
0.0,0.21834555460533586,1.3124248952457997,3.241635955568883,4.839463607427308,5.479490265198036,6.5848896520643185,7.146639128308909,7.745700977914412,7.325583417045385,7.640856085688124
0.0,0.21834555460533586,1.3124248952457997,3.241635955568883,4.839463607427308,5.479490265198036,6.5848896520643185,7.146639128308909,7.745700977914412,7.325583417045385,7.640856085688124
0.0,0.21834555460533586,1.3124248952457997,3.241635955568883,4.839463607427308,5.479490265198036,6.564638652241558,7.061394802310097,7.6266090882834785,7.325583417045385,7.679719493007036
0.0,0.21834555460533586,1.3124248952457997,3.241635955568883,4.835961272683406,5.479490265198036,6.564638652241558,7.061394802310097,7.6266090882834785,7.325583417045385,7.679719493007036
0.0,0.21834555460533586,1.3124248952457997,3.241635955568883,4.835961272683406,5.479490265198036,6.564638652241558,7.061394802310097,7.501187979436788,7.321543223751535,7.6919401395955544
0.0,0.21834555460533586,1.2920363037009577,3.241635955568883,4.835961272683406,5.479490265198036,6.486974379295591,7.061394802310097,7.503226838591279,7.30273068284146,7.605257354684078
0.0,0.21834555460533586,1.2282062529934061,3.0998039067793597,4.835961272683406,5.479490265198036,6.486974379295591,7.061394802310097,7.503226838591279,7.309147460425805,7.531745850077313
0.0,0.21834555460533586,1.2282062529934061,3.0998039067793597,4.835961272683406,5.479490265198036,6.4345394248440835,7.021530727921496,7.34115629831736,7.173156805655568,7.383497023703427
0.0,0.21834555460533586,1.2282062529934061,2.9645262272962816,4.714655407160807,5.465943734742168,6.305728556298844,7.011123790396779,7.310923644474493,7.048373622065812,7.272910804164823
0.0,0.21834555460533586,1.2282062529934061,2.9645262272962816,4.714655407160807,5.465943734742168,6.1706885352448015,7.0053949714228265,7.310923644474493,7.048373622065812,7.272910804164823
0.0,0.21834555460533586,1.2282062529934061,2.9645262272962816,4.714655407160807,5.465943734742168,6.21433012782147,6.904265055692746,7.317077746953056,7.0766925001379075,7.259151631956649
0.0,0.17045112698252984,1.218499782417465,2.9645262272962816,4.714655407160807,5.536278121402689,6.21433012782147,6.839809588066642,7.3394426559605295,6.999991369246518,7.211257204333843
0.0,0.17045112698252984,1.218499782417465,2.9645262272962816,4.714655407160807,5.536278121402689,6.310982058414688,6.755941179288655,7.274349263077506,6.915022226691871,7.155982857072098
0.0,0.17045112698252984,1.218499782417465,2.9645262272962816,4.714655407160807,5.536278121402689,6.310982058414688,6.755941179288655,7.274349263077506,6.915022226691871,7.155982857072098
0.0,0.17045112698252984,1.218499782417465,2.9645262272962816,4.714655407160807,5.536278121402689,6.310982058414688,6.755941179288655,7.274349263077506,6.915022226691871,7.155982857072098
0.0,0.17045112698252984,1.218499782417465,2.902672494051343,4.762349701369671,5.553764778445435,6.310982058414688,6.755941179288655,7.274349263077506,6.915022226691871,7.183025884630337
0.0,0.17045112698252984,1.218499782417465,2.902672494051343,4.666160579296176,5.553764778445435,6.310982058414688,6.755941179288655,7.274349263077506,6.915022226691871,7.183025884630337
0.0,0.17045112698252984,1.1821755677878774,2.8841601532621786,4.612112049194789,5.5813831895687525,6.203410348423516,6.717402988767383,7.249207502951656,6.813817260931566,7.150967013385307
0.0,0.17045112698252984,1.2348231639916922,2.9259755284366458,4.685398403710883,5.487720751846199,6.2352315612395115,6.713050087014256,7.1615740843239655,6.786636641651243,7.150967013385307
0.0,0.17045112698252984,1.2348231639916922,2.9259755284366458,4.627109546901704,5.551300635786333,6.1923654856418615,6.722293749070474,7.101784226910264,6.786636641651243,7.150967013385307
0.0,0.16729375244452133,1.213370642029021,2.889372612780691,4.684300116111243,5.547973656768752,6.189018300247935,6.718929860327536,7.0984083766201955,6.783270724819099,7.147589612852865
0.0,0.161806408394266,1.207825992010109,2.883736148367101,4.678565322348949,5.619799090897374,6.183201075324075,6.6676197197948746,7.1653460877356645,6.854415631472103,7.054844455350763
0.0,0.161806408394266,1.2683736323468557,2.883736148367101,4.678565322348949,5.531197668847056,6.109445769588508,6.569137563213243,7.1653460877356645,6.854415631472103,7.054844455350763
0.0,0.161806408394266,1.2683736323468557,2.883736148367101,4.570802779663233,5.531197668847056,6.109445769588508,6.569137563213243,7.1653460877356645,6.854415631472103,7.054844455350763
0.0,0.161806408394266,1.2683736323468557,2.883736148367101,4.570802779663233,5.531197668847056,6.109445769588508,6.569137563213243,7.1653460877356645,6.854415631472103,7.054844455350763
0.0,0.161806408394266,1.2683736323468557,2.883736148367101,4.570802779663233,5.548282584504967,5.996430178164634,6.5518150096362024,7.043062617466603,6.841970908866226,7.03381975313922
0.0,0.161806408394266,1.1626122510852088,2.9033975593585066,4.473033536838932,5.460331539917474,5.867467831642789,6.463063500479087,7.022213016879664,6.841970908866226,7.0544817448426596
0.0,0.161806408394266,1.1832867500475428,2.9192192418674856,4.476723178214542,5.460331539917474,5.867467831642789,6.463063500479087,7.022213016879664,6.841970908866226,7.0544817448426596
0.0,0.161806408394266,1.1832867500475428,2.9192192418674856,4.332126758067198,5.521654630306057,5.778503699084349,6.336352460559295,6.840394994244783,6.697374488718881,7.04470106838255
0.0,0.161806408394266,1.1832867500475428,2.9192192418674856,4.332126758067198,5.384750174382442,5.778503699084349,6.336352460559295,6.840394994244783,6.697374488718881,7.04470106838255
0.0,0.161806408394266,1.1832867500475428,2.9536267111024546,4.22730342122308,5.384750174382442,5.778503699084349,6.186790658628498,6.840394994244783,6.619541816581795,7.04470106838255
0.0,0.161806408394266,1.1832867500475428,2.7833028593970117,4.222625706394348,5.2742235274797515,5.754814950727019,6.237657680576359,6.761936959162659,6.491229847522739,6.94646905697894
0.0,0.161806408394266,1.1832867500475428,2.6499629722600138,4.222625706394348,5.149301025582707,5.754814950727019,6.237657680576359,6.761936959162659,6.491229847522739,6.94646905697894
0.0,0.161806408394266,1.1832867500475428,2.6499629722600138,4.17439771607445,5.193339084170969,5.811585398875863,6.147968127001695,6.666018790655609,6.418675238641616,6.914600561300747
0.0,0.161806408394266,1.1832867500475428,2.6499629722600138,4.17439771607445,5.193339084170969,5.811585398875863,6.147968127001695,6.510353446381437,6.41574854005893,6.834116350276785
0.0,0.161806408394266,1.1832867500475428,2.6499629722600138,4.17439771607445,5.193339084170969,5.811585398875863,6.147968127001695,6.510353446381437,6.41574854005893,6.834116350276785
0.0,0.161806408394266,1.2252736181761414,2.6053620870212386,4.072501077813017,5.193339084170969,5.811585398875863,6.147968127001695,6.510353446381437,6.41574854005893,6.834116350276785
0.0,0.161806408394266,1.2252736181761414,2.634754145437142,4.072501077813017,5.193339084170969,5.811585398875863,6.065082522268861,6.383242174176824,6.446403831623766,6.834116350276785
0.0,0.161806408394266,1.2252736181761414,2.634754145437142,4.072501077813017,5.193339084170969,5.811585398875863,5.9749552146326765,6.2758798637759305,6.34528264341417,6.753832255395216
0.0,0.161806408394266,1.1075427901468182,2.634754145437142,4.072501077813017,5.193339084170969,5.811585398875863,5.9749552146326765,6.2758798637759305,6.34528264341417,6.753832255395216
0.0,0.161806408394266,1.1077929353248224,2.60831380012173,4.072501077813017,5.193339084170969,5.811585398875863,5.9749552146326765,6.2758798637759305,6.34528264341417,6.753832255395216
0.0,0.161806408394266,1.1077929353248224,2.60831380012173,4.072501077813017,5.102511370036384,5.811585398875863,5.9749552146326765,6.2758798637759305,6.34528264341417,6.753832255395216
0.0,0.161806408394266,1.0246947071906842,2.60831380012173,4.025348711758573,5.142146873491686,5.716317607831638,5.990401679374659,6.267237347875761,6.358865526579987,6.621042687649838
0.0,0.161806408394266,1.0246947071906842,2.60831380012173,4.025348711758573,5.142146873491686,5.566230501027026,5.840314572570047,6.23180428341097,6.226951466957633,6.629159898676193
0.0,0.161806408394266,1.0246947071906842,2.60831380012173,4.025348711758573,5.142146873491686,5.566230501027026,5.840314572570047,6.23180428341097,6.21102972637743,6.638065067013262
0.0,0.161806408394266,1.0246947071906842,2.60831380012173,4.025348711758573,5.0355475058837165,5.44290892826923,5.862064695797815,6.141126656383183,6.13267174936653,6.570988637530495
0.0,0.161806408394266,1.0246947071906842,2.60831380012173,4.025348711758573,5.0355475058837165,5.460381568953068,5.862064695797815,6.141126656383183,6.13267174936653,6.570988637530495
0.0,0.161806408394266,1.0246947071906842,2.60831380012173,4.025348711758573,5.043264484625251,5.3206379652590785,5.826131340977015,6.058366124239342,5.965112001878079,6.4122089857901186
0.0,0.161806408394266,1.0246947071906842,2.5861884591269657,3.99533129039765,4.924057800045691,5.3206379652590785,5.826131340977015,6.058366124239342,5.835486770634498,6.4122089857901186
0.0,0.161806408394266,1.0246947071906842,2.4822906594414644,3.99533129039765,4.924057800045691,5.3206379652590785,5.826131340977015,6.058366124239342,5.664787701162058,6.4122089857901186
0.0,0.161806408394266,1.0246947071906842,2.4822906594414644,3.8723849354068687,4.924057800045691,5.3206379652590785,5.848031551311582,6.0234583646483655,5.630242652079184,6.287874325061395
0.0,0.161806408394266,1.0246947071906842,2.4822906594414644,3.776254143498533,4.924057800045691,5.3206379652590785,5.848031551311582,6.0234583646483655,5.630242652079184,6.287874325061395
0.0,0.161806408394266,1.0246947071906842,2.480264483499608,3.806421651966254,4.924057800045691,5.3206379652590785,5.848031551311582,6.0234583646483655,5.630242652079184,6.190230154826104
0.0,0.161806408394266,1.0246947071906842,2.480264483499608,3.6643391908578806,4.817445925178808,5.207047039925779,5.840577225006963,5.959933996693321,5.666726326291621,6.1534463064000695
0.0,0.161806408394266,1.0246947071906842,2.480264483499608,3.6643391908578806,4.817445925178808,5.207047039925779,5.751750672296428,5.959933996693321,5.666726326291621,6.1534463064000695
0.0,0.161806408394266,1.0246947071906842,2.386522578041213,3.648067247028487,4.700202880246618,5.207047039925779,5.751750672296428,5.959933996693321,5.666726326291621,6.1534463064000695
0.0,0.161806408394266,1.0246947071906842,2.386522578041213,3.648067247028487,4.700202880246618,5.207047039925779,5.751750672296428,5.959933996693321,5.666726326291621,6.083355627522305
0.0,0.161806408394266,1.0246947071906842,2.386522578041213,3.648067247028487,4.7126100810757965,5.030919820090577,5.596347980459154,5.830158678342941,5.522029848073072,5.8744218675913995
0.0,0.161806408394266,1.0335623537510523,2.386522578041213,3.6752955496546287,4.7100586002601075,5.017824720021873,5.607179266666891,5.854572847716478,5.3948560395739555,5.9036138098648925
0.0,0.161806408394266,1.0335623537510523,2.386522578041213,3.6204387121175428,4.653175586781166,5.052970117531961,5.457429855852576,5.889718245226565,5.291958820600488,5.77685274090949
0.0,0.161806408394266,1.0335623537510523,2.386522578041213,3.556138894110663,4.653175586781166,5.052970117531961,5.457429855852576,5.889718245226565,5.291958820600488,5.77685274090949
0.0,0.161806408394266,1.0335623537510523,2.2802483991646643,3.487986840362462,4.547901988616633,5.007005941073048,5.351155676976009,5.784344588990828,5.201156120983709,5.654319125462424
0.0,0.161806408394266,1.0335623537510523,2.2802483991646643,3.3195891065276886,4.497998025604106,5.011345959911483,5.198429538543416,5.766709353941278,5.226020551677679,5.561990540259796
0.0,0.161806408394266,1.0335623537510523,2.2802483991646643,3.3195891065276886,4.497998025604106,5.011345959911483,5.151877520916184,5.7201323217962585,5.177067140341575,5.561990540259796
0.0,0.161806408394266,1.0335623537510523,2.2802483991646643,3.251974864912214,4.272016871791953,4.928873094722346,4.933813461987994,5.575748525050219,5.082024479957548,5.561990540259796
0.0,0.161806408394266,1.0335623537510523,2.2802483991646643,3.251974864912214,4.200175176668143,4.789204534581757,4.835781566726776,5.384537550981138,5.082024479957548,5.561990540259796
0.0,0.161806408394266,1.0335623537510523,2.2802483991646643,3.251974864912214,4.200175176668143,4.789204534581757,4.835781566726776,5.384537550981138,5.082024479957548,5.561990540259796
0.0,0.161806408394266,1.0335623537510523,2.2802483991646643,3.251974864912214,4.029826310444912,4.74341545974745,4.787303431228893,5.237752360526226,5.023440479268153,5.412228622186587
0.0,0.161806408394266,1.0335623537510523,2.2802483991646643,3.251974864912214,4.029826310444912,4.74341545974745,4.787303431228893,5.237752360526226,5.023440479268153,5.412228622186587
0.0,0.161806408394266,1.0335623537510523,2.2802483991646643,3.251974864912214,4.029826310444912,4.74341545974745,4.787303431228893,5.237752360526226,5.023440479268153,5.412228622186587
0.0,0.161806408394266,1.0335623537510523,2.2802483991646643,3.251974864912214,4.029826310444912,4.579770484294807,4.6369661792462775,5.123123332704211,4.869025860884,5.242880336675391
0.0,0.161806408394266,1.0335623537510523,2.2802483991646643,3.251974864912214,4.029826310444912,4.579770484294807,4.6369661792462775,5.123123332704211,4.869025860884,5.242880336675391
0.0,0.161806408394266,1.0335623537510523,2.2802483991646643,3.251974864912214,4.029826310444912,4.579770484294807,4.6369661792462775,5.104750169379544,4.869025860884,5.242880336675391
0.0,0.161806408394266,0.9460615704839557,2.2802483991646643,3.251974864912214,3.9643132883246937,4.57809451160216,4.542598910842863,5.028243266685896,4.748693523003412,5.242880336675391
0.0,0.161806408394266,0.9460615704839557,2.2802483991646643,3.251974864912214,3.9791594046394625,4.494495993111995,4.549352830649082,4.841359804196356,4.696513238871008,5.121134678539055
0.0,0.161806408394266,0.9460615704839557,2.2802483991646643,3.251974864912214,3.9791594046394625,4.335941472031819,4.526489561379181,4.755509979104119,4.594654122386275,5.000377093855841
0.0,0.161806408394266,0.9460615704839557,2.232045423362573,3.251974864912214,3.9791594046394625,4.265425546351445,4.5462135086650735,4.755509979104119,4.587449941259642,5.000377093855841
0.0,0.161806408394266,0.9460615704839557,2.232045423362573,3.251974864912214,3.9791594046394625,4.265425546351445,4.5462135086650735,4.755509979104119,4.587449941259642,5.000377093855841
0.0,0.161806408394266,0.9460615704839557,2.232045423362573,3.251974864912214,3.9791594046394625,4.114100220915708,4.5462135086650735,4.755509979104119,4.587449941259642,5.000377093855841
0.0,0.161806408394266,0.9460615704839557,2.232045423362573,3.251974864912214,3.9791594046394625,4.114100220915708,4.5462135086650735,4.594804209493073,4.587449941259642,5.000377093855841
0.0,0.161806408394266,0.9460615704839557,2.232045423362573,3.251974864912214,3.9791594046394625,4.114100220915708,4.5462135086650735,4.594804209493073,4.587449941259642,5.000377093855841
0.0,0.161806408394266,0.9460615704839557,2.232045423362573,3.106740574560957,3.9876768479506213,4.015593049816269,4.471094911709368,4.478186527505884,4.587449941259642,4.855142803504566
0.0,0.161806408394266,0.9460615704839557,2.224553575281236,3.106740574560957,3.9876768479506213,4.015593049816269,4.471094911709368,4.478186527505884,4.570139894941515,4.705055696699954
0.0,0.161806408394266,0.9355554730076402,2.224553575281236,3.106740574560957,3.8691830771283735,4.015593049816269,4.471094911709368,4.427094374897825,4.5596337974651995,4.748993697217011
0.0,0.161806408394266,0.9355554730076402,2.224553575281236,3.106740574560957,3.8395783953111664,4.054790799210087,4.509304587650046,4.3556779265766234,4.576781249417616,4.643820157123683
0.0,0.161806408394266,0.9355554730076402,2.224553575281236,3.106740574560957,3.7743280256278635,3.9993836422813818,4.475922713644918,4.382505996917945,4.501637637944104,4.643820157123683
0.0,0.161806408394266,0.9355554730076402,2.224553575281236,3.106740574560957,3.7743280256278635,3.938460784177601,4.3881967997176226,4.403480670093893,4.411572866602444,4.535182106314944
0.0,0.161806408394266,0.9355554730076402,2.224553575281236,3.106740574560957,3.7743280256278635,3.938460784177601,4.261235614619828,4.27554391880187,4.283686144346014,4.344521451637482
0.0,0.161806408394266,0.9355554730076402,2.224553575281236,3.106740574560957,3.7743280256278635,3.822130769145134,4.261235614619828,4.27554391880187,4.283686144346014,4.344521451637482
0.0,0.161806408394266,0.9355554730076402,2.224553575281236,3.106740574560957,3.7394202660368867,3.840203758256185,4.2967187081202125,4.337654966501165,4.201088206567884,4.186066988628511
0.0,0.161806408394266,0.9405958983444935,2.164618790630597,3.1114933329431067,3.6215018291240644,3.7440854736067424,4.20060042347077,4.3556779265766234,4.070750061566971,4.134674661806836
0.0,0.161806408394266,0.9405958983444935,2.0769178912211075,3.1114933329431067,3.6215018291240644,3.7440854736067424,4.20060042347077,4.3556779265766234,4.039606986905022,4.137076055515708
0.0,0.161806408394266,0.9405958983444935,1.9789735467722014,2.9878715859716944,3.640988138490865,3.6504811479962527,4.162715936261495,4.375664526299451,3.9778836642316175,4.137076055515708
0.0,0.161806408394266,0.9405958983444935,1.9789735467722014,2.9878715859716944,3.640988138490865,3.6504811479962527,4.024973493991558,4.322533690490605,3.9778836642316175,3.9704043234091935
0.0,0.161806408394266,0.9405958983444935,1.9789735467722014,2.9878715859716944,3.640988138490865,3.6504811479962527,4.024973493991558,4.322533690490605,3.9778836642316175,3.9704043234091935
0.0,0.161806408394266,0.9405958983444935,1.9789735467722014,2.9878715859716944,3.640988138490865,3.6504811479962527,3.9024148640267033,4.132023122919961,3.851622885632242,3.9704043234091935
0.0,0.161806408394266,0.8054424586669436,1.9789735467722014,2.9878715859716944,3.640988138490865,3.6504811479962527,3.9024148640267033,4.00770096945013,3.851335218677538,3.9515934060230054
0.0,0.161806408394266,0.7806280570085856,1.8925483877705385,2.8738929356125045,3.6011275043753463,3.5651566277778297,3.9024148640267033,4.00770096945013,3.851335218677538,3.9515934060230054
0.0,0.161806408394266,0.6774681855982027,1.7727413547637652,2.807754550547266,3.546683406381975,3.54159295200951,3.850222072635405,3.9663269570076563,3.7666360614041343,3.8676947133192243
0.0,0.161806408394266,0.6774681855982027,1.7727413547637652,2.807754550547266,3.546683406381975,3.54159295200951,3.7100657293976833,3.9663269570076563,3.7666360614041343,3.8676947133192243
0.0,0.161806408394266,0.6223111738475188,1.6829017140823026,2.713162151483654,3.5710225322021123,3.4683129221121627,3.719321100983978,3.8821781191258724,3.6713682703599093,3.8486836797906445
0.0,0.161806408394266,0.5938696671080383,1.6829017140823026,2.713162151483654,3.5710225322021123,3.4683129221121627,3.719321100983978,3.8821781191258724,3.6713682703599093,3.8486836797906445
0.0,0.161806408394266,0.5938696671080383,1.6082458857059057,2.686921922310653,3.5064850762761406,3.3822254591008147,3.6163988674927054,3.7546791218953697,3.6585858517637146,3.8486836797906445
0.0,0.161806408394266,0.5938696671080383,1.5773279417041541,2.578421451349819,3.5064850762761406,3.3241042269907277,3.4885121452362755,3.771638964964288,3.5320874352452285,3.6873400399756866
0.0,0.161806408394266,0.5938696671080383,1.5773279417041541,2.578421451349819,3.5064850762761406,3.3241042269907277,3.4885121452362755,3.771638964964288,3.5320874352452285,3.6873400399756866
0.0,0.161806408394266,0.5938696671080383,1.5773279417041541,2.578421451349819,3.5064850762761406,3.3241042269907277,3.4885121452362755,3.679122770878144,3.5320874352452285,3.5327628272258416
0.0,0.161806408394266,0.5938696671080383,1.5490615365892964,2.5356216113927026,3.522244222490614,3.3241042269907277,3.436907195013297,3.679122770878144,3.5342636982938838,3.4603207836748173
0.0,0.161806408394266,0.6017867619919838,1.5490615365892964,2.5356216113927026,3.522244222490614,3.2404806939827577,3.436907195013297,3.613134472919705,3.5342636982938838,3.4603207836748173
0.0,0.161806408394266,0.6017867619919838,1.5052861304379515,2.468520167392148,3.4406093436478185,3.2042721794661486,3.357711231656055,3.6425140240767138,3.457844346412547,3.3664913274041295
0.0,0.161806408394266,0.6017867619919838,1.5052861304379515,2.468520167392148,3.346217060726617,3.1061402261337254,3.29508738634184,3.556864315126887,3.457844346412547,3.254951592530511
0.0,0.161806408394266,0.6017867619919838,1.5335900573295087,2.468520167392148,3.346217060726617,3.059250512516196,3.29508738634184,3.4560558083897823,3.4118301409180227,3.254951592530511
0.0,0.161806408394266,0.6017867619919838,1.383753095702901,2.468520167392148,3.346217060726617,3.059250512516196,3.2456211773908166,3.3220530365310657,3.215991481055803,3.0202528792647882
0.0,0.161806408394266,0.6017867619919838,1.383753095702901,2.468520167392148,3.3110466486987233,2.9026221093066886,3.093695503527847,3.1639237622535155,3.0738714981707482,2.862836518744551
0.0,0.161806408394266,0.6017867619919838,1.383753095702901,2.3493510045892876,3.2580283782199952,2.7804887261444247,3.0285076701390494,3.0571117712442226,2.9627319955819327,2.7374262337504103
0.0,0.161806408394266,0.5885290675575692,1.3057453219412098,2.3584813035865535,3.1301916849991778,2.6511761763733523,3.033735704359401,3.0344110963400324,2.899945555901989,2.5810104539421888
0.0,0.161806408394266,0.5885290675575692,1.187826885028388,2.299872288379352,2.965033331219599,2.6511761763733523,3.033735704359401,3.0344110963400324,2.909351014595083,2.5810104539421888
0.0,0.161806408394266,0.5885290675575692,1.240369879668896,2.1408424914609725,2.8578961514789025,2.515847635071198,3.033735704359401,2.90403542956242,2.787405240316336,2.5939054378685005
0.0,0.161806408394266,0.5830258736414073,1.240369879668896,2.1408424914609725,2.8578961514789025,2.515847635071198,3.033735704359401,2.90403542956242,2.739302322585468,2.6108902954552247
0.0,0.161806408394266,0.5830258736414073,1.240369879668896,2.0861232337717914,2.77614870730599,2.4205173077324673,2.9238094058839246,2.7958601473330074,2.739302322585468,2.6108902954552247
0.0,0.161806408394266,0.5830258736414073,1.240369879668896,2.0861232337717914,2.77614870730599,2.4205173077324673,2.799925006475632,2.616018271604371,2.5992335301600575,2.470821503029814
0.0,0.161806408394266,0.5830258736414073,1.240369879668896,2.0861232337717914,2.562837406759932,2.277096569921762,2.7401403089317915,2.5245026582302614,2.536159423525428,2.278447353883006
0.0,0.161806408394266,0.5830258736414073,1.240369879668896,2.0861232337717914,2.43423777074619,2.1530870979244408,2.612103499568545,2.420417249661262,2.403219768673233,2.2096449226719805
0.0,0.161806408394266,0.5830258736414073,1.1596605379847176,1.9472301236830198,2.2362603696119967,2.1530870979244408,2.612103499568545,2.420417249661262,2.403219768673233,2.1463706998949403
0.0,0.161806408394266,0.5830258736414073,1.1596605379847176,1.8828802766405461,2.0882119460081534,2.1443820457297837,2.550092509940456,2.3027114361497443,2.280398486271463,2.0597079029741856
0.0,0.161806408394266,0.5830258736414073,1.1596605379847176,1.7964301031210959,2.0882119460081534,2.1443820457297837,2.550092509940456,2.3027114361497443,2.280398486271463,2.0597079029741856
0.0,0.161806408394266,0.5830258736414073,1.1596605379847176,1.6590878931359787,1.94071384179593,2.033867906085987,2.4410917486235957,2.2075687176945302,2.2632135125423285,1.9232537083709855
0.0,0.161806408394266,0.5830258736414073,1.1596605379847176,1.6590878931359787,1.874975689015495,2.033867906085987,2.2978210979196896,2.2075687176945302,2.2632135125423285,1.8094876814130998
0.0,0.161806408394266,0.5830258736414073,1.1596605379847176,1.6590878931359787,1.8350275040876824,2.033867906085987,2.1635181518473754,2.0521285040805557,2.1132389710678154,1.7152579928575908
0.0,0.161806408394266,0.5830258736414073,1.0148139726593697,1.4524429615838277,1.6812257413896554,1.8501988091338364,2.0065270381297466,1.9050931684476222,2.1132389710678154,1.7152579928575908
0.0,0.161806408394266,0.5830258736414073,1.0148139726593697,1.4524429615838277,1.6812257413896554,1.8501988091338364,1.8564024095484348,1.9050931684476222,1.89887706077413,1.7152579928575908
0.0,0.161806408394266,0.5830258736414073,1.0148139726593697,1.4524429615838277,1.591598724109497,1.7954295224090617,1.7930906649946954,1.7600965160154758,1.8002198025679108,1.6635279700456005
0.0,0.161806408394266,0.5830258736414073,0.9340420946806858,1.3672184994366097,1.5361290308862852,1.8203689966564307,1.6814383647909596,1.7600965160154758,1.7469388796522662,1.6602385609548118
0.0,0.161806408394266,0.5184383886798235,0.8392745939924869,1.2280002006164166,1.4271908058639486,1.7030384009119284,1.5753017657622974,1.7279903824181913,1.650407855459109,1.5530638594374158
0.0,0.161806408394266,0.4510742922423528,0.8392745939924869,1.2280002006164166,1.3451181729596144,1.527549051280621,1.429129430993512,1.6378880892998124,1.552113307760975,1.4320311150583918
0.0,0.161806408394266,0.4510742922423528,0.8392745939924869,1.2280002006164166,1.2295636079789647,1.4279912704335727,1.429129430993512,1.469127644956936,1.3874302298196168,1.3753357104629473
0.0,0.161806408394266,0.4510742922423528,0.8392745939924869,1.0970116781526968,1.0773627744202032,1.4147210687402643,1.3340242343149795,1.3915576252567472,1.3094724850935193,1.2554661411616685
0.0,0.161806408394266,0.40069505339160627,0.8392745939924869,1.018816295507489,0.9793809081945788,1.3225175561266296,1.305582727575499,1.2831947341438186,1.2217966002018361,1.1798972828855487
0.0,0.161806408394266,0.37176576355501156,0.7834421902611721,0.9488631964776484,1.0061089204647125,1.278266874137064,1.1956439218411283,1.1663143997197307,1.1682655321081876,1.0897574679904705
0.0,0.161806408394266,0.37176576355501156,0.7211185191605548,0.9359431980335491,0.9753160490519539,1.2346915841281294,1.1173609883836273,1.1045160334929276,1.1137964195970105,1.0342127312138774
0.0,0.161806408394266,0.3615598402922936,0.6532916541437576,0.86811633301677,0.9753160490519539,1.2334033364613912,1.1173609883836273,1.079489008433265,1.1215133983385452,0.9954152141048802
0.0,0.161806408394266,0.34765176839507206,0.6295778912686392,0.8334837331216032,0.8766462835868228,1.141087258517658,1.0958359958160577,1.030473060802656,1.0933095295181934,0.9981543038040672
0.0,0.161806408394266,0.34765176839507206,0.5581114139118439,0.7635681558684622,0.8021530495761369,1.0326993528869228,1.1124831574124665,0.976604296718692,0.9920757759784798,0.976229078951695
0.0,0.161806408394266,0.34765176839507206,0.5581114139118439,0.7635681558684622,0.8021530495761369,1.0326993528869228,1.1124831574124665,0.976604296718692,0.9296145250299577,0.976229078951695
0.0,0.12714879398129306,0.2896931306506955,0.5594246760963879,0.7187796617461706,0.7668700722181628,0.9274382619812843,1.058989611095536,0.9337169059492821,0.9296145250299577,0.9227355326347463
0.0,0.12714879398129306,0.3709152699497942,0.5594246760963879,0.5836887583631262,0.7112127701114526,0.8489552123813727,0.949701182823972,0.8474168195366305,0.9038870934718582,0.8970081010766471
0.0,0.12714879398129306,0.2896931306506955,0.5594246760963879,0.5836887583631262,0.7112127701114526,0.8489552123813727,0.8931433580764326,0.7844177564554005,0.8473292687243191,0.8278179448397306
0.0,0.12714879398129306,0.2896931306506955,0.5594246760963879,0.5836887583631262,0.7112127701114526,0.8553589289383817,0.8931433580764326,0.7844177564554005,0.8473292687243191,0.7698342925775481
0.0,0.11103944451761046,0.31024255702401826,0.5351605938296314,0.5680671919965397,0.6674873929957011,0.8168490787840883,0.7839800023938798,0.7534747979358433,0.7704971772992669,0.6928270995278731
0.0,0.11103944451761046,0.2545227186228207,0.4837182379723632,0.5166248361392713,0.590517721722744,0.7960620144916555,0.7601536741886441,0.7250583057141686,0.6612212562866151,0.6231616674527362
0.0,0.06578818181601054,0.20170456428648467,0.49930228256223186,0.46380668180293533,0.4811542498977807,0.6957162763338772,0.6858480490614566,0.7250583057141686,0.6204600995302488,0.4996900075881408
0.0,0.06578818181601054,0.20170456428648467,0.4577781830129596,0.46380668180293533,0.4811542498977807,0.6957162763338772,0.6858480490614566,0.7250583057141686,0.6204600995302488,0.4996900075881408
0.0,0.06578818181601054,0.14573458070726486,0.3647742058297011,0.3999321105986821,0.41500335757364887,0.637169797421163,0.6343556641685765,0.6445115583957008,0.5581114139118439,0.3684138181697173
0.0,0.06578818181601054,0.13404029363541647,0.300474387822821,0.3999321105986821,0.41500335757364887,0.5242917858451945,0.5689802218962808,0.5316335468197325,0.4927359716395301,0.32542636932908403
0.0,0.040969035237990906,0.16290068773203095,0.2638851076181205,0.37336097284201036,0.39128179930600837,0.4686802605660706,0.45811285068323926,0.4760211713367316,0.5145890909563805,0.3081431710208283
0.0,0.04321042451491131,0.14133409685087547,0.20830025243590744,0.31665139214836746,0.33743140532654087,0.382779845637771,0.45801049503193514,0.42252693462298074,0.40307224117819007,0.2793548943682758
0.0,0.03925529946543875,0.10652688112896042,0.1603216434218685,0.2509088726978106,0.306778915153545,0.2940646987343306,0.35997359643552174,0.32605651762987714,0.37836357908318713,0.26557335240258384
0.0,0.03925529946543875,0.10652688112896042,0.12436678951657965,0.21771689178040127,0.2305311217014406,0.22864336685452466,0.260010101363679,0.3143924429797972,0.2971651172908306,0.2005270711546168
0.0,0.019337775563303232,0.1049764959150617,0.08840125971795243,0.1799650645021706,0.2018278760472417,0.202790389763049,0.20506542218226972,0.28852911153982996,0.28796660352409437,0.11052657500369163
0.0,0.04531938606104514,0.06346713800827777,0.08613932949055716,0.1643171452136381,0.1883641663888784,0.1733785227354976,0.17850288795474514,0.2223474567087929,0.24701940047176582,0.12953395398144982
0.0,0.02823101392454647,0.02598153074330372,0.05365017387254405,0.1161858063110015,0.1120742509408376,0.09784002125510863,0.11378635758433045,0.11378635758433045,0.18267053144539822,0.09427833955149095
0.0,0.0069592430742318,0.0069592430742318,0.0069592430742318,0.0394065577309739,0.06536940711745956,0.06536940711745956,0.06536940711745956,0.06536940711745956,0.06536940711745956,0.06536940711745956
0.0,0.0,0.0,0.0,0.0,0.0,0.0,0.0,0.0,0.0,0.0
