0,20,40,60,80,100
8711.09,5637.75,2564.4,614.4,614.4,614.4
8711.09,5637.75,2564.4,614.4,614.4,614.4
8711.09,5637.75,2564.4,614.4,614.4,614.4
8711.09,5637.75,2564.4,614.4,614.4,614.4
8711.09,5637.75,2564.4,614.4,614.4,614.4
8711.09,5637.75,2564.4,614.4,614.4,614.4
8711.09,5637.75,2564.4,614.4,614.4,614.4
8711.09,5637.75,2564.4,614.4,614.4,614.4
8711.09,5637.75,2564.4,614.4,614.4,614.4
8711.09,5637.75,2564.4,614.4,614.4,614.4
8711.09,5637.75,2564.4,614.4,614.4,614.4
8711.09,5637.75,2564.4,614.4,614.4,614.4
8711.09,5637.75,2564.4,614.4,614.4,614.4
8711.09,5637.75,2564.4,614.4,614.4,614.4
8711.09,5637.75,2564.4,614.4,614.4,614.4
8711.09,5637.75,2564.4,614.4,614.4,614.4
8711.09,5637.75,2564.4,614.4,614.4,614.4
8711.09,5637.75,2564.4,614.4,614.4,614.4
8711.09,5637.75,2564.4,614.4,614.4,614.4
8711.09,5637.75,2564.4,614.4,614.4,614.4
8711.09,5637.75,2564.4,614.4,614.4,614.4
8711.09,5637.75,2564.4,614.4,614.4,614.4
8711.09,5637.75,2564.4,614.4,614.4,614.4
8711.09,5637.75,2564.4,614.4,614.4,614.4
8711.09,5637.75,2564.4,614.4,614.4,614.4
8711.09,5637.75,2564.4,614.4,614.4,614.4
8711.09,5637.75,2564.4,614.4,614.4,614.4
8711.09,5637.75,2564.4,614.4,614.4,614.4
8711.09,5637.75,2564.4,614.4,614.4,614.4
8711.09,5637.75,2564.4,614.4,614.4,614.4
8711.09,5637.75,2564.4,614.4,614.4,614.4
8711.09,5637.75,2564.4,614.4,614.4,614.4
8711.09,5637.75,2564.4,614.4,614.4,614.4
8711.09,5637.75,2564.4,614.4,614.4,614.4
8711.09,5637.75,2564.4,614.4,614.4,614.4
8711.09,5637.75,2564.4,614.4,614.4,614.4
8711.09,5637.75,2564.4,614.4,614.4,614.4
8711.09,5637.75,2564.4,614.4,614.4,614.4
8711.09,5637.75,2564.4,614.4,614.4,614.4
8711.09,5637.75,2564.4,614.4,614.4,614.4
8711.09,5637.75,2564.4,614.4,614.4,614.4
8711.09,5637.75,2564.4,614.4,614.4,614.4
8711.09,5637.75,2564.4,614.4,614.4,614.4
8711.09,5637.75,2564.4,614.4,614.4,614.4
8711.09,5637.75,2564.4,614.4,614.4,614.4
8711.09,5637.75,2564.4,614.4,614.4,614.4
8711.09,5637.75,2564.4,614.4,614.4,614.4
8711.09,5637.75,2564.4,614.4,614.4,614.4
8711.09,5637.75,2564.4,614.4,614.4,614.4
8711.09,5637.75,2564.4,614.4,614.4,614.4
8711.09,5637.75,2564.4,614.4,614.4,614.4
8711.09,5637.75,2564.4,614.4,614.4,614.4
8711.09,5637.75,2564.4,614.4,614.4,614.4
8711.09,5637.75,2564.4,614.4,614.4,614.4
8711.09,5637.75,2564.4,614.4,614.4,614.4
8711.09,5637.75,2564.4,614.4,614.4,614.4
8711.09,5637.75,2564.4,614.4,614.4,614.4
8711.09,5637.75,2564.4,614.4,614.4,614.4
8711.09,5637.75,2564.4,614.4,614.4,614.4
8711.09,5637.75,2564.4,614.4,614.4,614.4
8711.09,5637.75,2564.4,614.4,614.4,614.4
8711.09,5637.75,2564.4,614.4,614.4,614.4
8711.09,5637.75,2564.4,614.4,614.4,614.4
8711.09,5637.75,2564.4,614.4,614.4,614.4
8711.09,5637.75,2564.4,614.4,614.4,614.4
8711.09,5637.75,2564.4,614.4,614.4,614.4
8711.09,5637.75,2564.4,614.4,614.4,614.4
8711.09,5637.75,2564.4,614.4,614.4,614.4
8711.09,5637.75,2564.4,614.4,614.4,614.4
8711.09,5637.75,2564.4,614.4,614.4,614.4
8711.09,5637.75,2564.4,614.4,614.4,614.4
8711.09,5637.75,2564.4,614.4,614.4,614.4
8711.09,5637.75,2564.4,614.4,614.4,614.4
8711.09,5637.75,2564.4,614.4,614.4,614.4
8711.09,5637.75,2564.4,614.4,614.4,614.4
8711.09,5637.75,2564.4,614.4,614.4,614.4
8711.09,5637.75,2564.4,614.4,614.4,614.4
8711.09,5637.75,2564.4,614.4,614.4,614.4
8711.09,5637.75,2564.4,614.4,614.4,614.4
8711.09,5637.75,2564.4,614.4,614.4,614.4
8711.09,5637.75,2564.4,614.4,614.4,614.4
8711.09,5637.75,2564.4,614.4,614.4,614.4
8711.09,5637.75,2564.4,614.4,614.4,614.4
8711.09,5637.75,2564.4,614.4,614.4,614.4
8711.09,5637.75,2564.4,614.4,614.4,614.4
8711.09,5637.75,2564.4,614.4,614.4,614.4
8711.09,5637.75,2564.4,614.4,614.4,614.4
8711.09,5637.75,2564.4,614.4,614.4,614.4
8711.09,5637.75,2564.4,614.4,614.4,614.4
8711.09,5637.75,2564.4,614.4,614.4,614.4
8711.09,5637.75,2564.4,614.4,614.4,614.4
8711.09,5637.75,2564.4,614.4,614.4,614.4
8711.09,5637.75,2564.4,614.4,614.4,614.4
8711.09,5637.75,2564.4,614.4,614.4,614.4
8711.09,5637.75,2564.4,614.4,614.4,614.4
8711.09,5637.75,2564.4,614.4,614.4,614.4
8711.09,5637.75,2564.4,614.4,614.4,614.4
8711.09,5637.75,2564.4,614.4,614.4,614.4
8711.09,5637.75,2564.4,614.4,614.4,614.4
8711.09,5637.75,2564.4,614.4,614.4,614.4
8711.09,5637.75,2564.4,614.4,614.4,614.4
8711.09,5637.75,2564.4,614.4,614.4,614.4
8711.09,5637.75,2564.4,614.4,614.4,614.4
8711.09,5637.75,2564.4,614.4,614.4,614.4
8711.09,5637.75,2564.4,614.4,614.4,614.4
8711.09,5637.75,2564.4,614.4,614.4,614.4
8711.09,5637.75,2564.4,614.4,614.4,614.4
8711.09,5637.75,2564.4,614.4,614.4,614.4
8711.09,5637.75,2564.4,614.4,614.4,614.4
8711.09,5637.75,2564.4,614.4,614.4,614.4
8711.09,5637.75,2564.4,614.4,614.4,614.4
8711.09,5637.75,2564.4,614.4,614.4,614.4
8711.09,5637.75,2564.4,614.4,614.4,614.4
8711.09,5637.75,2564.4,614.4,614.4,614.4
8711.09,5637.75,2564.4,614.4,614.4,614.4
8711.09,5637.75,2564.4,614.4,614.4,614.4
8711.09,5637.75,2564.4,614.4,614.4,614.4
8711.09,5637.75,2564.4,614.4,614.4,614.4
8711.09,5637.75,2564.4,614.4,614.4,614.4
8711.09,5637.75,2564.4,614.4,614.4,614.4
8711.09,5637.75,2564.4,614.4,614.4,614.4
8711.09,5637.75,2564.4,614.4,614.4,614.4
8711.09,5637.75,2564.4,614.4,614.4,614.4
8711.09,5637.75,2564.4,614.4,614.4,614.4
8711.09,5637.75,2564.4,614.4,614.4,614.4
8711.09,5637.75,2564.4,614.4,614.4,614.4
8711.09,5637.75,2564.4,614.4,614.4,614.4
8711.09,5637.75,2564.4,614.4,614.4,614.4
8711.09,5637.75,2564.4,614.4,614.4,614.4
8711.09,5637.75,2564.4,614.4,614.4,614.4
8711.09,5637.75,2564.4,614.4,614.4,614.4
8711.09,5637.75,2564.4,614.4,614.4,614.4
8711.09,5637.75,2564.4,614.4,614.4,614.4
8711.09,5637.75,2564.4,614.4,614.4,614.4
8711.09,5637.75,2564.4,614.4,614.4,614.4
8711.09,5637.75,2564.4,614.4,614.4,614.4
8711.09,5637.75,2564.4,614.4,614.4,614.4
8711.09,5637.75,2564.4,614.4,614.4,614.4
8711.09,5637.75,2564.4,614.4,614.4,614.4
8711.09,5637.75,2564.4,614.4,614.4,614.4
8711.09,5637.75,2564.4,614.4,614.4,614.4
8711.09,5637.75,2564.4,614.4,614.4,614.4
8711.09,5637.75,2564.4,614.4,614.4,614.4
8711.09,5637.75,2564.4,614.4,614.4,614.4
8711.09,5637.75,2564.4,614.4,614.4,614.4
8711.09,5637.75,2564.4,614.4,614.4,614.4
8711.09,5637.75,2564.4,614.4,614.4,614.4
8711.09,5637.75,2564.4,614.4,614.4,614.4
8711.09,5637.75,2564.4,614.4,614.4,614.4
8711.09,5637.75,2564.4,614.4,614.4,614.4
8711.09,5637.75,2564.4,614.4,614.4,614.4
8711.09,5637.75,2564.4,614.4,614.4,614.4
8711.09,5637.75,2564.4,614.4,614.4,614.4
8711.09,5637.75,2564.4,614.4,614.4,614.4
8711.09,5637.75,2564.4,614.4,614.4,614.4
8711.09,5637.75,2564.4,614.4,614.4,614.4
8711.09,5637.75,2564.4,614.4,614.4,614.4
8711.09,5637.75,2564.4,614.4,614.4,614.4
8711.09,5637.75,2564.4,614.4,614.4,614.4
8711.09,5637.75,2564.4,614.4,614.4,614.4
8711.09,5637.75,2564.4,614.4,614.4,614.4
8711.09,5637.75,2564.4,614.4,614.4,614.4
8711.09,5637.75,2564.4,614.4,614.4,614.4
8711.09,5637.75,2564.4,614.4,614.4,614.4
8711.09,5637.75,2564.4,614.4,614.4,614.4
8711.09,5637.75,2564.4,614.4,614.4,614.4
8711.09,5637.75,2564.4,614.4,614.4,614.4
8711.09,5637.75,2564.4,614.4,614.4,614.4
8711.09,5637.75,2564.4,614.4,614.4,614.4
8711.09,5637.75,2564.4,614.4,614.4,614.4
8711.09,5637.75,2564.4,614.4,614.4,614.4
8711.09,5637.75,2564.4,614.4,614.4,614.4
8711.09,5637.75,2564.4,614.4,614.4,614.4
8711.09,5637.75,2564.4,614.4,614.4,614.4
8711.09,5637.75,2564.4,614.4,614.4,614.4
8711.09,5637.75,2564.4,614.4,614.4,614.4
8711.09,5637.75,2564.4,614.4,614.4,614.4
8711.09,5637.75,2564.4,614.4,614.4,614.4
8711.09,5637.75,2564.4,614.4,614.4,614.4
8711.09,5637.75,2564.4,614.4,614.4,614.4
8711.09,5637.75,2564.4,614.4,614.4,614.4
8711.09,5637.75,2564.4,614.4,614.4,614.4
8711.09,5637.75,2564.4,614.4,614.4,614.4
8711.09,5637.75,2564.4,614.4,614.4,614.4
8711.09,5637.75,2564.4,614.4,614.4,614.4
8711.09,5637.75,2564.4,614.4,614.4,614.4
8711.09,5637.75,2564.4,614.4,614.4,614.4
8711.09,5637.75,2564.4,614.4,614.4,614.4
8711.09,5637.75,2564.4,614.4,614.4,614.4
8711.09,5637.75,2564.4,614.4,614.4,614.4
8711.09,5637.75,2564.4,614.4,614.4,614.4
8711.09,5637.75,2564.4,614.4,614.4,614.4
8711.09,5637.75,2564.4,614.4,614.4,614.4
8711.09,5637.75,2564.4,614.4,614.4,614.4
8711.09,5637.75,2564.4,614.4,614.4,614.4
8711.09,5637.75,2564.4,614.4,614.4,614.4
8711.09,5637.75,2564.4,614.4,614.4,614.4
8711.09,5637.75,2564.4,614.4,614.4,614.4
8711.09,5637.75,2564.4,614.4,614.4,614.4
8711.09,5637.75,2564.4,614.4,614.4,614.4
8711.09,5637.75,2564.4,614.4,614.4,614.4
8711.09,5637.75,2564.4,614.4,614.4,614.4
8711.09,5637.75,2564.4,614.4,614.4,614.4
8711.09,5637.75,2564.4,614.4,614.4,614.4
8711.09,5637.75,2564.4,614.4,614.4,614.4
8711.09,5637.75,2564.4,614.4,614.4,614.4
8711.09,5637.75,2564.4,614.4,614.4,614.4
8711.09,5637.75,2564.4,614.4,614.4,614.4
8711.09,5637.75,2564.4,614.4,614.4,614.4
8711.09,5637.75,2564.4,614.4,614.4,614.4
8711.09,5637.75,2564.4,614.4,614.4,614.4
8711.09,5637.75,2564.4,614.4,614.4,614.4
8711.09,5637.75,2564.4,614.4,614.4,614.4
8711.09,5637.75,2564.4,614.4,614.4,614.4
8711.09,5637.75,2564.4,614.4,614.4,614.4
8711.09,5637.75,2564.4,614.4,614.4,614.4
8711.09,5637.75,2564.4,614.4,614.4,614.4
8711.09,5637.75,2564.4,614.4,614.4,614.4
8711.09,5637.75,2564.4,614.4,614.4,614.4
8711.09,5637.75,2564.4,614.4,614.4,614.4
8711.09,5637.75,2564.4,614.4,614.4,614.4
8711.09,5637.75,2564.4,614.4,614.4,614.4
8711.09,5637.75,2564.4,614.4,614.4,614.4
8711.09,5637.75,2564.4,614.4,614.4,614.4
8711.09,5637.75,2564.4,614.4,614.4,614.4
8711.09,5637.75,2564.4,614.4,614.4,614.4
8711.09,5637.75,2564.4,614.4,614.4,614.4
8711.09,5637.75,2564.4,614.4,614.4,614.4
8711.09,5637.75,2564.4,614.4,614.4,614.4
8711.09,5637.75,2564.4,614.4,614.4,614.4
8711.09,5637.75,2564.4,614.4,614.4,614.4
8711.09,5637.75,2564.4,614.4,614.4,614.4
8711.09,5637.75,2564.4,614.4,614.4,614.4
8711.09,5637.75,2564.4,614.4,614.4,614.4
8711.09,5637.75,2564.4,614.4,614.4,614.4
8711.09,5637.75,2564.4,614.4,614.4,614.4
8711.09,5637.75,2564.4,614.4,614.4,614.4
8711.09,5637.75,2564.4,614.4,614.4,614.4
8711.09,5637.75,2564.4,614.4,614.4,614.4
8711.09,5637.75,2564.4,614.4,614.4,614.4
8711.09,5637.75,2564.4,614.4,614.4,614.4
8711.09,5637.75,2564.4,614.4,614.4,614.4
8711.09,5637.75,2564.4,614.4,614.4,614.4
8711.09,5637.75,2564.4,614.4,614.4,614.4
8711.09,5637.75,2564.4,614.4,614.4,614.4
8711.09,5637.75,2564.4,614.4,614.4,614.4
8711.09,5637.75,2564.4,614.4,614.4,614.4
8711.09,5637.75,2564.4,614.4,614.4,614.4
8711.09,5637.75,2564.4,614.4,614.4,614.4
8711.09,5637.75,2564.4,614.4,614.4,614.4
8711.09,5637.75,2564.4,614.4,614.4,614.4
8711.09,5637.75,2564.4,614.4,614.4,614.4
8711.09,5637.75,2564.4,614.4,614.4,614.4
8711.09,5637.75,2564.4,614.4,614.4,614.4
8711.09,5637.75,2564.4,614.4,614.4,614.4
8711.09,5637.75,2564.4,614.4,614.4,614.4
8711.09,5637.75,2564.4,614.4,614.4,614.4
8711.09,5637.75,2564.4,614.4,614.4,614.4
8711.09,5637.75,2564.4,614.4,614.4,614.4
8711.09,5637.75,2564.4,614.4,614.4,614.4
8711.09,5637.75,2564.4,614.4,614.4,614.4
8711.09,5637.75,2564.4,614.4,614.4,614.4
8711.09,5637.75,2564.4,614.4,614.4,614.4
8711.09,5637.75,2564.4,614.4,614.4,614.4
8711.09,5637.75,2564.4,614.4,614.4,614.4
8711.09,5637.75,2564.4,614.4,614.4,614.4
8711.09,5637.75,2564.4,614.4,614.4,614.4
8711.09,5637.75,2564.4,614.4,614.4,614.4
8711.09,5637.75,2564.4,614.4,614.4,614.4
8711.09,5637.75,2564.4,614.4,614.4,614.4
8711.09,5637.75,2564.4,614.4,614.4,614.4
8711.09,5637.75,2564.4,614.4,614.4,614.4
8711.09,5637.75,2564.4,614.4,614.4,614.4
8711.09,5637.75,2564.4,614.4,614.4,614.4
8711.09,5637.75,2564.4,614.4,614.4,614.4
8711.09,5637.75,2564.4,614.4,614.4,614.4
8711.09,5637.75,2564.4,614.4,614.4,614.4
8711.09,5637.75,2564.4,614.4,614.4,614.4
8711.09,5637.75,2564.4,614.4,614.4,614.4
8711.09,5637.75,2564.4,614.4,614.4,614.4
8711.09,5637.75,2564.4,614.4,614.4,614.4
8711.09,5637.75,2564.4,614.4,614.4,614.4
8711.09,5637.75,2564.4,614.4,614.4,614.4
8711.09,5637.75,2564.4,614.4,614.4,614.4
8711.09,5637.75,2564.4,614.4,614.4,614.4
8711.09,5637.75,2564.4,614.4,614.4,614.4
8711.09,5637.75,2564.4,614.4,614.4,614.4
8711.09,5637.75,2564.4,614.4,614.4,614.4
8711.09,5637.75,2564.4,614.4,614.4,614.4
8711.09,5637.75,2564.4,614.4,614.4,614.4
8711.09,5637.75,2564.4,614.4,614.4,614.4
8711.09,5637.75,2564.4,614.4,614.4,614.4
8711.09,5637.75,2564.4,614.4,614.4,614.4
8711.09,5637.75,2564.4,614.4,614.4,614.4
8711.09,5637.75,2564.4,614.4,614.4,614.4
8711.09,5637.75,2564.4,614.4,614.4,614.4
8711.09,5637.75,2564.4,614.4,614.4,614.4
8711.09,5637.75,2564.4,614.4,614.4,614.4
8711.09,5637.75,2564.4,614.4,614.4,614.4
8711.09,5637.75,2564.4,614.4,614.4,614.4
8711.09,5637.75,2564.4,614.4,614.4,614.4
8711.09,5637.75,2564.4,614.4,614.4,614.4
8711.09,5637.75,2564.4,614.4,614.4,614.4
8711.09,5637.75,2564.4,614.4,614.4,614.4
8711.09,5637.75,2564.4,614.4,614.4,614.4
8711.09,5637.75,2564.4,614.4,614.4,614.4
8711.09,5637.75,2564.4,614.4,614.4,614.4
8711.09,5637.75,2564.4,614.4,614.4,614.4
8711.09,5637.75,2564.4,614.4,614.4,614.4
8711.09,5637.75,2564.4,614.4,614.4,614.4
8711.09,5637.75,2564.4,614.4,614.4,614.4
8711.09,5637.75,2564.4,614.4,614.4,614.4
8711.09,5637.75,2564.4,614.4,614.4,614.4
8711.09,5637.75,2564.4,614.4,614.4,614.4
8711.09,5637.75,2564.4,614.4,614.4,614.4
8711.09,5637.75,2564.4,614.4,614.4,614.4
8711.09,5637.75,2564.4,614.4,614.4,614.4
8711.09,5637.75,2564.4,614.4,614.4,614.4
8711.09,5637.75,2564.4,614.4,614.4,614.4
8711.09,5637.75,2564.4,614.4,614.4,614.4
8711.09,5637.75,2564.4,614.4,614.4,614.4
8711.09,5637.75,2564.4,614.4,614.4,614.4
8711.09,5637.75,2564.4,614.4,614.4,614.4
8711.09,5637.75,2564.4,614.4,614.4,614.4
8711.09,5637.75,2564.4,614.4,614.4,614.4
8711.09,5637.75,2564.4,614.4,614.4,614.4
8711.09,5637.75,2564.4,614.4,614.4,614.4
8711.09,5637.75,2564.4,614.4,614.4,614.4
8711.09,5637.75,2564.4,614.4,614.4,614.4
8711.09,5637.75,2564.4,614.4,614.4,614.4
8711.09,5637.75,2564.4,614.4,614.4,614.4
8711.09,5637.75,2564.4,614.4,614.4,614.4
8711.09,5637.75,2564.4,614.4,614.4,614.4
8711.09,5637.75,2564.4,614.4,614.4,614.4
8711.09,5637.75,2564.4,614.4,614.4,614.4
8711.09,5637.75,2564.4,614.4,614.4,614.4
8711.09,5637.75,2564.4,614.4,614.4,614.4
8711.09,5637.75,2564.4,614.4,614.4,614.4
8711.09,5637.75,2564.4,614.4,614.4,614.4
8711.09,5637.75,2564.4,614.4,614.4,614.4
8711.09,5637.75,2564.4,614.4,614.4,614.4
8711.09,5637.75,2564.4,614.4,614.4,614.4
8711.09,5637.75,2564.4,614.4,614.4,614.4
8711.09,5637.75,2564.4,614.4,614.4,614.4
8711.09,5637.75,2564.4,614.4,614.4,614.4
8711.09,5637.75,2564.4,614.4,614.4,614.4
8711.09,5637.75,2564.4,614.4,614.4,614.4
8711.09,5637.75,2564.4,614.4,614.4,614.4
8711.09,5637.75,2564.4,614.4,614.4,614.4
8711.09,5637.75,2564.4,614.4,614.4,614.4
8711.09,5637.75,2564.4,614.4,614.4,614.4
8711.09,5637.75,2564.4,614.4,614.4,614.4
8711.09,5637.75,2564.4,614.4,614.4,614.4
8711.09,5637.75,2564.4,614.4,614.4,614.4
8711.09,5637.75,2564.4,614.4,614.4,614.4
8711.09,5637.75,2564.4,614.4,614.4,614.4
8711.09,5637.75,2564.4,614.4,614.4,614.4
8711.09,5637.75,2564.4,614.4,614.4,614.4
8711.09,5637.75,2564.4,614.4,614.4,614.4
8711.09,5637.75,2564.4,614.4,614.4,614.4
8711.09,5637.75,2564.4,614.4,614.4,614.4
8711.09,5637.75,2564.4,614.4,614.4,614.4
8711.09,5637.75,2564.4,614.4,614.4,614.4
8711.09,5637.75,2564.4,614.4,614.4,614.4
8711.09,5637.75,2564.4,614.4,614.4,614.4
8711.09,5637.75,2564.4,614.4,614.4,614.4
8711.09,5637.75,2564.4,614.4,614.4,614.4
8711.09,5637.75,2564.4,614.4,614.4,614.4
8711.09,5637.75,2564.4,614.4,614.4,614.4
8711.09,5637.75,2564.4,614.4,614.4,614.4
8711.09,5637.75,2564.4,614.4,614.4,614.4
8711.09,5637.75,2564.4,614.4,614.4,614.4
8711.09,5637.75,2564.4,614.4,614.4,614.4
8711.09,5637.75,2564.4,614.4,614.4,614.4
8711.09,5637.75,2564.4,614.4,614.4,614.4
8711.09,5637.75,2564.4,614.4,614.4,614.4
8711.09,5637.75,2564.4,614.4,614.4,614.4
8711.09,5637.75,2564.4,614.4,614.4,614.4
8711.09,5637.75,2564.4,614.4,614.4,614.4
8711.09,5637.75,2564.4,614.4,614.4,614.4
8711.09,5637.75,2564.4,614.4,614.4,614.4
8711.09,5637.75,2564.4,614.4,614.4,614.4
8711.09,5637.75,2564.4,614.4,614.4,614.4
8711.09,5637.75,2564.4,614.4,614.4,614.4
8711.09,5637.75,2564.4,614.4,614.4,614.4
8711.09,5637.75,2564.4,614.4,614.4,614.4
8711.09,5637.75,2564.4,614.4,614.4,614.4
8711.09,5637.75,2564.4,614.4,614.4,614.4
8711.09,5637.75,2564.4,614.4,614.4,614.4
8711.09,5637.75,2564.4,614.4,614.4,614.4
8711.09,5637.75,2564.4,614.4,614.4,614.4
8711.09,5637.75,2564.4,614.4,614.4,614.4
8711.09,5637.75,2564.4,614.4,614.4,614.4
8711.09,5637.75,2564.4,614.4,614.4,614.4
8711.09,5637.75,2564.4,614.4,614.4,614.4
8711.09,5637.75,2564.4,614.4,614.4,614.4
8711.09,5637.75,2564.4,614.4,614.4,614.4
8711.09,5637.75,2564.4,614.4,614.4,614.4
8711.09,5637.75,2564.4,614.4,614.4,614.4
8711.09,5637.75,2564.4,614.4,614.4,614.4
8711.09,5637.75,2564.4,614.4,614.4,614.4
8711.09,5637.75,2564.4,614.4,614.4,614.4
8711.09,5637.75,2564.4,614.4,614.4,614.4
8711.09,5637.75,2564.4,614.4,614.4,614.4
8711.09,5637.75,2564.4,614.4,614.4,614.4
8711.09,5637.75,2564.4,614.4,614.4,614.4
8711.09,5637.75,2564.4,614.4,614.4,614.4
8711.09,5637.75,2564.4,614.4,614.4,614.4
8711.09,5637.75,2564.4,614.4,614.4,614.4
8711.09,5637.75,2564.4,614.4,614.4,614.4
8711.09,5637.75,2564.4,614.4,614.4,614.4
8711.09,5637.75,2564.4,614.4,614.4,614.4
8711.09,5637.75,2564.4,614.4,614.4,614.4
8711.09,5637.75,2564.4,614.4,614.4,614.4
8711.09,5637.75,2564.4,614.4,614.4,614.4
8711.09,5637.75,2564.4,614.4,614.4,614.4
8711.09,5637.75,2564.4,614.4,614.4,614.4
8711.09,5637.75,2564.4,614.4,614.4,614.4
8711.09,5637.75,2564.4,614.4,614.4,614.4
8711.09,5637.75,2564.4,614.4,614.4,614.4
8711.09,5637.75,2564.4,614.4,614.4,614.4
8711.09,5637.75,2564.4,614.4,614.4,614.4
8711.09,5637.75,2564.4,614.4,614.4,614.4
8711.09,5637.75,2564.4,614.4,614.4,614.4
8711.09,5637.75,2564.4,614.4,614.4,614.4
8711.09,5637.75,2564.4,614.4,614.4,614.4
8711.09,5637.75,2564.4,614.4,614.4,614.4
8711.09,5637.75,2564.4,614.4,614.4,614.4
8711.09,5637.75,2564.4,614.4,614.4,614.4
8711.09,5637.75,2564.4,614.4,614.4,614.4
8711.09,5637.75,2564.4,614.4,614.4,614.4
8711.09,5637.75,2564.4,614.4,614.4,614.4
8711.09,5637.75,2564.4,614.4,614.4,614.4
8711.09,5637.75,2564.4,614.4,614.4,614.4
8711.09,5637.75,2564.4,614.4,614.4,614.4
8711.09,5637.75,2564.4,614.4,614.4,614.4
8711.09,5637.75,2564.4,614.4,614.4,614.4
8711.09,5637.75,2564.4,614.4,614.4,614.4
8711.09,5637.75,2564.4,614.4,614.4,614.4
8711.09,5637.75,2564.4,614.4,614.4,614.4
8711.09,5637.75,2564.4,614.4,614.4,614.4
8711.09,5637.75,2564.4,614.4,614.4,614.4
8711.09,5637.75,2564.4,614.4,614.4,614.4
8711.09,5637.75,2564.4,614.4,614.4,614.4
8711.09,5637.75,2564.4,614.4,614.4,614.4
8711.09,5637.75,2564.4,614.4,614.4,614.4
8711.09,5637.75,2564.4,614.4,614.4,614.4
8711.09,5637.75,2564.4,614.4,614.4,614.4
8711.09,5637.75,2564.4,614.4,614.4,614.4
8711.09,5637.75,2564.4,614.4,614.4,614.4
8711.09,5637.75,2564.4,614.4,614.4,614.4
8711.09,5637.75,2564.4,614.4,614.4,614.4
8711.09,5637.75,2564.4,614.4,614.4,614.4
8711.09,5637.75,2564.4,614.4,614.4,614.4
8711.09,5637.75,2564.4,614.4,614.4,614.4
8711.09,5637.75,2564.4,614.4,614.4,614.4
8711.09,5637.75,2564.4,614.4,614.4,614.4
8711.09,5637.75,2564.4,614.4,614.4,614.4
8711.09,5637.75,2564.4,614.4,614.4,614.4
8711.09,5637.75,2564.4,614.4,614.4,614.4
8711.09,5637.75,2564.4,614.4,614.4,614.4
8711.09,5637.75,2564.4,614.4,614.4,614.4
8711.09,5637.75,2564.4,614.4,614.4,614.4
8711.09,5637.75,2564.4,614.4,614.4,614.4
8711.09,5637.75,2564.4,614.4,614.4,614.4
8711.09,5637.75,2564.4,614.4,614.4,614.4
8711.09,5637.75,2564.4,614.4,614.4,614.4
8711.09,5637.75,2564.4,614.4,614.4,614.4
8711.09,5637.75,2564.4,614.4,614.4,614.4
8711.09,5637.75,2564.4,614.4,614.4,614.4
8711.09,5637.75,2564.4,614.4,614.4,614.4
8711.09,5637.75,2564.4,614.4,614.4,614.4
8711.09,5637.75,2564.4,614.4,614.4,614.4
8711.09,5637.75,2564.4,614.4,614.4,614.4
8711.09,5637.75,2564.4,614.4,614.4,614.4
8711.09,5637.75,2564.4,614.4,614.4,614.4
8711.09,5637.75,2564.4,614.4,614.4,614.4
8711.09,5637.75,2564.4,614.4,614.4,614.4
8711.09,5637.75,2564.4,614.4,614.4,614.4
8711.09,5637.75,2564.4,614.4,614.4,614.4
8711.09,5637.75,2564.4,614.4,614.4,614.4
8711.09,5637.75,2564.4,614.4,614.4,614.4
8711.09,5637.75,2564.4,614.4,614.4,614.4
8711.09,5637.75,2564.4,614.4,614.4,614.4
8711.09,5637.75,2564.4,614.4,614.4,614.4
8711.09,5637.75,2564.4,614.4,614.4,614.4
8711.09,5637.75,2564.4,614.4,614.4,614.4
8711.09,5637.75,2564.4,614.4,614.4,614.4
8711.09,5637.75,2564.4,614.4,614.4,614.4
8711.09,5637.75,2564.4,614.4,614.4,614.4
8711.09,5637.75,2564.4,614.4,614.4,614.4
8711.09,5637.75,2564.4,614.4,614.4,614.4
8711.09,5637.75,2564.4,614.4,614.4,614.4
8711.09,5637.75,2564.4,614.4,614.4,614.4
8711.09,5637.75,2564.4,614.4,614.4,614.4
8711.09,5637.75,2564.4,614.4,614.4,614.4
8711.09,5637.75,2564.4,614.4,614.4,614.4
8711.09,5637.75,2564.4,614.4,614.4,614.4
8711.09,5637.75,2564.4,614.4,614.4,614.4
8711.09,5637.75,2564.4,614.4,614.4,614.4
8711.09,5637.75,2564.4,614.4,614.4,614.4
8711.09,5637.75,2564.4,614.4,614.4,614.4
8711.09,5637.75,2564.4,614.4,614.4,614.4
8711.09,5637.75,2564.4,614.4,614.4,614.4
8711.09,5637.75,2564.4,614.4,614.4,614.4
8711.09,5637.75,2564.4,614.4,614.4,614.4
8711.09,5637.75,2564.4,614.4,614.4,614.4
8711.09,5637.75,2564.4,614.4,614.4,614.4
8711.09,5637.75,2564.4,614.4,614.4,614.4
8711.09,5637.75,2564.4,614.4,614.4,614.4
8711.09,5637.75,2564.4,614.4,614.4,614.4
8711.09,5637.75,2564.4,614.4,614.4,614.4
8711.09,5637.75,2564.4,614.4,614.4,614.4
8711.09,5637.75,2564.4,614.4,614.4,614.4
8711.09,5637.75,2564.4,614.4,614.4,614.4
8711.09,5637.75,2564.4,614.4,614.4,614.4
8711.09,5637.75,2564.4,614.4,614.4,614.4
8711.09,5637.75,2564.4,614.4,614.4,614.4
8711.09,5637.75,2564.4,614.4,614.4,614.4
8711.09,5637.75,2564.4,614.4,614.4,614.4
8711.09,5637.75,2564.4,614.4,614.4,614.4
8711.09,5637.75,2564.4,614.4,614.4,614.4
8711.09,5637.75,2564.4,614.4,614.4,614.4
8711.09,5637.75,2564.4,614.4,614.4,614.4
8711.09,5637.75,2564.4,614.4,614.4,614.4
8711.09,5637.75,2564.4,614.4,614.4,614.4
8711.09,5637.75,2564.4,614.4,614.4,614.4
8711.09,5637.75,2564.4,614.4,614.4,614.4
8711.09,5637.75,2564.4,614.4,614.4,614.4
8711.09,5637.75,2564.4,614.4,614.4,614.4
8711.09,5637.75,2564.4,614.4,614.4,614.4
8711.09,5637.75,2564.4,614.4,614.4,614.4
8711.09,5637.75,2564.4,614.4,614.4,614.4
8711.09,5637.75,2564.4,614.4,614.4,614.4
8711.09,5637.75,2564.4,614.4,614.4,614.4
8711.09,5637.75,2564.4,614.4,614.4,614.4
8711.09,5637.75,2564.4,614.4,614.4,614.4
8711.09,5637.75,2564.4,614.4,614.4,614.4
8711.09,5637.75,2564.4,614.4,614.4,614.4
8711.09,5637.75,2564.4,614.4,614.4,614.4
8711.09,5637.75,2564.4,614.4,614.4,614.4
8711.09,5637.75,2564.4,614.4,614.4,614.4
8711.09,5637.75,2564.4,614.4,614.4,614.4
8711.09,5637.75,2564.4,614.4,614.4,614.4
8711.09,5637.75,2564.4,614.4,614.4,614.4
8711.09,5637.75,2564.4,614.4,614.4,614.4
8711.09,5637.75,2564.4,614.4,614.4,614.4
8711.09,5637.75,2564.4,614.4,614.4,614.4
8711.09,5637.75,2564.4,614.4,614.4,614.4
8711.09,5637.75,2564.4,614.4,614.4,614.4
8711.09,5637.75,2564.4,614.4,614.4,614.4
8711.09,5637.75,2564.4,614.4,614.4,614.4
8711.09,5637.75,2564.4,614.4,614.4,614.4
8711.09,5637.75,2564.4,614.4,614.4,614.4
8711.09,5637.75,2564.4,614.4,614.4,614.4
8711.09,5637.75,2564.4,614.4,614.4,614.4
8711.09,5637.75,2564.4,614.4,614.4,614.4
8711.09,5637.75,2564.4,614.4,614.4,614.4
8711.09,5637.75,2564.4,614.4,614.4,614.4
8711.09,5637.75,2564.4,614.4,614.4,614.4
8711.09,5637.75,2564.4,614.4,614.4,614.4
8711.09,5637.75,2564.4,614.4,614.4,614.4
8711.09,5637.75,2564.4,614.4,614.4,614.4
8711.09,5637.75,2564.4,614.4,614.4,614.4
8711.09,5637.75,2564.4,614.4,614.4,614.4
8711.09,5637.75,2564.4,614.4,614.4,614.4
8711.09,5637.75,2564.4,614.4,614.4,614.4
8711.09,5637.75,2564.4,614.4,614.4,614.4
8711.09,5637.75,2564.4,614.4,614.4,614.4
8711.09,5637.75,2564.4,614.4,614.4,614.4
8711.09,5637.75,2564.4,614.4,614.4,614.4
8711.09,5637.75,2564.4,614.4,614.4,614.4
8711.09,5637.75,2564.4,614.4,614.4,614.4
8711.09,5637.75,2564.4,614.4,614.4,614.4
8711.09,5637.75,2564.4,614.4,614.4,614.4
8711.09,5637.75,2564.4,614.4,614.4,614.4
8711.09,5637.75,2564.4,614.4,614.4,614.4
8711.09,5637.75,2564.4,614.4,614.4,614.4
8711.09,5637.75,2564.4,614.4,614.4,614.4
8711.09,5637.75,2564.4,614.4,614.4,614.4
8711.09,5637.75,2564.4,614.4,614.4,614.4
8711.09,5637.75,2564.4,614.4,614.4,614.4
8711.09,5637.75,2564.4,614.4,614.4,614.4
8711.09,5637.75,2564.4,614.4,614.4,614.4
8711.09,5637.75,2564.4,614.4,614.4,614.4
8711.09,5637.75,2564.4,614.4,614.4,614.4
8711.09,5637.75,2564.4,614.4,614.4,614.4
8711.09,5637.75,2564.4,614.4,614.4,614.4
8711.09,5637.75,2564.4,614.4,614.4,614.4
8711.09,5637.75,2564.4,614.4,614.4,614.4
8711.09,5637.75,2564.4,614.4,614.4,614.4
8711.09,5637.75,2564.4,614.4,614.4,614.4
8711.09,5637.75,2564.4,614.4,614.4,614.4
8711.09,5637.75,2564.4,614.4,614.4,614.4
8711.09,5637.75,2564.4,614.4,614.4,614.4
8711.09,5637.75,2564.4,614.4,614.4,614.4
8711.09,5637.75,2564.4,614.4,614.4,614.4
8711.09,5637.75,2564.4,614.4,614.4,614.4
8711.09,5637.75,2564.4,614.4,614.4,614.4
8711.09,5637.75,2564.4,614.4,614.4,614.4
8711.09,5637.75,2564.4,614.4,614.4,614.4
8711.09,5637.75,2564.4,614.4,614.4,614.4
8711.09,5637.75,2564.4,614.4,614.4,614.4
8711.09,5637.75,2564.4,614.4,614.4,614.4
8711.09,5637.75,2564.4,614.4,614.4,614.4
8711.09,5637.75,2564.4,614.4,614.4,614.4
8711.09,5637.75,2564.4,614.4,614.4,614.4
8711.09,5637.75,2564.4,614.4,614.4,614.4
8711.09,5637.75,2564.4,614.4,614.4,614.4
8711.09,5637.75,2564.4,614.4,614.4,614.4
8711.09,5637.75,2564.4,614.4,614.4,614.4
8711.09,5637.75,2564.4,614.4,614.4,614.4
8711.09,5637.75,2564.4,614.4,614.4,614.4
8711.09,5637.75,2564.4,614.4,614.4,614.4
8711.09,5637.75,2564.4,614.4,614.4,614.4
8711.09,5637.75,2564.4,614.4,614.4,614.4
8711.09,5637.75,2564.4,614.4,614.4,614.4
8711.09,5637.75,2564.4,614.4,614.4,614.4
8711.09,5637.75,2564.4,614.4,614.4,614.4
8711.09,5637.75,2564.4,614.4,614.4,614.4
8711.09,5637.75,2564.4,614.4,614.4,614.4
8711.09,5637.75,2564.4,614.4,614.4,614.4
8711.09,5637.75,2564.4,614.4,614.4,614.4
8711.09,5637.75,2564.4,614.4,614.4,614.4
8711.09,5637.75,2564.4,614.4,614.4,614.4
8711.09,5637.75,2564.4,614.4,614.4,614.4
8711.09,5637.75,2564.4,614.4,614.4,614.4
8711.09,5637.75,2564.4,614.4,614.4,614.4
8711.09,5637.75,2564.4,614.4,614.4,614.4
8711.09,5637.75,2564.4,614.4,614.4,614.4
8711.09,5637.75,2564.4,614.4,614.4,614.4
8711.09,5637.75,2564.4,614.4,614.4,614.4
8711.09,5637.75,2564.4,614.4,614.4,614.4
8711.09,5637.75,2564.4,614.4,614.4,614.4
8711.09,5637.75,2564.4,614.4,614.4,614.4
8711.09,5637.75,2564.4,614.4,614.4,614.4
8711.09,5637.75,2564.4,614.4,614.4,614.4
8711.09,5637.75,2564.4,614.4,614.4,614.4
8711.09,5637.75,2564.4,614.4,614.4,614.4
8711.09,5637.75,2564.4,614.4,614.4,614.4
8711.09,5637.75,2564.4,614.4,614.4,614.4
8711.09,5637.75,2564.4,614.4,614.4,614.4
8711.09,5637.75,2564.4,614.4,614.4,614.4
8711.09,5637.75,2564.4,614.4,614.4,614.4
8711.09,5637.75,2564.4,614.4,614.4,614.4
8711.09,5637.75,2564.4,614.4,614.4,614.4
8711.09,5637.75,2564.4,614.4,614.4,614.4
8711.09,5637.75,2564.4,614.4,614.4,614.4
8711.09,5637.75,2564.4,614.4,614.4,614.4
8711.09,5637.75,2564.4,614.4,614.4,614.4
8711.09,5637.75,2564.4,614.4,614.4,614.4
8711.09,5637.75,2564.4,614.4,614.4,614.4
8711.09,5637.75,2564.4,614.4,614.4,614.4
8711.09,5637.75,2564.4,614.4,614.4,614.4
8711.09,5637.75,2564.4,614.4,614.4,614.4
8711.09,5637.75,2564.4,614.4,614.4,614.4
8711.09,5637.75,2564.4,614.4,614.4,614.4
8711.09,5637.75,2564.4,614.4,614.4,614.4
8711.09,5637.75,2564.4,614.4,614.4,614.4
8711.09,5637.75,2564.4,614.4,614.4,614.4
8711.09,5637.75,2564.4,614.4,614.4,614.4
8711.09,5637.75,2564.4,614.4,614.4,614.4
8711.09,5637.75,2564.4,614.4,614.4,614.4
8711.09,5637.75,2564.4,614.4,614.4,614.4
8711.09,5637.75,2564.4,614.4,614.4,614.4
8711.09,5637.75,2564.4,614.4,614.4,614.4
8711.09,5637.75,2564.4,614.4,614.4,614.4
8711.09,5637.75,2564.4,614.4,614.4,614.4
8711.09,5637.75,2564.4,614.4,614.4,614.4
8711.09,5637.75,2564.4,614.4,614.4,614.4
8711.09,5637.75,2564.4,614.4,614.4,614.4
8711.09,5637.75,2564.4,614.4,614.4,614.4
8711.09,5637.75,2564.4,614.4,614.4,614.4
8711.09,5637.75,2564.4,614.4,614.4,614.4
8711.09,5637.75,2564.4,614.4,614.4,614.4
8711.09,5637.75,2564.4,614.4,614.4,614.4
8711.09,5637.75,2564.4,614.4,614.4,614.4
8711.09,5637.75,2564.4,614.4,614.4,614.4
8711.09,5637.75,2564.4,614.4,614.4,614.4
8711.09,5637.75,2564.4,614.4,614.4,614.4
8711.09,5637.75,2564.4,614.4,614.4,614.4
8711.09,5637.75,2564.4,614.4,614.4,614.4
8711.09,5637.75,2564.4,614.4,614.4,614.4
8711.09,5637.75,2564.4,614.4,614.4,614.4
8711.09,5637.75,2564.4,614.4,614.4,614.4
8711.09,5637.75,2564.4,614.4,614.4,614.4
8711.09,5637.75,2564.4,614.4,614.4,614.4
8711.09,5637.75,2564.4,614.4,614.4,614.4
8711.09,5637.75,2564.4,614.4,614.4,614.4
8711.09,5637.75,2564.4,614.4,614.4,614.4
8711.09,5637.75,2564.4,614.4,614.4,614.4
8711.09,5637.75,2564.4,614.4,614.4,614.4
8711.09,5637.75,2564.4,614.4,614.4,614.4
8711.09,5637.75,2564.4,614.4,614.4,614.4
8711.09,5637.75,2564.4,614.4,614.4,614.4
8711.09,5637.75,2564.4,614.4,614.4,614.4
8711.09,5637.75,2564.4,614.4,614.4,614.4
8711.09,5637.75,2564.4,614.4,614.4,614.4
8711.09,5637.75,2564.4,614.4,614.4,614.4
8711.09,5637.75,2564.4,614.4,614.4,614.4
8711.09,5637.75,2564.4,614.4,614.4,614.4
8711.09,5637.75,2564.4,614.4,614.4,614.4
8711.09,5637.75,2564.4,614.4,614.4,614.4
8711.09,5637.75,2564.4,614.4,614.4,614.4
8711.09,5637.75,2564.4,614.4,614.4,614.4
8711.09,5637.75,2564.4,614.4,614.4,614.4
8711.09,5637.75,2564.4,614.4,614.4,614.4
8711.09,5637.75,2564.4,614.4,614.4,614.4
8711.09,5637.75,2564.4,614.4,614.4,614.4
8711.09,5637.75,2564.4,614.4,614.4,614.4
8711.09,5637.75,2564.4,614.4,614.4,614.4
8711.09,5637.75,2564.4,614.4,614.4,614.4
8711.09,5637.75,2564.4,614.4,614.4,614.4
8711.09,5637.75,2564.4,614.4,614.4,614.4
8711.09,5637.75,2564.4,614.4,614.4,614.4
8711.09,5637.75,2564.4,614.4,614.4,614.4
8711.09,5637.75,2564.4,614.4,614.4,614.4
8711.09,5637.75,2564.4,614.4,614.4,614.4
8711.09,5637.75,2564.4,614.4,614.4,614.4
8711.09,5637.75,2564.4,614.4,614.4,614.4
8711.09,5637.75,2564.4,614.4,614.4,614.4
8711.09,5637.75,2564.4,614.4,614.4,614.4
8711.09,5637.75,2564.4,614.4,614.4,614.4
8711.09,5637.75,2564.4,614.4,614.4,614.4
8711.09,5637.75,2564.4,614.4,614.4,614.4
8711.09,5637.75,2564.4,614.4,614.4,614.4
8711.09,5637.75,2564.4,614.4,614.4,614.4
8711.09,5637.75,2564.4,614.4,614.4,614.4
8711.09,5637.75,2564.4,614.4,614.4,614.4
8711.09,5637.75,2564.4,614.4,614.4,614.4
8711.09,5637.75,2564.4,614.4,614.4,614.4
8711.09,5637.75,2564.4,614.4,614.4,614.4
8711.09,5637.75,2564.4,614.4,614.4,614.4
8711.09,5637.75,2564.4,614.4,614.4,614.4
8711.09,5637.75,2564.4,614.4,614.4,614.4
8711.09,5637.75,2564.4,614.4,614.4,614.4
8711.09,5637.75,2564.4,614.4,614.4,614.4
8711.09,5637.75,2564.4,614.4,614.4,614.4
8711.09,5637.75,2564.4,614.4,614.4,614.4
8711.09,5637.75,2564.4,614.4,614.4,614.4
8711.09,5637.75,2564.4,614.4,614.4,614.4
8711.09,5637.75,2564.4,614.4,614.4,614.4
8711.09,5637.75,2564.4,614.4,614.4,614.4
8711.09,5637.75,2564.4,614.4,614.4,614.4
8711.09,5637.75,2564.4,614.4,614.4,614.4
8711.09,5637.75,2564.4,614.4,614.4,614.4
8711.09,5637.75,2564.4,614.4,614.4,614.4
8711.09,5637.75,2564.4,614.4,614.4,614.4
8711.09,5637.75,2564.4,614.4,614.4,614.4
8711.09,5637.75,2564.4,614.4,614.4,614.4
8711.09,5637.75,2564.4,614.4,614.4,614.4
8711.09,5637.75,2564.4,614.4,614.4,614.4
8711.09,5637.75,2564.4,614.4,614.4,614.4
8711.09,5637.75,2564.4,614.4,614.4,614.4
8711.09,5637.75,2564.4,614.4,614.4,614.4
8711.09,5637.75,2564.4,614.4,614.4,614.4
8711.09,5637.75,2564.4,614.4,614.4,614.4
8711.09,5637.75,2564.4,614.4,614.4,614.4
8711.09,5637.75,2564.4,614.4,614.4,614.4
8711.09,5637.75,2564.4,614.4,614.4,614.4
8711.09,5637.75,2564.4,614.4,614.4,614.4
8711.09,5637.75,2564.4,614.4,614.4,614.4
8711.09,5637.75,2564.4,614.4,614.4,614.4
8711.09,5637.75,2564.4,614.4,614.4,614.4
8711.09,5637.75,2564.4,614.4,614.4,614.4
8711.09,5637.75,2564.4,614.4,614.4,614.4
8711.09,5637.75,2564.4,614.4,614.4,614.4
8711.09,5637.75,2564.4,614.4,614.4,614.4
8711.09,5637.75,2564.4,614.4,614.4,614.4
8711.09,5637.75,2564.4,614.4,614.4,614.4
8711.09,5637.75,2564.4,614.4,614.4,614.4
8711.09,5637.75,2564.4,614.4,614.4,614.4
8711.09,5637.75,2564.4,614.4,614.4,614.4
8711.09,5637.75,2564.4,614.4,614.4,614.4
8711.09,5637.75,2564.4,614.4,614.4,614.4
8711.09,5637.75,2564.4,614.4,614.4,614.4
8711.09,5637.75,2564.4,614.4,614.4,614.4
8711.09,5637.75,2564.4,614.4,614.4,614.4
8711.09,5637.75,2564.4,614.4,614.4,614.4
8711.09,5637.75,2564.4,614.4,614.4,614.4
8711.09,5637.75,2564.4,614.4,614.4,614.4
8711.09,5637.75,2564.4,614.4,614.4,614.4
8711.09,5637.75,2564.4,614.4,614.4,614.4
8711.09,5637.75,2564.4,614.4,614.4,614.4
8711.09,5637.75,2564.4,614.4,614.4,614.4
8711.09,5637.75,2564.4,614.4,614.4,614.4
8711.09,5637.75,2564.4,614.4,614.4,614.4
8711.09,5637.75,2564.4,614.4,614.4,614.4
8711.09,5637.75,2564.4,614.4,614.4,614.4
8711.09,5637.75,2564.4,614.4,614.4,614.4
8711.09,5637.75,2564.4,614.4,614.4,614.4
8711.09,5637.75,2564.4,614.4,614.4,614.4
8711.09,5637.75,2564.4,614.4,614.4,614.4
8711.09,5637.75,2564.4,614.4,614.4,614.4
8711.09,5637.75,2564.4,614.4,614.4,614.4
8711.09,5637.75,2564.4,614.4,614.4,614.4
8711.09,5637.75,2564.4,614.4,614.4,614.4
8711.09,5637.75,2564.4,614.4,614.4,614.4
8711.09,5637.75,2564.4,614.4,614.4,614.4
8711.09,5637.75,2564.4,614.4,614.4,614.4
8711.09,5637.75,2564.4,614.4,614.4,614.4
8711.09,5637.75,2564.4,614.4,614.4,614.4
8711.09,5637.75,2564.4,614.4,614.4,614.4
8711.09,5637.75,2564.4,614.4,614.4,614.4
8711.09,5637.75,2564.4,614.4,614.4,614.4
8711.09,5637.75,2564.4,614.4,614.4,614.4
8711.09,5637.75,2564.4,614.4,614.4,614.4
8711.09,5637.75,2564.4,614.4,614.4,614.4
8711.09,5637.75,2564.4,614.4,614.4,614.4
8711.09,5637.75,2564.4,614.4,614.4,614.4
8711.09,5637.75,2564.4,614.4,614.4,614.4
8711.09,5637.75,2564.4,614.4,614.4,614.4
8711.09,5637.75,2564.4,614.4,614.4,614.4
8711.09,5637.75,2564.4,614.4,614.4,614.4
8711.09,5637.75,2564.4,614.4,614.4,614.4
8711.09,5637.75,2564.4,614.4,614.4,614.4
8711.09,5637.75,2564.4,614.4,614.4,614.4
8711.09,5637.75,2564.4,614.4,614.4,614.4
8711.09,5637.75,2564.4,614.4,614.4,614.4
8711.09,5637.75,2564.4,614.4,614.4,614.4
8711.09,5637.75,2564.4,614.4,614.4,614.4
8711.09,5637.75,2564.4,614.4,614.4,614.4
8711.09,5637.75,2564.4,614.4,614.4,614.4
8711.09,5637.75,2564.4,614.4,614.4,614.4
8711.09,5637.75,2564.4,614.4,614.4,614.4
8711.09,5637.75,2564.4,614.4,614.4,614.4
8711.09,5637.75,2564.4,614.4,614.4,614.4
8711.09,5637.75,2564.4,614.4,614.4,614.4
8711.09,5637.75,2564.4,614.4,614.4,614.4
8711.09,5637.75,2564.4,614.4,614.4,614.4
8711.09,5637.75,2564.4,614.4,614.4,614.4
8711.09,5637.75,2564.4,614.4,614.4,614.4
8711.09,5637.75,2564.4,614.4,614.4,614.4
8711.09,5637.75,2564.4,614.4,614.4,614.4
8711.09,5637.75,2564.4,614.4,614.4,614.4
8711.09,5637.75,2564.4,614.4,614.4,614.4
8711.09,5637.75,2564.4,614.4,614.4,614.4
8711.09,5637.75,2564.4,614.4,614.4,614.4
8711.09,5637.75,2564.4,614.4,614.4,614.4
8711.09,5637.75,2564.4,614.4,614.4,614.4
8711.09,5637.75,2564.4,614.4,614.4,614.4
8711.09,5637.75,2564.4,614.4,614.4,614.4
8711.09,5637.75,2564.4,614.4,614.4,614.4
8711.09,5637.75,2564.4,614.4,614.4,614.4
8711.09,5637.75,2564.4,614.4,614.4,614.4
8711.09,5637.75,2564.4,614.4,614.4,614.4
8711.09,5637.75,2564.4,614.4,614.4,614.4
8711.09,5637.75,2564.4,614.4,614.4,614.4
8711.09,5637.75,2564.4,614.4,614.4,614.4
8711.09,5637.75,2564.4,614.4,614.4,614.4
8711.09,5637.75,2564.4,614.4,614.4,614.4
8711.09,5637.75,2564.4,614.4,614.4,614.4
8711.09,5637.75,2564.4,614.4,614.4,614.4
8711.09,5637.75,2564.4,614.4,614.4,614.4
8711.09,5637.75,2564.4,614.4,614.4,614.4
8711.09,5637.75,2564.4,614.4,614.4,614.4
8711.09,5637.75,2564.4,614.4,614.4,614.4
8711.09,5637.75,2564.4,614.4,614.4,614.4
8711.09,5637.75,2564.4,614.4,614.4,614.4
8711.09,5637.75,2564.4,614.4,614.4,614.4
8711.09,5637.75,2564.4,614.4,614.4,614.4
8711.09,5637.75,2564.4,614.4,614.4,614.4
8711.09,5637.75,2564.4,614.4,614.4,614.4
8711.09,5637.75,2564.4,614.4,614.4,614.4
8711.09,5637.75,2564.4,614.4,614.4,614.4
8711.09,5637.75,2564.4,614.4,614.4,614.4
8711.09,5637.75,2564.4,614.4,614.4,614.4
8711.09,5637.75,2564.4,614.4,614.4,614.4
8711.09,5637.75,2564.4,614.4,614.4,614.4
8711.09,5637.75,2564.4,614.4,614.4,614.4
8711.09,5637.75,2564.4,614.4,614.4,614.4
8711.09,5637.75,2564.4,614.4,614.4,614.4
8711.09,5637.75,2564.4,614.4,614.4,614.4
8711.09,5637.75,2564.4,614.4,614.4,614.4
8711.09,5637.75,2564.4,614.4,614.4,614.4
8711.09,5637.75,2564.4,614.4,614.4,614.4
8711.09,5637.75,2564.4,614.4,614.4,614.4
8711.09,5637.75,2564.4,614.4,614.4,614.4
8711.09,5637.75,2564.4,614.4,614.4,614.4
8711.09,5637.75,2564.4,614.4,614.4,614.4
8711.09,5637.75,2564.4,614.4,614.4,614.4
8711.09,5637.75,2564.4,614.4,614.4,614.4
8711.09,5637.75,2564.4,614.4,614.4,614.4
8711.09,5637.75,2564.4,614.4,614.4,614.4
8711.09,5637.75,2564.4,614.4,614.4,614.4
8711.09,5637.75,2564.4,614.4,614.4,614.4
8711.09,5637.75,2564.4,614.4,614.4,614.4
8711.09,5637.75,2564.4,614.4,614.4,614.4
8711.09,5637.75,2564.4,614.4,614.4,614.4
8711.09,5637.75,2564.4,614.4,614.4,614.4
8711.09,5637.75,2564.4,614.4,614.4,614.4
8711.09,5637.75,2564.4,614.4,614.4,614.4
8711.09,5637.75,2564.4,614.4,614.4,614.4
8711.09,5637.75,2564.4,614.4,614.4,614.4
8711.09,5637.75,2564.4,614.4,614.4,614.4
8711.09,5637.75,2564.4,614.4,614.4,614.4
8711.09,5637.75,2564.4,614.4,614.4,614.4
8711.09,5637.75,2564.4,614.4,614.4,614.4
8711.09,5637.75,2564.4,614.4,614.4,614.4
8711.09,5637.75,2564.4,614.4,614.4,614.4
8711.09,5637.75,2564.4,614.4,614.4,614.4
8711.09,5637.75,2564.4,614.4,614.4,614.4
8711.09,5637.75,2564.4,614.4,614.4,614.4
8711.09,5637.75,2564.4,614.4,614.4,614.4
8711.09,5637.75,2564.4,614.4,614.4,614.4
8711.09,5637.75,2564.4,614.4,614.4,614.4
8711.09,5637.75,2564.4,614.4,614.4,614.4
8711.09,5637.75,2564.4,614.4,614.4,614.4
8711.09,5637.75,2564.4,614.4,614.4,614.4
8711.09,5637.75,2564.4,614.4,614.4,614.4
8711.09,5637.75,2564.4,614.4,614.4,614.4
8711.09,5637.75,2564.4,614.4,614.4,614.4
8711.09,5637.75,2564.4,614.4,614.4,614.4
8711.09,5637.75,2564.4,614.4,614.4,614.4
8711.09,5637.75,2564.4,614.4,614.4,614.4
8711.09,5637.75,2564.4,614.4,614.4,614.4
8711.09,5637.75,2564.4,614.4,614.4,614.4
8711.09,5637.75,2564.4,614.4,614.4,614.4
8711.09,5637.75,2564.4,614.4,614.4,614.4
8711.09,5637.75,2564.4,614.4,614.4,614.4
8711.09,5637.75,2564.4,614.4,614.4,614.4
8711.09,5637.75,2564.4,614.4,614.4,614.4
8711.09,5637.75,2564.4,614.4,614.4,614.4
8711.09,5637.75,2564.4,614.4,614.4,614.4
8711.09,5637.75,2564.4,614.4,614.4,614.4
8711.09,5637.75,2564.4,614.4,614.4,614.4
8711.09,5637.75,2564.4,614.4,614.4,614.4
8711.09,5637.75,2564.4,614.4,614.4,614.4
8711.09,5637.75,2564.4,614.4,614.4,614.4
8711.09,5637.75,2564.4,614.4,614.4,614.4
8711.09,5637.75,2564.4,614.4,614.4,614.4
8711.09,5637.75,2564.4,614.4,614.4,614.4
8711.09,5637.75,2564.4,614.4,614.4,614.4
8711.09,5637.75,2564.4,614.4,614.4,614.4
8711.09,5637.75,2564.4,614.4,614.4,614.4
8711.09,5637.75,2564.4,614.4,614.4,614.4
8711.09,5637.75,2564.4,614.4,614.4,614.4
8711.09,5637.75,2564.4,614.4,614.4,614.4
8711.09,5637.75,2564.4,614.4,614.4,614.4
8711.09,5637.75,2564.4,614.4,614.4,614.4
8711.09,5637.75,2564.4,614.4,614.4,614.4
8711.09,5637.75,2564.4,614.4,614.4,614.4
8711.09,5637.75,2564.4,614.4,614.4,614.4
8711.09,5637.75,2564.4,614.4,614.4,614.4
8711.09,5637.75,2564.4,614.4,614.4,614.4
8711.09,5637.75,2564.4,614.4,614.4,614.4
8711.09,5637.75,2564.4,614.4,614.4,614.4
8711.09,5637.75,2564.4,614.4,614.4,614.4
8711.09,5637.75,2564.4,614.4,614.4,614.4
8711.09,5637.75,2564.4,614.4,614.4,614.4
8711.09,5637.75,2564.4,614.4,614.4,614.4
8711.09,5637.75,2564.4,614.4,614.4,614.4
8711.09,5637.75,2564.4,614.4,614.4,614.4
8711.09,5637.75,2564.4,614.4,614.4,614.4
8711.09,5637.75,2564.4,614.4,614.4,614.4
8711.09,5637.75,2564.4,614.4,614.4,614.4
8711.09,5637.75,2564.4,614.4,614.4,614.4
8711.09,5637.75,2564.4,614.4,614.4,614.4
8711.09,5637.75,2564.4,614.4,614.4,614.4
8711.09,5637.75,2564.4,614.4,614.4,614.4
8711.09,5637.75,2564.4,614.4,614.4,614.4
8711.09,5637.75,2564.4,614.4,614.4,614.4
8711.09,5637.75,2564.4,614.4,614.4,614.4
8711.09,5637.75,2564.4,614.4,614.4,614.4
8711.09,5637.75,2564.4,614.4,614.4,614.4
8711.09,5637.75,2564.4,614.4,614.4,614.4
8711.09,5637.75,2564.4,614.4,614.4,614.4
8711.09,5637.75,2564.4,614.4,614.4,614.4
8711.09,5637.75,2564.4,614.4,614.4,614.4
8711.09,5637.75,2564.4,614.4,614.4,614.4
8711.09,5637.75,2564.4,614.4,614.4,614.4
8711.09,5637.75,2564.4,614.4,614.4,614.4
8711.09,5637.75,2564.4,614.4,614.4,614.4
8711.09,5637.75,2564.4,614.4,614.4,614.4
8711.09,5637.75,2564.4,614.4,614.4,614.4
8711.09,5637.75,2564.4,614.4,614.4,614.4
8711.09,5637.75,2564.4,614.4,614.4,614.4
8711.09,5637.75,2564.4,614.4,614.4,614.4
8711.09,5637.75,2564.4,614.4,614.4,614.4
8711.09,5637.75,2564.4,614.4,614.4,614.4
8711.09,5637.75,2564.4,614.4,614.4,614.4
8711.09,5637.75,2564.4,614.4,614.4,614.4
8711.09,5637.75,2564.4,614.4,614.4,614.4
8711.09,5637.75,2564.4,614.4,614.4,614.4
8711.09,5637.75,2564.4,614.4,614.4,614.4
8711.09,5637.75,2564.4,614.4,614.4,614.4
8711.09,5637.75,2564.4,614.4,614.4,614.4
8711.09,5637.75,2564.4,614.4,614.4,614.4
8711.09,5637.75,2564.4,614.4,614.4,614.4
8711.09,5637.75,2564.4,614.4,614.4,614.4
8711.09,5637.75,2564.4,614.4,614.4,614.4
8711.09,5637.75,2564.4,614.4,614.4,614.4
8711.09,5637.75,2564.4,614.4,614.4,614.4
8711.09,5637.75,2564.4,614.4,614.4,614.4
8711.09,5637.75,2564.4,614.4,614.4,614.4
8711.09,5637.75,2564.4,614.4,614.4,614.4
8711.09,5637.75,2564.4,614.4,614.4,614.4
8711.09,5637.75,2564.4,614.4,614.4,614.4
8711.09,5637.75,2564.4,614.4,614.4,614.4
8711.09,5637.75,2564.4,614.4,614.4,614.4
8711.09,5637.75,2564.4,614.4,614.4,614.4
8711.09,5637.75,2564.4,614.4,614.4,614.4
8711.09,5637.75,2564.4,614.4,614.4,614.4
8711.09,5637.75,2564.4,614.4,614.4,614.4
8711.09,5637.75,2564.4,614.4,614.4,614.4
8711.09,5637.75,2564.4,614.4,614.4,614.4
8711.09,5637.75,2564.4,614.4,614.4,614.4
8711.09,5637.75,2564.4,614.4,614.4,614.4
8711.09,5637.75,2564.4,614.4,614.4,614.4
8711.09,5637.75,2564.4,614.4,614.4,614.4
8711.09,5637.75,2564.4,614.4,614.4,614.4
8711.09,5637.75,2564.4,614.4,614.4,614.4
8711.09,5637.75,2564.4,614.4,614.4,614.4
8711.09,5637.75,2564.4,614.4,614.4,614.4
8711.09,5637.75,2564.4,614.4,614.4,614.4
8711.09,5637.75,2564.4,614.4,614.4,614.4
8711.09,5637.75,2564.4,614.4,614.4,614.4
8711.09,5637.75,2564.4,614.4,614.4,614.4
8711.09,5637.75,2564.4,614.4,614.4,614.4
8711.09,5637.75,2564.4,614.4,614.4,614.4
8711.09,5637.75,2564.4,614.4,614.4,614.4
8711.09,5637.75,2564.4,614.4,614.4,614.4
8711.09,5637.75,2564.4,614.4,614.4,614.4
8711.09,5637.75,2564.4,614.4,614.4,614.4
8711.09,5637.75,2564.4,614.4,614.4,614.4
8711.09,5637.75,2564.4,614.4,614.4,614.4
8711.09,5637.75,2564.4,614.4,614.4,614.4
8711.09,5637.75,2564.4,614.4,614.4,614.4
8711.09,5637.75,2564.4,614.4,614.4,614.4
8711.09,5637.75,2564.4,614.4,614.4,614.4
8711.09,5637.75,2564.4,614.4,614.4,614.4
8711.09,5637.75,2564.4,614.4,614.4,614.4
8711.09,5637.75,2564.4,614.4,614.4,614.4
8711.09,5637.75,2564.4,614.4,614.4,614.4
8711.09,5637.75,2564.4,614.4,614.4,614.4
8711.09,5637.75,2564.4,614.4,614.4,614.4
8711.09,5637.75,2564.4,614.4,614.4,614.4
8711.09,5637.75,2564.4,614.4,614.4,614.4
8711.09,5637.75,2564.4,614.4,614.4,614.4
8711.09,5637.75,2564.4,614.4,614.4,614.4
8711.09,5637.75,2564.4,614.4,614.4,614.4
8711.09,5637.75,2564.4,614.4,614.4,614.4
8711.09,5637.75,2564.4,614.4,614.4,614.4
8711.09,5637.75,2564.4,614.4,614.4,614.4
8711.09,5637.75,2564.4,614.4,614.4,614.4
8711.09,5637.75,2564.4,614.4,614.4,614.4
8711.09,5637.75,2564.4,614.4,614.4,614.4
8711.09,5637.75,2564.4,614.4,614.4,614.4
8711.09,5637.75,2564.4,614.4,614.4,614.4
8711.09,5637.75,2564.4,614.4,614.4,614.4
8711.09,5637.75,2564.4,614.4,614.4,614.4
8711.09,5637.75,2564.4,614.4,614.4,614.4
8711.09,5637.75,2564.4,614.4,614.4,614.4
8711.09,5637.75,2564.4,614.4,614.4,614.4
8711.09,5637.75,2564.4,614.4,614.4,614.4
8711.09,5637.75,2564.4,614.4,614.4,614.4
8711.09,5637.75,2564.4,614.4,614.4,614.4
8711.09,5637.75,2564.4,614.4,614.4,614.4
8711.09,5637.75,2564.4,614.4,614.4,614.4
8711.09,5637.75,2564.4,614.4,614.4,614.4
8711.09,5637.75,2564.4,614.4,614.4,614.4
8711.09,5637.75,2564.4,614.4,614.4,614.4
8711.09,5637.75,2564.4,614.4,614.4,614.4
8711.09,5637.75,2564.4,614.4,614.4,614.4
8711.09,5637.75,2564.4,614.4,614.4,614.4
8711.09,5637.75,2564.4,614.4,614.4,614.4
8711.09,5637.75,2564.4,614.4,614.4,614.4
8711.09,5637.75,2564.4,614.4,614.4,614.4
8711.09,5637.75,2564.4,614.4,614.4,614.4
8711.09,5637.75,2564.4,614.4,614.4,614.4
8711.09,5637.75,2564.4,614.4,614.4,614.4
8711.09,5637.75,2564.4,614.4,614.4,614.4
8711.09,5637.75,2564.4,614.4,614.4,614.4
8711.09,5637.75,2564.4,614.4,614.4,614.4
8711.09,5637.75,2564.4,614.4,614.4,614.4
8711.09,5637.75,2564.4,614.4,614.4,614.4
8711.09,5637.75,2564.4,614.4,614.4,614.4
8711.09,5637.75,2564.4,614.4,614.4,614.4
8711.09,5637.75,2564.4,614.4,614.4,614.4
8711.09,5637.75,2564.4,614.4,614.4,614.4
8711.09,5637.75,2564.4,614.4,614.4,614.4
8711.09,5637.75,2564.4,614.4,614.4,614.4
8711.09,5637.75,2564.4,614.4,614.4,614.4
8711.09,5637.75,2564.4,614.4,614.4,614.4
8711.09,5637.75,2564.4,614.4,614.4,614.4
8711.09,5637.75,2564.4,614.4,614.4,614.4
8711.09,5637.75,2564.4,614.4,614.4,614.4
8711.09,5637.75,2564.4,614.4,614.4,614.4
8711.09,5637.75,2564.4,614.4,614.4,614.4
8711.09,5637.75,2564.4,614.4,614.4,614.4
8711.09,5637.75,2564.4,614.4,614.4,614.4
8711.09,5637.75,2564.4,614.4,614.4,614.4
8711.09,5637.75,2564.4,614.4,614.4,614.4
8711.09,5637.75,2564.4,614.4,614.4,614.4
8711.09,5637.75,2564.4,614.4,614.4,614.4
8711.09,5637.75,2564.4,614.4,614.4,614.4
8711.09,5637.75,2564.4,614.4,614.4,614.4
8711.09,5637.75,2564.4,614.4,614.4,614.4
8711.09,5637.75,2564.4,614.4,614.4,614.4
8711.09,5637.75,2564.4,614.4,614.4,614.4
8711.09,5637.75,2564.4,614.4,614.4,614.4
8711.09,5637.75,2564.4,614.4,614.4,614.4
8711.09,5637.75,2564.4,614.4,614.4,614.4
8711.09,5637.75,2564.4,614.4,614.4,614.4
8711.09,5637.75,2564.4,614.4,614.4,614.4
8711.09,5637.75,2564.4,614.4,614.4,614.4
8711.09,5637.75,2564.4,614.4,614.4,614.4
8711.09,5637.75,2564.4,614.4,614.4,614.4
8711.09,5637.75,2564.4,614.4,614.4,614.4
8711.09,5637.75,2564.4,614.4,614.4,614.4
8711.09,5637.75,2564.4,614.4,614.4,614.4
8711.09,5637.75,2564.4,614.4,614.4,614.4
8711.09,5637.75,2564.4,614.4,614.4,614.4
8711.09,5637.75,2564.4,614.4,614.4,614.4
8711.09,5637.75,2564.4,614.4,614.4,614.4
8711.09,5637.75,2564.4,614.4,614.4,614.4
8711.09,5637.75,2564.4,614.4,614.4,614.4
8711.09,5637.75,2564.4,614.4,614.4,614.4
8711.09,5637.75,2564.4,614.4,614.4,614.4
8711.09,5637.75,2564.4,614.4,614.4,614.4
8711.09,5637.75,2564.4,614.4,614.4,614.4
8711.09,5637.75,2564.4,614.4,614.4,614.4
8711.09,5637.75,2564.4,614.4,614.4,614.4
8711.09,5637.75,2564.4,614.4,614.4,614.4
8711.09,5637.75,2564.4,614.4,614.4,614.4
8711.09,5637.75,2564.4,614.4,614.4,614.4
8711.09,5637.75,2564.4,614.4,614.4,614.4
8711.09,5637.75,2564.4,614.4,614.4,614.4
8711.09,5637.75,2564.4,614.4,614.4,614.4
8711.09,5637.75,2564.4,614.4,614.4,614.4
8711.09,5637.75,2564.4,614.4,614.4,614.4
8711.09,5637.75,2564.4,614.4,614.4,614.4
8711.09,5637.75,2564.4,614.4,614.4,614.4
8711.09,5637.75,2564.4,614.4,614.4,614.4
8711.09,5637.75,2564.4,614.4,614.4,614.4
8711.09,5637.75,2564.4,614.4,614.4,614.4
8711.09,5637.75,2564.4,614.4,614.4,614.4
8711.09,5637.75,2564.4,614.4,614.4,614.4
8711.09,5637.75,2564.4,614.4,614.4,614.4
8711.09,5637.75,2564.4,614.4,614.4,614.4
8711.09,5637.75,2564.4,614.4,614.4,614.4
8711.09,5637.75,2564.4,614.4,614.4,614.4
8711.09,5637.75,2564.4,614.4,614.4,614.4
8711.09,5637.75,2564.4,614.4,614.4,614.4
8711.09,5637.75,2564.4,614.4,614.4,614.4
8711.09,5637.75,2564.4,614.4,614.4,614.4
8711.09,5637.75,2564.4,614.4,614.4,614.4
8711.09,5637.75,2564.4,614.4,614.4,614.4
8711.09,5637.75,2564.4,614.4,614.4,614.4
8711.09,5637.75,2564.4,614.4,614.4,614.4
8711.09,5637.75,2564.4,614.4,614.4,614.4
8711.09,5637.75,2564.4,614.4,614.4,614.4
8711.09,5637.75,2564.4,614.4,614.4,614.4
8711.09,5637.75,2564.4,614.4,614.4,614.4
8711.09,5637.75,2564.4,614.4,614.4,614.4
8711.09,5637.75,2564.4,614.4,614.4,614.4
8711.09,5637.75,2564.4,614.4,614.4,614.4
8711.09,5637.75,2564.4,614.4,614.4,614.4
8711.09,5637.75,2564.4,614.4,614.4,614.4
8711.09,5637.75,2564.4,614.4,614.4,614.4
8711.09,5637.75,2564.4,614.4,614.4,614.4
8711.09,5637.75,2564.4,614.4,614.4,614.4
8711.09,5637.75,2564.4,614.4,614.4,614.4
8711.09,5637.75,2564.4,614.4,614.4,614.4
8711.09,5637.75,2564.4,614.4,614.4,614.4
8711.09,5637.75,2564.4,614.4,614.4,614.4
8711.09,5637.75,2564.4,614.4,614.4,614.4
8711.09,5637.75,2564.4,614.4,614.4,614.4
8711.09,5637.75,2564.4,614.4,614.4,614.4
8711.09,5637.75,2564.4,614.4,614.4,614.4
8711.09,5637.75,2564.4,614.4,614.4,614.4
8711.09,5637.75,2564.4,614.4,614.4,614.4
8711.09,5637.75,2564.4,614.4,614.4,614.4
8711.09,5637.75,2564.4,614.4,614.4,614.4
8711.09,5637.75,2564.4,614.4,614.4,614.4
8711.09,5637.75,2564.4,614.4,614.4,614.4
8711.09,5637.75,2564.4,614.4,614.4,614.4
8711.09,5637.75,2564.4,614.4,614.4,614.4
8711.09,5637.75,2564.4,614.4,614.4,614.4
8711.09,5637.75,2564.4,614.4,614.4,614.4
8711.09,5637.75,2564.4,614.4,614.4,614.4
8711.09,5637.75,2564.4,614.4,614.4,614.4
8711.09,5637.75,2564.4,614.4,614.4,614.4
8711.09,5637.75,2564.4,614.4,614.4,614.4
8711.09,5637.75,2564.4,614.4,614.4,614.4
8711.09,5637.75,2564.4,614.4,614.4,614.4
8711.09,5637.75,2564.4,614.4,614.4,614.4
8711.09,5637.75,2564.4,614.4,614.4,614.4
8711.09,5637.75,2564.4,614.4,614.4,614.4
8711.09,5637.75,2564.4,614.4,614.4,614.4
8711.09,5637.75,2564.4,614.4,614.4,614.4
8711.09,5637.75,2564.4,614.4,614.4,614.4
8711.09,5637.75,2564.4,614.4,614.4,614.4
8711.09,5637.75,2564.4,614.4,614.4,614.4
8711.09,5637.75,2564.4,614.4,614.4,614.4
8711.09,5637.75,2564.4,614.4,614.4,614.4
8711.09,5637.75,2564.4,614.4,614.4,614.4
8711.09,5637.75,2564.4,614.4,614.4,614.4
8711.09,5637.75,2564.4,614.4,614.4,614.4
8711.09,5637.75,2564.4,614.4,614.4,614.4
8711.09,5637.75,2564.4,614.4,614.4,614.4
8711.09,5637.75,2564.4,614.4,614.4,614.4
8711.09,5637.75,2564.4,614.4,614.4,614.4
8711.09,5637.75,2564.4,614.4,614.4,614.4
8711.09,5637.75,2564.4,614.4,614.4,614.4
8711.09,5637.75,2564.4,614.4,614.4,614.4
8711.09,5637.75,2564.4,614.4,614.4,614.4
8711.09,5637.75,2564.4,614.4,614.4,614.4
8711.09,5637.75,2564.4,614.4,614.4,614.4
8711.09,5637.75,2564.4,614.4,614.4,614.4
8711.09,5637.75,2564.4,614.4,614.4,614.4
8711.09,5637.75,2564.4,614.4,614.4,614.4
8711.09,5637.75,2564.4,614.4,614.4,614.4
8711.09,5637.75,2564.4,614.4,614.4,614.4
8711.09,5637.75,2564.4,614.4,614.4,614.4
8711.09,5637.75,2564.4,614.4,614.4,614.4
8711.09,5637.75,2564.4,614.4,614.4,614.4
8711.09,5637.75,2564.4,614.4,614.4,614.4
8711.09,5637.75,2564.4,614.4,614.4,614.4
8711.09,5637.75,2564.4,614.4,614.4,614.4
8711.09,5637.75,2564.4,614.4,614.4,614.4
8711.09,5637.75,2564.4,614.4,614.4,614.4
8711.09,5637.75,2564.4,614.4,614.4,614.4
8711.09,5637.75,2564.4,614.4,614.4,614.4
8711.09,5637.75,2564.4,614.4,614.4,614.4
8711.09,5637.75,2564.4,614.4,614.4,614.4
8711.09,5637.75,2564.4,614.4,614.4,614.4
8711.09,5637.75,2564.4,614.4,614.4,614.4
8711.09,5637.75,2564.4,614.4,614.4,614.4
8711.09,5637.75,2564.4,614.4,614.4,614.4
8711.09,5637.75,2564.4,614.4,614.4,614.4
8711.09,5637.75,2564.4,614.4,614.4,614.4
8711.09,5637.75,2564.4,614.4,614.4,614.4
8711.09,5637.75,2564.4,614.4,614.4,614.4
8711.09,5637.75,2564.4,614.4,614.4,614.4
8711.09,5637.75,2564.4,614.4,614.4,614.4
8711.09,5637.75,2564.4,614.4,614.4,614.4
8711.09,5637.75,2564.4,614.4,614.4,614.4
8711.09,5637.75,2564.4,614.4,614.4,614.4
8711.09,5637.75,2564.4,614.4,614.4,614.4
8711.09,5637.75,2564.4,614.4,614.4,614.4
8711.09,5637.75,2564.4,614.4,614.4,614.4
8711.09,5637.75,2564.4,614.4,614.4,614.4
8711.09,5637.75,2564.4,614.4,614.4,614.4
8711.09,5637.75,2564.4,614.4,614.4,614.4
8711.09,5637.75,2564.4,614.4,614.4,614.4
8711.09,5637.75,2564.4,614.4,614.4,614.4
8711.09,5637.75,2564.4,614.4,614.4,614.4
8711.09,5637.75,2564.4,614.4,614.4,614.4
8711.09,5637.75,2564.4,614.4,614.4,614.4
8711.09,5637.75,2564.4,614.4,614.4,614.4
8711.09,5637.75,2564.4,614.4,614.4,614.4
8711.09,5637.75,2564.4,614.4,614.4,614.4
8711.09,5637.75,2564.4,614.4,614.4,614.4
8711.09,5637.75,2564.4,614.4,614.4,614.4
8711.09,5637.75,2564.4,614.4,614.4,614.4
8711.09,5637.75,2564.4,614.4,614.4,614.4
8711.09,5637.75,2564.4,614.4,614.4,614.4
8711.09,5637.75,2564.4,614.4,614.4,614.4
8711.09,5637.75,2564.4,614.4,614.4,614.4
8711.09,5637.75,2564.4,614.4,614.4,614.4
8711.09,5637.75,2564.4,614.4,614.4,614.4
8711.09,5637.75,2564.4,614.4,614.4,614.4
8711.09,5637.75,2564.4,614.4,614.4,614.4
8711.09,5637.75,2564.4,614.4,614.4,614.4
8711.09,5637.75,2564.4,614.4,614.4,614.4
8711.09,5637.75,2564.4,614.4,614.4,614.4
8711.09,5637.75,2564.4,614.4,614.4,614.4
8711.09,5637.75,2564.4,614.4,614.4,614.4
8711.09,5637.75,2564.4,614.4,614.4,614.4
8711.09,5637.75,2564.4,614.4,614.4,614.4
8711.09,5637.75,2564.4,614.4,614.4,614.4
8711.09,5637.75,2564.4,614.4,614.4,614.4
8711.09,5637.75,2564.4,614.4,614.4,614.4
8711.09,5637.75,2564.4,614.4,614.4,614.4
8711.09,5637.75,2564.4,614.4,614.4,614.4
8711.09,5637.75,2564.4,614.4,614.4,614.4
8711.09,5637.75,2564.4,614.4,614.4,614.4
8711.09,5637.75,2564.4,614.4,614.4,614.4
8711.09,5637.75,2564.4,614.4,614.4,614.4
8711.09,5637.75,2564.4,614.4,614.4,614.4
8711.09,5637.75,2564.4,614.4,614.4,614.4
8711.09,5637.75,2564.4,614.4,614.4,614.4
8711.09,5637.75,2564.4,614.4,614.4,614.4
8711.09,5637.75,2564.4,614.4,614.4,614.4
8711.09,5637.75,2564.4,614.4,614.4,614.4
8711.09,5637.75,2564.4,614.4,614.4,614.4
8711.09,5637.75,2564.4,614.4,614.4,614.4
8711.09,5637.75,2564.4,614.4,614.4,614.4
8711.09,5637.75,2564.4,614.4,614.4,614.4
8711.09,5637.75,2564.4,614.4,614.4,614.4
8711.09,5637.75,2564.4,614.4,614.4,614.4
8711.09,5637.75,2564.4,614.4,614.4,614.4
8711.09,5637.75,2564.4,614.4,614.4,614.4
8711.09,5637.75,2564.4,614.4,614.4,614.4
8711.09,5637.75,2564.4,614.4,614.4,614.4
8711.09,5637.75,2564.4,614.4,614.4,614.4
8711.09,5637.75,2564.4,614.4,614.4,614.4
8711.09,5637.75,2564.4,614.4,614.4,614.4
8711.09,5637.75,2564.4,614.4,614.4,614.4
8711.09,5637.75,2564.4,614.4,614.4,614.4
8711.09,5637.75,2564.4,614.4,614.4,614.4
8711.09,5637.75,2564.4,614.4,614.4,614.4
8711.09,5637.75,2564.4,614.4,614.4,614.4
8711.09,5637.75,2564.4,614.4,614.4,614.4
8711.09,5637.75,2564.4,614.4,614.4,614.4
8711.09,5637.75,2564.4,614.4,614.4,614.4
8711.09,5637.75,2564.4,614.4,614.4,614.4
8711.09,5637.75,2564.4,614.4,614.4,614.4
8711.09,5637.75,2564.4,614.4,614.4,614.4
8711.09,5637.75,2564.4,614.4,614.4,614.4
8711.09,5637.75,2564.4,614.4,614.4,614.4
8711.09,5637.75,2564.4,614.4,614.4,614.4
8711.09,5637.75,2564.4,614.4,614.4,614.4
8711.09,5637.75,2564.4,614.4,614.4,614.4
8711.09,5637.75,2564.4,614.4,614.4,614.4
8711.09,5637.75,2564.4,614.4,614.4,614.4
8711.09,5637.75,2564.4,614.4,614.4,614.4
8711.09,5637.75,2564.4,614.4,614.4,614.4
8711.09,5637.75,2564.4,614.4,614.4,614.4
8711.09,5637.75,2564.4,614.4,614.4,614.4
8711.09,5637.75,2564.4,614.4,614.4,614.4
8711.09,5637.75,2564.4,614.4,614.4,614.4
8711.09,5637.75,2564.4,614.4,614.4,614.4
8711.09,5637.75,2564.4,614.4,614.4,614.4
8711.09,5637.75,2564.4,614.4,614.4,614.4
8711.09,5637.75,2564.4,614.4,614.4,614.4
8711.09,5637.75,2564.4,614.4,614.4,614.4
8711.09,5637.75,2564.4,614.4,614.4,614.4
8711.09,5637.75,2564.4,614.4,614.4,614.4
8711.09,5637.75,2564.4,614.4,614.4,614.4
8711.09,5637.75,2564.4,614.4,614.4,614.4
8711.09,5637.75,2564.4,614.4,614.4,614.4
8711.09,5637.75,2564.4,614.4,614.4,614.4
8711.09,5637.75,2564.4,614.4,614.4,614.4
8711.09,5637.75,2564.4,614.4,614.4,614.4
8711.09,5637.75,2564.4,614.4,614.4,614.4
8711.09,5637.75,2564.4,614.4,614.4,614.4
8711.09,5637.75,2564.4,614.4,614.4,614.4
8711.09,5637.75,2564.4,614.4,614.4,614.4
8711.09,5637.75,2564.4,614.4,614.4,614.4
8711.09,5637.75,2564.4,614.4,614.4,614.4
8711.09,5637.75,2564.4,614.4,614.4,614.4
8711.09,5637.75,2564.4,614.4,614.4,614.4
8711.09,5637.75,2564.4,614.4,614.4,614.4
8711.09,5637.75,2564.4,614.4,614.4,614.4
8711.09,5637.75,2564.4,614.4,614.4,614.4
8711.09,5637.75,2564.4,614.4,614.4,614.4
8711.09,5637.75,2564.4,614.4,614.4,614.4
8711.09,5637.75,2564.4,614.4,614.4,614.4
8711.09,5637.75,2564.4,614.4,614.4,614.4
8711.09,5637.75,2564.4,614.4,614.4,614.4
8711.09,5637.75,2564.4,614.4,614.4,614.4
8711.09,5637.75,2564.4,614.4,614.4,614.4
8711.09,5637.75,2564.4,614.4,614.4,614.4
8711.09,5637.75,2564.4,614.4,614.4,614.4
8711.09,5637.75,2564.4,614.4,614.4,614.4
8711.09,5637.75,2564.4,614.4,614.4,614.4
8711.09,5637.75,2564.4,614.4,614.4,614.4
8711.09,5637.75,2564.4,614.4,614.4,614.4
8711.09,5637.75,2564.4,614.4,614.4,614.4
8711.09,5637.75,2564.4,614.4,614.4,614.4
8711.09,5637.75,2564.4,614.4,614.4,614.4
8711.09,5637.75,2564.4,614.4,614.4,614.4
8711.09,5637.75,2564.4,614.4,614.4,614.4
8711.09,5637.75,2564.4,614.4,614.4,614.4
8711.09,5637.75,2564.4,614.4,614.4,614.4
8711.09,5637.75,2564.4,614.4,614.4,614.4
8711.09,5637.75,2564.4,614.4,614.4,614.4
8711.09,5637.75,2564.4,614.4,614.4,614.4
8711.09,5637.75,2564.4,614.4,614.4,614.4
8711.09,5637.75,2564.4,614.4,614.4,614.4
8711.09,5637.75,2564.4,614.4,614.4,614.4
8711.09,5637.75,2564.4,614.4,614.4,614.4
8711.09,5637.75,2564.4,614.4,614.4,614.4
8711.09,5637.75,2564.4,614.4,614.4,614.4
8711.09,5637.75,2564.4,614.4,614.4,614.4
8711.09,5637.75,2564.4,614.4,614.4,614.4
8711.09,5637.75,2564.4,614.4,614.4,614.4
8711.09,5637.75,2564.4,614.4,614.4,614.4
8711.09,5637.75,2564.4,614.4,614.4,614.4
8711.09,5637.75,2564.4,614.4,614.4,614.4
8711.09,5637.75,2564.4,614.4,614.4,614.4
8711.09,5637.75,2564.4,614.4,614.4,614.4
8711.09,5637.75,2564.4,614.4,614.4,614.4
8711.09,5637.75,2564.4,614.4,614.4,614.4
8711.09,5637.75,2564.4,614.4,614.4,614.4
8711.09,5637.75,2564.4,614.4,614.4,614.4
8711.09,5637.75,2564.4,614.4,614.4,614.4
8711.09,5637.75,2564.4,614.4,614.4,614.4
8711.09,5637.75,2564.4,614.4,614.4,614.4
8711.09,5637.75,2564.4,614.4,614.4,614.4
8711.09,5637.75,2564.4,614.4,614.4,614.4
8711.09,5637.75,2564.4,614.4,614.4,614.4
8711.09,5637.75,2564.4,614.4,614.4,614.4
8711.09,5637.75,2564.4,614.4,614.4,614.4
8711.09,5637.75,2564.4,614.4,614.4,614.4
8711.09,5637.75,2564.4,614.4,614.4,614.4
8711.09,5637.75,2564.4,614.4,614.4,614.4
8711.09,5637.75,2564.4,614.4,614.4,614.4
8711.09,5637.75,2564.4,614.4,614.4,614.4
8711.09,5637.75,2564.4,614.4,614.4,614.4
8711.09,5637.75,2564.4,614.4,614.4,614.4
8711.09,5637.75,2564.4,614.4,614.4,614.4
8711.09,5637.75,2564.4,614.4,614.4,614.4
8711.09,5637.75,2564.4,614.4,614.4,614.4
8711.09,5637.75,2564.4,614.4,614.4,614.4
8711.09,5637.75,2564.4,614.4,614.4,614.4
8711.09,5637.75,2564.4,614.4,614.4,614.4
8711.09,5637.75,2564.4,614.4,614.4,614.4
8711.09,5637.75,2564.4,614.4,614.4,614.4
8711.09,5637.75,2564.4,614.4,614.4,614.4
8711.09,5637.75,2564.4,614.4,614.4,614.4
8711.09,5637.75,2564.4,614.4,614.4,614.4
8711.09,5637.75,2564.4,614.4,614.4,614.4
8711.09,5637.75,2564.4,614.4,614.4,614.4
8711.09,5637.75,2564.4,614.4,614.4,614.4
8711.09,5637.75,2564.4,614.4,614.4,614.4
8711.09,5637.75,2564.4,614.4,614.4,614.4
8711.09,5637.75,2564.4,614.4,614.4,614.4
8711.09,5637.75,2564.4,614.4,614.4,614.4
8711.09,5637.75,2564.4,614.4,614.4,614.4
8711.09,5637.75,2564.4,614.4,614.4,614.4
8711.09,5637.75,2564.4,614.4,614.4,614.4
8711.09,5637.75,2564.4,614.4,614.4,614.4
8711.09,5637.75,2564.4,614.4,614.4,614.4
8711.09,5637.75,2564.4,614.4,614.4,614.4
8711.09,5637.75,2564.4,614.4,614.4,614.4
8711.09,5637.75,2564.4,614.4,614.4,614.4
8711.09,5637.75,2564.4,614.4,614.4,614.4
8711.09,5637.75,2564.4,614.4,614.4,614.4
8711.09,5637.75,2564.4,614.4,614.4,614.4
8711.09,5637.75,2564.4,614.4,614.4,614.4
8711.09,5637.75,2564.4,614.4,614.4,614.4
8711.09,5637.75,2564.4,614.4,614.4,614.4
8711.09,5637.75,2564.4,614.4,614.4,614.4
8711.09,5637.75,2564.4,614.4,614.4,614.4
8711.09,5637.75,2564.4,614.4,614.4,614.4
8711.09,5637.75,2564.4,614.4,614.4,614.4
8711.09,5637.75,2564.4,614.4,614.4,614.4
8711.09,5637.75,2564.4,614.4,614.4,614.4
8711.09,5637.75,2564.4,614.4,614.4,614.4
8711.09,5637.75,2564.4,614.4,614.4,614.4
8711.09,5637.75,2564.4,614.4,614.4,614.4
8711.09,5637.75,2564.4,614.4,614.4,614.4
8711.09,5637.75,2564.4,614.4,614.4,614.4
8711.09,5637.75,2564.4,614.4,614.4,614.4
8711.09,5637.75,2564.4,614.4,614.4,614.4
8711.09,5637.75,2564.4,614.4,614.4,614.4
8711.09,5637.75,2564.4,614.4,614.4,614.4
8711.09,5637.75,2564.4,614.4,614.4,614.4
8711.09,5637.75,2564.4,614.4,614.4,614.4
8711.09,5637.75,2564.4,614.4,614.4,614.4
8711.09,5637.75,2564.4,614.4,614.4,614.4
8711.09,5637.75,2564.4,614.4,614.4,614.4
8711.09,5637.75,2564.4,614.4,614.4,614.4
8711.09,5637.75,2564.4,614.4,614.4,614.4
8711.09,5637.75,2564.4,614.4,614.4,614.4
8711.09,5637.75,2564.4,614.4,614.4,614.4
8711.09,5637.75,2564.4,614.4,614.4,614.4
8711.09,5637.75,2564.4,614.4,614.4,614.4
8711.09,5637.75,2564.4,614.4,614.4,614.4
8711.09,5637.75,2564.4,614.4,614.4,614.4
8711.09,5637.75,2564.4,614.4,614.4,614.4
8711.09,5637.75,2564.4,614.4,614.4,614.4
8711.09,5637.75,2564.4,614.4,614.4,614.4
8711.09,5637.75,2564.4,614.4,614.4,614.4
8711.09,5637.75,2564.4,614.4,614.4,614.4
8711.09,5637.75,2564.4,614.4,614.4,614.4
8711.09,5637.75,2564.4,614.4,614.4,614.4
8711.09,5637.75,2564.4,614.4,614.4,614.4
8711.09,5637.75,2564.4,614.4,614.4,614.4
8711.09,5637.75,2564.4,614.4,614.4,614.4
8711.09,5637.75,2564.4,614.4,614.4,614.4
8711.09,5637.75,2564.4,614.4,614.4,614.4
8711.09,5637.75,2564.4,614.4,614.4,614.4
8711.09,5637.75,2564.4,614.4,614.4,614.4
8711.09,5637.75,2564.4,614.4,614.4,614.4
8711.09,5637.75,2564.4,614.4,614.4,614.4
8711.09,5637.75,2564.4,614.4,614.4,614.4
8711.09,5637.75,2564.4,614.4,614.4,614.4
8711.09,5637.75,2564.4,614.4,614.4,614.4
8711.09,5637.75,2564.4,614.4,614.4,614.4
8711.09,5637.75,2564.4,614.4,614.4,614.4
8711.09,5637.75,2564.4,614.4,614.4,614.4
8711.09,5637.75,2564.4,614.4,614.4,614.4
8711.09,5637.75,2564.4,614.4,614.4,614.4
8711.09,5637.75,2564.4,614.4,614.4,614.4
8711.09,5637.75,2564.4,614.4,614.4,614.4
8711.09,5637.75,2564.4,614.4,614.4,614.4
8711.09,5637.75,2564.4,614.4,614.4,614.4
8711.09,5637.75,2564.4,614.4,614.4,614.4
8711.09,5637.75,2564.4,614.4,614.4,614.4
8711.09,5637.75,2564.4,614.4,614.4,614.4
8711.09,5637.75,2564.4,614.4,614.4,614.4
8711.09,5637.75,2564.4,614.4,614.4,614.4
8711.09,5637.75,2564.4,614.4,614.4,614.4
8711.09,5637.75,2564.4,614.4,614.4,614.4
8711.09,5637.75,2564.4,614.4,614.4,614.4
8711.09,5637.75,2564.4,614.4,614.4,614.4
8711.09,5637.75,2564.4,614.4,614.4,614.4
8711.09,5637.75,2564.4,614.4,614.4,614.4
8711.09,5637.75,2564.4,614.4,614.4,614.4
8711.09,5637.75,2564.4,614.4,614.4,614.4
8711.09,5637.75,2564.4,614.4,614.4,614.4
8711.09,5637.75,2564.4,614.4,614.4,614.4
8711.09,5637.75,2564.4,614.4,614.4,614.4
8711.09,5637.75,2564.4,614.4,614.4,614.4
8711.09,5637.75,2564.4,614.4,614.4,614.4
8711.09,5637.75,2564.4,614.4,614.4,614.4
8711.09,5637.75,2564.4,614.4,614.4,614.4
8711.09,5637.75,2564.4,614.4,614.4,614.4
8711.09,5637.75,2564.4,614.4,614.4,614.4
8711.09,5637.75,2564.4,614.4,614.4,614.4
8711.09,5637.75,2564.4,614.4,614.4,614.4
8711.09,5637.75,2564.4,614.4,614.4,614.4
8711.09,5637.75,2564.4,614.4,614.4,614.4
8711.09,5637.75,2564.4,614.4,614.4,614.4
8711.09,5637.75,2564.4,614.4,614.4,614.4
8711.09,5637.75,2564.4,614.4,614.4,614.4
8711.09,5637.75,2564.4,614.4,614.4,614.4
8711.09,5637.75,2564.4,614.4,614.4,614.4
8711.09,5637.75,2564.4,614.4,614.4,614.4
8711.09,5637.75,2564.4,614.4,614.4,614.4
8711.09,5637.75,2564.4,614.4,614.4,614.4
8711.09,5637.75,2564.4,614.4,614.4,614.4
8711.09,5637.75,2564.4,614.4,614.4,614.4
8711.09,5637.75,2564.4,614.4,614.4,614.4
8711.09,5637.75,2564.4,614.4,614.4,614.4
8711.09,5637.75,2564.4,614.4,614.4,614.4
8711.09,5637.75,2564.4,614.4,614.4,614.4
8711.09,5637.75,2564.4,614.4,614.4,614.4
8711.09,5637.75,2564.4,614.4,614.4,614.4
8711.09,5637.75,2564.4,614.4,614.4,614.4
8711.09,5637.75,2564.4,614.4,614.4,614.4
8711.09,5637.75,2564.4,614.4,614.4,614.4
8711.09,5637.75,2564.4,614.4,614.4,614.4
8711.09,5637.75,2564.4,614.4,614.4,614.4
8711.09,5637.75,2564.4,614.4,614.4,614.4
8711.09,5637.75,2564.4,614.4,614.4,614.4
8711.09,5637.75,2564.4,614.4,614.4,614.4
8711.09,5637.75,2564.4,614.4,614.4,614.4
8711.09,5637.75,2564.4,614.4,614.4,614.4
8711.09,5637.75,2564.4,614.4,614.4,614.4
8711.09,5637.75,2564.4,614.4,614.4,614.4
8711.09,5637.75,2564.4,614.4,614.4,614.4
8711.09,5637.75,2564.4,614.4,614.4,614.4
8711.09,5637.75,2564.4,614.4,614.4,614.4
8711.09,5637.75,2564.4,614.4,614.4,614.4
8711.09,5637.75,2564.4,614.4,614.4,614.4
8711.09,5637.75,2564.4,614.4,614.4,614.4
8711.09,5637.75,2564.4,614.4,614.4,614.4
8711.09,5637.75,2564.4,614.4,614.4,614.4
8711.09,5637.75,2564.4,614.4,614.4,614.4
8711.09,5637.75,2564.4,614.4,614.4,614.4
8711.09,5637.75,2564.4,614.4,614.4,614.4
8711.09,5637.75,2564.4,614.4,614.4,614.4
8711.09,5637.75,2564.4,614.4,614.4,614.4
8711.09,5637.75,2564.4,614.4,614.4,614.4
8711.09,5637.75,2564.4,614.4,614.4,614.4
8711.09,5637.75,2564.4,614.4,614.4,614.4
8711.09,5637.75,2564.4,614.4,614.4,614.4
8711.09,5637.75,2564.4,614.4,614.4,614.4
8711.09,5637.75,2564.4,614.4,614.4,614.4
8711.09,5637.75,2564.4,614.4,614.4,614.4
8711.09,5637.75,2564.4,614.4,614.4,614.4
8711.09,5637.75,2564.4,614.4,614.4,614.4
8711.09,5637.75,2564.4,614.4,614.4,614.4
8711.09,5637.75,2564.4,614.4,614.4,614.4
8711.09,5637.75,2564.4,614.4,614.4,614.4
8711.09,5637.75,2564.4,614.4,614.4,614.4
8711.09,5637.75,2564.4,614.4,614.4,614.4
8711.09,5637.75,2564.4,614.4,614.4,614.4
8711.09,5637.75,2564.4,614.4,614.4,614.4
8711.09,5637.75,2564.4,614.4,614.4,614.4
8711.09,5637.75,2564.4,614.4,614.4,614.4
8711.09,5637.75,2564.4,614.4,614.4,614.4
8711.09,5637.75,2564.4,614.4,614.4,614.4
8711.09,5637.75,2564.4,614.4,614.4,614.4
8711.09,5637.75,2564.4,614.4,614.4,614.4
8711.09,5637.75,2564.4,614.4,614.4,614.4
8711.09,5637.75,2564.4,614.4,614.4,614.4
8711.09,5637.75,2564.4,614.4,614.4,614.4
8711.09,5637.75,2564.4,614.4,614.4,614.4
8711.09,5637.75,2564.4,614.4,614.4,614.4
8711.09,5637.75,2564.4,614.4,614.4,614.4
8711.09,5637.75,2564.4,614.4,614.4,614.4
8711.09,5637.75,2564.4,614.4,614.4,614.4
8711.09,5637.75,2564.4,614.4,614.4,614.4
8711.09,5637.75,2564.4,614.4,614.4,614.4
8711.09,5637.75,2564.4,614.4,614.4,614.4
8711.09,5637.75,2564.4,614.4,614.4,614.4
8711.09,5637.75,2564.4,614.4,614.4,614.4
8711.09,5637.75,2564.4,614.4,614.4,614.4
8711.09,5637.75,2564.4,614.4,614.4,614.4
8711.09,5637.75,2564.4,614.4,614.4,614.4
8711.09,5637.75,2564.4,614.4,614.4,614.4
8711.09,5637.75,2564.4,614.4,614.4,614.4
8711.09,5637.75,2564.4,614.4,614.4,614.4
8711.09,5637.75,2564.4,614.4,614.4,614.4
8711.09,5637.75,2564.4,614.4,614.4,614.4
8711.09,5637.75,2564.4,614.4,614.4,614.4
8711.09,5637.75,2564.4,614.4,614.4,614.4
8711.09,5637.75,2564.4,614.4,614.4,614.4
8711.09,5637.75,2564.4,614.4,614.4,614.4
8711.09,5637.75,2564.4,614.4,614.4,614.4
8711.09,5637.75,2564.4,614.4,614.4,614.4
8711.09,5637.75,2564.4,614.4,614.4,614.4
8711.09,5637.75,2564.4,614.4,614.4,614.4
8711.09,5637.75,2564.4,614.4,614.4,614.4
8711.09,5637.75,2564.4,614.4,614.4,614.4
8711.09,5637.75,2564.4,614.4,614.4,614.4
8711.09,5637.75,2564.4,614.4,614.4,614.4
8711.09,5637.75,2564.4,614.4,614.4,614.4
8711.09,5637.75,2564.4,614.4,614.4,614.4
8711.09,5637.75,2564.4,614.4,614.4,614.4
8711.09,5637.75,2564.4,614.4,614.4,614.4
8711.09,5637.75,2564.4,614.4,614.4,614.4
8711.09,5637.75,2564.4,614.4,614.4,614.4
8711.09,5637.75,2564.4,614.4,614.4,614.4
8711.09,5637.75,2564.4,614.4,614.4,614.4
8711.09,5637.75,2564.4,614.4,614.4,614.4
8711.09,5637.75,2564.4,614.4,614.4,614.4
8711.09,5637.75,2564.4,614.4,614.4,614.4
8711.09,5637.75,2564.4,614.4,614.4,614.4
8711.09,5637.75,2564.4,614.4,614.4,614.4
8711.09,5637.75,2564.4,614.4,614.4,614.4
8711.09,5637.75,2564.4,614.4,614.4,614.4
8711.09,5637.75,2564.4,614.4,614.4,614.4
8711.09,5637.75,2564.4,614.4,614.4,614.4
8711.09,5637.75,2564.4,614.4,614.4,614.4
8711.09,5637.75,2564.4,614.4,614.4,614.4
8711.09,5637.75,2564.4,614.4,614.4,614.4
8711.09,5637.75,2564.4,614.4,614.4,614.4
8711.09,5637.75,2564.4,614.4,614.4,614.4
8711.09,5637.75,2564.4,614.4,614.4,614.4
8711.09,5637.75,2564.4,614.4,614.4,614.4
8711.09,5637.75,2564.4,614.4,614.4,614.4
8711.09,5637.75,2564.4,614.4,614.4,614.4
8711.09,5637.75,2564.4,614.4,614.4,614.4
8711.09,5637.75,2564.4,614.4,614.4,614.4
8711.09,5637.75,2564.4,614.4,614.4,614.4
8711.09,5637.75,2564.4,614.4,614.4,614.4
8711.09,5637.75,2564.4,614.4,614.4,614.4
8711.09,5637.75,2564.4,614.4,614.4,614.4
8711.09,5637.75,2564.4,614.4,614.4,614.4
8711.09,5637.75,2564.4,614.4,614.4,614.4
8711.09,5637.75,2564.4,614.4,614.4,614.4
8711.09,5637.75,2564.4,614.4,614.4,614.4
8711.09,5637.75,2564.4,614.4,614.4,614.4
8711.09,5637.75,2564.4,614.4,614.4,614.4
8711.09,5637.75,2564.4,614.4,614.4,614.4
8711.09,5637.75,2564.4,614.4,614.4,614.4
8711.09,5637.75,2564.4,614.4,614.4,614.4
8711.09,5637.75,2564.4,614.4,614.4,614.4
8711.09,5637.75,2564.4,614.4,614.4,614.4
8711.09,5637.75,2564.4,614.4,614.4,614.4
8711.09,5637.75,2564.4,614.4,614.4,614.4
8711.09,5637.75,2564.4,614.4,614.4,614.4
8711.09,5637.75,2564.4,614.4,614.4,614.4
8711.09,5637.75,2564.4,614.4,614.4,614.4
8711.09,5637.75,2564.4,614.4,614.4,614.4
8711.09,5637.75,2564.4,614.4,614.4,614.4
8711.09,5637.75,2564.4,614.4,614.4,614.4
8711.09,5637.75,2564.4,614.4,614.4,614.4
8711.09,5637.75,2564.4,614.4,614.4,614.4
8711.09,5637.75,2564.4,614.4,614.4,614.4
8711.09,5637.75,2564.4,614.4,614.4,614.4
8711.09,5637.75,2564.4,614.4,614.4,614.4
8711.09,5637.75,2564.4,614.4,614.4,614.4
8711.09,5637.75,2564.4,614.4,614.4,614.4
8711.09,5637.75,2564.4,614.4,614.4,614.4
8711.09,5637.75,2564.4,614.4,614.4,614.4
8711.09,5637.75,2564.4,614.4,614.4,614.4
8711.09,5637.75,2564.4,614.4,614.4,614.4
8711.09,5637.75,2564.4,614.4,614.4,614.4
8711.09,5637.75,2564.4,614.4,614.4,614.4
8711.09,5637.75,2564.4,614.4,614.4,614.4
8711.09,5637.75,2564.4,614.4,614.4,614.4
8711.09,5637.75,2564.4,614.4,614.4,614.4
8711.09,5637.75,2564.4,614.4,614.4,614.4
8711.09,5637.75,2564.4,614.4,614.4,614.4
8711.09,5637.75,2564.4,614.4,614.4,614.4
8711.09,5637.75,2564.4,614.4,614.4,614.4
8711.09,5637.75,2564.4,614.4,614.4,614.4
8711.09,5637.75,2564.4,614.4,614.4,614.4
8711.09,5637.75,2564.4,614.4,614.4,614.4
8711.09,5637.75,2564.4,614.4,614.4,614.4
8711.09,5637.75,2564.4,614.4,614.4,614.4
8711.09,5637.75,2564.4,614.4,614.4,614.4
8711.09,5637.75,2564.4,614.4,614.4,614.4
8711.09,5637.75,2564.4,614.4,614.4,614.4
8711.09,5637.75,2564.4,614.4,614.4,614.4
8711.09,5637.75,2564.4,614.4,614.4,614.4
8711.09,5637.75,2564.4,614.4,614.4,614.4
8711.09,5637.75,2564.4,614.4,614.4,614.4
8711.09,5637.75,2564.4,614.4,614.4,614.4
8711.09,5637.75,2564.4,614.4,614.4,614.4
8711.09,5637.75,2564.4,614.4,614.4,614.4
8711.09,5637.75,2564.4,614.4,614.4,614.4
8711.09,5637.75,2564.4,614.4,614.4,614.4
8711.09,5637.75,2564.4,614.4,614.4,614.4
8711.09,5637.75,2564.4,614.4,614.4,614.4
8711.09,5637.75,2564.4,614.4,614.4,614.4
8711.09,5637.75,2564.4,614.4,614.4,614.4
8711.09,5637.75,2564.4,614.4,614.4,614.4
8711.09,5637.75,2564.4,614.4,614.4,614.4
8711.09,5637.75,2564.4,614.4,614.4,614.4
8711.09,5637.75,2564.4,614.4,614.4,614.4
8711.09,5637.75,2564.4,614.4,614.4,614.4
8711.09,5637.75,2564.4,614.4,614.4,614.4
8711.09,5637.75,2564.4,614.4,614.4,614.4
8711.09,5637.75,2564.4,614.4,614.4,614.4
8711.09,5637.75,2564.4,614.4,614.4,614.4
8711.09,5637.75,2564.4,614.4,614.4,614.4
8711.09,5637.75,2564.4,614.4,614.4,614.4
8711.09,5637.75,2564.4,614.4,614.4,614.4
8711.09,5637.75,2564.4,614.4,614.4,614.4
8711.09,5637.75,2564.4,614.4,614.4,614.4
8711.09,5637.75,2564.4,614.4,614.4,614.4
8711.09,5637.75,2564.4,614.4,614.4,614.4
8711.09,5637.75,2564.4,614.4,614.4,614.4
8711.09,5637.75,2564.4,614.4,614.4,614.4
8711.09,5637.75,2564.4,614.4,614.4,614.4
8711.09,5637.75,2564.4,614.4,614.4,614.4
8711.09,5637.75,2564.4,614.4,614.4,614.4
8711.09,5637.75,2564.4,614.4,614.4,614.4
8711.09,5637.75,2564.4,614.4,614.4,614.4
8711.09,5637.75,2564.4,614.4,614.4,614.4
8711.09,5637.75,2564.4,614.4,614.4,614.4
8711.09,5637.75,2564.4,614.4,614.4,614.4
8711.09,5637.75,2564.4,614.4,614.4,614.4
8711.09,5637.75,2564.4,614.4,614.4,614.4
8711.09,5637.75,2564.4,614.4,614.4,614.4
8711.09,5637.75,2564.4,614.4,614.4,614.4
8711.09,5637.75,2564.4,614.4,614.4,614.4
8711.09,5637.75,2564.4,614.4,614.4,614.4
8711.09,5637.75,2564.4,614.4,614.4,614.4
8711.09,5637.75,2564.4,614.4,614.4,614.4
8711.09,5637.75,2564.4,614.4,614.4,614.4
8711.09,5637.75,2564.4,614.4,614.4,614.4
8711.09,5637.75,2564.4,614.4,614.4,614.4
8711.09,5637.75,2564.4,614.4,614.4,614.4
8711.09,5637.75,2564.4,614.4,614.4,614.4
8711.09,5637.75,2564.4,614.4,614.4,614.4
8711.09,5637.75,2564.4,614.4,614.4,614.4
8711.09,5637.75,2564.4,614.4,614.4,614.4
8711.09,5637.75,2564.4,614.4,614.4,614.4
8711.09,5637.75,2564.4,614.4,614.4,614.4
8711.09,5637.75,2564.4,614.4,614.4,614.4
8711.09,5637.75,2564.4,614.4,614.4,614.4
8711.09,5637.75,2564.4,614.4,614.4,614.4
8711.09,5637.75,2564.4,614.4,614.4,614.4
8711.09,5637.75,2564.4,614.4,614.4,614.4
8711.09,5637.75,2564.4,614.4,614.4,614.4
8711.09,5637.75,2564.4,614.4,614.4,614.4
8711.09,5637.75,2564.4,614.4,614.4,614.4
8711.09,5637.75,2564.4,614.4,614.4,614.4
8711.09,5637.75,2564.4,614.4,614.4,614.4
8711.09,5637.75,2564.4,614.4,614.4,614.4
8711.09,5637.75,2564.4,614.4,614.4,614.4
8711.09,5637.75,2564.4,614.4,614.4,614.4
8711.09,5637.75,2564.4,614.4,614.4,614.4
8711.09,5637.75,2564.4,614.4,614.4,614.4
8711.09,5637.75,2564.4,614.4,614.4,614.4
8711.09,5637.75,2564.4,614.4,614.4,614.4
8711.09,5637.75,2564.4,614.4,614.4,614.4
8711.09,5637.75,2564.4,614.4,614.4,614.4
8711.09,5637.75,2564.4,614.4,614.4,614.4
8711.09,5637.75,2564.4,614.4,614.4,614.4
8711.09,5637.75,2564.4,614.4,614.4,614.4
8711.09,5637.75,2564.4,614.4,614.4,614.4
8711.09,5637.75,2564.4,614.4,614.4,614.4
8711.09,5637.75,2564.4,614.4,614.4,614.4
8711.09,5637.75,2564.4,614.4,614.4,614.4
8711.09,5637.75,2564.4,614.4,614.4,614.4
8711.09,5637.75,2564.4,614.4,614.4,614.4
8711.09,5637.75,2564.4,614.4,614.4,614.4
8711.09,5637.75,2564.4,614.4,614.4,614.4
8711.09,5637.75,2564.4,614.4,614.4,614.4
8711.09,5637.75,2564.4,614.4,614.4,614.4
8711.09,5637.75,2564.4,614.4,614.4,614.4
8711.09,5637.75,2564.4,614.4,614.4,614.4
8711.09,5637.75,2564.4,614.4,614.4,614.4
8711.09,5637.75,2564.4,614.4,614.4,614.4
8711.09,5637.75,2564.4,614.4,614.4,614.4
8711.09,5637.75,2564.4,614.4,614.4,614.4
8711.09,5637.75,2564.4,614.4,614.4,614.4
8711.09,5637.75,2564.4,614.4,614.4,614.4
8711.09,5637.75,2564.4,614.4,614.4,614.4
8711.09,5637.75,2564.4,614.4,614.4,614.4
8711.09,5637.75,2564.4,614.4,614.4,614.4
8711.09,5637.75,2564.4,614.4,614.4,614.4
8711.09,5637.75,2564.4,614.4,614.4,614.4
8711.09,5637.75,2564.4,614.4,614.4,614.4
8711.09,5637.75,2564.4,614.4,614.4,614.4
8711.09,5637.75,2564.4,614.4,614.4,614.4
8711.09,5637.75,2564.4,614.4,614.4,614.4
8711.09,5637.75,2564.4,614.4,614.4,614.4
8711.09,5637.75,2564.4,614.4,614.4,614.4
8711.09,5637.75,2564.4,614.4,614.4,614.4
8711.09,5637.75,2564.4,614.4,614.4,614.4
8711.09,5637.75,2564.4,614.4,614.4,614.4
8711.09,5637.75,2564.4,614.4,614.4,614.4
8711.09,5637.75,2564.4,614.4,614.4,614.4
8711.09,5637.75,2564.4,614.4,614.4,614.4
8711.09,5637.75,2564.4,614.4,614.4,614.4
8711.09,5637.75,2564.4,614.4,614.4,614.4
8711.09,5637.75,2564.4,614.4,614.4,614.4
8711.09,5637.75,2564.4,614.4,614.4,614.4
8711.09,5637.75,2564.4,614.4,614.4,614.4
8711.09,5637.75,2564.4,614.4,614.4,614.4
8711.09,5637.75,2564.4,614.4,614.4,614.4
8711.09,5637.75,2564.4,614.4,614.4,614.4
8711.09,5637.75,2564.4,614.4,614.4,614.4
8711.09,5637.75,2564.4,614.4,614.4,614.4
8711.09,5637.75,2564.4,614.4,614.4,614.4
8711.09,5637.75,2564.4,614.4,614.4,614.4
8711.09,5637.75,2564.4,614.4,614.4,614.4
8711.09,5637.75,2564.4,614.4,614.4,614.4
8711.09,5637.75,2564.4,614.4,614.4,614.4
8711.09,5637.75,2564.4,614.4,614.4,614.4
8711.09,5637.75,2564.4,614.4,614.4,614.4
8711.09,5637.75,2564.4,614.4,614.4,614.4
8711.09,5637.75,2564.4,614.4,614.4,614.4
8711.09,5637.75,2564.4,614.4,614.4,614.4
8711.09,5637.75,2564.4,614.4,614.4,614.4
8711.09,5637.75,2564.4,614.4,614.4,614.4
8711.09,5637.75,2564.4,614.4,614.4,614.4
8711.09,5637.75,2564.4,614.4,614.4,614.4
8711.09,5637.75,2564.4,614.4,614.4,614.4
8711.09,5637.75,2564.4,614.4,614.4,614.4
8711.09,5637.75,2564.4,614.4,614.4,614.4
8711.09,5637.75,2564.4,614.4,614.4,614.4
8711.09,5637.75,2564.4,614.4,614.4,614.4
8711.09,5637.75,2564.4,614.4,614.4,614.4
8711.09,5637.75,2564.4,614.4,614.4,614.4
8711.09,5637.75,2564.4,614.4,614.4,614.4
8711.09,5637.75,2564.4,614.4,614.4,614.4
8711.09,5637.75,2564.4,614.4,614.4,614.4
8711.09,5637.75,2564.4,614.4,614.4,614.4
8711.09,5637.75,2564.4,614.4,614.4,614.4
8711.09,5637.75,2564.4,614.4,614.4,614.4
8711.09,5637.75,2564.4,614.4,614.4,614.4
8711.09,5637.75,2564.4,614.4,614.4,614.4
8711.09,5637.75,2564.4,614.4,614.4,614.4
8711.09,5637.75,2564.4,614.4,614.4,614.4
8711.09,5637.75,2564.4,614.4,614.4,614.4
8711.09,5637.75,2564.4,614.4,614.4,614.4
8711.09,5637.75,2564.4,614.4,614.4,614.4
8711.09,5637.75,2564.4,614.4,614.4,614.4
8711.09,5637.75,2564.4,614.4,614.4,614.4
8711.09,5637.75,2564.4,614.4,614.4,614.4
8711.09,5637.75,2564.4,614.4,614.4,614.4
8711.09,5637.75,2564.4,614.4,614.4,614.4
8711.09,5637.75,2564.4,614.4,614.4,614.4
8711.09,5637.75,2564.4,614.4,614.4,614.4
8711.09,5637.75,2564.4,614.4,614.4,614.4
8711.09,5637.75,2564.4,614.4,614.4,614.4
8711.09,5637.75,2564.4,614.4,614.4,614.4
8711.09,5637.75,2564.4,614.4,614.4,614.4
8711.09,5637.75,2564.4,614.4,614.4,614.4
8711.09,5637.75,2564.4,614.4,614.4,614.4
8711.09,5637.75,2564.4,614.4,614.4,614.4
8711.09,5637.75,2564.4,614.4,614.4,614.4
8711.09,5637.75,2564.4,614.4,614.4,614.4
8711.09,5637.75,2564.4,614.4,614.4,614.4
8711.09,5637.75,2564.4,614.4,614.4,614.4
8711.09,5637.75,2564.4,614.4,614.4,614.4
8711.09,5637.75,2564.4,614.4,614.4,614.4
8711.09,5637.75,2564.4,614.4,614.4,614.4
8711.09,5637.75,2564.4,614.4,614.4,614.4
8711.09,5637.75,2564.4,614.4,614.4,614.4
8711.09,5637.75,2564.4,614.4,614.4,614.4
8711.09,5637.75,2564.4,614.4,614.4,614.4
8711.09,5637.75,2564.4,614.4,614.4,614.4
8711.09,5637.75,2564.4,614.4,614.4,614.4
8711.09,5637.75,2564.4,614.4,614.4,614.4
8711.09,5637.75,2564.4,614.4,614.4,614.4
8711.09,5637.75,2564.4,614.4,614.4,614.4
8711.09,5637.75,2564.4,614.4,614.4,614.4
8711.09,5637.75,2564.4,614.4,614.4,614.4
8711.09,5637.75,2564.4,614.4,614.4,614.4
8711.09,5637.75,2564.4,614.4,614.4,614.4
8711.09,5637.75,2564.4,614.4,614.4,614.4
8711.09,5637.75,2564.4,614.4,614.4,614.4
8711.09,5637.75,2564.4,614.4,614.4,614.4
8711.09,5637.75,2564.4,614.4,614.4,614.4
8711.09,5637.75,2564.4,614.4,614.4,614.4
8711.09,5637.75,2564.4,614.4,614.4,614.4
8711.09,5637.75,2564.4,614.4,614.4,614.4
8711.09,5637.75,2564.4,614.4,614.4,614.4
8711.09,5637.75,2564.4,614.4,614.4,614.4
8711.09,5637.75,2564.4,614.4,614.4,614.4
8711.09,5637.75,2564.4,614.4,614.4,614.4
8711.09,5637.75,2564.4,614.4,614.4,614.4
8711.09,5637.75,2564.4,614.4,614.4,614.4
8711.09,5637.75,2564.4,614.4,614.4,614.4
8711.09,5637.75,2564.4,614.4,614.4,614.4
8711.09,5637.75,2564.4,614.4,614.4,614.4
8711.09,5637.75,2564.4,614.4,614.4,614.4
8711.09,5637.75,2564.4,614.4,614.4,614.4
8711.09,5637.75,2564.4,614.4,614.4,614.4
8711.09,5637.75,2564.4,614.4,614.4,614.4
8711.09,5637.75,2564.4,614.4,614.4,614.4
8711.09,5637.75,2564.4,614.4,614.4,614.4
8711.09,5637.75,2564.4,614.4,614.4,614.4
8711.09,5637.75,2564.4,614.4,614.4,614.4
8711.09,5637.75,2564.4,614.4,614.4,614.4
8711.09,5637.75,2564.4,614.4,614.4,614.4
8711.09,5637.75,2564.4,614.4,614.4,614.4
8711.09,5637.75,2564.4,614.4,614.4,614.4
8711.09,5637.75,2564.4,614.4,614.4,614.4
8711.09,5637.75,2564.4,614.4,614.4,614.4
8711.09,5637.75,2564.4,614.4,614.4,614.4
8711.09,5637.75,2564.4,614.4,614.4,614.4
8711.09,5637.75,2564.4,614.4,614.4,614.4
8711.09,5637.75,2564.4,614.4,614.4,614.4
8711.09,5637.75,2564.4,614.4,614.4,614.4
8711.09,5637.75,2564.4,614.4,614.4,614.4
8711.09,5637.75,2564.4,614.4,614.4,614.4
8711.09,5637.75,2564.4,614.4,614.4,614.4
8711.09,5637.75,2564.4,614.4,614.4,614.4
8711.09,5637.75,2564.4,614.4,614.4,614.4
8711.09,5637.75,2564.4,614.4,614.4,614.4
8711.09,5637.75,2564.4,614.4,614.4,614.4
8711.09,5637.75,2564.4,614.4,614.4,614.4
8711.09,5637.75,2564.4,614.4,614.4,614.4
8711.09,5637.75,2564.4,614.4,614.4,614.4
8711.09,5637.75,2564.4,614.4,614.4,614.4
8711.09,5637.75,2564.4,614.4,614.4,614.4
8711.09,5637.75,2564.4,614.4,614.4,614.4
8711.09,5637.75,2564.4,614.4,614.4,614.4
8711.09,5637.75,2564.4,614.4,614.4,614.4
8711.09,5637.75,2564.4,614.4,614.4,614.4
8711.09,5637.75,2564.4,614.4,614.4,614.4
8711.09,5637.75,2564.4,614.4,614.4,614.4
8711.09,5637.75,2564.4,614.4,614.4,614.4
8711.09,5637.75,2564.4,614.4,614.4,614.4
8711.09,5637.75,2564.4,614.4,614.4,614.4
8711.09,5637.75,2564.4,614.4,614.4,614.4
8711.09,5637.75,2564.4,614.4,614.4,614.4
8711.09,5637.75,2564.4,614.4,614.4,614.4
8711.09,5637.75,2564.4,614.4,614.4,614.4
8711.09,5637.75,2564.4,614.4,614.4,614.4
8711.09,5637.75,2564.4,614.4,614.4,614.4
8711.09,5637.75,2564.4,614.4,614.4,614.4
8711.09,5637.75,2564.4,614.4,614.4,614.4
8711.09,5637.75,2564.4,614.4,614.4,614.4
8711.09,5637.75,2564.4,614.4,614.4,614.4
8711.09,5637.75,2564.4,614.4,614.4,614.4
8711.09,5637.75,2564.4,614.4,614.4,614.4
8711.09,5637.75,2564.4,614.4,614.4,614.4
8711.09,5637.75,2564.4,614.4,614.4,614.4
8711.09,5637.75,2564.4,614.4,614.4,614.4
8711.09,5637.75,2564.4,614.4,614.4,614.4
8711.09,5637.75,2564.4,614.4,614.4,614.4
8711.09,5637.75,2564.4,614.4,614.4,614.4
8711.09,5637.75,2564.4,614.4,614.4,614.4
8711.09,5637.75,2564.4,614.4,614.4,614.4
8711.09,5637.75,2564.4,614.4,614.4,614.4
8711.09,5637.75,2564.4,614.4,614.4,614.4
8711.09,5637.75,2564.4,614.4,614.4,614.4
8711.09,5637.75,2564.4,614.4,614.4,614.4
8711.09,5637.75,2564.4,614.4,614.4,614.4
8711.09,5637.75,2564.4,614.4,614.4,614.4
8711.09,5637.75,2564.4,614.4,614.4,614.4
8711.09,5637.75,2564.4,614.4,614.4,614.4
8711.09,5637.75,2564.4,614.4,614.4,614.4
8711.09,5637.75,2564.4,614.4,614.4,614.4
8711.09,5637.75,2564.4,614.4,614.4,614.4
8711.09,5637.75,2564.4,614.4,614.4,614.4
8711.09,5637.75,2564.4,614.4,614.4,614.4
8711.09,5637.75,2564.4,614.4,614.4,614.4
8711.09,5637.75,2564.4,614.4,614.4,614.4
8711.09,5637.75,2564.4,614.4,614.4,614.4
8711.09,5637.75,2564.4,614.4,614.4,614.4
8711.09,5637.75,2564.4,614.4,614.4,614.4
8711.09,5637.75,2564.4,614.4,614.4,614.4
8711.09,5637.75,2564.4,614.4,614.4,614.4
8711.09,5637.75,2564.4,614.4,614.4,614.4
8711.09,5637.75,2564.4,614.4,614.4,614.4
8711.09,5637.75,2564.4,614.4,614.4,614.4
8711.09,5637.75,2564.4,614.4,614.4,614.4
8711.09,5637.75,2564.4,614.4,614.4,614.4
8711.09,5637.75,2564.4,614.4,614.4,614.4
8711.09,5637.75,2564.4,614.4,614.4,614.4
8711.09,5637.75,2564.4,614.4,614.4,614.4
8711.09,5637.75,2564.4,614.4,614.4,614.4
8711.09,5637.75,2564.4,614.4,614.4,614.4
8711.09,5637.75,2564.4,614.4,614.4,614.4
8711.09,5637.75,2564.4,614.4,614.4,614.4
8711.09,5637.75,2564.4,614.4,614.4,614.4
8711.09,5637.75,2564.4,614.4,614.4,614.4
8711.09,5637.75,2564.4,614.4,614.4,614.4
8711.09,5637.75,2564.4,614.4,614.4,614.4
8711.09,5637.75,2564.4,614.4,614.4,614.4
8711.09,5637.75,2564.4,614.4,614.4,614.4
8711.09,5637.75,2564.4,614.4,614.4,614.4
8711.09,5637.75,2564.4,614.4,614.4,614.4
8711.09,5637.75,2564.4,614.4,614.4,614.4
8711.09,5637.75,2564.4,614.4,614.4,614.4
8711.09,5637.75,2564.4,614.4,614.4,614.4
8711.09,5637.75,2564.4,614.4,614.4,614.4
8711.09,5637.75,2564.4,614.4,614.4,614.4
8711.09,5637.75,2564.4,614.4,614.4,614.4
8711.09,5637.75,2564.4,614.4,614.4,614.4
8711.09,5637.75,2564.4,614.4,614.4,614.4
8711.09,5637.75,2564.4,614.4,614.4,614.4
8711.09,5637.75,2564.4,614.4,614.4,614.4
8711.09,5637.75,2564.4,614.4,614.4,614.4
8711.09,5637.75,2564.4,614.4,614.4,614.4
8711.09,5637.75,2564.4,614.4,614.4,614.4
8711.09,5637.75,2564.4,614.4,614.4,614.4
8711.09,5637.75,2564.4,614.4,614.4,614.4
8711.09,5637.75,2564.4,614.4,614.4,614.4
8711.09,5637.75,2564.4,614.4,614.4,614.4
8711.09,5637.75,2564.4,614.4,614.4,614.4
8711.09,5637.75,2564.4,614.4,614.4,614.4
8711.09,5637.75,2564.4,614.4,614.4,614.4
8711.09,5637.75,2564.4,614.4,614.4,614.4
8711.09,5637.75,2564.4,614.4,614.4,614.4
8711.09,5637.75,2564.4,614.4,614.4,614.4
8711.09,5637.75,2564.4,614.4,614.4,614.4
8711.09,5637.75,2564.4,614.4,614.4,614.4
8711.09,5637.75,2564.4,614.4,614.4,614.4
8711.09,5637.75,2564.4,614.4,614.4,614.4
8711.09,5637.75,2564.4,614.4,614.4,614.4
8711.09,5637.75,2564.4,614.4,614.4,614.4
8711.09,5637.75,2564.4,614.4,614.4,614.4
8711.09,5637.75,2564.4,614.4,614.4,614.4
8711.09,5637.75,2564.4,614.4,614.4,614.4
8711.09,5637.75,2564.4,614.4,614.4,614.4
8711.09,5637.75,2564.4,614.4,614.4,614.4
8711.09,5637.75,2564.4,614.4,614.4,614.4
8711.09,5637.75,2564.4,614.4,614.4,614.4
8711.09,5637.75,2564.4,614.4,614.4,614.4
8711.09,5637.75,2564.4,614.4,614.4,614.4
8711.09,5637.75,2564.4,614.4,614.4,614.4
8711.09,5637.75,2564.4,614.4,614.4,614.4
8711.09,5637.75,2564.4,614.4,614.4,614.4
8711.09,5637.75,2564.4,614.4,614.4,614.4
8711.09,5637.75,2564.4,614.4,614.4,614.4
8711.09,5637.75,2564.4,614.4,614.4,614.4
8711.09,5637.75,2564.4,614.4,614.4,614.4
8711.09,5637.75,2564.4,614.4,614.4,614.4
8711.09,5637.75,2564.4,614.4,614.4,614.4
8711.09,5637.75,2564.4,614.4,614.4,614.4
8711.09,5637.75,2564.4,614.4,614.4,614.4
8711.09,5637.75,2564.4,614.4,614.4,614.4
8711.09,5637.75,2564.4,614.4,614.4,614.4
8711.09,5637.75,2564.4,614.4,614.4,614.4
8711.09,5637.75,2564.4,614.4,614.4,614.4
8711.09,5637.75,2564.4,614.4,614.4,614.4
8711.09,5637.75,2564.4,614.4,614.4,614.4
8711.09,5637.75,2564.4,614.4,614.4,614.4
8711.09,5637.75,2564.4,614.4,614.4,614.4
8711.09,5637.75,2564.4,614.4,614.4,614.4
8711.09,5637.75,2564.4,614.4,614.4,614.4
8711.09,5637.75,2564.4,614.4,614.4,614.4
8711.09,5637.75,2564.4,614.4,614.4,614.4
8711.09,5637.75,2564.4,614.4,614.4,614.4
8711.09,5637.75,2564.4,614.4,614.4,614.4
8711.09,5637.75,2564.4,614.4,614.4,614.4
8711.09,5637.75,2564.4,614.4,614.4,614.4
8711.09,5637.75,2564.4,614.4,614.4,614.4
8711.09,5637.75,2564.4,614.4,614.4,614.4
8711.09,5637.75,2564.4,614.4,614.4,614.4
8711.09,5637.75,2564.4,614.4,614.4,614.4
8711.09,5637.75,2564.4,614.4,614.4,614.4
8711.09,5637.75,2564.4,614.4,614.4,614.4
8711.09,5637.75,2564.4,614.4,614.4,614.4
8711.09,5637.75,2564.4,614.4,614.4,614.4
8711.09,5637.75,2564.4,614.4,614.4,614.4
8711.09,5637.75,2564.4,614.4,614.4,614.4
8711.09,5637.75,2564.4,614.4,614.4,614.4
8711.09,5637.75,2564.4,614.4,614.4,614.4
8711.09,5637.75,2564.4,614.4,614.4,614.4
8711.09,5637.75,2564.4,614.4,614.4,614.4
8711.09,5637.75,2564.4,614.4,614.4,614.4
8711.09,5637.75,2564.4,614.4,614.4,614.4
8711.09,5637.75,2564.4,614.4,614.4,614.4
8711.09,5637.75,2564.4,614.4,614.4,614.4
8711.09,5637.75,2564.4,614.4,614.4,614.4
8711.09,5637.75,2564.4,614.4,614.4,614.4
8711.09,5637.75,2564.4,614.4,614.4,614.4
8711.09,5637.75,2564.4,614.4,614.4,614.4
8711.09,5637.75,2564.4,614.4,614.4,614.4
8711.09,5637.75,2564.4,614.4,614.4,614.4
8711.09,5637.75,2564.4,614.4,614.4,614.4
8711.09,5637.75,2564.4,614.4,614.4,614.4
8711.09,5637.75,2564.4,614.4,614.4,614.4
8711.09,5637.75,2564.4,614.4,614.4,614.4
8711.09,5637.75,2564.4,614.4,614.4,614.4
8711.09,5637.75,2564.4,614.4,614.4,614.4
8711.09,5637.75,2564.4,614.4,614.4,614.4
8711.09,5637.75,2564.4,614.4,614.4,614.4
8711.09,5637.75,2564.4,614.4,614.4,614.4
8711.09,5637.75,2564.4,614.4,614.4,614.4
8711.09,5637.75,2564.4,614.4,614.4,614.4
8711.09,5637.75,2564.4,614.4,614.4,614.4
8711.09,5637.75,2564.4,614.4,614.4,614.4
8711.09,5637.75,2564.4,614.4,614.4,614.4
8711.09,5637.75,2564.4,614.4,614.4,614.4
8711.09,5637.75,2564.4,614.4,614.4,614.4
8711.09,5637.75,2564.4,614.4,614.4,614.4
8711.09,5637.75,2564.4,614.4,614.4,614.4
8711.09,5637.75,2564.4,614.4,614.4,614.4
8711.09,5637.75,2564.4,614.4,614.4,614.4
8711.09,5637.75,2564.4,614.4,614.4,614.4
8711.09,5637.75,2564.4,614.4,614.4,614.4
8711.09,5637.75,2564.4,614.4,614.4,614.4
8711.09,5637.75,2564.4,614.4,614.4,614.4
8711.09,5637.75,2564.4,614.4,614.4,614.4
8711.09,5637.75,2564.4,614.4,614.4,614.4
8711.09,5637.75,2564.4,614.4,614.4,614.4
8711.09,5637.75,2564.4,614.4,614.4,614.4
8711.09,5637.75,2564.4,614.4,614.4,614.4
8711.09,5637.75,2564.4,614.4,614.4,614.4
8711.09,5637.75,2564.4,614.4,614.4,614.4
8711.09,5637.75,2564.4,614.4,614.4,614.4
8711.09,5637.75,2564.4,614.4,614.4,614.4
8711.09,5637.75,2564.4,614.4,614.4,614.4
8711.09,5637.75,2564.4,614.4,614.4,614.4
8711.09,5637.75,2564.4,614.4,614.4,614.4
8711.09,5637.75,2564.4,614.4,614.4,614.4
8711.09,5637.75,2564.4,614.4,614.4,614.4
8711.09,5637.75,2564.4,614.4,614.4,614.4
8711.09,5637.75,2564.4,614.4,614.4,614.4
8711.09,5637.75,2564.4,614.4,614.4,614.4
8711.09,5637.75,2564.4,614.4,614.4,614.4
8711.09,5637.75,2564.4,614.4,614.4,614.4
8711.09,5637.75,2564.4,614.4,614.4,614.4
8711.09,5637.75,2564.4,614.4,614.4,614.4
8711.09,5637.75,2564.4,614.4,614.4,614.4
8711.09,5637.75,2564.4,614.4,614.4,614.4
8711.09,5637.75,2564.4,614.4,614.4,614.4
8711.09,5637.75,2564.4,614.4,614.4,614.4
8711.09,5637.75,2564.4,614.4,614.4,614.4
8711.09,5637.75,2564.4,614.4,614.4,614.4
8711.09,5637.75,2564.4,614.4,614.4,614.4
8711.09,5637.75,2564.4,614.4,614.4,614.4
8711.09,5637.75,2564.4,614.4,614.4,614.4
8711.09,5637.75,2564.4,614.4,614.4,614.4
8711.09,5637.75,2564.4,614.4,614.4,614.4
8711.09,5637.75,2564.4,614.4,614.4,614.4
8711.09,5637.75,2564.4,614.4,614.4,614.4
8711.09,5637.75,2564.4,614.4,614.4,614.4
8711.09,5637.75,2564.4,614.4,614.4,614.4
8711.09,5637.75,2564.4,614.4,614.4,614.4
8711.09,5637.75,2564.4,614.4,614.4,614.4
8711.09,5637.75,2564.4,614.4,614.4,614.4
8711.09,5637.75,2564.4,614.4,614.4,614.4
8735.32,5661.99,2588.64,614.4,614.4,614.4
8783.19,5709.85,2636.5,614.4,614.4,614.4
8835.7,5762.36,2689.01,614.4,614.4,614.4
8875.58,5802.24,2728.9,614.4,614.4,614.4
8875.58,5802.24,2728.9,614.4,614.4,614.4
8875.58,5802.24,2728.9,614.4,614.4,614.4
8875.58,5802.24,2728.9,614.4,614.4,614.4
8875.58,5802.24,2728.9,614.4,614.4,614.4
8875.58,5802.24,2728.9,614.4,614.4,614.4
8875.58,5802.24,2728.9,614.4,614.4,614.4
8875.58,5802.24,2728.9,614.4,614.4,614.4
8875.58,5802.24,2728.9,614.4,614.4,614.4
8875.58,5802.24,2728.9,614.4,614.4,614.4
8875.58,5802.24,2728.9,614.4,614.4,614.4
8875.58,5802.24,2728.9,614.4,614.4,614.4
8875.58,5802.24,2728.9,614.4,614.4,614.4
8875.58,5802.24,2728.9,614.4,614.4,614.4
8875.58,5802.24,2728.9,614.4,614.4,614.4
8875.58,5802.24,2728.9,614.4,614.4,614.4
8875.58,5802.24,2728.9,614.4,614.4,614.4
8875.58,5802.24,2728.9,614.4,614.4,614.4
8875.58,5802.24,2728.9,614.4,614.4,614.4
8875.58,5802.24,2728.9,614.4,614.4,614.4
8941.45,5868.1,2794.77,616.24,614.4,614.4
9021.47,5948.12,2874.78,621.81,614.4,614.4
9102.39,6029.05,2955.7,628.28,614.4,614.4
9184.54,6111.2,3037.85,637.43,614.4,614.4
9261.01,6187.66,3114.31,656.92,614.4,614.4
9328.82,6255.46,3182.12,678.41,614.4,614.4
9345.87,6272.51,3199.17,695.46,614.4,614.4
9345.87,6272.51,3199.17,695.46,614.4,614.4
9345.87,6272.51,3199.17,695.46,614.4,614.4
9345.87,6272.51,3199.17,695.46,614.4,614.4
9345.87,6272.51,3199.17,695.46,614.4,614.4
9345.87,6272.51,3199.17,695.46,614.4,614.4
9345.87,6272.51,3199.17,695.46,614.4,614.4
9345.87,6272.51,3199.17,695.46,614.4,614.4
9345.87,6272.51,3199.17,695.46,614.4,614.4
9345.87,6272.51,3199.17,695.46,614.4,614.4
9345.87,6272.51,3199.17,695.46,614.4,614.4
9345.87,6272.51,3199.17,695.46,614.4,614.4
9345.87,6272.51,3199.17,695.46,614.4,614.4
9345.87,6272.51,3199.17,695.46,614.4,614.4
9345.87,6272.51,3199.17,695.46,614.4,614.4
9345.87,6272.51,3199.17,695.46,614.4,614.4
9345.87,6272.51,3199.17,695.46,614.4,614.4
9371.47,6298.12,3224.77,721.06,614.4,614.4
9447.17,6373.82,3300.48,757.14,614.4,614.4
9555.58,6482.23,3408.88,798.52,614.4,614.4
9656.13,6582.78,3509.43,843.69,614.4,614.4
9738.92,6665.57,3592.22,893.26,614.4,614.4
9825.98,6752.63,3679.28,943.42,614.4,614.4
9917.23,6843.87,3770.52,998.77,614.4,614.4
9966.9,6893.54,3820.19,1048.44,614.4,614.4
9966.9,6893.54,3820.19,1048.44,614.4,614.4
9966.9,6893.54,3820.19,1048.44,614.4,614.4
9966.9,6893.54,3820.19,1048.44,614.4,614.4
9966.9,6893.54,3820.19,1048.44,614.4,614.4
9966.9,6893.54,3820.19,1048.44,614.4,614.4
9966.9,6893.54,3820.19,1048.44,614.4,614.4
9966.9,6893.54,3820.19,1048.44,614.4,614.4
9966.9,6893.54,3820.19,1048.44,614.4,614.4
9966.9,6893.54,3820.19,1048.44,614.4,614.4
9966.9,6893.54,3820.19,1048.44,614.4,614.4
9966.9,6893.54,3820.19,1048.44,614.4,614.4
9966.9,6893.54,3820.19,1048.44,614.4,614.4
9966.9,6893.54,3820.19,1048.44,614.4,614.4
9966.9,6893.54,3820.19,1048.44,614.4,614.4
9966.9,6893.54,3820.19,1048.44,614.4,614.4
9966.9,6893.54,3820.19,1048.44,614.4,614.4
10008.5,6935.14,3861.79,1090.03,614.4,614.4
10089.04,7015.68,3942.33,1152.65,614.4,614.4
10189.8,7116.43,4043.08,1216.51,614.4,614.4
10264.2,7190.82,4117.48,1280.71,614.4,614.4
10323.54,7250.16,4176.82,1340.05,614.4,614.4
10393.03,7319.66,4246.31,1405.2,614.4,614.4
10461.3,7387.93,4314.57,1470.48,614.4,614.4
10477.22,7403.85,4330.49,1486.4,614.4,614.4
10477.22,7403.85,4330.49,1486.4,614.4,614.4
10477.22,7403.85,4330.49,1486.4,614.4,614.4
10477.22,7403.85,4330.49,1486.4,614.4,614.4
10477.22,7403.85,4330.49,1486.4,614.4,614.4
10477.22,7403.85,4330.49,1486.4,614.4,614.4
10477.22,7403.85,4330.49,1486.4,614.4,614.4
10477.22,7403.85,4330.49,1486.4,614.4,614.4
10477.22,7403.85,4330.49,1486.4,614.4,614.4
10477.22,7403.85,4330.49,1486.4,614.4,614.4
10477.22,7403.85,4330.49,1486.4,614.4,614.4
10477.22,7403.85,4330.49,1486.4,614.4,614.4
10477.22,7403.85,4330.49,1486.4,614.4,614.4
10477.22,7403.85,4330.49,1486.4,614.4,614.4
10477.22,7403.85,4330.49,1486.4,614.4,614.4
10477.22,7403.85,4330.49,1486.4,614.4,614.4
10477.22,7403.85,4330.49,1486.4,614.4,614.4
10478.85,7405.48,4332.12,1488.03,614.4,614.4
10552.15,7478.78,4405.42,1555.12,614.4,614.4
10677.12,7603.75,4530.38,1622.21,614.4,614.4
10791.55,7718.18,4644.81,1689.61,614.4,614.4
10892.26,7818.89,4745.52,1757.1,614.4,614.4
10940.72,7867.35,4793.97,1805.55,614.4,614.4
10969.61,7896.24,4822.87,1834.45,614.4,614.4
10969.61,7896.24,4822.87,1834.45,614.4,614.4
10977.4,7904.03,4830.67,1842.24,614.4,614.4
10977.4,7904.03,4830.67,1842.24,614.4,614.4
10977.4,7904.03,4830.67,1842.24,614.4,614.4
10977.4,7904.03,4830.67,1842.24,614.4,614.4
10977.4,7904.03,4830.67,1842.24,614.4,614.4
10977.4,7904.03,4830.67,1842.24,614.4,614.4
10977.4,7904.03,4830.67,1842.24,614.4,614.4
10977.4,7904.03,4830.67,1842.24,614.4,614.4
10977.4,7904.03,4830.67,1842.24,614.4,614.4
10977.4,7904.03,4830.67,1842.24,614.4,614.4
10977.4,7904.03,4830.67,1842.24,614.4,614.4
10977.4,7904.03,4830.67,1842.24,614.4,614.4
10977.4,7904.03,4830.67,1842.24,614.4,614.4
10977.4,7904.03,4830.67,1842.24,614.4,614.4
10977.4,7904.03,4830.67,1842.24,614.4,614.4
10977.4,7904.03,4830.67,1842.24,614.4,614.4
11028.16,7954.79,4881.43,1893.0,614.4,614.4
11135.12,8061.74,4988.38,1969.13,614.4,614.4
11251.48,8178.09,5104.73,2046.48,614.4,614.4
11344.54,8271.16,5197.79,2124.39,614.4,614.4
11396.53,8323.14,5249.78,2176.38,614.4,614.4
11440.77,8367.38,5294.02,2220.62,614.4,614.4
11459.79,8386.39,5313.03,2239.64,614.4,614.4
11477.8,8404.4,5331.04,2257.65,614.4,614.4
11477.8,8404.4,5331.04,2257.65,614.4,614.4
11477.8,8404.4,5331.04,2257.65,614.4,614.4
11477.8,8404.4,5331.04,2257.65,614.4,614.4
11477.8,8404.4,5331.04,2257.65,614.4,614.4
11477.8,8404.4,5331.04,2257.65,614.4,614.4
11477.8,8404.4,5331.04,2257.65,614.4,614.4
11477.8,8404.4,5331.04,2257.65,614.4,614.4
11477.8,8404.4,5331.04,2257.65,614.4,614.4
11477.8,8404.4,5331.04,2257.65,614.4,614.4
11477.8,8404.4,5331.04,2257.65,614.4,614.4
11477.8,8404.4,5331.04,2257.65,614.4,614.4
11477.8,8404.4,5331.04,2257.65,614.4,614.4
11477.8,8404.4,5331.04,2257.65,614.4,614.4
11477.8,8404.4,5331.04,2257.65,614.4,614.4
11477.8,8404.4,5331.04,2257.65,614.4,614.4
11477.8,8404.4,5331.04,2257.65,614.4,614.4
11484.06,8410.66,5337.3,2263.91,614.4,614.4
11510.41,8437.01,5363.65,2290.25,614.4,614.4
11530.01,8456.6,5383.25,2309.85,614.4,614.4
11548.92,8475.51,5402.16,2328.76,614.4,614.4
11555.81,8482.4,5409.04,2335.64,614.4,614.4
11565.82,8492.41,5419.06,2345.66,614.4,614.4
11568.49,8495.08,5421.72,2348.33,614.4,614.4
11568.49,8495.08,5421.72,2348.33,614.4,614.4
11568.49,8495.08,5421.72,2348.33,614.4,614.4
11568.49,8495.08,5421.72,2348.33,614.4,614.4
11568.49,8495.08,5421.72,2348.33,614.4,614.4
11568.49,8495.08,5421.72,2348.33,614.4,614.4
11568.49,8495.08,5421.72,2348.33,614.4,614.4
11568.49,8495.08,5421.72,2348.33,614.4,614.4
11568.49,8495.08,5421.72,2348.33,614.4,614.4
11568.49,8495.08,5421.72,2348.33,614.4,614.4
11568.49,8495.08,5421.72,2348.33,614.4,614.4
11568.49,8495.08,5421.72,2348.33,614.4,614.4
11568.49,8495.08,5421.72,2348.33,614.4,614.4
11568.49,8495.08,5421.72,2348.33,614.4,614.4
11568.49,8495.08,5421.72,2348.33,614.4,614.4
11568.49,8495.08,5421.72,2348.33,614.4,614.4
11568.49,8495.08,5421.72,2348.33,614.4,614.4
11568.49,8495.08,5421.72,2348.33,614.4,614.4
11568.49,8495.08,5421.72,2348.33,614.4,614.4
11607.67,8534.26,5460.9,2387.51,614.4,614.4
11652.04,8578.63,5505.28,2431.89,614.4,614.4
11686.24,8612.83,5539.49,2466.09,614.4,614.4
11712.21,8638.8,5565.46,2492.06,614.4,614.4
11726.37,8652.96,5579.62,2506.23,614.4,614.4
11726.37,8652.96,5579.62,2506.23,614.4,614.4
11726.37,8652.96,5579.62,2506.23,614.4,614.4
11726.37,8652.96,5579.62,2506.23,614.4,614.4
11726.37,8652.96,5579.62,2506.23,614.4,614.4
11726.37,8652.96,5579.62,2506.23,614.4,614.4
11726.37,8652.96,5579.62,2506.23,614.4,614.4
11726.37,8652.96,5579.62,2506.23,614.4,614.4
11726.37,8652.96,5579.62,2506.23,614.4,614.4
11726.37,8652.96,5579.62,2506.23,614.4,614.4
11726.37,8652.96,5579.62,2506.23,614.4,614.4
11726.37,8652.96,5579.62,2506.23,614.4,614.4
11726.37,8652.96,5579.62,2506.23,614.4,614.4
11726.37,8652.96,5579.62,2506.23,614.4,614.4
11726.37,8652.96,5579.62,2506.23,614.4,614.4
11726.37,8652.96,5579.62,2506.23,614.4,614.4
11726.37,8652.96,5579.62,2506.23,614.4,614.4
11726.37,8652.96,5579.62,2506.23,614.4,614.4
11726.37,8652.96,5579.62,2506.23,614.4,614.4
11726.37,8652.96,5579.62,2506.23,614.4,614.4
11746.76,8673.35,5600.02,2526.63,614.4,614.4
11770.74,8697.33,5624.0,2550.62,614.4,614.4
11796.96,8723.54,5650.21,2576.83,614.4,614.4
11823.58,8750.17,5676.84,2603.46,614.4,614.4
11853.46,8780.05,5706.71,2633.34,614.4,614.4
11880.26,8806.86,5733.51,2660.14,614.4,614.4
11904.51,8831.12,5757.76,2684.39,614.4,614.4
11908.72,8835.33,5761.96,2688.6,614.4,614.4
11908.72,8835.33,5761.96,2688.6,614.4,614.4
11908.72,8835.33,5761.96,2688.6,614.4,614.4
11908.72,8835.33,5761.96,2688.6,614.4,614.4
11908.72,8835.33,5761.96,2688.6,614.4,614.4
11908.72,8835.33,5761.96,2688.6,614.4,614.4
11908.72,8835.33,5761.96,2688.6,614.4,614.4
11908.72,8835.33,5761.96,2688.6,614.4,614.4
11908.72,8835.33,5761.96,2688.6,614.4,614.4
11908.72,8835.33,5761.96,2688.6,614.4,614.4
11908.72,8835.33,5761.96,2688.6,614.4,614.4
11908.72,8835.33,5761.96,2688.6,614.4,614.4
11908.72,8835.33,5761.96,2688.6,614.4,614.4
11908.72,8835.33,5761.96,2688.6,614.4,614.4
11908.72,8835.33,5761.96,2688.6,614.4,614.4
11908.72,8835.33,5761.96,2688.6,614.4,614.4
11908.72,8835.33,5761.96,2688.6,614.4,614.4
11920.01,8846.62,5773.25,2699.88,614.4,614.4
11942.99,8869.6,5796.22,2722.85,614.4,614.4
11950.68,8877.3,5803.92,2730.54,614.4,614.4
11951.8,8878.42,5805.04,2731.66,614.4,614.4
11951.8,8878.42,5805.04,2731.66,614.4,614.4
11951.8,8878.42,5805.04,2731.66,614.4,614.4
11951.8,8878.42,5805.04,2731.66,614.4,614.4
11951.8,8878.42,5805.04,2731.66,614.4,614.4
11951.8,8878.42,5805.04,2731.66,614.4,614.4
11951.8,8878.42,5805.04,2731.66,614.4,614.4
11951.8,8878.42,5805.04,2731.66,614.4,614.4
11951.8,8878.42,5805.04,2731.66,614.4,614.4
11951.8,8878.42,5805.04,2731.66,614.4,614.4
11951.8,8878.42,5805.04,2731.66,614.4,614.4
11951.8,8878.42,5805.04,2731.66,614.4,614.4
11951.8,8878.42,5805.04,2731.66,614.4,614.4
11951.8,8878.42,5805.04,2731.66,614.4,614.4
11951.8,8878.42,5805.04,2731.66,614.4,614.4
11951.8,8878.42,5805.04,2731.66,614.4,614.4
11951.8,8878.42,5805.04,2731.66,614.4,614.4
11951.8,8878.42,5805.04,2731.66,614.4,614.4
11951.8,8878.42,5805.04,2731.66,614.4,614.4
11951.8,8878.42,5805.04,2731.66,614.4,614.4
11951.8,8878.42,5805.04,2731.66,614.4,614.4
11951.8,8878.42,5805.04,2731.66,614.4,614.4
11963.87,8890.49,5817.11,2743.73,614.4,614.4
11963.87,8890.49,5817.11,2743.73,614.4,614.4
11963.87,8890.49,5817.11,2743.73,614.4,614.4
11963.87,8890.49,5817.11,2743.73,614.4,614.4
11963.87,8890.49,5817.11,2743.73,614.4,614.4
11963.87,8890.49,5817.11,2743.73,614.4,614.4
11963.87,8890.49,5817.11,2743.73,614.4,614.4
11963.87,8890.49,5817.11,2743.73,614.4,614.4
11963.87,8890.49,5817.11,2743.73,614.4,614.4
11963.87,8890.49,5817.11,2743.73,614.4,614.4
11963.87,8890.49,5817.11,2743.73,614.4,614.4
11963.87,8890.49,5817.11,2743.73,614.4,614.4
11963.87,8890.49,5817.11,2743.73,614.4,614.4
11963.87,8890.49,5817.11,2743.73,614.4,614.4
11963.87,8890.49,5817.11,2743.73,614.4,614.4
11963.87,8890.49,5817.11,2743.73,614.4,614.4
11963.87,8890.49,5817.11,2743.73,614.4,614.4
11963.87,8890.49,5817.11,2743.73,614.4,614.4
11963.87,8890.49,5817.11,2743.73,614.4,614.4
11963.87,8890.49,5817.11,2743.73,614.4,614.4
11963.87,8890.49,5817.11,2743.73,614.4,614.4
11963.87,8890.49,5817.11,2743.73,614.4,614.4
11963.87,8890.49,5817.11,2743.73,614.4,614.4
11963.87,8890.49,5817.11,2743.73,614.4,614.4
11963.87,8890.49,5817.11,2743.73,614.4,614.4
11963.87,8890.49,5817.11,2743.73,614.4,614.4
11963.87,8890.49,5817.11,2743.73,614.4,614.4
11963.87,8890.49,5817.11,2743.73,614.4,614.4
11963.87,8890.49,5817.11,2743.73,614.4,614.4
11963.87,8890.49,5817.11,2743.73,614.4,614.4
11963.87,8890.49,5817.11,2743.73,614.4,614.4
11963.87,8890.49,5817.11,2743.73,614.4,614.4
11963.87,8890.49,5817.11,2743.73,614.4,614.4
11963.87,8890.49,5817.11,2743.73,614.4,614.4
11963.87,8890.49,5817.11,2743.73,614.4,614.4
11963.87,8890.49,5817.11,2743.73,614.4,614.4
11963.87,8890.49,5817.11,2743.73,614.4,614.4
11963.87,8890.49,5817.11,2743.73,614.4,614.4
11963.87,8890.49,5817.11,2743.73,614.4,614.4
11963.87,8890.49,5817.11,2743.73,614.4,614.4
11963.87,8890.49,5817.11,2743.73,614.4,614.4
11963.87,8890.49,5817.11,2743.73,614.4,614.4
11963.87,8890.49,5817.11,2743.73,614.4,614.4
11963.87,8890.49,5817.11,2743.73,614.4,614.4
11963.87,8890.49,5817.11,2743.73,614.4,614.4
11963.87,8890.49,5817.11,2743.73,614.4,614.4
11963.87,8890.49,5817.11,2743.73,614.4,614.4
11963.87,8890.49,5817.11,2743.73,614.4,614.4
11963.87,8890.49,5817.11,2743.73,614.4,614.4
11963.87,8890.49,5817.11,2743.73,614.4,614.4
11963.87,8890.49,5817.11,2743.73,614.4,614.4
11963.87,8890.49,5817.11,2743.73,614.4,614.4
11963.87,8890.49,5817.11,2743.73,614.4,614.4
11963.87,8890.49,5817.11,2743.73,614.4,614.4
11963.87,8890.49,5817.11,2743.73,614.4,614.4
11963.87,8890.49,5817.11,2743.73,614.4,614.4
11963.87,8890.49,5817.11,2743.73,614.4,614.4
11963.87,8890.49,5817.11,2743.73,614.4,614.4
11963.87,8890.49,5817.11,2743.73,614.4,614.4
11963.87,8890.49,5817.11,2743.73,614.4,614.4
11963.87,8890.49,5817.11,2743.73,614.4,614.4
11963.87,8890.49,5817.11,2743.73,614.4,614.4
11963.87,8890.49,5817.11,2743.73,614.4,614.4
11963.87,8890.49,5817.11,2743.73,614.4,614.4
11963.87,8890.49,5817.11,2743.73,614.4,614.4
11963.87,8890.49,5817.11,2743.73,614.4,614.4
11963.87,8890.49,5817.11,2743.73,614.4,614.4
11963.87,8890.49,5817.11,2743.73,614.4,614.4
11963.87,8890.49,5817.11,2743.73,614.4,614.4
11963.87,8890.49,5817.11,2743.73,614.4,614.4
11963.87,8890.49,5817.11,2743.73,614.4,614.4
11963.87,8890.49,5817.11,2743.73,614.4,614.4
11963.87,8890.49,5817.11,2743.73,614.4,614.4
11963.87,8890.49,5817.11,2743.73,614.4,614.4
11963.87,8890.49,5817.11,2743.73,614.4,614.4
11970.65,8897.27,5823.89,2750.51,614.4,614.4
11974.45,8901.06,5827.69,2754.31,614.4,614.4
11974.45,8901.06,5827.69,2754.31,614.4,614.4
11974.45,8901.06,5827.69,2754.31,614.4,614.4
11974.45,8901.06,5827.69,2754.31,614.4,614.4
11974.45,8901.06,5827.69,2754.31,614.4,614.4
11974.45,8901.06,5827.69,2754.31,614.4,614.4
11974.45,8901.06,5827.69,2754.31,614.4,614.4
11974.45,8901.06,5827.69,2754.31,614.4,614.4
11974.45,8901.06,5827.69,2754.31,614.4,614.4
11974.45,8901.06,5827.69,2754.31,614.4,614.4
11974.45,8901.06,5827.69,2754.31,614.4,614.4
11974.45,8901.06,5827.69,2754.31,614.4,614.4
11974.45,8901.06,5827.69,2754.31,614.4,614.4
11974.45,8901.06,5827.69,2754.31,614.4,614.4
11974.45,8901.06,5827.69,2754.31,614.4,614.4
11974.45,8901.06,5827.69,2754.31,614.4,614.4
11974.45,8901.06,5827.69,2754.31,614.4,614.4
11974.45,8901.06,5827.69,2754.31,614.4,614.4
11974.45,8901.06,5827.69,2754.31,614.4,614.4
11977.23,8903.83,5830.47,2757.09,614.4,614.4
11983.3,8909.9,5836.54,2763.16,614.4,614.4
11996.61,8923.21,5849.84,2776.47,614.4,614.4
11999.55,8926.15,5852.78,2779.41,614.4,614.4
11999.55,8926.15,5852.78,2779.41,614.4,614.4
11999.55,8926.15,5852.78,2779.41,614.4,614.4
11999.55,8926.15,5852.78,2779.41,614.4,614.4
11999.55,8926.15,5852.78,2779.41,614.4,614.4
11999.55,8926.15,5852.78,2779.41,614.4,614.4
11999.55,8926.15,5852.78,2779.41,614.4,614.4
11999.55,8926.15,5852.78,2779.41,614.4,614.4
11999.55,8926.15,5852.78,2779.41,614.4,614.4
11999.55,8926.15,5852.78,2779.41,614.4,614.4
11999.55,8926.15,5852.78,2779.41,614.4,614.4
11999.55,8926.15,5852.78,2779.41,614.4,614.4
11999.55,8926.15,5852.78,2779.41,614.4,614.4
11999.55,8926.15,5852.78,2779.41,614.4,614.4
11999.55,8926.15,5852.78,2779.41,614.4,614.4
11999.55,8926.15,5852.78,2779.41,614.4,614.4
11999.55,8926.15,5852.78,2779.41,614.4,614.4
11999.55,8926.15,5852.78,2779.41,614.4,614.4
11999.55,8926.15,5852.78,2779.41,614.4,614.4
11999.55,8926.15,5852.78,2779.41,614.4,614.4
11999.55,8926.15,5852.78,2779.41,614.4,614.4
12016.49,8943.09,5869.72,2796.35,614.4,614.4
12027.84,8954.45,5881.08,2807.7,614.4,614.4
12047.44,8974.05,5900.68,2827.3,614.4,614.4
12059.81,8986.42,5913.04,2839.67,614.4,614.4
12059.81,8986.42,5913.04,2839.67,614.4,614.4
12059.81,8986.42,5913.04,2839.67,614.4,614.4
12059.81,8986.42,5913.04,2839.67,614.4,614.4
12059.81,8986.42,5913.04,2839.67,614.4,614.4
12059.81,8986.42,5913.04,2839.67,614.4,614.4
12059.81,8986.42,5913.04,2839.67,614.4,614.4
12059.81,8986.42,5913.04,2839.67,614.4,614.4
12059.81,8986.42,5913.04,2839.67,614.4,614.4
12059.81,8986.42,5913.04,2839.67,614.4,614.4
12059.81,8986.42,5913.04,2839.67,614.4,614.4
12059.81,8986.42,5913.04,2839.67,614.4,614.4
12059.81,8986.42,5913.04,2839.67,614.4,614.4
12059.81,8986.42,5913.04,2839.67,614.4,614.4
12059.81,8986.42,5913.04,2839.67,614.4,614.4
12059.81,8986.42,5913.04,2839.67,614.4,614.4
12059.81,8986.42,5913.04,2839.67,614.4,614.4
12059.81,8986.42,5913.04,2839.67,614.4,614.4
12059.81,8986.42,5913.04,2839.67,614.4,614.4
12059.81,8986.42,5913.04,2839.67,614.4,614.4
12059.81,8986.42,5913.04,2839.67,614.4,614.4
12059.81,8986.42,5913.04,2839.67,614.4,614.4
12059.81,8986.42,5913.04,2839.67,614.4,614.4
12059.81,8986.42,5913.04,2839.67,614.4,614.4
12059.81,8986.42,5913.04,2839.67,614.4,614.4
12059.81,8986.42,5913.04,2839.67,614.4,614.4
12059.81,8986.42,5913.04,2839.67,614.4,614.4
12059.81,8986.42,5913.04,2839.67,614.4,614.4
12059.81,8986.42,5913.04,2839.67,614.4,614.4
12059.81,8986.42,5913.04,2839.67,614.4,614.4
12059.81,8986.42,5913.04,2839.67,614.4,614.4
12059.81,8986.42,5913.04,2839.67,614.4,614.4
12059.81,8986.42,5913.04,2839.67,614.4,614.4
12059.81,8986.42,5913.04,2839.67,614.4,614.4
12059.81,8986.42,5913.04,2839.67,614.4,614.4
12059.81,8986.42,5913.04,2839.67,614.4,614.4
12059.81,8986.42,5913.04,2839.67,614.4,614.4
12059.81,8986.42,5913.04,2839.67,614.4,614.4
12059.81,8986.42,5913.04,2839.67,614.4,614.4
12059.81,8986.42,5913.04,2839.67,614.4,614.4
12059.81,8986.42,5913.04,2839.67,614.4,614.4
12059.81,8986.42,5913.04,2839.67,614.4,614.4
12059.81,8986.42,5913.04,2839.67,614.4,614.4
12059.81,8986.42,5913.04,2839.67,614.4,614.4
12059.81,8986.42,5913.04,2839.67,614.4,614.4
12065.39,8992.0,5918.62,2845.25,614.4,614.4
12079.55,9006.16,5932.78,2859.41,614.4,614.4
12088.82,9015.42,5942.05,2868.68,614.4,614.4
12089.16,9015.76,5942.38,2869.01,614.4,614.4
12089.16,9015.76,5942.38,2869.01,614.4,614.4
12089.16,9015.76,5942.38,2869.01,614.4,614.4
12089.16,9015.76,5942.38,2869.01,614.4,614.4
12089.16,9015.76,5942.38,2869.01,614.4,614.4
12089.16,9015.76,5942.38,2869.01,614.4,614.4
12089.16,9015.76,5942.38,2869.01,614.4,614.4
12089.16,9015.76,5942.38,2869.01,614.4,614.4
12089.16,9015.76,5942.38,2869.01,614.4,614.4
12089.16,9015.76,5942.38,2869.01,614.4,614.4
12089.16,9015.76,5942.38,2869.01,614.4,614.4
12089.16,9015.76,5942.38,2869.01,614.4,614.4
12089.16,9015.76,5942.38,2869.01,614.4,614.4
12089.16,9015.76,5942.38,2869.01,614.4,614.4
12089.16,9015.76,5942.38,2869.01,614.4,614.4
12089.16,9015.76,5942.38,2869.01,614.4,614.4
12089.16,9015.76,5942.38,2869.01,614.4,614.4
12089.16,9015.76,5942.38,2869.01,614.4,614.4
12089.16,9015.76,5942.38,2869.01,614.4,614.4
12089.16,9015.76,5942.38,2869.01,614.4,614.4
12089.16,9015.76,5942.38,2869.01,614.4,614.4
12089.16,9015.76,5942.38,2869.01,614.4,614.4
12104.15,9030.76,5957.37,2884.0,614.4,614.4
12104.15,9030.76,5957.37,2884.0,614.4,614.4
12104.15,9030.76,5957.37,2884.0,614.4,614.4
12104.15,9030.76,5957.37,2884.0,614.4,614.4
12104.15,9030.76,5957.37,2884.0,614.4,614.4
12104.15,9030.76,5957.37,2884.0,614.4,614.4
12104.15,9030.76,5957.37,2884.0,614.4,614.4
12104.15,9030.76,5957.37,2884.0,614.4,614.4
12104.15,9030.76,5957.37,2884.0,614.4,614.4
12104.15,9030.76,5957.37,2884.0,614.4,614.4
12104.15,9030.76,5957.37,2884.0,614.4,614.4
12104.15,9030.76,5957.37,2884.0,614.4,614.4
12104.15,9030.76,5957.37,2884.0,614.4,614.4
12104.15,9030.76,5957.37,2884.0,614.4,614.4
12104.15,9030.76,5957.37,2884.0,614.4,614.4
12104.15,9030.76,5957.37,2884.0,614.4,614.4
12104.15,9030.76,5957.37,2884.0,614.4,614.4
12104.15,9030.76,5957.37,2884.0,614.4,614.4
12104.15,9030.76,5957.37,2884.0,614.4,614.4
12104.15,9030.76,5957.37,2884.0,614.4,614.4
12104.15,9030.76,5957.37,2884.0,614.4,614.4
12104.15,9030.76,5957.37,2884.0,614.4,614.4
12104.15,9030.76,5957.37,2884.0,614.4,614.4
12104.15,9030.76,5957.37,2884.0,614.4,614.4
12104.15,9030.76,5957.37,2884.0,614.4,614.4
12104.15,9030.76,5957.37,2884.0,614.4,614.4
12104.15,9030.76,5957.37,2884.0,614.4,614.4
12104.15,9030.76,5957.37,2884.0,614.4,614.4
12104.15,9030.76,5957.37,2884.0,614.4,614.4
12104.15,9030.76,5957.37,2884.0,614.4,614.4
12104.15,9030.76,5957.37,2884.0,614.4,614.4
12104.15,9030.76,5957.37,2884.0,614.4,614.4
12104.15,9030.76,5957.37,2884.0,614.4,614.4
12104.15,9030.76,5957.37,2884.0,614.4,614.4
12104.15,9030.76,5957.37,2884.0,614.4,614.4
12104.15,9030.76,5957.37,2884.0,614.4,614.4
12104.15,9030.76,5957.37,2884.0,614.4,614.4
12104.15,9030.76,5957.37,2884.0,614.4,614.4
12104.15,9030.76,5957.37,2884.0,614.4,614.4
12104.15,9030.76,5957.37,2884.0,614.4,614.4
12104.15,9030.76,5957.37,2884.0,614.4,614.4
12104.15,9030.76,5957.37,2884.0,614.4,614.4
12104.15,9030.76,5957.37,2884.0,614.4,614.4
12104.15,9030.76,5957.37,2884.0,614.4,614.4
12104.15,9030.76,5957.37,2884.0,614.4,614.4
12104.15,9030.76,5957.37,2884.0,614.4,614.4
12104.15,9030.76,5957.37,2884.0,614.4,614.4
12104.15,9030.76,5957.37,2884.0,614.4,614.4
12104.15,9030.76,5957.37,2884.0,614.4,614.4
12104.15,9030.76,5957.37,2884.0,614.4,614.4
12104.15,9030.76,5957.37,2884.0,614.4,614.4
12104.15,9030.76,5957.37,2884.0,614.4,614.4
12104.15,9030.76,5957.37,2884.0,614.4,614.4
12104.15,9030.76,5957.37,2884.0,614.4,614.4
12104.15,9030.76,5957.37,2884.0,614.4,614.4
12104.15,9030.76,5957.37,2884.0,614.4,614.4
12104.15,9030.76,5957.37,2884.0,614.4,614.4
12104.15,9030.76,5957.37,2884.0,614.4,614.4
12104.15,9030.76,5957.37,2884.0,614.4,614.4
12104.15,9030.76,5957.37,2884.0,614.4,614.4
12104.15,9030.76,5957.37,2884.0,614.4,614.4
12104.15,9030.76,5957.37,2884.0,614.4,614.4
12104.15,9030.76,5957.37,2884.0,614.4,614.4
12104.15,9030.76,5957.37,2884.0,614.4,614.4
12104.15,9030.76,5957.37,2884.0,614.4,614.4
12104.15,9030.76,5957.37,2884.0,614.4,614.4
12104.15,9030.76,5957.37,2884.0,614.4,614.4
12104.15,9030.76,5957.37,2884.0,614.4,614.4
12104.15,9030.76,5957.37,2884.0,614.4,614.4
12104.15,9030.76,5957.37,2884.0,614.4,614.4
12104.15,9030.76,5957.37,2884.0,614.4,614.4
12104.15,9030.76,5957.37,2884.0,614.4,614.4
12104.15,9030.76,5957.37,2884.0,614.4,614.4
12104.15,9030.76,5957.37,2884.0,614.4,614.4
12104.15,9030.76,5957.37,2884.0,614.4,614.4
12104.15,9030.76,5957.37,2884.0,614.4,614.4
12104.15,9030.76,5957.37,2884.0,614.4,614.4
12104.15,9030.76,5957.37,2884.0,614.4,614.4
12104.15,9030.76,5957.37,2884.0,614.4,614.4
12104.15,9030.76,5957.37,2884.0,614.4,614.4
12104.15,9030.76,5957.37,2884.0,614.4,614.4
12104.15,9030.76,5957.37,2884.0,614.4,614.4
12104.15,9030.76,5957.37,2884.0,614.4,614.4
12104.15,9030.76,5957.37,2884.0,614.4,614.4
12104.15,9030.76,5957.37,2884.0,614.4,614.4
12104.15,9030.76,5957.37,2884.0,614.4,614.4
12104.15,9030.76,5957.37,2884.0,614.4,614.4
12104.15,9030.76,5957.37,2884.0,614.4,614.4
12104.15,9030.76,5957.37,2884.0,614.4,614.4
12104.15,9030.76,5957.37,2884.0,614.4,614.4
12104.15,9030.76,5957.37,2884.0,614.4,614.4
12104.15,9030.76,5957.37,2884.0,614.4,614.4
12104.15,9030.76,5957.37,2884.0,614.4,614.4
12104.15,9030.76,5957.37,2884.0,614.4,614.4
12104.15,9030.76,5957.37,2884.0,614.4,614.4
12104.15,9030.76,5957.37,2884.0,614.4,614.4
12104.15,9030.76,5957.37,2884.0,614.4,614.4
12104.15,9030.76,5957.37,2884.0,614.4,614.4
12104.15,9030.76,5957.37,2884.0,614.4,614.4
12104.15,9030.76,5957.37,2884.0,614.4,614.4
12104.15,9030.76,5957.37,2884.0,614.4,614.4
12104.15,9030.76,5957.37,2884.0,614.4,614.4
12104.15,9030.76,5957.37,2884.0,614.4,614.4
12104.15,9030.76,5957.37,2884.0,614.4,614.4
12104.15,9030.76,5957.37,2884.0,614.4,614.4
12104.15,9030.76,5957.37,2884.0,614.4,614.4
12104.15,9030.76,5957.37,2884.0,614.4,614.4
12104.15,9030.76,5957.37,2884.0,614.4,614.4
12104.15,9030.76,5957.37,2884.0,614.4,614.4
12104.15,9030.76,5957.37,2884.0,614.4,614.4
12104.15,9030.76,5957.37,2884.0,614.4,614.4
12104.15,9030.76,5957.37,2884.0,614.4,614.4
12104.15,9030.76,5957.37,2884.0,614.4,614.4
12104.15,9030.76,5957.37,2884.0,614.4,614.4
12104.15,9030.76,5957.37,2884.0,614.4,614.4
12104.15,9030.76,5957.37,2884.0,614.4,614.4
12104.15,9030.76,5957.37,2884.0,614.4,614.4
12104.15,9030.76,5957.37,2884.0,614.4,614.4
12104.15,9030.76,5957.37,2884.0,614.4,614.4
12104.15,9030.76,5957.37,2884.0,614.4,614.4
12104.15,9030.76,5957.37,2884.0,614.4,614.4
12104.15,9030.76,5957.37,2884.0,614.4,614.4
12104.15,9030.76,5957.37,2884.0,614.4,614.4
12104.15,9030.76,5957.37,2884.0,614.4,614.4
12104.15,9030.76,5957.37,2884.0,614.4,614.4
12104.15,9030.76,5957.37,2884.0,614.4,614.4
12104.15,9030.76,5957.37,2884.0,614.4,614.4
12104.15,9030.76,5957.37,2884.0,614.4,614.4
12104.15,9030.76,5957.37,2884.0,614.4,614.4
12104.15,9030.76,5957.37,2884.0,614.4,614.4
12104.15,9030.76,5957.37,2884.0,614.4,614.4
12104.15,9030.76,5957.37,2884.0,614.4,614.4
12104.15,9030.76,5957.37,2884.0,614.4,614.4
12104.15,9030.76,5957.37,2884.0,614.4,614.4
12104.15,9030.76,5957.37,2884.0,614.4,614.4
12104.15,9030.76,5957.37,2884.0,614.4,614.4
12104.15,9030.76,5957.37,2884.0,614.4,614.4
12104.15,9030.76,5957.37,2884.0,614.4,614.4
12104.15,9030.76,5957.37,2884.0,614.4,614.4
12104.15,9030.76,5957.37,2884.0,614.4,614.4
12104.15,9030.76,5957.37,2884.0,614.4,614.4
12104.15,9030.76,5957.37,2884.0,614.4,614.4
12104.15,9030.76,5957.37,2884.0,614.4,614.4
12111.72,9038.33,5964.94,2891.58,614.4,614.4
12122.77,9049.38,5976.0,2902.63,614.4,614.4
12134.51,9061.11,5987.74,2914.37,614.4,614.4
12139.64,9066.24,5992.87,2919.5,614.4,614.4
12139.64,9066.24,5992.87,2919.5,614.4,614.4
12139.64,9066.24,5992.87,2919.5,614.4,614.4
12139.64,9066.24,5992.87,2919.5,614.4,614.4
12139.64,9066.24,5992.87,2919.5,614.4,614.4
12139.64,9066.24,5992.87,2919.5,614.4,614.4
12139.64,9066.24,5992.87,2919.5,614.4,614.4
12139.64,9066.24,5992.87,2919.5,614.4,614.4
12139.64,9066.24,5992.87,2919.5,614.4,614.4
12139.64,9066.24,5992.87,2919.5,614.4,614.4
12139.64,9066.24,5992.87,2919.5,614.4,614.4
12139.64,9066.24,5992.87,2919.5,614.4,614.4
12139.64,9066.24,5992.87,2919.5,614.4,614.4
12139.64,9066.24,5992.87,2919.5,614.4,614.4
12139.64,9066.24,5992.87,2919.5,614.4,614.4
12139.64,9066.24,5992.87,2919.5,614.4,614.4
12139.64,9066.24,5992.87,2919.5,614.4,614.4
12139.64,9066.24,5992.87,2919.5,614.4,614.4
12139.64,9066.24,5992.87,2919.5,614.4,614.4
12139.64,9066.24,5992.87,2919.5,614.4,614.4
12139.64,9066.24,5992.87,2919.5,614.4,614.4
12145.95,9072.55,5999.18,2925.81,614.4,614.4
12152.05,9078.65,6005.28,2931.91,614.4,614.4
12152.05,9078.65,6005.28,2931.91,614.4,614.4
12152.05,9078.65,6005.28,2931.91,614.4,614.4
12152.05,9078.65,6005.28,2931.91,614.4,614.4
12152.05,9078.65,6005.28,2931.91,614.4,614.4
12152.05,9078.65,6005.28,2931.91,614.4,614.4
12152.05,9078.65,6005.28,2931.91,614.4,614.4
12152.05,9078.65,6005.28,2931.91,614.4,614.4
12152.05,9078.65,6005.28,2931.91,614.4,614.4
12152.05,9078.65,6005.28,2931.91,614.4,614.4
12152.05,9078.65,6005.28,2931.91,614.4,614.4
12152.05,9078.65,6005.28,2931.91,614.4,614.4
12152.05,9078.65,6005.28,2931.91,614.4,614.4
12152.05,9078.65,6005.28,2931.91,614.4,614.4
12152.05,9078.65,6005.28,2931.91,614.4,614.4
12152.05,9078.65,6005.28,2931.91,614.4,614.4
12152.05,9078.65,6005.28,2931.91,614.4,614.4
12152.05,9078.65,6005.28,2931.91,614.4,614.4
12152.05,9078.65,6005.28,2931.91,614.4,614.4
12152.05,9078.65,6005.28,2931.91,614.4,614.4
12152.05,9078.65,6005.28,2931.91,614.4,614.4
12152.05,9078.65,6005.28,2931.91,614.4,614.4
12152.05,9078.65,6005.28,2931.91,614.4,614.4
12161.65,9088.26,6014.88,2941.51,614.4,614.4
12176.37,9102.99,6029.61,2956.24,614.4,614.4
12189.74,9116.36,6042.99,2969.62,614.4,614.4
12189.74,9116.36,6042.99,2969.62,614.4,614.4
12189.74,9116.36,6042.99,2969.62,614.4,614.4
12189.74,9116.36,6042.99,2969.62,614.4,614.4
12189.74,9116.36,6042.99,2969.62,614.4,614.4
12189.74,9116.36,6042.99,2969.62,614.4,614.4
12189.74,9116.36,6042.99,2969.62,614.4,614.4
12189.74,9116.36,6042.99,2969.62,614.4,614.4
12189.74,9116.36,6042.99,2969.62,614.4,614.4
12189.74,9116.36,6042.99,2969.62,614.4,614.4
12189.74,9116.36,6042.99,2969.62,614.4,614.4
12189.74,9116.36,6042.99,2969.62,614.4,614.4
12189.74,9116.36,6042.99,2969.62,614.4,614.4
12189.74,9116.36,6042.99,2969.62,614.4,614.4
12189.74,9116.36,6042.99,2969.62,614.4,614.4
12189.74,9116.36,6042.99,2969.62,614.4,614.4
12189.74,9116.36,6042.99,2969.62,614.4,614.4
12189.74,9116.36,6042.99,2969.62,614.4,614.4
12189.74,9116.36,6042.99,2969.62,614.4,614.4
12189.74,9116.36,6042.99,2969.62,614.4,614.4
12189.74,9116.36,6042.99,2969.62,614.4,614.4
12189.74,9116.36,6042.99,2969.62,614.4,614.4
12189.74,9116.36,6042.99,2969.62,614.4,614.4
12189.74,9116.36,6042.99,2969.62,614.4,614.4
12189.74,9116.36,6042.99,2969.62,614.4,614.4
12189.74,9116.36,6042.99,2969.62,614.4,614.4
12189.74,9116.36,6042.99,2969.62,614.4,614.4
12189.74,9116.36,6042.99,2969.62,614.4,614.4
12189.74,9116.36,6042.99,2969.62,614.4,614.4
12189.74,9116.36,6042.99,2969.62,614.4,614.4
12189.74,9116.36,6042.99,2969.62,614.4,614.4
12189.74,9116.36,6042.99,2969.62,614.4,614.4
12189.74,9116.36,6042.99,2969.62,614.4,614.4
12189.74,9116.36,6042.99,2969.62,614.4,614.4
12189.74,9116.36,6042.99,2969.62,614.4,614.4
12189.74,9116.36,6042.99,2969.62,614.4,614.4
12189.74,9116.36,6042.99,2969.62,614.4,614.4
12189.74,9116.36,6042.99,2969.62,614.4,614.4
12189.74,9116.36,6042.99,2969.62,614.4,614.4
12189.74,9116.36,6042.99,2969.62,614.4,614.4
12189.74,9116.36,6042.99,2969.62,614.4,614.4
12189.74,9116.36,6042.99,2969.62,614.4,614.4
12189.74,9116.36,6042.99,2969.62,614.4,614.4
12189.74,9116.36,6042.99,2969.62,614.4,614.4
12189.74,9116.36,6042.99,2969.62,614.4,614.4
12189.74,9116.36,6042.99,2969.62,614.4,614.4
12190.74,9117.36,6044.0,2970.62,614.4,614.4
12190.74,9117.36,6044.0,2970.62,614.4,614.4
12190.74,9117.36,6044.0,2970.62,614.4,614.4
12190.74,9117.36,6044.0,2970.62,614.4,614.4
12190.74,9117.36,6044.0,2970.62,614.4,614.4
12190.74,9117.36,6044.0,2970.62,614.4,614.4
12190.74,9117.36,6044.0,2970.62,614.4,614.4
12190.74,9117.36,6044.0,2970.62,614.4,614.4
12190.74,9117.36,6044.0,2970.62,614.4,614.4
12190.74,9117.36,6044.0,2970.62,614.4,614.4
12190.74,9117.36,6044.0,2970.62,614.4,614.4
12190.74,9117.36,6044.0,2970.62,614.4,614.4
12190.74,9117.36,6044.0,2970.62,614.4,614.4
12190.74,9117.36,6044.0,2970.62,614.4,614.4
12190.74,9117.36,6044.0,2970.62,614.4,614.4
12190.74,9117.36,6044.0,2970.62,614.4,614.4
12190.74,9117.36,6044.0,2970.62,614.4,614.4
12190.74,9117.36,6044.0,2970.62,614.4,614.4
12190.74,9117.36,6044.0,2970.62,614.4,614.4
12190.74,9117.36,6044.0,2970.62,614.4,614.4
12190.74,9117.36,6044.0,2970.62,614.4,614.4
12190.74,9117.36,6044.0,2970.62,614.4,614.4
12190.74,9117.36,6044.0,2970.62,614.4,614.4
12190.74,9117.36,6044.0,2970.62,614.4,614.4
12190.74,9117.36,6044.0,2970.62,614.4,614.4
12190.74,9117.36,6044.0,2970.62,614.4,614.4
12190.74,9117.36,6044.0,2970.62,614.4,614.4
12190.74,9117.36,6044.0,2970.62,614.4,614.4
12191.86,9118.48,6045.11,2971.73,614.4,614.4
12191.86,9118.48,6045.11,2971.73,614.4,614.4
12191.86,9118.48,6045.11,2971.73,614.4,614.4
12191.86,9118.48,6045.11,2971.73,614.4,614.4
12191.86,9118.48,6045.11,2971.73,614.4,614.4
12191.86,9118.48,6045.11,2971.73,614.4,614.4
12191.86,9118.48,6045.11,2971.73,614.4,614.4
12191.86,9118.48,6045.11,2971.73,614.4,614.4
12191.86,9118.48,6045.11,2971.73,614.4,614.4
12191.86,9118.48,6045.11,2971.73,614.4,614.4
12191.86,9118.48,6045.11,2971.73,614.4,614.4
12191.86,9118.48,6045.11,2971.73,614.4,614.4
12191.86,9118.48,6045.11,2971.73,614.4,614.4
12191.86,9118.48,6045.11,2971.73,614.4,614.4
12191.86,9118.48,6045.11,2971.73,614.4,614.4
12191.86,9118.48,6045.11,2971.73,614.4,614.4
12191.86,9118.48,6045.11,2971.73,614.4,614.4
12191.86,9118.48,6045.11,2971.73,614.4,614.4
12191.86,9118.48,6045.11,2971.73,614.4,614.4
12226.89,9153.5,6080.14,3006.76,614.4,614.4
12275.53,9202.14,6128.78,3055.4,614.4,614.4
12306.37,9232.99,6159.62,3086.24,614.4,614.4
12330.88,9257.5,6184.13,3110.75,614.4,614.4
12334.71,9261.32,6187.96,3114.58,614.4,614.4
12334.71,9261.32,6187.96,3114.58,614.4,614.4
12334.71,9261.32,6187.96,3114.58,614.4,614.4
12334.71,9261.32,6187.96,3114.58,614.4,614.4
12334.71,9261.32,6187.96,3114.58,614.4,614.4
12334.71,9261.32,6187.96,3114.58,614.4,614.4
12334.71,9261.32,6187.96,3114.58,614.4,614.4
12334.71,9261.32,6187.96,3114.58,614.4,614.4
12334.71,9261.32,6187.96,3114.58,614.4,614.4
12334.71,9261.32,6187.96,3114.58,614.4,614.4
12334.71,9261.32,6187.96,3114.58,614.4,614.4
12334.71,9261.32,6187.96,3114.58,614.4,614.4
12334.71,9261.32,6187.96,3114.58,614.4,614.4
12334.71,9261.32,6187.96,3114.58,614.4,614.4
12334.71,9261.32,6187.96,3114.58,614.4,614.4
12334.71,9261.32,6187.96,3114.58,614.4,614.4
12334.71,9261.32,6187.96,3114.58,614.4,614.4
12334.71,9261.32,6187.96,3114.58,614.4,614.4
12334.71,9261.32,6187.96,3114.58,614.4,614.4
12334.71,9261.32,6187.96,3114.58,614.4,614.4
12334.71,9261.32,6187.96,3114.58,614.4,614.4
12359.13,9285.75,6212.39,3139.01,614.4,614.4
12380.52,9307.14,6233.79,3160.4,614.4,614.4
12380.52,9307.14,6233.79,3160.4,614.4,614.4
12380.52,9307.14,6233.79,3160.4,614.4,614.4
12380.52,9307.14,6233.79,3160.4,614.4,614.4
12380.52,9307.14,6233.79,3160.4,614.4,614.4
12380.52,9307.14,6233.79,3160.4,614.4,614.4
12380.52,9307.14,6233.79,3160.4,614.4,614.4
12380.52,9307.14,6233.79,3160.4,614.4,614.4
12380.52,9307.14,6233.79,3160.4,614.4,614.4
12380.52,9307.14,6233.79,3160.4,614.4,614.4
12380.52,9307.14,6233.79,3160.4,614.4,614.4
12380.52,9307.14,6233.79,3160.4,614.4,614.4
12380.52,9307.14,6233.79,3160.4,614.4,614.4
12380.52,9307.14,6233.79,3160.4,614.4,614.4
12380.52,9307.14,6233.79,3160.4,614.4,614.4
12380.52,9307.14,6233.79,3160.4,614.4,614.4
12380.52,9307.14,6233.79,3160.4,614.4,614.4
12380.52,9307.14,6233.79,3160.4,614.4,614.4
12380.52,9307.14,6233.79,3160.4,614.4,614.4
12380.52,9307.14,6233.79,3160.4,614.4,614.4
12380.52,9307.14,6233.79,3160.4,614.4,614.4
12380.52,9307.14,6233.79,3160.4,614.4,614.4
12380.52,9307.14,6233.79,3160.4,614.4,614.4
12380.52,9307.14,6233.79,3160.4,614.4,614.4
12380.52,9307.14,6233.79,3160.4,614.4,614.4
12380.52,9307.14,6233.79,3160.4,614.4,614.4
12380.52,9307.14,6233.79,3160.4,614.4,614.4
12380.52,9307.14,6233.79,3160.4,614.4,614.4
12380.52,9307.14,6233.79,3160.4,614.4,614.4
12380.52,9307.14,6233.79,3160.4,614.4,614.4
12380.52,9307.14,6233.79,3160.4,614.4,614.4
12380.52,9307.14,6233.79,3160.4,614.4,614.4
12380.52,9307.14,6233.79,3160.4,614.4,614.4
12380.52,9307.14,6233.79,3160.4,614.4,614.4
12380.52,9307.14,6233.79,3160.4,614.4,614.4
12380.52,9307.14,6233.79,3160.4,614.4,614.4
12380.52,9307.14,6233.79,3160.4,614.4,614.4
12380.52,9307.14,6233.79,3160.4,614.4,614.4
12380.52,9307.14,6233.79,3160.4,614.4,614.4
12380.52,9307.14,6233.79,3160.4,614.4,614.4
12380.52,9307.14,6233.79,3160.4,614.4,614.4
12380.52,9307.14,6233.79,3160.4,614.4,614.4
12380.52,9307.14,6233.79,3160.4,614.4,614.4
12380.52,9307.14,6233.79,3160.4,614.4,614.4
12380.52,9307.14,6233.79,3160.4,614.4,614.4
12380.52,9307.14,6233.79,3160.4,614.4,614.4
12380.52,9307.14,6233.79,3160.4,614.4,614.4
12380.52,9307.14,6233.79,3160.4,614.4,614.4
12380.52,9307.14,6233.79,3160.4,614.4,614.4
12380.52,9307.14,6233.79,3160.4,614.4,614.4
12380.52,9307.14,6233.79,3160.4,614.4,614.4
12380.52,9307.14,6233.79,3160.4,614.4,614.4
12380.52,9307.14,6233.79,3160.4,614.4,614.4
12380.52,9307.14,6233.79,3160.4,614.4,614.4
12380.52,9307.14,6233.79,3160.4,614.4,614.4
12380.52,9307.14,6233.79,3160.4,614.4,614.4
12380.52,9307.14,6233.79,3160.4,614.4,614.4
12380.52,9307.14,6233.79,3160.4,614.4,614.4
12380.52,9307.14,6233.79,3160.4,614.4,614.4
12380.52,9307.14,6233.79,3160.4,614.4,614.4
12380.52,9307.14,6233.79,3160.4,614.4,614.4
12380.52,9307.14,6233.79,3160.4,614.4,614.4
12380.52,9307.14,6233.79,3160.4,614.4,614.4
12380.52,9307.14,6233.79,3160.4,614.4,614.4
12380.52,9307.14,6233.79,3160.4,614.4,614.4
12380.52,9307.14,6233.79,3160.4,614.4,614.4
12380.52,9307.14,6233.79,3160.4,614.4,614.4
12380.52,9307.14,6233.79,3160.4,614.4,614.4
12380.52,9307.14,6233.79,3160.4,614.4,614.4
12380.52,9307.14,6233.79,3160.4,614.4,614.4
12380.52,9307.14,6233.79,3160.4,614.4,614.4
12380.52,9307.14,6233.79,3160.4,614.4,614.4
12380.52,9307.14,6233.79,3160.4,614.4,614.4
12380.52,9307.14,6233.79,3160.4,614.4,614.4
12380.52,9307.14,6233.79,3160.4,614.4,614.4
12380.52,9307.14,6233.79,3160.4,614.4,614.4
12380.52,9307.14,6233.79,3160.4,614.4,614.4
12380.52,9307.14,6233.79,3160.4,614.4,614.4
12380.52,9307.14,6233.79,3160.4,614.4,614.4
12380.52,9307.14,6233.79,3160.4,614.4,614.4
12380.52,9307.14,6233.79,3160.4,614.4,614.4
12380.52,9307.14,6233.79,3160.4,614.4,614.4
12380.52,9307.14,6233.79,3160.4,614.4,614.4
12380.52,9307.14,6233.79,3160.4,614.4,614.4
12380.52,9307.14,6233.79,3160.4,614.4,614.4
12380.52,9307.14,6233.79,3160.4,614.4,614.4
12380.52,9307.14,6233.79,3160.4,614.4,614.4
12380.52,9307.14,6233.79,3160.4,614.4,614.4
12380.52,9307.14,6233.79,3160.4,614.4,614.4
12380.52,9307.14,6233.79,3160.4,614.4,614.4
12380.52,9307.14,6233.79,3160.4,614.4,614.4
12380.52,9307.14,6233.79,3160.4,614.4,614.4
12380.52,9307.14,6233.79,3160.4,614.4,614.4
12380.52,9307.14,6233.79,3160.4,614.4,614.4
12380.94,9307.55,6234.21,3160.82,614.4,614.4
12390.49,9317.1,6243.76,3170.37,614.4,614.4
12390.49,9317.1,6243.76,3170.37,614.4,614.4
12390.49,9317.1,6243.76,3170.37,614.4,614.4
12390.49,9317.1,6243.76,3170.37,614.4,614.4
12390.49,9317.1,6243.76,3170.37,614.4,614.4
12390.49,9317.1,6243.76,3170.37,614.4,614.4
12390.49,9317.1,6243.76,3170.37,614.4,614.4
12390.49,9317.1,6243.76,3170.37,614.4,614.4
12390.49,9317.1,6243.76,3170.37,614.4,614.4
12390.49,9317.1,6243.76,3170.37,614.4,614.4
12390.49,9317.1,6243.76,3170.37,614.4,614.4
12390.49,9317.1,6243.76,3170.37,614.4,614.4
12390.49,9317.1,6243.76,3170.37,614.4,614.4
12390.49,9317.1,6243.76,3170.37,614.4,614.4
12390.49,9317.1,6243.76,3170.37,614.4,614.4
12390.49,9317.1,6243.76,3170.37,614.4,614.4
12390.49,9317.1,6243.76,3170.37,614.4,614.4
12390.49,9317.1,6243.76,3170.37,614.4,614.4
12390.49,9317.1,6243.76,3170.37,614.4,614.4
12390.49,9317.1,6243.76,3170.37,614.4,614.4
12390.49,9317.1,6243.76,3170.37,614.4,614.4
12390.49,9317.1,6243.76,3170.37,614.4,614.4
12390.49,9317.1,6243.76,3170.37,614.4,614.4
12390.49,9317.1,6243.76,3170.37,614.4,614.4
12391.99,9318.6,6245.25,3171.87,614.4,614.4
12391.99,9318.6,6245.25,3171.87,614.4,614.4
12391.99,9318.6,6245.25,3171.87,614.4,614.4
12391.99,9318.6,6245.25,3171.87,614.4,614.4
12391.99,9318.6,6245.25,3171.87,614.4,614.4
12391.99,9318.6,6245.25,3171.87,614.4,614.4
12391.99,9318.6,6245.25,3171.87,614.4,614.4
12391.99,9318.6,6245.25,3171.87,614.4,614.4
12391.99,9318.6,6245.25,3171.87,614.4,614.4
12391.99,9318.6,6245.25,3171.87,614.4,614.4
12391.99,9318.6,6245.25,3171.87,614.4,614.4
12391.99,9318.6,6245.25,3171.87,614.4,614.4
12391.99,9318.6,6245.25,3171.87,614.4,614.4
12391.99,9318.6,6245.25,3171.87,614.4,614.4
12391.99,9318.6,6245.25,3171.87,614.4,614.4
12391.99,9318.6,6245.25,3171.87,614.4,614.4
12391.99,9318.6,6245.25,3171.87,614.4,614.4
12391.99,9318.6,6245.25,3171.87,614.4,614.4
12391.99,9318.6,6245.25,3171.87,614.4,614.4
12391.99,9318.6,6245.25,3171.87,614.4,614.4
12391.99,9318.6,6245.25,3171.87,614.4,614.4
12391.99,9318.6,6245.25,3171.87,614.4,614.4
12391.99,9318.6,6245.25,3171.87,614.4,614.4
12391.99,9318.6,6245.25,3171.87,614.4,614.4
12400.27,9326.88,6253.53,3180.15,614.4,614.4
12400.27,9326.88,6253.53,3180.15,614.4,614.4
12400.27,9326.88,6253.53,3180.15,614.4,614.4
12400.27,9326.88,6253.53,3180.15,614.4,614.4
12400.27,9326.88,6253.53,3180.15,614.4,614.4
12400.27,9326.88,6253.53,3180.15,614.4,614.4
12400.27,9326.88,6253.53,3180.15,614.4,614.4
12400.27,9326.88,6253.53,3180.15,614.4,614.4
12400.27,9326.88,6253.53,3180.15,614.4,614.4
12400.27,9326.88,6253.53,3180.15,614.4,614.4
12400.27,9326.88,6253.53,3180.15,614.4,614.4
12400.27,9326.88,6253.53,3180.15,614.4,614.4
12400.27,9326.88,6253.53,3180.15,614.4,614.4
12400.27,9326.88,6253.53,3180.15,614.4,614.4
12400.27,9326.88,6253.53,3180.15,614.4,614.4
12400.27,9326.88,6253.53,3180.15,614.4,614.4
12400.27,9326.88,6253.53,3180.15,614.4,614.4
12400.27,9326.88,6253.53,3180.15,614.4,614.4
12400.27,9326.88,6253.53,3180.15,614.4,614.4
12400.27,9326.88,6253.53,3180.15,614.4,614.4
12400.27,9326.88,6253.53,3180.15,614.4,614.4
12400.27,9326.88,6253.53,3180.15,614.4,614.4
12400.27,9326.88,6253.53,3180.15,614.4,614.4
12412.29,9338.89,6265.54,3192.16,614.4,614.4
12421.4,9348.01,6274.66,3201.28,614.4,614.4
12421.4,9348.01,6274.66,3201.28,614.4,614.4
12421.4,9348.01,6274.66,3201.28,614.4,614.4
12421.4,9348.01,6274.66,3201.28,614.4,614.4
12421.4,9348.01,6274.66,3201.28,614.4,614.4
12421.4,9348.01,6274.66,3201.28,614.4,614.4
12421.4,9348.01,6274.66,3201.28,614.4,614.4
12421.4,9348.01,6274.66,3201.28,614.4,614.4
12421.4,9348.01,6274.66,3201.28,614.4,614.4
12421.4,9348.01,6274.66,3201.28,614.4,614.4
12421.4,9348.01,6274.66,3201.28,614.4,614.4
12421.4,9348.01,6274.66,3201.28,614.4,614.4
12421.4,9348.01,6274.66,3201.28,614.4,614.4
12421.4,9348.01,6274.66,3201.28,614.4,614.4
12421.4,9348.01,6274.66,3201.28,614.4,614.4
12421.4,9348.01,6274.66,3201.28,614.4,614.4
12421.4,9348.01,6274.66,3201.28,614.4,614.4
12421.4,9348.01,6274.66,3201.28,614.4,614.4
12421.4,9348.01,6274.66,3201.28,614.4,614.4
12421.4,9348.01,6274.66,3201.28,614.4,614.4
12421.4,9348.01,6274.66,3201.28,614.4,614.4
12421.4,9348.01,6274.66,3201.28,614.4,614.4
12421.4,9348.01,6274.66,3201.28,614.4,614.4
12421.4,9348.01,6274.66,3201.28,614.4,614.4
12421.4,9348.01,6274.66,3201.28,614.4,614.4
12421.4,9348.01,6274.66,3201.28,614.4,614.4
12421.4,9348.01,6274.66,3201.28,614.4,614.4
12421.4,9348.01,6274.66,3201.28,614.4,614.4
12421.4,9348.01,6274.66,3201.28,614.4,614.4
12421.4,9348.01,6274.66,3201.28,614.4,614.4
12421.4,9348.01,6274.66,3201.28,614.4,614.4
12421.4,9348.01,6274.66,3201.28,614.4,614.4
12421.4,9348.01,6274.66,3201.28,614.4,614.4
12421.4,9348.01,6274.66,3201.28,614.4,614.4
12421.4,9348.01,6274.66,3201.28,614.4,614.4
12421.4,9348.01,6274.66,3201.28,614.4,614.4
12421.4,9348.01,6274.66,3201.28,614.4,614.4
12421.4,9348.01,6274.66,3201.28,614.4,614.4
12421.4,9348.01,6274.66,3201.28,614.4,614.4
12421.4,9348.01,6274.66,3201.28,614.4,614.4
12421.4,9348.01,6274.66,3201.28,614.4,614.4
12421.4,9348.01,6274.66,3201.28,614.4,614.4
12421.4,9348.01,6274.66,3201.28,614.4,614.4
12421.4,9348.01,6274.66,3201.28,614.4,614.4
12421.4,9348.01,6274.66,3201.28,614.4,614.4
12421.4,9348.01,6274.66,3201.28,614.4,614.4
12421.4,9348.01,6274.66,3201.28,614.4,614.4
12421.4,9348.01,6274.66,3201.28,614.4,614.4
12421.4,9348.01,6274.66,3201.28,614.4,614.4
12421.4,9348.01,6274.66,3201.28,614.4,614.4
12421.4,9348.01,6274.66,3201.28,614.4,614.4
12421.4,9348.01,6274.66,3201.28,614.4,614.4
12421.4,9348.01,6274.66,3201.28,614.4,614.4
12421.4,9348.01,6274.66,3201.28,614.4,614.4
12421.4,9348.01,6274.66,3201.28,614.4,614.4
12421.4,9348.01,6274.66,3201.28,614.4,614.4
12421.4,9348.01,6274.66,3201.28,614.4,614.4
12421.4,9348.01,6274.66,3201.28,614.4,614.4
12421.4,9348.01,6274.66,3201.28,614.4,614.4
12421.4,9348.01,6274.66,3201.28,614.4,614.4
12421.4,9348.01,6274.66,3201.28,614.4,614.4
12421.4,9348.01,6274.66,3201.28,614.4,614.4
12421.4,9348.01,6274.66,3201.28,614.4,614.4
12421.4,9348.01,6274.66,3201.28,614.4,614.4
12421.4,9348.01,6274.66,3201.28,614.4,614.4
12421.4,9348.01,6274.66,3201.28,614.4,614.4
12421.4,9348.01,6274.66,3201.28,614.4,614.4
12421.4,9348.01,6274.66,3201.28,614.4,614.4
12421.4,9348.01,6274.66,3201.28,614.4,614.4
12421.4,9348.01,6274.66,3201.28,614.4,614.4
12421.4,9348.01,6274.66,3201.28,614.4,614.4
12421.4,9348.01,6274.66,3201.28,614.4,614.4
12421.4,9348.01,6274.66,3201.28,614.4,614.4
12421.4,9348.01,6274.66,3201.28,614.4,614.4
12421.4,9348.01,6274.66,3201.28,614.4,614.4
12421.4,9348.01,6274.66,3201.28,614.4,614.4
12421.4,9348.01,6274.66,3201.28,614.4,614.4
12421.4,9348.01,6274.66,3201.28,614.4,614.4
12421.4,9348.01,6274.66,3201.28,614.4,614.4
12421.4,9348.01,6274.66,3201.28,614.4,614.4
12421.4,9348.01,6274.66,3201.28,614.4,614.4
12421.4,9348.01,6274.66,3201.28,614.4,614.4
12421.4,9348.01,6274.66,3201.28,614.4,614.4
12421.4,9348.01,6274.66,3201.28,614.4,614.4
12421.4,9348.01,6274.66,3201.28,614.4,614.4
12421.4,9348.01,6274.66,3201.28,614.4,614.4
12421.4,9348.01,6274.66,3201.28,614.4,614.4
12421.4,9348.01,6274.66,3201.28,614.4,614.4
12421.4,9348.01,6274.66,3201.28,614.4,614.4
12421.4,9348.01,6274.66,3201.28,614.4,614.4
12421.4,9348.01,6274.66,3201.28,614.4,614.4
12421.4,9348.01,6274.66,3201.28,614.4,614.4
12421.4,9348.01,6274.66,3201.28,614.4,614.4
12421.4,9348.01,6274.66,3201.28,614.4,614.4
12421.4,9348.01,6274.66,3201.28,614.4,614.4
12421.4,9348.01,6274.66,3201.28,614.4,614.4
12421.4,9348.01,6274.66,3201.28,614.4,614.4
12421.4,9348.01,6274.66,3201.28,614.4,614.4
12421.4,9348.01,6274.66,3201.28,614.4,614.4
12421.4,9348.01,6274.66,3201.28,614.4,614.4
12421.4,9348.01,6274.66,3201.28,614.4,614.4
12421.4,9348.01,6274.66,3201.28,614.4,614.4
12421.4,9348.01,6274.66,3201.28,614.4,614.4
12421.4,9348.01,6274.66,3201.28,614.4,614.4
12421.4,9348.01,6274.66,3201.28,614.4,614.4
12421.4,9348.01,6274.66,3201.28,614.4,614.4
12421.4,9348.01,6274.66,3201.28,614.4,614.4
12421.4,9348.01,6274.66,3201.28,614.4,614.4
12421.4,9348.01,6274.66,3201.28,614.4,614.4
12421.4,9348.01,6274.66,3201.28,614.4,614.4
12421.4,9348.01,6274.66,3201.28,614.4,614.4
12421.4,9348.01,6274.66,3201.28,614.4,614.4
12421.4,9348.01,6274.66,3201.28,614.4,614.4
12421.4,9348.01,6274.66,3201.28,614.4,614.4
12421.4,9348.01,6274.66,3201.28,614.4,614.4
12421.4,9348.01,6274.66,3201.28,614.4,614.4
12421.4,9348.01,6274.66,3201.28,614.4,614.4
12421.4,9348.01,6274.66,3201.28,614.4,614.4
12421.4,9348.01,6274.66,3201.28,614.4,614.4
12421.4,9348.01,6274.66,3201.28,614.4,614.4
12421.4,9348.01,6274.66,3201.28,614.4,614.4
12421.4,9348.01,6274.66,3201.28,614.4,614.4
12421.4,9348.01,6274.66,3201.28,614.4,614.4
12421.4,9348.01,6274.66,3201.28,614.4,614.4
12421.4,9348.01,6274.66,3201.28,614.4,614.4
12421.4,9348.01,6274.66,3201.28,614.4,614.4
12421.4,9348.01,6274.66,3201.28,614.4,614.4
12421.4,9348.01,6274.66,3201.28,614.4,614.4
12421.4,9348.01,6274.66,3201.28,614.4,614.4
12421.4,9348.01,6274.66,3201.28,614.4,614.4
12421.4,9348.01,6274.66,3201.28,614.4,614.4
12421.4,9348.01,6274.66,3201.28,614.4,614.4
12421.4,9348.01,6274.66,3201.28,614.4,614.4
12421.4,9348.01,6274.66,3201.28,614.4,614.4
12421.4,9348.01,6274.66,3201.28,614.4,614.4
12421.4,9348.01,6274.66,3201.28,614.4,614.4
12421.4,9348.01,6274.66,3201.28,614.4,614.4
12421.4,9348.01,6274.66,3201.28,614.4,614.4
12421.4,9348.01,6274.66,3201.28,614.4,614.4
12421.4,9348.01,6274.66,3201.28,614.4,614.4
12421.4,9348.01,6274.66,3201.28,614.4,614.4
12421.4,9348.01,6274.66,3201.28,614.4,614.4
12421.4,9348.01,6274.66,3201.28,614.4,614.4
12421.4,9348.01,6274.66,3201.28,614.4,614.4
12421.4,9348.01,6274.66,3201.28,614.4,614.4
12429.79,9356.4,6283.05,3209.67,614.4,614.4
12429.79,9356.4,6283.05,3209.67,614.4,614.4
12429.79,9356.4,6283.05,3209.67,614.4,614.4
12429.79,9356.4,6283.05,3209.67,614.4,614.4
12429.79,9356.4,6283.05,3209.67,614.4,614.4
12429.79,9356.4,6283.05,3209.67,614.4,614.4
12429.79,9356.4,6283.05,3209.67,614.4,614.4
12429.79,9356.4,6283.05,3209.67,614.4,614.4
12429.79,9356.4,6283.05,3209.67,614.4,614.4
12429.79,9356.4,6283.05,3209.67,614.4,614.4
12429.79,9356.4,6283.05,3209.67,614.4,614.4
12429.79,9356.4,6283.05,3209.67,614.4,614.4
12429.79,9356.4,6283.05,3209.67,614.4,614.4
12429.79,9356.4,6283.05,3209.67,614.4,614.4
12429.79,9356.4,6283.05,3209.67,614.4,614.4
12429.79,9356.4,6283.05,3209.67,614.4,614.4
12429.79,9356.4,6283.05,3209.67,614.4,614.4
12429.79,9356.4,6283.05,3209.67,614.4,614.4
12429.79,9356.4,6283.05,3209.67,614.4,614.4
12429.79,9356.4,6283.05,3209.67,614.4,614.4
12429.79,9356.4,6283.05,3209.67,614.4,614.4
12429.79,9356.4,6283.05,3209.67,614.4,614.4
12429.79,9356.4,6283.05,3209.67,614.4,614.4
12429.79,9356.4,6283.05,3209.67,614.4,614.4
12429.79,9356.4,6283.05,3209.67,614.4,614.4
12429.79,9356.4,6283.05,3209.67,614.4,614.4
12429.79,9356.4,6283.05,3209.67,614.4,614.4
12429.79,9356.4,6283.05,3209.67,614.4,614.4
12429.79,9356.4,6283.05,3209.67,614.4,614.4
12429.79,9356.4,6283.05,3209.67,614.4,614.4
12429.79,9356.4,6283.05,3209.67,614.4,614.4
12429.79,9356.4,6283.05,3209.67,614.4,614.4
12429.79,9356.4,6283.05,3209.67,614.4,614.4
12429.79,9356.4,6283.05,3209.67,614.4,614.4
12429.79,9356.4,6283.05,3209.67,614.4,614.4
12429.79,9356.4,6283.05,3209.67,614.4,614.4
12429.79,9356.4,6283.05,3209.67,614.4,614.4
12429.79,9356.4,6283.05,3209.67,614.4,614.4
12429.79,9356.4,6283.05,3209.67,614.4,614.4
12429.79,9356.4,6283.05,3209.67,614.4,614.4
12429.79,9356.4,6283.05,3209.67,614.4,614.4
12429.79,9356.4,6283.05,3209.67,614.4,614.4
12429.79,9356.4,6283.05,3209.67,614.4,614.4
12429.79,9356.4,6283.05,3209.67,614.4,614.4
12429.79,9356.4,6283.05,3209.67,614.4,614.4
12429.79,9356.4,6283.05,3209.67,614.4,614.4
12429.79,9356.4,6283.05,3209.67,614.4,614.4
12429.79,9356.4,6283.05,3209.67,614.4,614.4
12429.79,9356.4,6283.05,3209.67,614.4,614.4
12429.79,9356.4,6283.05,3209.67,614.4,614.4
12429.79,9356.4,6283.05,3209.67,614.4,614.4
12429.79,9356.4,6283.05,3209.67,614.4,614.4
12429.79,9356.4,6283.05,3209.67,614.4,614.4
12429.79,9356.4,6283.05,3209.67,614.4,614.4
12429.79,9356.4,6283.05,3209.67,614.4,614.4
12429.79,9356.4,6283.05,3209.67,614.4,614.4
12429.79,9356.4,6283.05,3209.67,614.4,614.4
12429.79,9356.4,6283.05,3209.67,614.4,614.4
12429.79,9356.4,6283.05,3209.67,614.4,614.4
12429.79,9356.4,6283.05,3209.67,614.4,614.4
12429.79,9356.4,6283.05,3209.67,614.4,614.4
12429.79,9356.4,6283.05,3209.67,614.4,614.4
12429.79,9356.4,6283.05,3209.67,614.4,614.4
12429.79,9356.4,6283.05,3209.67,614.4,614.4
12429.79,9356.4,6283.05,3209.67,614.4,614.4
12429.79,9356.4,6283.05,3209.67,614.4,614.4
12429.79,9356.4,6283.05,3209.67,614.4,614.4
12429.79,9356.4,6283.05,3209.67,614.4,614.4
12429.79,9356.4,6283.05,3209.67,614.4,614.4
12429.79,9356.4,6283.05,3209.67,614.4,614.4
12429.79,9356.4,6283.05,3209.67,614.4,614.4
12429.79,9356.4,6283.05,3209.67,614.4,614.4
12429.79,9356.4,6283.05,3209.67,614.4,614.4
12429.79,9356.4,6283.05,3209.67,614.4,614.4
12429.79,9356.4,6283.05,3209.67,614.4,614.4
12429.79,9356.4,6283.05,3209.67,614.4,614.4
12429.79,9356.4,6283.05,3209.67,614.4,614.4
12429.79,9356.4,6283.05,3209.67,614.4,614.4
12429.79,9356.4,6283.05,3209.67,614.4,614.4
12429.79,9356.4,6283.05,3209.67,614.4,614.4
12429.79,9356.4,6283.05,3209.67,614.4,614.4
12429.79,9356.4,6283.05,3209.67,614.4,614.4
12429.79,9356.4,6283.05,3209.67,614.4,614.4
12429.79,9356.4,6283.05,3209.67,614.4,614.4
12429.79,9356.4,6283.05,3209.67,614.4,614.4
12429.79,9356.4,6283.05,3209.67,614.4,614.4
12429.79,9356.4,6283.05,3209.67,614.4,614.4
12429.79,9356.4,6283.05,3209.67,614.4,614.4
12429.79,9356.4,6283.05,3209.67,614.4,614.4
12429.79,9356.4,6283.05,3209.67,614.4,614.4
12429.79,9356.4,6283.05,3209.67,614.4,614.4
12429.79,9356.4,6283.05,3209.67,614.4,614.4
12429.79,9356.4,6283.05,3209.67,614.4,614.4
12429.79,9356.4,6283.05,3209.67,614.4,614.4
12429.79,9356.4,6283.05,3209.67,614.4,614.4
12429.79,9356.4,6283.05,3209.67,614.4,614.4
12429.79,9356.4,6283.05,3209.67,614.4,614.4
12429.79,9356.4,6283.05,3209.67,614.4,614.4
12429.79,9356.4,6283.05,3209.67,614.4,614.4
12429.79,9356.4,6283.05,3209.67,614.4,614.4
12429.79,9356.4,6283.05,3209.67,614.4,614.4
12429.79,9356.4,6283.05,3209.67,614.4,614.4
12429.79,9356.4,6283.05,3209.67,614.4,614.4
12429.79,9356.4,6283.05,3209.67,614.4,614.4
12429.79,9356.4,6283.05,3209.67,614.4,614.4
12429.79,9356.4,6283.05,3209.67,614.4,614.4
12429.79,9356.4,6283.05,3209.67,614.4,614.4
12429.79,9356.4,6283.05,3209.67,614.4,614.4
12429.79,9356.4,6283.05,3209.67,614.4,614.4
12429.79,9356.4,6283.05,3209.67,614.4,614.4
12429.79,9356.4,6283.05,3209.67,614.4,614.4
12429.79,9356.4,6283.05,3209.67,614.4,614.4
12429.79,9356.4,6283.05,3209.67,614.4,614.4
12429.79,9356.4,6283.05,3209.67,614.4,614.4
12429.79,9356.4,6283.05,3209.67,614.4,614.4
12429.79,9356.4,6283.05,3209.67,614.4,614.4
12429.79,9356.4,6283.05,3209.67,614.4,614.4
12429.79,9356.4,6283.05,3209.67,614.4,614.4
12429.79,9356.4,6283.05,3209.67,614.4,614.4
12429.79,9356.4,6283.05,3209.67,614.4,614.4
12429.79,9356.4,6283.05,3209.67,614.4,614.4
12429.79,9356.4,6283.05,3209.67,614.4,614.4
12429.79,9356.4,6283.05,3209.67,614.4,614.4
12429.79,9356.4,6283.05,3209.67,614.4,614.4
12429.79,9356.4,6283.05,3209.67,614.4,614.4
12429.79,9356.4,6283.05,3209.67,614.4,614.4
12429.79,9356.4,6283.05,3209.67,614.4,614.4
12429.79,9356.4,6283.05,3209.67,614.4,614.4
12429.79,9356.4,6283.05,3209.67,614.4,614.4
12429.79,9356.4,6283.05,3209.67,614.4,614.4
12429.79,9356.4,6283.05,3209.67,614.4,614.4
12429.79,9356.4,6283.05,3209.67,614.4,614.4
12429.79,9356.4,6283.05,3209.67,614.4,614.4
12429.79,9356.4,6283.05,3209.67,614.4,614.4
12429.79,9356.4,6283.05,3209.67,614.4,614.4
12429.79,9356.4,6283.05,3209.67,614.4,614.4
12429.79,9356.4,6283.05,3209.67,614.4,614.4
12429.79,9356.4,6283.05,3209.67,614.4,614.4
12429.79,9356.4,6283.05,3209.67,614.4,614.4
12429.79,9356.4,6283.05,3209.67,614.4,614.4
12429.79,9356.4,6283.05,3209.67,614.4,614.4
12429.79,9356.4,6283.05,3209.67,614.4,614.4
12429.79,9356.4,6283.05,3209.67,614.4,614.4
12429.79,9356.4,6283.05,3209.67,614.4,614.4
12431.5,9358.11,6284.75,3211.37,614.4,614.4
12431.5,9358.11,6284.75,3211.37,614.4,614.4
12431.5,9358.11,6284.75,3211.37,614.4,614.4
12431.5,9358.11,6284.75,3211.37,614.4,614.4
12431.5,9358.11,6284.75,3211.37,614.4,614.4
12431.5,9358.11,6284.75,3211.37,614.4,614.4
12431.5,9358.11,6284.75,3211.37,614.4,614.4
12431.5,9358.11,6284.75,3211.37,614.4,614.4
12431.5,9358.11,6284.75,3211.37,614.4,614.4
12431.5,9358.11,6284.75,3211.37,614.4,614.4
12431.5,9358.11,6284.75,3211.37,614.4,614.4
12431.5,9358.11,6284.75,3211.37,614.4,614.4
12431.5,9358.11,6284.75,3211.37,614.4,614.4
12431.5,9358.11,6284.75,3211.37,614.4,614.4
12431.5,9358.11,6284.75,3211.37,614.4,614.4
12431.5,9358.11,6284.75,3211.37,614.4,614.4
12431.5,9358.11,6284.75,3211.37,614.4,614.4
12431.5,9358.11,6284.75,3211.37,614.4,614.4
12431.5,9358.11,6284.75,3211.37,614.4,614.4
12431.5,9358.11,6284.75,3211.37,614.4,614.4
12431.5,9358.11,6284.75,3211.37,614.4,614.4
12431.5,9358.11,6284.75,3211.37,614.4,614.4
12431.5,9358.11,6284.75,3211.37,614.4,614.4
12431.5,9358.11,6284.75,3211.37,614.4,614.4
12431.5,9358.11,6284.75,3211.37,614.4,614.4
12431.5,9358.11,6284.75,3211.37,614.4,614.4
12431.5,9358.11,6284.75,3211.37,614.4,614.4
12431.5,9358.11,6284.75,3211.37,614.4,614.4
12431.5,9358.11,6284.75,3211.37,614.4,614.4
12431.5,9358.11,6284.75,3211.37,614.4,614.4
12431.5,9358.11,6284.75,3211.37,614.4,614.4
12431.5,9358.11,6284.75,3211.37,614.4,614.4
12431.5,9358.11,6284.75,3211.37,614.4,614.4
12431.5,9358.11,6284.75,3211.37,614.4,614.4
12431.5,9358.11,6284.75,3211.37,614.4,614.4
12431.5,9358.11,6284.75,3211.37,614.4,614.4
12431.5,9358.11,6284.75,3211.37,614.4,614.4
12431.5,9358.11,6284.75,3211.37,614.4,614.4
12431.5,9358.11,6284.75,3211.37,614.4,614.4
12431.5,9358.11,6284.75,3211.37,614.4,614.4
12431.5,9358.11,6284.75,3211.37,614.4,614.4
12431.5,9358.11,6284.75,3211.37,614.4,614.4
12431.5,9358.11,6284.75,3211.37,614.4,614.4
12431.5,9358.11,6284.75,3211.37,614.4,614.4
12431.5,9358.11,6284.75,3211.37,614.4,614.4
12431.5,9358.11,6284.75,3211.37,614.4,614.4
12431.77,9358.38,6285.02,3211.64,614.4,614.4
12439.46,9366.07,6292.72,3219.33,614.4,614.4
12439.46,9366.07,6292.72,3219.33,614.4,614.4
12441.4,9368.01,6294.66,3221.27,614.4,614.4
12441.4,9368.01,6294.66,3221.27,614.4,614.4
12441.4,9368.01,6294.66,3221.27,614.4,614.4
12441.4,9368.01,6294.66,3221.27,614.4,614.4
12441.4,9368.01,6294.66,3221.27,614.4,614.4
12441.4,9368.01,6294.66,3221.27,614.4,614.4
12441.4,9368.01,6294.66,3221.27,614.4,614.4
12441.4,9368.01,6294.66,3221.27,614.4,614.4
12441.4,9368.01,6294.66,3221.27,614.4,614.4
12441.4,9368.01,6294.66,3221.27,614.4,614.4
12441.4,9368.01,6294.66,3221.27,614.4,614.4
12441.4,9368.01,6294.66,3221.27,614.4,614.4
12441.4,9368.01,6294.66,3221.27,614.4,614.4
12441.4,9368.01,6294.66,3221.27,614.4,614.4
12441.4,9368.01,6294.66,3221.27,614.4,614.4
12441.4,9368.01,6294.66,3221.27,614.4,614.4
12441.4,9368.01,6294.66,3221.27,614.4,614.4
12441.4,9368.01,6294.66,3221.27,614.4,614.4
12441.4,9368.01,6294.66,3221.27,614.4,614.4
12441.4,9368.01,6294.66,3221.27,614.4,614.4
12441.4,9368.01,6294.66,3221.27,614.4,614.4
12441.4,9368.01,6294.66,3221.27,614.4,614.4
12443.2,9369.81,6296.46,3223.07,614.4,614.4
12443.2,9369.81,6296.46,3223.07,614.4,614.4
12443.2,9369.81,6296.46,3223.07,614.4,614.4
12443.2,9369.81,6296.46,3223.07,614.4,614.4
12443.2,9369.81,6296.46,3223.07,614.4,614.4
12443.2,9369.81,6296.46,3223.07,614.4,614.4
12443.2,9369.81,6296.46,3223.07,614.4,614.4
12443.2,9369.81,6296.46,3223.07,614.4,614.4
12443.2,9369.81,6296.46,3223.07,614.4,614.4
12443.2,9369.81,6296.46,3223.07,614.4,614.4
12443.2,9369.81,6296.46,3223.07,614.4,614.4
12443.2,9369.81,6296.46,3223.07,614.4,614.4
12443.2,9369.81,6296.46,3223.07,614.4,614.4
12443.2,9369.81,6296.46,3223.07,614.4,614.4
12443.2,9369.81,6296.46,3223.07,614.4,614.4
12443.2,9369.81,6296.46,3223.07,614.4,614.4
12443.2,9369.81,6296.46,3223.07,614.4,614.4
12443.2,9369.81,6296.46,3223.07,614.4,614.4
12443.2,9369.81,6296.46,3223.07,614.4,614.4
12443.2,9369.81,6296.46,3223.07,614.4,614.4
12443.2,9369.81,6296.46,3223.07,614.4,614.4
12443.2,9369.81,6296.46,3223.07,614.4,614.4
12443.2,9369.81,6296.46,3223.07,614.4,614.4
12443.44,9370.05,6296.7,3223.32,614.4,614.4
12454.03,9380.65,6307.29,3233.91,614.4,614.4
12457.64,9384.27,6310.91,3237.52,614.4,614.4
12457.64,9384.27,6310.91,3237.52,614.4,614.4
12457.64,9384.27,6310.91,3237.52,614.4,614.4
12457.64,9384.27,6310.91,3237.52,614.4,614.4
12457.64,9384.27,6310.91,3237.52,614.4,614.4
12457.64,9384.27,6310.91,3237.52,614.4,614.4
12457.64,9384.27,6310.91,3237.52,614.4,614.4
12457.64,9384.27,6310.91,3237.52,614.4,614.4
12457.64,9384.27,6310.91,3237.52,614.4,614.4
12457.64,9384.27,6310.91,3237.52,614.4,614.4
12457.64,9384.27,6310.91,3237.52,614.4,614.4
12457.64,9384.27,6310.91,3237.52,614.4,614.4
12457.64,9384.27,6310.91,3237.52,614.4,614.4
12457.64,9384.27,6310.91,3237.52,614.4,614.4
12457.64,9384.27,6310.91,3237.52,614.4,614.4
12457.64,9384.27,6310.91,3237.52,614.4,614.4
12457.64,9384.27,6310.91,3237.52,614.4,614.4
12457.64,9384.27,6310.91,3237.52,614.4,614.4
12457.64,9384.27,6310.91,3237.52,614.4,614.4
12457.64,9384.27,6310.91,3237.52,614.4,614.4
12457.64,9384.27,6310.91,3237.52,614.4,614.4
12457.64,9384.27,6310.91,3237.52,614.4,614.4
12457.64,9384.27,6310.91,3237.52,614.4,614.4
12466.89,9393.52,6320.16,3246.77,614.4,614.4
12483.51,9410.14,6336.79,3263.39,614.4,614.4
12488.82,9415.45,6342.1,3268.7,614.4,614.4
12488.82,9415.45,6342.1,3268.7,614.4,614.4
12488.82,9415.45,6342.1,3268.7,614.4,614.4
12488.82,9415.45,6342.1,3268.7,614.4,614.4
12488.82,9415.45,6342.1,3268.7,614.4,614.4
12488.82,9415.45,6342.1,3268.7,614.4,614.4
12488.82,9415.45,6342.1,3268.7,614.4,614.4
12488.82,9415.45,6342.1,3268.7,614.4,614.4
12488.82,9415.45,6342.1,3268.7,614.4,614.4
12488.82,9415.45,6342.1,3268.7,614.4,614.4
12488.82,9415.45,6342.1,3268.7,614.4,614.4
12488.82,9415.45,6342.1,3268.7,614.4,614.4
12488.82,9415.45,6342.1,3268.7,614.4,614.4
12488.82,9415.45,6342.1,3268.7,614.4,614.4
12488.82,9415.45,6342.1,3268.7,614.4,614.4
12488.82,9415.45,6342.1,3268.7,614.4,614.4
12488.82,9415.45,6342.1,3268.7,614.4,614.4
12488.82,9415.45,6342.1,3268.7,614.4,614.4
12488.82,9415.45,6342.1,3268.7,614.4,614.4
12488.82,9415.45,6342.1,3268.7,614.4,614.4
12488.82,9415.45,6342.1,3268.7,614.4,614.4
12488.82,9415.45,6342.1,3268.7,614.4,614.4
12495.41,9422.04,6348.68,3275.29,614.4,614.4
12503.26,9429.9,6356.54,3283.15,614.4,614.4
12503.26,9429.9,6356.54,3283.15,614.4,614.4
12503.26,9429.9,6356.54,3283.15,614.4,614.4
12503.26,9429.9,6356.54,3283.15,614.4,614.4
12503.26,9429.9,6356.54,3283.15,614.4,614.4
12503.26,9429.9,6356.54,3283.15,614.4,614.4
12503.26,9429.9,6356.54,3283.15,614.4,614.4
12503.26,9429.9,6356.54,3283.15,614.4,614.4
12503.26,9429.9,6356.54,3283.15,614.4,614.4
12503.26,9429.9,6356.54,3283.15,614.4,614.4
12503.26,9429.9,6356.54,3283.15,614.4,614.4
12503.26,9429.9,6356.54,3283.15,614.4,614.4
12503.26,9429.9,6356.54,3283.15,614.4,614.4
12503.26,9429.9,6356.54,3283.15,614.4,614.4
12503.26,9429.9,6356.54,3283.15,614.4,614.4
12503.26,9429.9,6356.54,3283.15,614.4,614.4
12503.26,9429.9,6356.54,3283.15,614.4,614.4
12503.26,9429.9,6356.54,3283.15,614.4,614.4
12503.26,9429.9,6356.54,3283.15,614.4,614.4
12503.26,9429.9,6356.54,3283.15,614.4,614.4
12503.26,9429.9,6356.54,3283.15,614.4,614.4
12503.26,9429.9,6356.54,3283.15,614.4,614.4
12503.26,9429.9,6356.54,3283.15,614.4,614.4
12503.26,9429.9,6356.54,3283.15,614.4,614.4
12503.26,9429.9,6356.54,3283.15,614.4,614.4
12503.26,9429.9,6356.54,3283.15,614.4,614.4
12503.26,9429.9,6356.54,3283.15,614.4,614.4
12503.26,9429.9,6356.54,3283.15,614.4,614.4
12503.26,9429.9,6356.54,3283.15,614.4,614.4
12503.26,9429.9,6356.54,3283.15,614.4,614.4
12503.26,9429.9,6356.54,3283.15,614.4,614.4
12503.26,9429.9,6356.54,3283.15,614.4,614.4
12503.26,9429.9,6356.54,3283.15,614.4,614.4
12503.26,9429.9,6356.54,3283.15,614.4,614.4
12503.26,9429.9,6356.54,3283.15,614.4,614.4
12503.26,9429.9,6356.54,3283.15,614.4,614.4
12503.26,9429.9,6356.54,3283.15,614.4,614.4
12503.26,9429.9,6356.54,3283.15,614.4,614.4
12503.26,9429.9,6356.54,3283.15,614.4,614.4
12503.26,9429.9,6356.54,3283.15,614.4,614.4
12503.26,9429.9,6356.54,3283.15,614.4,614.4
12503.26,9429.9,6356.54,3283.15,614.4,614.4
12503.26,9429.9,6356.54,3283.15,614.4,614.4
12503.26,9429.9,6356.54,3283.15,614.4,614.4
12503.26,9429.9,6356.54,3283.15,614.4,614.4
12503.26,9429.9,6356.54,3283.15,614.4,614.4
12503.26,9429.9,6356.54,3283.15,614.4,614.4
12503.26,9429.9,6356.54,3283.15,614.4,614.4
12503.26,9429.9,6356.54,3283.15,614.4,614.4
12503.26,9429.9,6356.54,3283.15,614.4,614.4
12503.26,9429.9,6356.54,3283.15,614.4,614.4
12503.26,9429.9,6356.54,3283.15,614.4,614.4
12503.26,9429.9,6356.54,3283.15,614.4,614.4
12503.26,9429.9,6356.54,3283.15,614.4,614.4
12503.26,9429.9,6356.54,3283.15,614.4,614.4
12503.26,9429.9,6356.54,3283.15,614.4,614.4
12503.26,9429.9,6356.54,3283.15,614.4,614.4
12503.26,9429.9,6356.54,3283.15,614.4,614.4
12503.26,9429.9,6356.54,3283.15,614.4,614.4
12503.26,9429.9,6356.54,3283.15,614.4,614.4
12503.26,9429.9,6356.54,3283.15,614.4,614.4
12503.26,9429.9,6356.54,3283.15,614.4,614.4
12503.26,9429.9,6356.54,3283.15,614.4,614.4
12503.26,9429.9,6356.54,3283.15,614.4,614.4
12503.26,9429.9,6356.54,3283.15,614.4,614.4
12503.26,9429.9,6356.54,3283.15,614.4,614.4
12503.26,9429.9,6356.54,3283.15,614.4,614.4
12503.26,9429.9,6356.54,3283.15,614.4,614.4
12503.26,9429.9,6356.54,3283.15,614.4,614.4
12503.26,9429.9,6356.54,3283.15,614.4,614.4
12503.26,9429.9,6356.54,3283.15,614.4,614.4
12503.26,9429.9,6356.54,3283.15,614.4,614.4
12506.57,9433.21,6359.85,3286.47,614.4,614.4
12517.3,9443.93,6370.57,3297.2,614.4,614.4
12517.3,9443.93,6370.57,3297.2,614.4,614.4
12517.3,9443.93,6370.57,3297.2,614.4,614.4
12517.3,9443.93,6370.57,3297.2,614.4,614.4
12517.3,9443.93,6370.57,3297.2,614.4,614.4
12517.3,9443.93,6370.57,3297.2,614.4,614.4
12517.3,9443.93,6370.57,3297.2,614.4,614.4
12517.3,9443.93,6370.57,3297.2,614.4,614.4
12517.3,9443.93,6370.57,3297.2,614.4,614.4
12517.3,9443.93,6370.57,3297.2,614.4,614.4
12517.3,9443.93,6370.57,3297.2,614.4,614.4
12517.3,9443.93,6370.57,3297.2,614.4,614.4
12517.3,9443.93,6370.57,3297.2,614.4,614.4
12517.3,9443.93,6370.57,3297.2,614.4,614.4
12517.3,9443.93,6370.57,3297.2,614.4,614.4
12517.3,9443.93,6370.57,3297.2,614.4,614.4
12517.3,9443.93,6370.57,3297.2,614.4,614.4
12517.3,9443.93,6370.57,3297.2,614.4,614.4
12517.3,9443.93,6370.57,3297.2,614.4,614.4
12517.3,9443.93,6370.57,3297.2,614.4,614.4
12517.3,9443.93,6370.57,3297.2,614.4,614.4
12517.3,9443.93,6370.57,3297.2,614.4,614.4
12517.3,9443.93,6370.57,3297.2,614.4,614.4
12522.6,9449.22,6375.86,3302.5,614.4,614.4
12522.6,9449.22,6375.86,3302.5,614.4,614.4
12522.6,9449.22,6375.86,3302.5,614.4,614.4
12522.6,9449.22,6375.86,3302.5,614.4,614.4
12522.6,9449.22,6375.86,3302.5,614.4,614.4
12522.6,9449.22,6375.86,3302.5,614.4,614.4
12522.6,9449.22,6375.86,3302.5,614.4,614.4
12522.6,9449.22,6375.86,3302.5,614.4,614.4
12522.6,9449.22,6375.86,3302.5,614.4,614.4
12522.6,9449.22,6375.86,3302.5,614.4,614.4
12522.6,9449.22,6375.86,3302.5,614.4,614.4
12522.6,9449.22,6375.86,3302.5,614.4,614.4
12522.6,9449.22,6375.86,3302.5,614.4,614.4
12522.6,9449.22,6375.86,3302.5,614.4,614.4
12522.6,9449.22,6375.86,3302.5,614.4,614.4
12522.6,9449.22,6375.86,3302.5,614.4,614.4
12522.6,9449.22,6375.86,3302.5,614.4,614.4
12522.6,9449.22,6375.86,3302.5,614.4,614.4
12522.6,9449.22,6375.86,3302.5,614.4,614.4
12522.6,9449.22,6375.86,3302.5,614.4,614.4
12522.6,9449.22,6375.86,3302.5,614.4,614.4
12522.6,9449.22,6375.86,3302.5,614.4,614.4
12522.6,9449.22,6375.86,3302.5,614.4,614.4
12522.6,9449.22,6375.86,3302.5,614.4,614.4
12522.6,9449.22,6375.86,3302.5,614.4,614.4
12522.6,9449.22,6375.86,3302.5,614.4,614.4
12522.6,9449.22,6375.86,3302.5,614.4,614.4
12522.6,9449.22,6375.86,3302.5,614.4,614.4
12522.6,9449.22,6375.86,3302.5,614.4,614.4
12522.6,9449.22,6375.86,3302.5,614.4,614.4
12522.6,9449.22,6375.86,3302.5,614.4,614.4
12522.6,9449.22,6375.86,3302.5,614.4,614.4
12522.6,9449.22,6375.86,3302.5,614.4,614.4
12522.6,9449.22,6375.86,3302.5,614.4,614.4
12522.6,9449.22,6375.86,3302.5,614.4,614.4
12522.6,9449.22,6375.86,3302.5,614.4,614.4
12522.6,9449.22,6375.86,3302.5,614.4,614.4
12522.6,9449.22,6375.86,3302.5,614.4,614.4
12522.6,9449.22,6375.86,3302.5,614.4,614.4
12522.6,9449.22,6375.86,3302.5,614.4,614.4
12522.6,9449.22,6375.86,3302.5,614.4,614.4
12522.6,9449.22,6375.86,3302.5,614.4,614.4
12522.6,9449.22,6375.86,3302.5,614.4,614.4
12522.6,9449.22,6375.86,3302.5,614.4,614.4
12522.6,9449.22,6375.86,3302.5,614.4,614.4
12522.6,9449.22,6375.86,3302.5,614.4,614.4
12522.6,9449.22,6375.86,3302.5,614.4,614.4
12522.6,9449.22,6375.86,3302.5,614.4,614.4
12522.6,9449.22,6375.86,3302.5,614.4,614.4
12522.6,9449.22,6375.86,3302.5,614.4,614.4
12522.6,9449.22,6375.86,3302.5,614.4,614.4
12522.6,9449.22,6375.86,3302.5,614.4,614.4
12522.6,9449.22,6375.86,3302.5,614.4,614.4
12522.6,9449.22,6375.86,3302.5,614.4,614.4
12522.6,9449.22,6375.86,3302.5,614.4,614.4
12522.6,9449.22,6375.86,3302.5,614.4,614.4
12522.6,9449.22,6375.86,3302.5,614.4,614.4
12522.6,9449.22,6375.86,3302.5,614.4,614.4
12522.6,9449.22,6375.86,3302.5,614.4,614.4
12522.6,9449.22,6375.86,3302.5,614.4,614.4
12522.6,9449.22,6375.86,3302.5,614.4,614.4
12522.6,9449.22,6375.86,3302.5,614.4,614.4
12522.6,9449.22,6375.86,3302.5,614.4,614.4
12522.6,9449.22,6375.86,3302.5,614.4,614.4
12522.6,9449.22,6375.86,3302.5,614.4,614.4
12522.6,9449.22,6375.86,3302.5,614.4,614.4
12522.6,9449.22,6375.86,3302.5,614.4,614.4
12522.6,9449.22,6375.86,3302.5,614.4,614.4
12522.6,9449.22,6375.86,3302.5,614.4,614.4
12522.6,9449.22,6375.86,3302.5,614.4,614.4
12522.6,9449.22,6375.86,3302.5,614.4,614.4
12522.6,9449.22,6375.86,3302.5,614.4,614.4
12522.6,9449.22,6375.86,3302.5,614.4,614.4
12522.6,9449.22,6375.86,3302.5,614.4,614.4
12522.6,9449.22,6375.86,3302.5,614.4,614.4
12522.6,9449.22,6375.86,3302.5,614.4,614.4
12522.6,9449.22,6375.86,3302.5,614.4,614.4
12522.6,9449.22,6375.86,3302.5,614.4,614.4
12522.6,9449.22,6375.86,3302.5,614.4,614.4
12522.6,9449.22,6375.86,3302.5,614.4,614.4
12522.6,9449.22,6375.86,3302.5,614.4,614.4
12522.6,9449.22,6375.86,3302.5,614.4,614.4
12522.6,9449.22,6375.86,3302.5,614.4,614.4
12522.6,9449.22,6375.86,3302.5,614.4,614.4
12522.6,9449.22,6375.86,3302.5,614.4,614.4
12522.6,9449.22,6375.86,3302.5,614.4,614.4
12522.6,9449.22,6375.86,3302.5,614.4,614.4
12522.6,9449.22,6375.86,3302.5,614.4,614.4
12522.6,9449.22,6375.86,3302.5,614.4,614.4
12522.6,9449.22,6375.86,3302.5,614.4,614.4
12522.6,9449.22,6375.86,3302.5,614.4,614.4
12522.6,9449.22,6375.86,3302.5,614.4,614.4
12522.6,9449.22,6375.86,3302.5,614.4,614.4
12522.6,9449.22,6375.86,3302.5,614.4,614.4
12522.6,9449.22,6375.86,3302.5,614.4,614.4
12522.6,9449.22,6375.86,3302.5,614.4,614.4
12522.6,9449.22,6375.86,3302.5,614.4,614.4
12522.6,9449.22,6375.86,3302.5,614.4,614.4
12522.6,9449.22,6375.86,3302.5,614.4,614.4
12522.6,9449.22,6375.86,3302.5,614.4,614.4
12522.6,9449.22,6375.86,3302.5,614.4,614.4
12522.6,9449.22,6375.86,3302.5,614.4,614.4
12522.6,9449.22,6375.86,3302.5,614.4,614.4
12522.6,9449.22,6375.86,3302.5,614.4,614.4
12522.6,9449.22,6375.86,3302.5,614.4,614.4
12522.6,9449.22,6375.86,3302.5,614.4,614.4
12522.6,9449.22,6375.86,3302.5,614.4,614.4
12522.6,9449.22,6375.86,3302.5,614.4,614.4
12522.6,9449.22,6375.86,3302.5,614.4,614.4
12522.6,9449.22,6375.86,3302.5,614.4,614.4
12522.6,9449.22,6375.86,3302.5,614.4,614.4
12522.6,9449.22,6375.86,3302.5,614.4,614.4
12522.6,9449.22,6375.86,3302.5,614.4,614.4
12522.6,9449.22,6375.86,3302.5,614.4,614.4
12522.6,9449.22,6375.86,3302.5,614.4,614.4
12522.6,9449.22,6375.86,3302.5,614.4,614.4
12522.6,9449.22,6375.86,3302.5,614.4,614.4
12522.6,9449.22,6375.86,3302.5,614.4,614.4
12522.6,9449.22,6375.86,3302.5,614.4,614.4
12522.85,9449.47,6376.11,3302.74,614.4,614.4
12522.85,9449.47,6376.11,3302.74,614.4,614.4
12522.85,9449.47,6376.11,3302.74,614.4,614.4
12522.85,9449.47,6376.11,3302.74,614.4,614.4
12522.85,9449.47,6376.11,3302.74,614.4,614.4
12522.85,9449.47,6376.11,3302.74,614.4,614.4
12522.85,9449.47,6376.11,3302.74,614.4,614.4
12522.85,9449.47,6376.11,3302.74,614.4,614.4
12522.85,9449.47,6376.11,3302.74,614.4,614.4
12522.85,9449.47,6376.11,3302.74,614.4,614.4
12522.85,9449.47,6376.11,3302.74,614.4,614.4
12522.85,9449.47,6376.11,3302.74,614.4,614.4
12522.85,9449.47,6376.11,3302.74,614.4,614.4
12522.85,9449.47,6376.11,3302.74,614.4,614.4
12522.85,9449.47,6376.11,3302.74,614.4,614.4
12522.85,9449.47,6376.11,3302.74,614.4,614.4
12522.85,9449.47,6376.11,3302.74,614.4,614.4
12522.85,9449.47,6376.11,3302.74,614.4,614.4
12522.85,9449.47,6376.11,3302.74,614.4,614.4
12522.85,9449.47,6376.11,3302.74,614.4,614.4
12522.85,9449.47,6376.11,3302.74,614.4,614.4
12522.85,9449.47,6376.11,3302.74,614.4,614.4
12522.85,9449.47,6376.11,3302.74,614.4,614.4
12522.85,9449.47,6376.11,3302.74,614.4,614.4
12523.9,9450.52,6377.17,3303.79,614.4,614.4
12523.9,9450.52,6377.17,3303.79,614.4,614.4
12523.9,9450.52,6377.17,3303.79,614.4,614.4
12523.9,9450.52,6377.17,3303.79,614.4,614.4
12523.9,9450.52,6377.17,3303.79,614.4,614.4
12523.9,9450.52,6377.17,3303.79,614.4,614.4
12523.9,9450.52,6377.17,3303.79,614.4,614.4
12523.9,9450.52,6377.17,3303.79,614.4,614.4
12523.9,9450.52,6377.17,3303.79,614.4,614.4
12523.9,9450.52,6377.17,3303.79,614.4,614.4
12523.9,9450.52,6377.17,3303.79,614.4,614.4
12523.9,9450.52,6377.17,3303.79,614.4,614.4
12523.9,9450.52,6377.17,3303.79,614.4,614.4
12523.9,9450.52,6377.17,3303.79,614.4,614.4
12523.9,9450.52,6377.17,3303.79,614.4,614.4
12523.9,9450.52,6377.17,3303.79,614.4,614.4
12523.9,9450.52,6377.17,3303.79,614.4,614.4
12523.9,9450.52,6377.17,3303.79,614.4,614.4
12523.9,9450.52,6377.17,3303.79,614.4,614.4
12523.9,9450.52,6377.17,3303.79,614.4,614.4
12523.9,9450.52,6377.17,3303.79,614.4,614.4
12523.9,9450.52,6377.17,3303.79,614.4,614.4
12523.9,9450.52,6377.17,3303.79,614.4,614.4
12523.9,9450.52,6377.17,3303.79,614.4,614.4
12523.9,9450.52,6377.17,3303.79,614.4,614.4
12523.9,9450.52,6377.17,3303.79,614.4,614.4
12523.9,9450.52,6377.17,3303.79,614.4,614.4
12523.9,9450.52,6377.17,3303.79,614.4,614.4
12523.9,9450.52,6377.17,3303.79,614.4,614.4
12523.9,9450.52,6377.17,3303.79,614.4,614.4
12523.9,9450.52,6377.17,3303.79,614.4,614.4
12523.9,9450.52,6377.17,3303.79,614.4,614.4
12523.9,9450.52,6377.17,3303.79,614.4,614.4
12523.9,9450.52,6377.17,3303.79,614.4,614.4
12523.9,9450.52,6377.17,3303.79,614.4,614.4
12523.9,9450.52,6377.17,3303.79,614.4,614.4
12523.9,9450.52,6377.17,3303.79,614.4,614.4
12523.9,9450.52,6377.17,3303.79,614.4,614.4
12523.9,9450.52,6377.17,3303.79,614.4,614.4
12523.9,9450.52,6377.17,3303.79,614.4,614.4
12523.9,9450.52,6377.17,3303.79,614.4,614.4
12523.9,9450.52,6377.17,3303.79,614.4,614.4
12523.9,9450.52,6377.17,3303.79,614.4,614.4
12523.9,9450.52,6377.17,3303.79,614.4,614.4
12523.9,9450.52,6377.17,3303.79,614.4,614.4
12523.9,9450.52,6377.17,3303.79,614.4,614.4
12523.9,9450.52,6377.17,3303.79,614.4,614.4
12523.9,9450.52,6377.17,3303.79,614.4,614.4
12523.9,9450.52,6377.17,3303.79,614.4,614.4
12523.9,9450.52,6377.17,3303.79,614.4,614.4
12523.9,9450.52,6377.17,3303.79,614.4,614.4
12523.9,9450.52,6377.17,3303.79,614.4,614.4
12523.9,9450.52,6377.17,3303.79,614.4,614.4
12523.9,9450.52,6377.17,3303.79,614.4,614.4
12523.9,9450.52,6377.17,3303.79,614.4,614.4
12523.9,9450.52,6377.17,3303.79,614.4,614.4
12523.9,9450.52,6377.17,3303.79,614.4,614.4
12523.9,9450.52,6377.17,3303.79,614.4,614.4
12523.9,9450.52,6377.17,3303.79,614.4,614.4
12523.9,9450.52,6377.17,3303.79,614.4,614.4
12523.9,9450.52,6377.17,3303.79,614.4,614.4
12523.9,9450.52,6377.17,3303.79,614.4,614.4
12523.9,9450.52,6377.17,3303.79,614.4,614.4
12523.9,9450.52,6377.17,3303.79,614.4,614.4
12523.9,9450.52,6377.17,3303.79,614.4,614.4
12523.9,9450.52,6377.17,3303.79,614.4,614.4
12523.9,9450.52,6377.17,3303.79,614.4,614.4
12523.9,9450.52,6377.17,3303.79,614.4,614.4
12523.9,9450.52,6377.17,3303.79,614.4,614.4
12523.9,9450.52,6377.17,3303.79,614.4,614.4
12523.9,9450.52,6377.17,3303.79,614.4,614.4
12523.9,9450.52,6377.17,3303.79,614.4,614.4
12523.9,9450.52,6377.17,3303.79,614.4,614.4
12523.9,9450.52,6377.17,3303.79,614.4,614.4
12523.9,9450.52,6377.17,3303.79,614.4,614.4
12523.9,9450.52,6377.17,3303.79,614.4,614.4
12523.9,9450.52,6377.17,3303.79,614.4,614.4
12523.9,9450.52,6377.17,3303.79,614.4,614.4
12523.9,9450.52,6377.17,3303.79,614.4,614.4
12523.9,9450.52,6377.17,3303.79,614.4,614.4
12523.9,9450.52,6377.17,3303.79,614.4,614.4
12523.9,9450.52,6377.17,3303.79,614.4,614.4
12523.9,9450.52,6377.17,3303.79,614.4,614.4
12523.9,9450.52,6377.17,3303.79,614.4,614.4
12523.9,9450.52,6377.17,3303.79,614.4,614.4
12523.9,9450.52,6377.17,3303.79,614.4,614.4
12523.9,9450.52,6377.17,3303.79,614.4,614.4
12523.9,9450.52,6377.17,3303.79,614.4,614.4
12523.9,9450.52,6377.17,3303.79,614.4,614.4
12523.9,9450.52,6377.17,3303.79,614.4,614.4
12523.9,9450.52,6377.17,3303.79,614.4,614.4
12523.9,9450.52,6377.17,3303.79,614.4,614.4
12523.9,9450.52,6377.17,3303.79,614.4,614.4
12523.9,9450.52,6377.17,3303.79,614.4,614.4
12523.9,9450.52,6377.17,3303.79,614.4,614.4
12523.9,9450.52,6377.17,3303.79,614.4,614.4
12523.9,9450.52,6377.17,3303.79,614.4,614.4
12523.9,9450.52,6377.17,3303.79,614.4,614.4
12523.9,9450.52,6377.17,3303.79,614.4,614.4
12523.9,9450.52,6377.17,3303.79,614.4,614.4
12523.9,9450.52,6377.17,3303.79,614.4,614.4
12523.9,9450.52,6377.17,3303.79,614.4,614.4
12523.9,9450.52,6377.17,3303.79,614.4,614.4
12523.9,9450.52,6377.17,3303.79,614.4,614.4
12523.9,9450.52,6377.17,3303.79,614.4,614.4
12523.9,9450.52,6377.17,3303.79,614.4,614.4
12523.9,9450.52,6377.17,3303.79,614.4,614.4
12523.9,9450.52,6377.17,3303.79,614.4,614.4
12523.9,9450.52,6377.17,3303.79,614.4,614.4
12523.9,9450.52,6377.17,3303.79,614.4,614.4
12523.9,9450.52,6377.17,3303.79,614.4,614.4
12523.9,9450.52,6377.17,3303.79,614.4,614.4
12523.9,9450.52,6377.17,3303.79,614.4,614.4
12523.9,9450.52,6377.17,3303.79,614.4,614.4
12523.9,9450.52,6377.17,3303.79,614.4,614.4
12523.9,9450.52,6377.17,3303.79,614.4,614.4
12523.9,9450.52,6377.17,3303.79,614.4,614.4
12523.9,9450.52,6377.17,3303.79,614.4,614.4
12523.9,9450.52,6377.17,3303.79,614.4,614.4
12523.9,9450.52,6377.17,3303.79,614.4,614.4
12523.9,9450.52,6377.17,3303.79,614.4,614.4
12523.9,9450.52,6377.17,3303.79,614.4,614.4
12523.9,9450.52,6377.17,3303.79,614.4,614.4
12523.9,9450.52,6377.17,3303.79,614.4,614.4
12523.9,9450.52,6377.17,3303.79,614.4,614.4
12523.9,9450.52,6377.17,3303.79,614.4,614.4
12523.9,9450.52,6377.17,3303.79,614.4,614.4
12523.9,9450.52,6377.17,3303.79,614.4,614.4
12523.9,9450.52,6377.17,3303.79,614.4,614.4
12523.9,9450.52,6377.17,3303.79,614.4,614.4
12523.9,9450.52,6377.17,3303.79,614.4,614.4
12523.9,9450.52,6377.17,3303.79,614.4,614.4
12523.9,9450.52,6377.17,3303.79,614.4,614.4
12523.9,9450.52,6377.17,3303.79,614.4,614.4
12523.9,9450.52,6377.17,3303.79,614.4,614.4
12523.9,9450.52,6377.17,3303.79,614.4,614.4
12523.9,9450.52,6377.17,3303.79,614.4,614.4
12523.9,9450.52,6377.17,3303.79,614.4,614.4
12523.9,9450.52,6377.17,3303.79,614.4,614.4
12523.9,9450.52,6377.17,3303.79,614.4,614.4
12523.9,9450.52,6377.17,3303.79,614.4,614.4
12523.9,9450.52,6377.17,3303.79,614.4,614.4
12523.9,9450.52,6377.17,3303.79,614.4,614.4
12523.9,9450.52,6377.17,3303.79,614.4,614.4
12523.9,9450.52,6377.17,3303.79,614.4,614.4
12523.9,9450.52,6377.17,3303.79,614.4,614.4
12523.9,9450.52,6377.17,3303.79,614.4,614.4
12523.9,9450.52,6377.17,3303.79,614.4,614.4
12523.9,9450.52,6377.17,3303.79,614.4,614.4
12523.9,9450.52,6377.17,3303.79,614.4,614.4
12523.9,9450.52,6377.17,3303.79,614.4,614.4
12523.9,9450.52,6377.17,3303.79,614.4,614.4
12523.9,9450.52,6377.17,3303.79,614.4,614.4
12523.9,9450.52,6377.17,3303.79,614.4,614.4
12523.9,9450.52,6377.17,3303.79,614.4,614.4
12523.9,9450.52,6377.17,3303.79,614.4,614.4
12523.9,9450.52,6377.17,3303.79,614.4,614.4
12523.9,9450.52,6377.17,3303.79,614.4,614.4
12523.9,9450.52,6377.17,3303.79,614.4,614.4
12523.9,9450.52,6377.17,3303.79,614.4,614.4
12523.9,9450.52,6377.17,3303.79,614.4,614.4
12523.9,9450.52,6377.17,3303.79,614.4,614.4
12523.9,9450.52,6377.17,3303.79,614.4,614.4
12523.9,9450.52,6377.17,3303.79,614.4,614.4
12523.9,9450.52,6377.17,3303.79,614.4,614.4
12523.9,9450.52,6377.17,3303.79,614.4,614.4
12523.9,9450.52,6377.17,3303.79,614.4,614.4
12523.9,9450.52,6377.17,3303.79,614.4,614.4
12523.9,9450.52,6377.17,3303.79,614.4,614.4
12523.9,9450.52,6377.17,3303.79,614.4,614.4
12523.9,9450.52,6377.17,3303.79,614.4,614.4
12523.9,9450.52,6377.17,3303.79,614.4,614.4
12523.9,9450.52,6377.17,3303.79,614.4,614.4
12523.9,9450.52,6377.17,3303.79,614.4,614.4
12523.9,9450.52,6377.17,3303.79,614.4,614.4
12523.9,9450.52,6377.17,3303.79,614.4,614.4
12523.9,9450.52,6377.17,3303.79,614.4,614.4
12523.9,9450.52,6377.17,3303.79,614.4,614.4
12523.9,9450.52,6377.17,3303.79,614.4,614.4
12523.9,9450.52,6377.17,3303.79,614.4,614.4
12523.9,9450.52,6377.17,3303.79,614.4,614.4
12523.9,9450.52,6377.17,3303.79,614.4,614.4
12523.9,9450.52,6377.17,3303.79,614.4,614.4
12523.9,9450.52,6377.17,3303.79,614.4,614.4
12523.9,9450.52,6377.17,3303.79,614.4,614.4
12523.9,9450.52,6377.17,3303.79,614.4,614.4
12523.9,9450.52,6377.17,3303.79,614.4,614.4
12523.9,9450.52,6377.17,3303.79,614.4,614.4
12523.9,9450.52,6377.17,3303.79,614.4,614.4
12523.9,9450.52,6377.17,3303.79,614.4,614.4
12523.9,9450.52,6377.17,3303.79,614.4,614.4
12523.9,9450.52,6377.17,3303.79,614.4,614.4
12523.9,9450.52,6377.17,3303.79,614.4,614.4
12523.9,9450.52,6377.17,3303.79,614.4,614.4
12523.9,9450.52,6377.17,3303.79,614.4,614.4
12523.9,9450.52,6377.17,3303.79,614.4,614.4
12523.9,9450.52,6377.17,3303.79,614.4,614.4
12523.9,9450.52,6377.17,3303.79,614.4,614.4
12523.9,9450.52,6377.17,3303.79,614.4,614.4
12523.9,9450.52,6377.17,3303.79,614.4,614.4
12523.9,9450.52,6377.17,3303.79,614.4,614.4
12523.9,9450.52,6377.17,3303.79,614.4,614.4
12523.9,9450.52,6377.17,3303.79,614.4,614.4
12523.9,9450.52,6377.17,3303.79,614.4,614.4
12523.9,9450.52,6377.17,3303.79,614.4,614.4
12523.9,9450.52,6377.17,3303.79,614.4,614.4
12523.9,9450.52,6377.17,3303.79,614.4,614.4
12523.9,9450.52,6377.17,3303.79,614.4,614.4
12523.9,9450.52,6377.17,3303.79,614.4,614.4
12523.9,9450.52,6377.17,3303.79,614.4,614.4
12523.9,9450.52,6377.17,3303.79,614.4,614.4
12523.9,9450.52,6377.17,3303.79,614.4,614.4
12523.9,9450.52,6377.17,3303.79,614.4,614.4
12523.9,9450.52,6377.17,3303.79,614.4,614.4
12523.9,9450.52,6377.17,3303.79,614.4,614.4
12523.9,9450.52,6377.17,3303.79,614.4,614.4
12523.9,9450.52,6377.17,3303.79,614.4,614.4
12523.9,9450.52,6377.17,3303.79,614.4,614.4
12523.9,9450.52,6377.17,3303.79,614.4,614.4
12523.9,9450.52,6377.17,3303.79,614.4,614.4
12523.9,9450.52,6377.17,3303.79,614.4,614.4
12523.9,9450.52,6377.17,3303.79,614.4,614.4
12523.9,9450.52,6377.17,3303.79,614.4,614.4
12523.9,9450.52,6377.17,3303.79,614.4,614.4
12523.9,9450.52,6377.17,3303.79,614.4,614.4
12523.9,9450.52,6377.17,3303.79,614.4,614.4
12523.9,9450.52,6377.17,3303.79,614.4,614.4
12523.9,9450.52,6377.17,3303.79,614.4,614.4
12523.9,9450.52,6377.17,3303.79,614.4,614.4
12523.9,9450.52,6377.17,3303.79,614.4,614.4
12523.9,9450.52,6377.17,3303.79,614.4,614.4
12523.9,9450.52,6377.17,3303.79,614.4,614.4
12523.9,9450.52,6377.17,3303.79,614.4,614.4
12523.9,9450.52,6377.17,3303.79,614.4,614.4
12523.9,9450.52,6377.17,3303.79,614.4,614.4
12523.9,9450.52,6377.17,3303.79,614.4,614.4
12523.9,9450.52,6377.17,3303.79,614.4,614.4
12523.9,9450.52,6377.17,3303.79,614.4,614.4
12523.9,9450.52,6377.17,3303.79,614.4,614.4
12523.9,9450.52,6377.17,3303.79,614.4,614.4
12523.9,9450.52,6377.17,3303.79,614.4,614.4
12523.9,9450.52,6377.17,3303.79,614.4,614.4
12523.9,9450.52,6377.17,3303.79,614.4,614.4
12523.9,9450.52,6377.17,3303.79,614.4,614.4
12523.9,9450.52,6377.17,3303.79,614.4,614.4
12523.9,9450.52,6377.17,3303.79,614.4,614.4
12523.9,9450.52,6377.17,3303.79,614.4,614.4
12523.9,9450.52,6377.17,3303.79,614.4,614.4
12523.9,9450.52,6377.17,3303.79,614.4,614.4
12523.9,9450.52,6377.17,3303.79,614.4,614.4
12523.9,9450.52,6377.17,3303.79,614.4,614.4
12523.9,9450.52,6377.17,3303.79,614.4,614.4
12523.9,9450.52,6377.17,3303.79,614.4,614.4
12523.9,9450.52,6377.17,3303.79,614.4,614.4
12523.9,9450.52,6377.17,3303.79,614.4,614.4
12523.9,9450.52,6377.17,3303.79,614.4,614.4
12523.9,9450.52,6377.17,3303.79,614.4,614.4
12523.9,9450.52,6377.17,3303.79,614.4,614.4
12523.9,9450.52,6377.17,3303.79,614.4,614.4
12523.9,9450.52,6377.17,3303.79,614.4,614.4
12523.9,9450.52,6377.17,3303.79,614.4,614.4
12523.9,9450.52,6377.17,3303.79,614.4,614.4
12523.9,9450.52,6377.17,3303.79,614.4,614.4
12523.9,9450.52,6377.17,3303.79,614.4,614.4
12523.9,9450.52,6377.17,3303.79,614.4,614.4
12523.9,9450.52,6377.17,3303.79,614.4,614.4
12523.9,9450.52,6377.17,3303.79,614.4,614.4
12523.9,9450.52,6377.17,3303.79,614.4,614.4
12523.9,9450.52,6377.17,3303.79,614.4,614.4
12523.9,9450.52,6377.17,3303.79,614.4,614.4
12523.9,9450.52,6377.17,3303.79,614.4,614.4
12523.9,9450.52,6377.17,3303.79,614.4,614.4
12523.9,9450.52,6377.17,3303.79,614.4,614.4
12523.9,9450.52,6377.17,3303.79,614.4,614.4
12523.9,9450.52,6377.17,3303.79,614.4,614.4
12523.9,9450.52,6377.17,3303.79,614.4,614.4
12523.9,9450.52,6377.17,3303.79,614.4,614.4
12523.9,9450.52,6377.17,3303.79,614.4,614.4
12523.9,9450.52,6377.17,3303.79,614.4,614.4
12523.9,9450.52,6377.17,3303.79,614.4,614.4
12523.9,9450.52,6377.17,3303.79,614.4,614.4
12523.9,9450.52,6377.17,3303.79,614.4,614.4
12523.9,9450.52,6377.17,3303.79,614.4,614.4
12523.9,9450.52,6377.17,3303.79,614.4,614.4
12523.9,9450.52,6377.17,3303.79,614.4,614.4
12523.9,9450.52,6377.17,3303.79,614.4,614.4
12523.9,9450.52,6377.17,3303.79,614.4,614.4
12523.9,9450.52,6377.17,3303.79,614.4,614.4
12523.9,9450.52,6377.17,3303.79,614.4,614.4
12523.9,9450.52,6377.17,3303.79,614.4,614.4
12523.9,9450.52,6377.17,3303.79,614.4,614.4
12523.9,9450.52,6377.17,3303.79,614.4,614.4
12523.9,9450.52,6377.17,3303.79,614.4,614.4
12523.9,9450.52,6377.17,3303.79,614.4,614.4
12523.9,9450.52,6377.17,3303.79,614.4,614.4
12523.9,9450.52,6377.17,3303.79,614.4,614.4
12523.9,9450.52,6377.17,3303.79,614.4,614.4
12523.9,9450.52,6377.17,3303.79,614.4,614.4
12523.9,9450.52,6377.17,3303.79,614.4,614.4
12523.9,9450.52,6377.17,3303.79,614.4,614.4
12523.9,9450.52,6377.17,3303.79,614.4,614.4
12523.9,9450.52,6377.17,3303.79,614.4,614.4
12523.9,9450.52,6377.17,3303.79,614.4,614.4
12523.9,9450.52,6377.17,3303.79,614.4,614.4
12523.9,9450.52,6377.17,3303.79,614.4,614.4
12523.9,9450.52,6377.17,3303.79,614.4,614.4
12523.9,9450.52,6377.17,3303.79,614.4,614.4
12523.9,9450.52,6377.17,3303.79,614.4,614.4
12523.9,9450.52,6377.17,3303.79,614.4,614.4
12523.9,9450.52,6377.17,3303.79,614.4,614.4
12523.9,9450.52,6377.17,3303.79,614.4,614.4
12523.9,9450.52,6377.17,3303.79,614.4,614.4
12523.9,9450.52,6377.17,3303.79,614.4,614.4
12523.9,9450.52,6377.17,3303.79,614.4,614.4
12523.9,9450.52,6377.17,3303.79,614.4,614.4
12523.9,9450.52,6377.17,3303.79,614.4,614.4
12523.9,9450.52,6377.17,3303.79,614.4,614.4
12523.9,9450.52,6377.17,3303.79,614.4,614.4
12523.9,9450.52,6377.17,3303.79,614.4,614.4
12523.9,9450.52,6377.17,3303.79,614.4,614.4
12523.9,9450.52,6377.17,3303.79,614.4,614.4
12523.9,9450.52,6377.17,3303.79,614.4,614.4
12523.9,9450.52,6377.17,3303.79,614.4,614.4
12523.9,9450.52,6377.17,3303.79,614.4,614.4
12523.9,9450.52,6377.17,3303.79,614.4,614.4
12523.9,9450.52,6377.17,3303.79,614.4,614.4
12523.9,9450.52,6377.17,3303.79,614.4,614.4
12523.9,9450.52,6377.17,3303.79,614.4,614.4
12523.9,9450.52,6377.17,3303.79,614.4,614.4
12523.9,9450.52,6377.17,3303.79,614.4,614.4
12523.9,9450.52,6377.17,3303.79,614.4,614.4
12523.9,9450.52,6377.17,3303.79,614.4,614.4
12523.9,9450.52,6377.17,3303.79,614.4,614.4
12523.9,9450.52,6377.17,3303.79,614.4,614.4
12523.9,9450.52,6377.17,3303.79,614.4,614.4
12523.9,9450.52,6377.17,3303.79,614.4,614.4
12523.9,9450.52,6377.17,3303.79,614.4,614.4
12523.9,9450.52,6377.17,3303.79,614.4,614.4
12523.9,9450.52,6377.17,3303.79,614.4,614.4
12523.9,9450.52,6377.17,3303.79,614.4,614.4
12523.9,9450.52,6377.17,3303.79,614.4,614.4
12523.9,9450.52,6377.17,3303.79,614.4,614.4
12523.9,9450.52,6377.17,3303.79,614.4,614.4
12523.9,9450.52,6377.17,3303.79,614.4,614.4
12523.9,9450.52,6377.17,3303.79,614.4,614.4
12523.9,9450.52,6377.17,3303.79,614.4,614.4
12523.9,9450.52,6377.17,3303.79,614.4,614.4
12523.9,9450.52,6377.17,3303.79,614.4,614.4
12523.9,9450.52,6377.17,3303.79,614.4,614.4
12523.9,9450.52,6377.17,3303.79,614.4,614.4
12523.9,9450.52,6377.17,3303.79,614.4,614.4
12523.9,9450.52,6377.17,3303.79,614.4,614.4
12523.9,9450.52,6377.17,3303.79,614.4,614.4
12523.9,9450.52,6377.17,3303.79,614.4,614.4
12523.9,9450.52,6377.17,3303.79,614.4,614.4
12523.9,9450.52,6377.17,3303.79,614.4,614.4
12523.9,9450.52,6377.17,3303.79,614.4,614.4
12523.9,9450.52,6377.17,3303.79,614.4,614.4
12523.9,9450.52,6377.17,3303.79,614.4,614.4
12523.9,9450.52,6377.17,3303.79,614.4,614.4
12523.9,9450.52,6377.17,3303.79,614.4,614.4
12523.9,9450.52,6377.17,3303.79,614.4,614.4
12523.9,9450.52,6377.17,3303.79,614.4,614.4
12523.9,9450.52,6377.17,3303.79,614.4,614.4
12523.9,9450.52,6377.17,3303.79,614.4,614.4
12523.9,9450.52,6377.17,3303.79,614.4,614.4
12523.9,9450.52,6377.17,3303.79,614.4,614.4
12523.9,9450.52,6377.17,3303.79,614.4,614.4
12523.9,9450.52,6377.17,3303.79,614.4,614.4
12523.9,9450.52,6377.17,3303.79,614.4,614.4
12523.9,9450.52,6377.17,3303.79,614.4,614.4
12523.9,9450.52,6377.17,3303.79,614.4,614.4
12523.9,9450.52,6377.17,3303.79,614.4,614.4
12523.9,9450.52,6377.17,3303.79,614.4,614.4
12523.9,9450.52,6377.17,3303.79,614.4,614.4
12523.9,9450.52,6377.17,3303.79,614.4,614.4
12523.9,9450.52,6377.17,3303.79,614.4,614.4
12523.9,9450.52,6377.17,3303.79,614.4,614.4
12523.9,9450.52,6377.17,3303.79,614.4,614.4
12523.9,9450.52,6377.17,3303.79,614.4,614.4
12523.9,9450.52,6377.17,3303.79,614.4,614.4
12523.9,9450.52,6377.17,3303.79,614.4,614.4
12523.9,9450.52,6377.17,3303.79,614.4,614.4
12523.9,9450.52,6377.17,3303.79,614.4,614.4
12523.9,9450.52,6377.17,3303.79,614.4,614.4
12523.9,9450.52,6377.17,3303.79,614.4,614.4
12523.9,9450.52,6377.17,3303.79,614.4,614.4
12523.9,9450.52,6377.17,3303.79,614.4,614.4
12523.9,9450.52,6377.17,3303.79,614.4,614.4
12523.9,9450.52,6377.17,3303.79,614.4,614.4
12523.9,9450.52,6377.17,3303.79,614.4,614.4
12523.9,9450.52,6377.17,3303.79,614.4,614.4
12523.9,9450.52,6377.17,3303.79,614.4,614.4
12523.9,9450.52,6377.17,3303.79,614.4,614.4
12523.9,9450.52,6377.17,3303.79,614.4,614.4
12523.9,9450.52,6377.17,3303.79,614.4,614.4
12523.9,9450.52,6377.17,3303.79,614.4,614.4
12523.9,9450.52,6377.17,3303.79,614.4,614.4
12523.9,9450.52,6377.17,3303.79,614.4,614.4
12523.9,9450.52,6377.17,3303.79,614.4,614.4
12523.9,9450.52,6377.17,3303.79,614.4,614.4
12523.9,9450.52,6377.17,3303.79,614.4,614.4
12523.9,9450.52,6377.17,3303.79,614.4,614.4
12523.9,9450.52,6377.17,3303.79,614.4,614.4
12523.9,9450.52,6377.17,3303.79,614.4,614.4
12523.9,9450.52,6377.17,3303.79,614.4,614.4
12523.9,9450.52,6377.17,3303.79,614.4,614.4
12523.9,9450.52,6377.17,3303.79,614.4,614.4
12523.9,9450.52,6377.17,3303.79,614.4,614.4
12523.9,9450.52,6377.17,3303.79,614.4,614.4
12523.9,9450.52,6377.17,3303.79,614.4,614.4
12523.9,9450.52,6377.17,3303.79,614.4,614.4
12523.9,9450.52,6377.17,3303.79,614.4,614.4
12523.9,9450.52,6377.17,3303.79,614.4,614.4
12523.9,9450.52,6377.17,3303.79,614.4,614.4
12523.9,9450.52,6377.17,3303.79,614.4,614.4
12523.9,9450.52,6377.17,3303.79,614.4,614.4
12523.9,9450.52,6377.17,3303.79,614.4,614.4
12523.9,9450.52,6377.17,3303.79,614.4,614.4
12523.9,9450.52,6377.17,3303.79,614.4,614.4
12523.9,9450.52,6377.17,3303.79,614.4,614.4
12523.9,9450.52,6377.17,3303.79,614.4,614.4
12523.9,9450.52,6377.17,3303.79,614.4,614.4
12523.9,9450.52,6377.17,3303.79,614.4,614.4
12523.9,9450.52,6377.17,3303.79,614.4,614.4
12523.9,9450.52,6377.17,3303.79,614.4,614.4
12523.9,9450.52,6377.17,3303.79,614.4,614.4
12523.9,9450.52,6377.17,3303.79,614.4,614.4
12523.9,9450.52,6377.17,3303.79,614.4,614.4
12523.9,9450.52,6377.17,3303.79,614.4,614.4
12523.9,9450.52,6377.17,3303.79,614.4,614.4
12523.9,9450.52,6377.17,3303.79,614.4,614.4
12523.9,9450.52,6377.17,3303.79,614.4,614.4
12523.9,9450.52,6377.17,3303.79,614.4,614.4
12523.9,9450.52,6377.17,3303.79,614.4,614.4
12523.9,9450.52,6377.17,3303.79,614.4,614.4
12523.9,9450.52,6377.17,3303.79,614.4,614.4
12523.9,9450.52,6377.17,3303.79,614.4,614.4
12523.9,9450.52,6377.17,3303.79,614.4,614.4
12523.9,9450.52,6377.17,3303.79,614.4,614.4
12523.9,9450.52,6377.17,3303.79,614.4,614.4
12523.9,9450.52,6377.17,3303.79,614.4,614.4
12523.9,9450.52,6377.17,3303.79,614.4,614.4
12523.9,9450.52,6377.17,3303.79,614.4,614.4
12523.9,9450.52,6377.17,3303.79,614.4,614.4
12523.9,9450.52,6377.17,3303.79,614.4,614.4
12523.9,9450.52,6377.17,3303.79,614.4,614.4
12523.9,9450.52,6377.17,3303.79,614.4,614.4
12523.9,9450.52,6377.17,3303.79,614.4,614.4
12523.9,9450.52,6377.17,3303.79,614.4,614.4
12523.9,9450.52,6377.17,3303.79,614.4,614.4
12523.9,9450.52,6377.17,3303.79,614.4,614.4
12523.9,9450.52,6377.17,3303.79,614.4,614.4
12523.9,9450.52,6377.17,3303.79,614.4,614.4
12523.9,9450.52,6377.17,3303.79,614.4,614.4
12523.9,9450.52,6377.17,3303.79,614.4,614.4
12523.9,9450.52,6377.17,3303.79,614.4,614.4
12523.9,9450.52,6377.17,3303.79,614.4,614.4
12523.9,9450.52,6377.17,3303.79,614.4,614.4
12523.9,9450.52,6377.17,3303.79,614.4,614.4
12523.9,9450.52,6377.17,3303.79,614.4,614.4
12523.9,9450.52,6377.17,3303.79,614.4,614.4
12523.9,9450.52,6377.17,3303.79,614.4,614.4
12523.9,9450.52,6377.17,3303.79,614.4,614.4
12523.9,9450.52,6377.17,3303.79,614.4,614.4
12523.9,9450.52,6377.17,3303.79,614.4,614.4
12523.9,9450.52,6377.17,3303.79,614.4,614.4
12523.9,9450.52,6377.17,3303.79,614.4,614.4
12523.9,9450.52,6377.17,3303.79,614.4,614.4
12523.9,9450.52,6377.17,3303.79,614.4,614.4
12523.9,9450.52,6377.17,3303.79,614.4,614.4
12523.9,9450.52,6377.17,3303.79,614.4,614.4
12523.9,9450.52,6377.17,3303.79,614.4,614.4
12523.9,9450.52,6377.17,3303.79,614.4,614.4
12523.9,9450.52,6377.17,3303.79,614.4,614.4
12523.9,9450.52,6377.17,3303.79,614.4,614.4
12523.9,9450.52,6377.17,3303.79,614.4,614.4
12523.9,9450.52,6377.17,3303.79,614.4,614.4
12523.9,9450.52,6377.17,3303.79,614.4,614.4
12523.9,9450.52,6377.17,3303.79,614.4,614.4
12523.9,9450.52,6377.17,3303.79,614.4,614.4
12523.9,9450.52,6377.17,3303.79,614.4,614.4
12523.9,9450.52,6377.17,3303.79,614.4,614.4
12523.9,9450.52,6377.17,3303.79,614.4,614.4
12523.9,9450.52,6377.17,3303.79,614.4,614.4
12523.9,9450.52,6377.17,3303.79,614.4,614.4
12523.9,9450.52,6377.17,3303.79,614.4,614.4
12523.9,9450.52,6377.17,3303.79,614.4,614.4
12523.9,9450.52,6377.17,3303.79,614.4,614.4
12523.9,9450.52,6377.17,3303.79,614.4,614.4
12523.9,9450.52,6377.17,3303.79,614.4,614.4
12523.9,9450.52,6377.17,3303.79,614.4,614.4
12523.9,9450.52,6377.17,3303.79,614.4,614.4
12523.9,9450.52,6377.17,3303.79,614.4,614.4
12523.9,9450.52,6377.17,3303.79,614.4,614.4
12523.9,9450.52,6377.17,3303.79,614.4,614.4
12523.9,9450.52,6377.17,3303.79,614.4,614.4
12523.9,9450.52,6377.17,3303.79,614.4,614.4
12523.9,9450.52,6377.17,3303.79,614.4,614.4
12523.9,9450.52,6377.17,3303.79,614.4,614.4
12523.9,9450.52,6377.17,3303.79,614.4,614.4
12523.9,9450.52,6377.17,3303.79,614.4,614.4
12523.9,9450.52,6377.17,3303.79,614.4,614.4
12523.9,9450.52,6377.17,3303.79,614.4,614.4
12523.9,9450.52,6377.17,3303.79,614.4,614.4
12523.9,9450.52,6377.17,3303.79,614.4,614.4
12523.9,9450.52,6377.17,3303.79,614.4,614.4
12523.9,9450.52,6377.17,3303.79,614.4,614.4
12523.9,9450.52,6377.17,3303.79,614.4,614.4
12523.9,9450.52,6377.17,3303.79,614.4,614.4
12523.9,9450.52,6377.17,3303.79,614.4,614.4
12523.9,9450.52,6377.17,3303.79,614.4,614.4
12523.9,9450.52,6377.17,3303.79,614.4,614.4
12523.9,9450.52,6377.17,3303.79,614.4,614.4
12523.9,9450.52,6377.17,3303.79,614.4,614.4
12523.9,9450.52,6377.17,3303.79,614.4,614.4
12523.9,9450.52,6377.17,3303.79,614.4,614.4
12523.9,9450.52,6377.17,3303.79,614.4,614.4
12523.9,9450.52,6377.17,3303.79,614.4,614.4
12523.9,9450.52,6377.17,3303.79,614.4,614.4
12523.9,9450.52,6377.17,3303.79,614.4,614.4
12523.9,9450.52,6377.17,3303.79,614.4,614.4
12523.9,9450.52,6377.17,3303.79,614.4,614.4
12523.9,9450.52,6377.17,3303.79,614.4,614.4
12523.9,9450.52,6377.17,3303.79,614.4,614.4
12523.9,9450.52,6377.17,3303.79,614.4,614.4
12523.9,9450.52,6377.17,3303.79,614.4,614.4
12523.9,9450.52,6377.17,3303.79,614.4,614.4
12523.9,9450.52,6377.17,3303.79,614.4,614.4
12523.9,9450.52,6377.17,3303.79,614.4,614.4
12523.9,9450.52,6377.17,3303.79,614.4,614.4
12523.9,9450.52,6377.17,3303.79,614.4,614.4
12523.9,9450.52,6377.17,3303.79,614.4,614.4
12523.9,9450.52,6377.17,3303.79,614.4,614.4
12523.9,9450.52,6377.17,3303.79,614.4,614.4
12523.9,9450.52,6377.17,3303.79,614.4,614.4
12523.9,9450.52,6377.17,3303.79,614.4,614.4
12523.9,9450.52,6377.17,3303.79,614.4,614.4
12523.9,9450.52,6377.17,3303.79,614.4,614.4
12523.9,9450.52,6377.17,3303.79,614.4,614.4
12523.9,9450.52,6377.17,3303.79,614.4,614.4
12523.9,9450.52,6377.17,3303.79,614.4,614.4
12523.9,9450.52,6377.17,3303.79,614.4,614.4
12523.9,9450.52,6377.17,3303.79,614.4,614.4
12523.9,9450.52,6377.17,3303.79,614.4,614.4
12523.9,9450.52,6377.17,3303.79,614.4,614.4
12523.9,9450.52,6377.17,3303.79,614.4,614.4
12523.9,9450.52,6377.17,3303.79,614.4,614.4
12523.9,9450.52,6377.17,3303.79,614.4,614.4
12523.9,9450.52,6377.17,3303.79,614.4,614.4
12523.9,9450.52,6377.17,3303.79,614.4,614.4
12523.9,9450.52,6377.17,3303.79,614.4,614.4
12523.9,9450.52,6377.17,3303.79,614.4,614.4
12523.9,9450.52,6377.17,3303.79,614.4,614.4
12523.9,9450.52,6377.17,3303.79,614.4,614.4
12523.9,9450.52,6377.17,3303.79,614.4,614.4
12523.9,9450.52,6377.17,3303.79,614.4,614.4
12523.9,9450.52,6377.17,3303.79,614.4,614.4
12523.9,9450.52,6377.17,3303.79,614.4,614.4
12523.9,9450.52,6377.17,3303.79,614.4,614.4
12523.9,9450.52,6377.17,3303.79,614.4,614.4
12523.9,9450.52,6377.17,3303.79,614.4,614.4
12523.9,9450.52,6377.17,3303.79,614.4,614.4
12523.9,9450.52,6377.17,3303.79,614.4,614.4
12523.9,9450.52,6377.17,3303.79,614.4,614.4
12523.9,9450.52,6377.17,3303.79,614.4,614.4
12523.9,9450.52,6377.17,3303.79,614.4,614.4
12523.9,9450.52,6377.17,3303.79,614.4,614.4
12523.9,9450.52,6377.17,3303.79,614.4,614.4
12523.9,9450.52,6377.17,3303.79,614.4,614.4
12523.9,9450.52,6377.17,3303.79,614.4,614.4
12523.9,9450.52,6377.17,3303.79,614.4,614.4
12523.9,9450.52,6377.17,3303.79,614.4,614.4
12523.9,9450.52,6377.17,3303.79,614.4,614.4
12523.9,9450.52,6377.17,3303.79,614.4,614.4
12523.9,9450.52,6377.17,3303.79,614.4,614.4
12523.9,9450.52,6377.17,3303.79,614.4,614.4
12523.9,9450.52,6377.17,3303.79,614.4,614.4
12523.9,9450.52,6377.17,3303.79,614.4,614.4
12523.9,9450.52,6377.17,3303.79,614.4,614.4
12523.9,9450.52,6377.17,3303.79,614.4,614.4
12523.9,9450.52,6377.17,3303.79,614.4,614.4
12523.9,9450.52,6377.17,3303.79,614.4,614.4
12523.9,9450.52,6377.17,3303.79,614.4,614.4
12523.9,9450.52,6377.17,3303.79,614.4,614.4
12523.9,9450.52,6377.17,3303.79,614.4,614.4
12523.9,9450.52,6377.17,3303.79,614.4,614.4
12523.9,9450.52,6377.17,3303.79,614.4,614.4
12523.9,9450.52,6377.17,3303.79,614.4,614.4
12523.9,9450.52,6377.17,3303.79,614.4,614.4
12523.9,9450.52,6377.17,3303.79,614.4,614.4
12523.9,9450.52,6377.17,3303.79,614.4,614.4
12523.9,9450.52,6377.17,3303.79,614.4,614.4
12523.9,9450.52,6377.17,3303.79,614.4,614.4
12523.9,9450.52,6377.17,3303.79,614.4,614.4
12523.9,9450.52,6377.17,3303.79,614.4,614.4
12523.9,9450.52,6377.17,3303.79,614.4,614.4
12523.9,9450.52,6377.17,3303.79,614.4,614.4
12523.9,9450.52,6377.17,3303.79,614.4,614.4
12523.9,9450.52,6377.17,3303.79,614.4,614.4
12523.9,9450.52,6377.17,3303.79,614.4,614.4
12523.9,9450.52,6377.17,3303.79,614.4,614.4
12523.9,9450.52,6377.17,3303.79,614.4,614.4
12523.9,9450.52,6377.17,3303.79,614.4,614.4
12523.9,9450.52,6377.17,3303.79,614.4,614.4
12523.9,9450.52,6377.17,3303.79,614.4,614.4
12523.9,9450.52,6377.17,3303.79,614.4,614.4
12523.9,9450.52,6377.17,3303.79,614.4,614.4
12523.9,9450.52,6377.17,3303.79,614.4,614.4
12523.9,9450.52,6377.17,3303.79,614.4,614.4
12523.9,9450.52,6377.17,3303.79,614.4,614.4
12523.9,9450.52,6377.17,3303.79,614.4,614.4
12523.9,9450.52,6377.17,3303.79,614.4,614.4
12523.9,9450.52,6377.17,3303.79,614.4,614.4
12523.9,9450.52,6377.17,3303.79,614.4,614.4
12523.9,9450.52,6377.17,3303.79,614.4,614.4
12523.9,9450.52,6377.17,3303.79,614.4,614.4
12523.9,9450.52,6377.17,3303.79,614.4,614.4
12523.9,9450.52,6377.17,3303.79,614.4,614.4
12523.9,9450.52,6377.17,3303.79,614.4,614.4
12523.9,9450.52,6377.17,3303.79,614.4,614.4
12523.9,9450.52,6377.17,3303.79,614.4,614.4
12523.9,9450.52,6377.17,3303.79,614.4,614.4
12523.9,9450.52,6377.17,3303.79,614.4,614.4
12523.9,9450.52,6377.17,3303.79,614.4,614.4
12523.9,9450.52,6377.17,3303.79,614.4,614.4
12523.9,9450.52,6377.17,3303.79,614.4,614.4
12523.9,9450.52,6377.17,3303.79,614.4,614.4
12523.9,9450.52,6377.17,3303.79,614.4,614.4
12523.9,9450.52,6377.17,3303.79,614.4,614.4
12523.9,9450.52,6377.17,3303.79,614.4,614.4
12523.9,9450.52,6377.17,3303.79,614.4,614.4
12523.9,9450.52,6377.17,3303.79,614.4,614.4
12523.9,9450.52,6377.17,3303.79,614.4,614.4
12523.9,9450.52,6377.17,3303.79,614.4,614.4
12523.9,9450.52,6377.17,3303.79,614.4,614.4
12523.9,9450.52,6377.17,3303.79,614.4,614.4
12523.9,9450.52,6377.17,3303.79,614.4,614.4
12523.9,9450.52,6377.17,3303.79,614.4,614.4
12523.9,9450.52,6377.17,3303.79,614.4,614.4
12523.9,9450.52,6377.17,3303.79,614.4,614.4
12523.9,9450.52,6377.17,3303.79,614.4,614.4
12523.9,9450.52,6377.17,3303.79,614.4,614.4
12523.9,9450.52,6377.17,3303.79,614.4,614.4
12523.9,9450.52,6377.17,3303.79,614.4,614.4
12523.9,9450.52,6377.17,3303.79,614.4,614.4
12523.9,9450.52,6377.17,3303.79,614.4,614.4
12523.9,9450.52,6377.17,3303.79,614.4,614.4
12523.9,9450.52,6377.17,3303.79,614.4,614.4
12523.9,9450.52,6377.17,3303.79,614.4,614.4
12523.9,9450.52,6377.17,3303.79,614.4,614.4
12523.9,9450.52,6377.17,3303.79,614.4,614.4
12523.9,9450.52,6377.17,3303.79,614.4,614.4
12523.9,9450.52,6377.17,3303.79,614.4,614.4
12523.9,9450.52,6377.17,3303.79,614.4,614.4
12523.9,9450.52,6377.17,3303.79,614.4,614.4
12523.9,9450.52,6377.17,3303.79,614.4,614.4
12523.9,9450.52,6377.17,3303.79,614.4,614.4
12523.9,9450.52,6377.17,3303.79,614.4,614.4
12523.9,9450.52,6377.17,3303.79,614.4,614.4
12523.9,9450.52,6377.17,3303.79,614.4,614.4
12523.9,9450.52,6377.17,3303.79,614.4,614.4
12523.9,9450.52,6377.17,3303.79,614.4,614.4
12523.9,9450.52,6377.17,3303.79,614.4,614.4
12523.9,9450.52,6377.17,3303.79,614.4,614.4
12523.9,9450.52,6377.17,3303.79,614.4,614.4
12523.9,9450.52,6377.17,3303.79,614.4,614.4
12523.9,9450.52,6377.17,3303.79,614.4,614.4
12523.9,9450.52,6377.17,3303.79,614.4,614.4
12523.9,9450.52,6377.17,3303.79,614.4,614.4
12523.9,9450.52,6377.17,3303.79,614.4,614.4
12523.9,9450.52,6377.17,3303.79,614.4,614.4
12523.9,9450.52,6377.17,3303.79,614.4,614.4
12523.9,9450.52,6377.17,3303.79,614.4,614.4
12523.9,9450.52,6377.17,3303.79,614.4,614.4
12523.9,9450.52,6377.17,3303.79,614.4,614.4
12523.9,9450.52,6377.17,3303.79,614.4,614.4
12523.9,9450.52,6377.17,3303.79,614.4,614.4
12523.9,9450.52,6377.17,3303.79,614.4,614.4
12523.9,9450.52,6377.17,3303.79,614.4,614.4
12523.9,9450.52,6377.17,3303.79,614.4,614.4
12523.9,9450.52,6377.17,3303.79,614.4,614.4
12523.9,9450.52,6377.17,3303.79,614.4,614.4
12523.9,9450.52,6377.17,3303.79,614.4,614.4
12523.9,9450.52,6377.17,3303.79,614.4,614.4
12523.9,9450.52,6377.17,3303.79,614.4,614.4
12523.9,9450.52,6377.17,3303.79,614.4,614.4
12523.9,9450.52,6377.17,3303.79,614.4,614.4
12523.9,9450.52,6377.17,3303.79,614.4,614.4
12523.9,9450.52,6377.17,3303.79,614.4,614.4
12523.9,9450.52,6377.17,3303.79,614.4,614.4
12523.9,9450.52,6377.17,3303.79,614.4,614.4
12523.9,9450.52,6377.17,3303.79,614.4,614.4
12523.9,9450.52,6377.17,3303.79,614.4,614.4
12523.9,9450.52,6377.17,3303.79,614.4,614.4
12523.9,9450.52,6377.17,3303.79,614.4,614.4
12523.9,9450.52,6377.17,3303.79,614.4,614.4
12523.9,9450.52,6377.17,3303.79,614.4,614.4
12523.9,9450.52,6377.17,3303.79,614.4,614.4
12523.9,9450.52,6377.17,3303.79,614.4,614.4
12523.9,9450.52,6377.17,3303.79,614.4,614.4
12523.9,9450.52,6377.17,3303.79,614.4,614.4
12523.9,9450.52,6377.17,3303.79,614.4,614.4
12523.9,9450.52,6377.17,3303.79,614.4,614.4
12523.9,9450.52,6377.17,3303.79,614.4,614.4
12523.9,9450.52,6377.17,3303.79,614.4,614.4
12523.9,9450.52,6377.17,3303.79,614.4,614.4
12523.9,9450.52,6377.17,3303.79,614.4,614.4
12523.9,9450.52,6377.17,3303.79,614.4,614.4
12523.9,9450.52,6377.17,3303.79,614.4,614.4
12523.9,9450.52,6377.17,3303.79,614.4,614.4
12523.9,9450.52,6377.17,3303.79,614.4,614.4
12523.9,9450.52,6377.17,3303.79,614.4,614.4
12523.9,9450.52,6377.17,3303.79,614.4,614.4
12523.9,9450.52,6377.17,3303.79,614.4,614.4
12523.9,9450.52,6377.17,3303.79,614.4,614.4
12523.9,9450.52,6377.17,3303.79,614.4,614.4
12523.9,9450.52,6377.17,3303.79,614.4,614.4
12523.9,9450.52,6377.17,3303.79,614.4,614.4
12523.9,9450.52,6377.17,3303.79,614.4,614.4
12523.9,9450.52,6377.17,3303.79,614.4,614.4
12523.9,9450.52,6377.17,3303.79,614.4,614.4
12523.9,9450.52,6377.17,3303.79,614.4,614.4
12523.9,9450.52,6377.17,3303.79,614.4,614.4
12523.9,9450.52,6377.17,3303.79,614.4,614.4
12523.9,9450.52,6377.17,3303.79,614.4,614.4
12523.9,9450.52,6377.17,3303.79,614.4,614.4
12523.9,9450.52,6377.17,3303.79,614.4,614.4
12523.9,9450.52,6377.17,3303.79,614.4,614.4
12523.9,9450.52,6377.17,3303.79,614.4,614.4
12523.9,9450.52,6377.17,3303.79,614.4,614.4
12523.9,9450.52,6377.17,3303.79,614.4,614.4
12523.9,9450.52,6377.17,3303.79,614.4,614.4
12523.9,9450.52,6377.17,3303.79,614.4,614.4
12523.9,9450.52,6377.17,3303.79,614.4,614.4
12523.9,9450.52,6377.17,3303.79,614.4,614.4
12523.9,9450.52,6377.17,3303.79,614.4,614.4
12523.9,9450.52,6377.17,3303.79,614.4,614.4
12523.9,9450.52,6377.17,3303.79,614.4,614.4
12523.9,9450.52,6377.17,3303.79,614.4,614.4
12523.9,9450.52,6377.17,3303.79,614.4,614.4
12523.9,9450.52,6377.17,3303.79,614.4,614.4
12523.9,9450.52,6377.17,3303.79,614.4,614.4
12523.9,9450.52,6377.17,3303.79,614.4,614.4
12523.9,9450.52,6377.17,3303.79,614.4,614.4
12523.9,9450.52,6377.17,3303.79,614.4,614.4
12523.9,9450.52,6377.17,3303.79,614.4,614.4
12523.9,9450.52,6377.17,3303.79,614.4,614.4
12523.9,9450.52,6377.17,3303.79,614.4,614.4
12523.9,9450.52,6377.17,3303.79,614.4,614.4
12523.9,9450.52,6377.17,3303.79,614.4,614.4
12523.9,9450.52,6377.17,3303.79,614.4,614.4
12523.9,9450.52,6377.17,3303.79,614.4,614.4
12523.9,9450.52,6377.17,3303.79,614.4,614.4
12523.9,9450.52,6377.17,3303.79,614.4,614.4
12523.9,9450.52,6377.17,3303.79,614.4,614.4
12523.9,9450.52,6377.17,3303.79,614.4,614.4
12523.9,9450.52,6377.17,3303.79,614.4,614.4
12523.9,9450.52,6377.17,3303.79,614.4,614.4
12523.9,9450.52,6377.17,3303.79,614.4,614.4
12523.9,9450.52,6377.17,3303.79,614.4,614.4
12523.9,9450.52,6377.17,3303.79,614.4,614.4
12523.9,9450.52,6377.17,3303.79,614.4,614.4
12523.9,9450.52,6377.17,3303.79,614.4,614.4
12523.9,9450.52,6377.17,3303.79,614.4,614.4
12523.9,9450.52,6377.17,3303.79,614.4,614.4
12523.9,9450.52,6377.17,3303.79,614.4,614.4
12523.9,9450.52,6377.17,3303.79,614.4,614.4
12523.9,9450.52,6377.17,3303.79,614.4,614.4
12523.9,9450.52,6377.17,3303.79,614.4,614.4
12523.9,9450.52,6377.17,3303.79,614.4,614.4
12523.9,9450.52,6377.17,3303.79,614.4,614.4
12523.9,9450.52,6377.17,3303.79,614.4,614.4
12523.9,9450.52,6377.17,3303.79,614.4,614.4
12523.9,9450.52,6377.17,3303.79,614.4,614.4
12523.9,9450.52,6377.17,3303.79,614.4,614.4
12523.9,9450.52,6377.17,3303.79,614.4,614.4
12523.9,9450.52,6377.17,3303.79,614.4,614.4
12523.9,9450.52,6377.17,3303.79,614.4,614.4
12523.9,9450.52,6377.17,3303.79,614.4,614.4
12523.9,9450.52,6377.17,3303.79,614.4,614.4
12523.9,9450.52,6377.17,3303.79,614.4,614.4
12523.9,9450.52,6377.17,3303.79,614.4,614.4
12523.9,9450.52,6377.17,3303.79,614.4,614.4
12523.9,9450.52,6377.17,3303.79,614.4,614.4
12523.9,9450.52,6377.17,3303.79,614.4,614.4
12523.9,9450.52,6377.17,3303.79,614.4,614.4
12523.9,9450.52,6377.17,3303.79,614.4,614.4
12523.9,9450.52,6377.17,3303.79,614.4,614.4
12523.9,9450.52,6377.17,3303.79,614.4,614.4
12523.9,9450.52,6377.17,3303.79,614.4,614.4
12523.9,9450.52,6377.17,3303.79,614.4,614.4
12523.9,9450.52,6377.17,3303.79,614.4,614.4
12523.9,9450.52,6377.17,3303.79,614.4,614.4
12523.9,9450.52,6377.17,3303.79,614.4,614.4
12523.9,9450.52,6377.17,3303.79,614.4,614.4
12523.9,9450.52,6377.17,3303.79,614.4,614.4
12523.9,9450.52,6377.17,3303.79,614.4,614.4
12523.9,9450.52,6377.17,3303.79,614.4,614.4
12523.9,9450.52,6377.17,3303.79,614.4,614.4
12523.9,9450.52,6377.17,3303.79,614.4,614.4
12523.9,9450.52,6377.17,3303.79,614.4,614.4
12523.9,9450.52,6377.17,3303.79,614.4,614.4
12523.9,9450.52,6377.17,3303.79,614.4,614.4
12523.9,9450.52,6377.17,3303.79,614.4,614.4
12523.9,9450.52,6377.17,3303.79,614.4,614.4
12523.9,9450.52,6377.17,3303.79,614.4,614.4
12523.9,9450.52,6377.17,3303.79,614.4,614.4
12523.9,9450.52,6377.17,3303.79,614.4,614.4
12523.9,9450.52,6377.17,3303.79,614.4,614.4
12523.9,9450.52,6377.17,3303.79,614.4,614.4
12523.9,9450.52,6377.17,3303.79,614.4,614.4
12523.9,9450.52,6377.17,3303.79,614.4,614.4
12523.9,9450.52,6377.17,3303.79,614.4,614.4
12523.9,9450.52,6377.17,3303.79,614.4,614.4
12523.9,9450.52,6377.17,3303.79,614.4,614.4
12523.9,9450.52,6377.17,3303.79,614.4,614.4
12523.9,9450.52,6377.17,3303.79,614.4,614.4
12523.9,9450.52,6377.17,3303.79,614.4,614.4
12523.9,9450.52,6377.17,3303.79,614.4,614.4
12523.9,9450.52,6377.17,3303.79,614.4,614.4
12523.9,9450.52,6377.17,3303.79,614.4,614.4
12523.9,9450.52,6377.17,3303.79,614.4,614.4
12523.9,9450.52,6377.17,3303.79,614.4,614.4
12523.9,9450.52,6377.17,3303.79,614.4,614.4
12523.9,9450.52,6377.17,3303.79,614.4,614.4
12523.9,9450.52,6377.17,3303.79,614.4,614.4
12523.9,9450.52,6377.17,3303.79,614.4,614.4
12523.9,9450.52,6377.17,3303.79,614.4,614.4
12523.9,9450.52,6377.17,3303.79,614.4,614.4
12523.9,9450.52,6377.17,3303.79,614.4,614.4
12523.9,9450.52,6377.17,3303.79,614.4,614.4
12523.9,9450.52,6377.17,3303.79,614.4,614.4
12523.9,9450.52,6377.17,3303.79,614.4,614.4
12523.9,9450.52,6377.17,3303.79,614.4,614.4
12523.9,9450.52,6377.17,3303.79,614.4,614.4
12523.9,9450.52,6377.17,3303.79,614.4,614.4
12523.9,9450.52,6377.17,3303.79,614.4,614.4
12523.9,9450.52,6377.17,3303.79,614.4,614.4
12523.9,9450.52,6377.17,3303.79,614.4,614.4
12523.9,9450.52,6377.17,3303.79,614.4,614.4
12523.9,9450.52,6377.17,3303.79,614.4,614.4
12523.9,9450.52,6377.17,3303.79,614.4,614.4
12523.9,9450.52,6377.17,3303.79,614.4,614.4
12523.9,9450.52,6377.17,3303.79,614.4,614.4
12523.9,9450.52,6377.17,3303.79,614.4,614.4
12523.9,9450.52,6377.17,3303.79,614.4,614.4
12523.9,9450.52,6377.17,3303.79,614.4,614.4
12523.9,9450.52,6377.17,3303.79,614.4,614.4
12523.9,9450.52,6377.17,3303.79,614.4,614.4
12523.9,9450.52,6377.17,3303.79,614.4,614.4
12523.9,9450.52,6377.17,3303.79,614.4,614.4
12523.9,9450.52,6377.17,3303.79,614.4,614.4
12523.9,9450.52,6377.17,3303.79,614.4,614.4
12523.9,9450.52,6377.17,3303.79,614.4,614.4
12523.9,9450.52,6377.17,3303.79,614.4,614.4
12523.9,9450.52,6377.17,3303.79,614.4,614.4
12523.9,9450.52,6377.17,3303.79,614.4,614.4
12523.9,9450.52,6377.17,3303.79,614.4,614.4
12523.9,9450.52,6377.17,3303.79,614.4,614.4
12523.9,9450.52,6377.17,3303.79,614.4,614.4
12523.9,9450.52,6377.17,3303.79,614.4,614.4
12523.9,9450.52,6377.17,3303.79,614.4,614.4
12523.9,9450.52,6377.17,3303.79,614.4,614.4
12523.9,9450.52,6377.17,3303.79,614.4,614.4
12523.9,9450.52,6377.17,3303.79,614.4,614.4
12523.9,9450.52,6377.17,3303.79,614.4,614.4
12523.9,9450.52,6377.17,3303.79,614.4,614.4
12523.9,9450.52,6377.17,3303.79,614.4,614.4
12523.9,9450.52,6377.17,3303.79,614.4,614.4
12523.9,9450.52,6377.17,3303.79,614.4,614.4
12523.9,9450.52,6377.17,3303.79,614.4,614.4
12523.9,9450.52,6377.17,3303.79,614.4,614.4
12523.9,9450.52,6377.17,3303.79,614.4,614.4
12523.9,9450.52,6377.17,3303.79,614.4,614.4
12523.9,9450.52,6377.17,3303.79,614.4,614.4
12523.9,9450.52,6377.17,3303.79,614.4,614.4
12523.9,9450.52,6377.17,3303.79,614.4,614.4
12523.9,9450.52,6377.17,3303.79,614.4,614.4
12523.9,9450.52,6377.17,3303.79,614.4,614.4
12523.9,9450.52,6377.17,3303.79,614.4,614.4
12523.9,9450.52,6377.17,3303.79,614.4,614.4
12523.9,9450.52,6377.17,3303.79,614.4,614.4
12523.9,9450.52,6377.17,3303.79,614.4,614.4
12523.9,9450.52,6377.17,3303.79,614.4,614.4
12523.9,9450.52,6377.17,3303.79,614.4,614.4
12523.9,9450.52,6377.17,3303.79,614.4,614.4
12523.9,9450.52,6377.17,3303.79,614.4,614.4
12523.9,9450.52,6377.17,3303.79,614.4,614.4
12523.9,9450.52,6377.17,3303.79,614.4,614.4
12523.9,9450.52,6377.17,3303.79,614.4,614.4
12523.9,9450.52,6377.17,3303.79,614.4,614.4
12523.9,9450.52,6377.17,3303.79,614.4,614.4
12523.9,9450.52,6377.17,3303.79,614.4,614.4
12523.9,9450.52,6377.17,3303.79,614.4,614.4
12523.9,9450.52,6377.17,3303.79,614.4,614.4
12523.9,9450.52,6377.17,3303.79,614.4,614.4
12523.9,9450.52,6377.17,3303.79,614.4,614.4
12523.9,9450.52,6377.17,3303.79,614.4,614.4
12523.9,9450.52,6377.17,3303.79,614.4,614.4
12523.9,9450.52,6377.17,3303.79,614.4,614.4
12523.9,9450.52,6377.17,3303.79,614.4,614.4
12523.9,9450.52,6377.17,3303.79,614.4,614.4
12523.9,9450.52,6377.17,3303.79,614.4,614.4
12523.9,9450.52,6377.17,3303.79,614.4,614.4
12523.9,9450.52,6377.17,3303.79,614.4,614.4
12523.9,9450.52,6377.17,3303.79,614.4,614.4
12523.9,9450.52,6377.17,3303.79,614.4,614.4
12523.9,9450.52,6377.17,3303.79,614.4,614.4
12523.9,9450.52,6377.17,3303.79,614.4,614.4
12523.9,9450.52,6377.17,3303.79,614.4,614.4
12523.9,9450.52,6377.17,3303.79,614.4,614.4
12523.9,9450.52,6377.17,3303.79,614.4,614.4
12523.9,9450.52,6377.17,3303.79,614.4,614.4
12523.9,9450.52,6377.17,3303.79,614.4,614.4
12523.9,9450.52,6377.17,3303.79,614.4,614.4
12523.9,9450.52,6377.17,3303.79,614.4,614.4
12523.9,9450.52,6377.17,3303.79,614.4,614.4
12523.9,9450.52,6377.17,3303.79,614.4,614.4
12523.9,9450.52,6377.17,3303.79,614.4,614.4
12523.9,9450.52,6377.17,3303.79,614.4,614.4
12523.9,9450.52,6377.17,3303.79,614.4,614.4
12523.9,9450.52,6377.17,3303.79,614.4,614.4
12523.9,9450.52,6377.17,3303.79,614.4,614.4
12523.9,9450.52,6377.17,3303.79,614.4,614.4
12523.9,9450.52,6377.17,3303.79,614.4,614.4
12523.9,9450.52,6377.17,3303.79,614.4,614.4
12523.9,9450.52,6377.17,3303.79,614.4,614.4
12523.9,9450.52,6377.17,3303.79,614.4,614.4
12523.9,9450.52,6377.17,3303.79,614.4,614.4
12523.9,9450.52,6377.17,3303.79,614.4,614.4
12523.9,9450.52,6377.17,3303.79,614.4,614.4
12523.9,9450.52,6377.17,3303.79,614.4,614.4
12523.9,9450.52,6377.17,3303.79,614.4,614.4
12523.9,9450.52,6377.17,3303.79,614.4,614.4
12523.9,9450.52,6377.17,3303.79,614.4,614.4
12523.9,9450.52,6377.17,3303.79,614.4,614.4
12523.9,9450.52,6377.17,3303.79,614.4,614.4
12523.9,9450.52,6377.17,3303.79,614.4,614.4
12523.9,9450.52,6377.17,3303.79,614.4,614.4
12523.9,9450.52,6377.17,3303.79,614.4,614.4
12523.9,9450.52,6377.17,3303.79,614.4,614.4
12523.9,9450.52,6377.17,3303.79,614.4,614.4
12523.9,9450.52,6377.17,3303.79,614.4,614.4
12523.9,9450.52,6377.17,3303.79,614.4,614.4
12523.9,9450.52,6377.17,3303.79,614.4,614.4
12523.9,9450.52,6377.17,3303.79,614.4,614.4
12523.9,9450.52,6377.17,3303.79,614.4,614.4
12523.9,9450.52,6377.17,3303.79,614.4,614.4
12523.9,9450.52,6377.17,3303.79,614.4,614.4
12523.9,9450.52,6377.17,3303.79,614.4,614.4
12523.9,9450.52,6377.17,3303.79,614.4,614.4
12523.9,9450.52,6377.17,3303.79,614.4,614.4
12523.9,9450.52,6377.17,3303.79,614.4,614.4
12523.9,9450.52,6377.17,3303.79,614.4,614.4
12523.9,9450.52,6377.17,3303.79,614.4,614.4
12523.9,9450.52,6377.17,3303.79,614.4,614.4
12523.9,9450.52,6377.17,3303.79,614.4,614.4
12523.9,9450.52,6377.17,3303.79,614.4,614.4
12523.9,9450.52,6377.17,3303.79,614.4,614.4
12523.9,9450.52,6377.17,3303.79,614.4,614.4
12523.9,9450.52,6377.17,3303.79,614.4,614.4
12523.9,9450.52,6377.17,3303.79,614.4,614.4
12523.9,9450.52,6377.17,3303.79,614.4,614.4
12523.9,9450.52,6377.17,3303.79,614.4,614.4
12523.9,9450.52,6377.17,3303.79,614.4,614.4
12523.9,9450.52,6377.17,3303.79,614.4,614.4
12523.9,9450.52,6377.17,3303.79,614.4,614.4
12523.9,9450.52,6377.17,3303.79,614.4,614.4
12523.9,9450.52,6377.17,3303.79,614.4,614.4
12523.9,9450.52,6377.17,3303.79,614.4,614.4
12523.9,9450.52,6377.17,3303.79,614.4,614.4
12523.9,9450.52,6377.17,3303.79,614.4,614.4
12523.9,9450.52,6377.17,3303.79,614.4,614.4
12523.9,9450.52,6377.17,3303.79,614.4,614.4
12523.9,9450.52,6377.17,3303.79,614.4,614.4
12523.9,9450.52,6377.17,3303.79,614.4,614.4
12523.9,9450.52,6377.17,3303.79,614.4,614.4
12523.9,9450.52,6377.17,3303.79,614.4,614.4
12523.9,9450.52,6377.17,3303.79,614.4,614.4
12523.9,9450.52,6377.17,3303.79,614.4,614.4
12523.9,9450.52,6377.17,3303.79,614.4,614.4
12523.9,9450.52,6377.17,3303.79,614.4,614.4
12523.9,9450.52,6377.17,3303.79,614.4,614.4
12523.9,9450.52,6377.17,3303.79,614.4,614.4
12523.9,9450.52,6377.17,3303.79,614.4,614.4
12523.9,9450.52,6377.17,3303.79,614.4,614.4
12523.9,9450.52,6377.17,3303.79,614.4,614.4
12523.9,9450.52,6377.17,3303.79,614.4,614.4
12523.9,9450.52,6377.17,3303.79,614.4,614.4
12523.9,9450.52,6377.17,3303.79,614.4,614.4
12523.9,9450.52,6377.17,3303.79,614.4,614.4
12523.9,9450.52,6377.17,3303.79,614.4,614.4
12523.9,9450.52,6377.17,3303.79,614.4,614.4
12523.9,9450.52,6377.17,3303.79,614.4,614.4
12523.9,9450.52,6377.17,3303.79,614.4,614.4
12523.9,9450.52,6377.17,3303.79,614.4,614.4
12523.9,9450.52,6377.17,3303.79,614.4,614.4
12523.9,9450.52,6377.17,3303.79,614.4,614.4
12523.9,9450.52,6377.17,3303.79,614.4,614.4
12523.9,9450.52,6377.17,3303.79,614.4,614.4
12523.9,9450.52,6377.17,3303.79,614.4,614.4
12523.9,9450.52,6377.17,3303.79,614.4,614.4
12523.9,9450.52,6377.17,3303.79,614.4,614.4
12523.9,9450.52,6377.17,3303.79,614.4,614.4
12523.9,9450.52,6377.17,3303.79,614.4,614.4
12523.9,9450.52,6377.17,3303.79,614.4,614.4
12523.9,9450.52,6377.17,3303.79,614.4,614.4
12523.9,9450.52,6377.17,3303.79,614.4,614.4
12523.9,9450.52,6377.17,3303.79,614.4,614.4
12523.9,9450.52,6377.17,3303.79,614.4,614.4
12523.9,9450.52,6377.17,3303.79,614.4,614.4
12523.9,9450.52,6377.17,3303.79,614.4,614.4
12523.9,9450.52,6377.17,3303.79,614.4,614.4
12523.9,9450.52,6377.17,3303.79,614.4,614.4
12523.9,9450.52,6377.17,3303.79,614.4,614.4
12523.9,9450.52,6377.17,3303.79,614.4,614.4
12523.9,9450.52,6377.17,3303.79,614.4,614.4
12523.9,9450.52,6377.17,3303.79,614.4,614.4
12523.9,9450.52,6377.17,3303.79,614.4,614.4
12523.9,9450.52,6377.17,3303.79,614.4,614.4
12523.9,9450.52,6377.17,3303.79,614.4,614.4
12523.9,9450.52,6377.17,3303.79,614.4,614.4
12523.9,9450.52,6377.17,3303.79,614.4,614.4
12523.9,9450.52,6377.17,3303.79,614.4,614.4
12523.9,9450.52,6377.17,3303.79,614.4,614.4
12523.9,9450.52,6377.17,3303.79,614.4,614.4
12523.9,9450.52,6377.17,3303.79,614.4,614.4
12523.9,9450.52,6377.17,3303.79,614.4,614.4
12523.9,9450.52,6377.17,3303.79,614.4,614.4
12523.9,9450.52,6377.17,3303.79,614.4,614.4
12523.9,9450.52,6377.17,3303.79,614.4,614.4
12523.9,9450.52,6377.17,3303.79,614.4,614.4
12523.9,9450.52,6377.17,3303.79,614.4,614.4
12523.9,9450.52,6377.17,3303.79,614.4,614.4
12523.9,9450.52,6377.17,3303.79,614.4,614.4
12523.9,9450.52,6377.17,3303.79,614.4,614.4
12523.9,9450.52,6377.17,3303.79,614.4,614.4
12523.9,9450.52,6377.17,3303.79,614.4,614.4
12523.9,9450.52,6377.17,3303.79,614.4,614.4
12523.9,9450.52,6377.17,3303.79,614.4,614.4
12523.9,9450.52,6377.17,3303.79,614.4,614.4
12523.9,9450.52,6377.17,3303.79,614.4,614.4
12523.9,9450.52,6377.17,3303.79,614.4,614.4
12523.9,9450.52,6377.17,3303.79,614.4,614.4
12523.9,9450.52,6377.17,3303.79,614.4,614.4
12523.9,9450.52,6377.17,3303.79,614.4,614.4
12523.9,9450.52,6377.17,3303.79,614.4,614.4
12523.9,9450.52,6377.17,3303.79,614.4,614.4
12523.9,9450.52,6377.17,3303.79,614.4,614.4
12523.9,9450.52,6377.17,3303.79,614.4,614.4
12523.9,9450.52,6377.17,3303.79,614.4,614.4
12523.9,9450.52,6377.17,3303.79,614.4,614.4
12523.9,9450.52,6377.17,3303.79,614.4,614.4
12523.9,9450.52,6377.17,3303.79,614.4,614.4
12523.9,9450.52,6377.17,3303.79,614.4,614.4
12523.9,9450.52,6377.17,3303.79,614.4,614.4
12523.9,9450.52,6377.17,3303.79,614.4,614.4
12523.9,9450.52,6377.17,3303.79,614.4,614.4
12523.9,9450.52,6377.17,3303.79,614.4,614.4
12523.9,9450.52,6377.17,3303.79,614.4,614.4
12523.9,9450.52,6377.17,3303.79,614.4,614.4
12523.9,9450.52,6377.17,3303.79,614.4,614.4
12523.9,9450.52,6377.17,3303.79,614.4,614.4
12523.9,9450.52,6377.17,3303.79,614.4,614.4
12523.9,9450.52,6377.17,3303.79,614.4,614.4
12523.9,9450.52,6377.17,3303.79,614.4,614.4
12523.9,9450.52,6377.17,3303.79,614.4,614.4
12523.9,9450.52,6377.17,3303.79,614.4,614.4
12523.9,9450.52,6377.17,3303.79,614.4,614.4
12523.9,9450.52,6377.17,3303.79,614.4,614.4
12523.9,9450.52,6377.17,3303.79,614.4,614.4
12523.9,9450.52,6377.17,3303.79,614.4,614.4
12523.9,9450.52,6377.17,3303.79,614.4,614.4
12523.9,9450.52,6377.17,3303.79,614.4,614.4
12523.9,9450.52,6377.17,3303.79,614.4,614.4
12523.9,9450.52,6377.17,3303.79,614.4,614.4
12523.9,9450.52,6377.17,3303.79,614.4,614.4
12523.9,9450.52,6377.17,3303.79,614.4,614.4
12523.9,9450.52,6377.17,3303.79,614.4,614.4
12523.9,9450.52,6377.17,3303.79,614.4,614.4
12523.9,9450.52,6377.17,3303.79,614.4,614.4
12523.9,9450.52,6377.17,3303.79,614.4,614.4
12523.9,9450.52,6377.17,3303.79,614.4,614.4
12523.9,9450.52,6377.17,3303.79,614.4,614.4
12523.9,9450.52,6377.17,3303.79,614.4,614.4
12523.9,9450.52,6377.17,3303.79,614.4,614.4
12523.9,9450.52,6377.17,3303.79,614.4,614.4
12523.9,9450.52,6377.17,3303.79,614.4,614.4
12523.9,9450.52,6377.17,3303.79,614.4,614.4
12523.9,9450.52,6377.17,3303.79,614.4,614.4
12523.9,9450.52,6377.17,3303.79,614.4,614.4
12523.9,9450.52,6377.17,3303.79,614.4,614.4
12523.9,9450.52,6377.17,3303.79,614.4,614.4
12523.9,9450.52,6377.17,3303.79,614.4,614.4
12523.9,9450.52,6377.17,3303.79,614.4,614.4
12523.9,9450.52,6377.17,3303.79,614.4,614.4
12523.9,9450.52,6377.17,3303.79,614.4,614.4
12523.9,9450.52,6377.17,3303.79,614.4,614.4
12523.9,9450.52,6377.17,3303.79,614.4,614.4
12523.9,9450.52,6377.17,3303.79,614.4,614.4
12523.9,9450.52,6377.17,3303.79,614.4,614.4
12523.9,9450.52,6377.17,3303.79,614.4,614.4
12523.9,9450.52,6377.17,3303.79,614.4,614.4
12523.9,9450.52,6377.17,3303.79,614.4,614.4
12523.9,9450.52,6377.17,3303.79,614.4,614.4
12523.9,9450.52,6377.17,3303.79,614.4,614.4
12523.9,9450.52,6377.17,3303.79,614.4,614.4
12523.9,9450.52,6377.17,3303.79,614.4,614.4
12523.9,9450.52,6377.17,3303.79,614.4,614.4
12523.9,9450.52,6377.17,3303.79,614.4,614.4
12523.9,9450.52,6377.17,3303.79,614.4,614.4
12523.9,9450.52,6377.17,3303.79,614.4,614.4
12523.9,9450.52,6377.17,3303.79,614.4,614.4
12523.9,9450.52,6377.17,3303.79,614.4,614.4
12523.9,9450.52,6377.17,3303.79,614.4,614.4
12523.9,9450.52,6377.17,3303.79,614.4,614.4
12523.9,9450.52,6377.17,3303.79,614.4,614.4
12523.9,9450.52,6377.17,3303.79,614.4,614.4
12523.9,9450.52,6377.17,3303.79,614.4,614.4
12523.9,9450.52,6377.17,3303.79,614.4,614.4
12523.9,9450.52,6377.17,3303.79,614.4,614.4
12523.9,9450.52,6377.17,3303.79,614.4,614.4
12523.9,9450.52,6377.17,3303.79,614.4,614.4
12523.9,9450.52,6377.17,3303.79,614.4,614.4
12523.9,9450.52,6377.17,3303.79,614.4,614.4
12523.9,9450.52,6377.17,3303.79,614.4,614.4
12523.9,9450.52,6377.17,3303.79,614.4,614.4
12523.9,9450.52,6377.17,3303.79,614.4,614.4
12523.9,9450.52,6377.17,3303.79,614.4,614.4
12523.9,9450.52,6377.17,3303.79,614.4,614.4
12523.9,9450.52,6377.17,3303.79,614.4,614.4
12523.9,9450.52,6377.17,3303.79,614.4,614.4
12523.9,9450.52,6377.17,3303.79,614.4,614.4
12523.9,9450.52,6377.17,3303.79,614.4,614.4
12523.9,9450.52,6377.17,3303.79,614.4,614.4
12523.9,9450.52,6377.17,3303.79,614.4,614.4
12523.9,9450.52,6377.17,3303.79,614.4,614.4
12523.9,9450.52,6377.17,3303.79,614.4,614.4
12523.9,9450.52,6377.17,3303.79,614.4,614.4
12523.9,9450.52,6377.17,3303.79,614.4,614.4
12523.9,9450.52,6377.17,3303.79,614.4,614.4
12523.9,9450.52,6377.17,3303.79,614.4,614.4
12523.9,9450.52,6377.17,3303.79,614.4,614.4
12523.9,9450.52,6377.17,3303.79,614.4,614.4
12523.9,9450.52,6377.17,3303.79,614.4,614.4
12523.9,9450.52,6377.17,3303.79,614.4,614.4
12523.9,9450.52,6377.17,3303.79,614.4,614.4
12523.9,9450.52,6377.17,3303.79,614.4,614.4
12523.9,9450.52,6377.17,3303.79,614.4,614.4
12523.9,9450.52,6377.17,3303.79,614.4,614.4
12523.9,9450.52,6377.17,3303.79,614.4,614.4
12523.9,9450.52,6377.17,3303.79,614.4,614.4
12523.9,9450.52,6377.17,3303.79,614.4,614.4
12523.9,9450.52,6377.17,3303.79,614.4,614.4
12523.9,9450.52,6377.17,3303.79,614.4,614.4
12523.9,9450.52,6377.17,3303.79,614.4,614.4
12523.9,9450.52,6377.17,3303.79,614.4,614.4
12523.9,9450.52,6377.17,3303.79,614.4,614.4
12523.9,9450.52,6377.17,3303.79,614.4,614.4
12523.9,9450.52,6377.17,3303.79,614.4,614.4
12523.9,9450.52,6377.17,3303.79,614.4,614.4
12523.9,9450.52,6377.17,3303.79,614.4,614.4
12523.9,9450.52,6377.17,3303.79,614.4,614.4
12523.9,9450.52,6377.17,3303.79,614.4,614.4
12523.9,9450.52,6377.17,3303.79,614.4,614.4
12523.9,9450.52,6377.17,3303.79,614.4,614.4
12523.9,9450.52,6377.17,3303.79,614.4,614.4
12523.9,9450.52,6377.17,3303.79,614.4,614.4
12523.9,9450.52,6377.17,3303.79,614.4,614.4
12523.9,9450.52,6377.17,3303.79,614.4,614.4
12523.9,9450.52,6377.17,3303.79,614.4,614.4
12523.9,9450.52,6377.17,3303.79,614.4,614.4
12523.9,9450.52,6377.17,3303.79,614.4,614.4
12523.9,9450.52,6377.17,3303.79,614.4,614.4
12523.9,9450.52,6377.17,3303.79,614.4,614.4
12523.9,9450.52,6377.17,3303.79,614.4,614.4
12523.9,9450.52,6377.17,3303.79,614.4,614.4
12523.9,9450.52,6377.17,3303.79,614.4,614.4
12523.9,9450.52,6377.17,3303.79,614.4,614.4
12523.9,9450.52,6377.17,3303.79,614.4,614.4
12523.9,9450.52,6377.17,3303.79,614.4,614.4
12523.9,9450.52,6377.17,3303.79,614.4,614.4
12523.9,9450.52,6377.17,3303.79,614.4,614.4
12523.9,9450.52,6377.17,3303.79,614.4,614.4
12523.9,9450.52,6377.17,3303.79,614.4,614.4
12523.9,9450.52,6377.17,3303.79,614.4,614.4
12523.9,9450.52,6377.17,3303.79,614.4,614.4
12523.9,9450.52,6377.17,3303.79,614.4,614.4
12523.9,9450.52,6377.17,3303.79,614.4,614.4
12523.9,9450.52,6377.17,3303.79,614.4,614.4
12523.9,9450.52,6377.17,3303.79,614.4,614.4
12523.9,9450.52,6377.17,3303.79,614.4,614.4
12523.9,9450.52,6377.17,3303.79,614.4,614.4
12523.9,9450.52,6377.17,3303.79,614.4,614.4
12523.9,9450.52,6377.17,3303.79,614.4,614.4
12523.9,9450.52,6377.17,3303.79,614.4,614.4
12523.9,9450.52,6377.17,3303.79,614.4,614.4
12523.9,9450.52,6377.17,3303.79,614.4,614.4
12523.9,9450.52,6377.17,3303.79,614.4,614.4
12523.9,9450.52,6377.17,3303.79,614.4,614.4
12523.9,9450.52,6377.17,3303.79,614.4,614.4
12523.9,9450.52,6377.17,3303.79,614.4,614.4
12523.9,9450.52,6377.17,3303.79,614.4,614.4
12523.9,9450.52,6377.17,3303.79,614.4,614.4
12523.9,9450.52,6377.17,3303.79,614.4,614.4
12523.9,9450.52,6377.17,3303.79,614.4,614.4
12523.9,9450.52,6377.17,3303.79,614.4,614.4
12523.9,9450.52,6377.17,3303.79,614.4,614.4
12523.9,9450.52,6377.17,3303.79,614.4,614.4
12523.9,9450.52,6377.17,3303.79,614.4,614.4
12523.9,9450.52,6377.17,3303.79,614.4,614.4
12523.9,9450.52,6377.17,3303.79,614.4,614.4
12523.9,9450.52,6377.17,3303.79,614.4,614.4
12523.9,9450.52,6377.17,3303.79,614.4,614.4
12523.9,9450.52,6377.17,3303.79,614.4,614.4
12523.9,9450.52,6377.17,3303.79,614.4,614.4
12523.9,9450.52,6377.17,3303.79,614.4,614.4
12523.9,9450.52,6377.17,3303.79,614.4,614.4
12523.9,9450.52,6377.17,3303.79,614.4,614.4
12523.9,9450.52,6377.17,3303.79,614.4,614.4
12523.9,9450.52,6377.17,3303.79,614.4,614.4
12523.9,9450.52,6377.17,3303.79,614.4,614.4
12523.9,9450.52,6377.17,3303.79,614.4,614.4
12523.9,9450.52,6377.17,3303.79,614.4,614.4
12523.9,9450.52,6377.17,3303.79,614.4,614.4
12523.9,9450.52,6377.17,3303.79,614.4,614.4
12523.9,9450.52,6377.17,3303.79,614.4,614.4
12523.9,9450.52,6377.17,3303.79,614.4,614.4
12523.9,9450.52,6377.17,3303.79,614.4,614.4
12523.9,9450.52,6377.17,3303.79,614.4,614.4
12523.9,9450.52,6377.17,3303.79,614.4,614.4
12523.9,9450.52,6377.17,3303.79,614.4,614.4
12523.9,9450.52,6377.17,3303.79,614.4,614.4
12523.9,9450.52,6377.17,3303.79,614.4,614.4
12523.9,9450.52,6377.17,3303.79,614.4,614.4
12523.9,9450.52,6377.17,3303.79,614.4,614.4
12523.9,9450.52,6377.17,3303.79,614.4,614.4
12523.9,9450.52,6377.17,3303.79,614.4,614.4
12523.9,9450.52,6377.17,3303.79,614.4,614.4
12523.9,9450.52,6377.17,3303.79,614.4,614.4
12523.9,9450.52,6377.17,3303.79,614.4,614.4
12523.9,9450.52,6377.17,3303.79,614.4,614.4
12523.9,9450.52,6377.17,3303.79,614.4,614.4
12523.9,9450.52,6377.17,3303.79,614.4,614.4
12523.9,9450.52,6377.17,3303.79,614.4,614.4
12523.9,9450.52,6377.17,3303.79,614.4,614.4
12523.9,9450.52,6377.17,3303.79,614.4,614.4
12523.9,9450.52,6377.17,3303.79,614.4,614.4
12523.9,9450.52,6377.17,3303.79,614.4,614.4
12523.9,9450.52,6377.17,3303.79,614.4,614.4
12523.9,9450.52,6377.17,3303.79,614.4,614.4
12523.9,9450.52,6377.17,3303.79,614.4,614.4
12523.9,9450.52,6377.17,3303.79,614.4,614.4
12523.9,9450.52,6377.17,3303.79,614.4,614.4
12523.9,9450.52,6377.17,3303.79,614.4,614.4
12523.9,9450.52,6377.17,3303.79,614.4,614.4
12523.9,9450.52,6377.17,3303.79,614.4,614.4
12523.9,9450.52,6377.17,3303.79,614.4,614.4
12523.9,9450.52,6377.17,3303.79,614.4,614.4
12523.9,9450.52,6377.17,3303.79,614.4,614.4
12523.9,9450.52,6377.17,3303.79,614.4,614.4
12523.9,9450.52,6377.17,3303.79,614.4,614.4
12523.9,9450.52,6377.17,3303.79,614.4,614.4
12523.9,9450.52,6377.17,3303.79,614.4,614.4
12523.9,9450.52,6377.17,3303.79,614.4,614.4
12523.9,9450.52,6377.17,3303.79,614.4,614.4
12523.9,9450.52,6377.17,3303.79,614.4,614.4
12523.9,9450.52,6377.17,3303.79,614.4,614.4
12523.9,9450.52,6377.17,3303.79,614.4,614.4
12523.9,9450.52,6377.17,3303.79,614.4,614.4
12523.9,9450.52,6377.17,3303.79,614.4,614.4
12523.9,9450.52,6377.17,3303.79,614.4,614.4
12523.9,9450.52,6377.17,3303.79,614.4,614.4
12523.9,9450.52,6377.17,3303.79,614.4,614.4
12523.9,9450.52,6377.17,3303.79,614.4,614.4
12523.9,9450.52,6377.17,3303.79,614.4,614.4
12523.9,9450.52,6377.17,3303.79,614.4,614.4
12523.9,9450.52,6377.17,3303.79,614.4,614.4
12523.9,9450.52,6377.17,3303.79,614.4,614.4
12523.9,9450.52,6377.17,3303.79,614.4,614.4
12523.9,9450.52,6377.17,3303.79,614.4,614.4
12523.9,9450.52,6377.17,3303.79,614.4,614.4
12523.9,9450.52,6377.17,3303.79,614.4,614.4
12523.9,9450.52,6377.17,3303.79,614.4,614.4
12523.9,9450.52,6377.17,3303.79,614.4,614.4
12523.9,9450.52,6377.17,3303.79,614.4,614.4
12523.9,9450.52,6377.17,3303.79,614.4,614.4
12523.9,9450.52,6377.17,3303.79,614.4,614.4
12523.9,9450.52,6377.17,3303.79,614.4,614.4
12523.9,9450.52,6377.17,3303.79,614.4,614.4
12523.9,9450.52,6377.17,3303.79,614.4,614.4
12523.9,9450.52,6377.17,3303.79,614.4,614.4
12523.9,9450.52,6377.17,3303.79,614.4,614.4
12523.9,9450.52,6377.17,3303.79,614.4,614.4
12523.9,9450.52,6377.17,3303.79,614.4,614.4
12523.9,9450.52,6377.17,3303.79,614.4,614.4
12523.9,9450.52,6377.17,3303.79,614.4,614.4
12523.9,9450.52,6377.17,3303.79,614.4,614.4
12523.9,9450.52,6377.17,3303.79,614.4,614.4
12523.9,9450.52,6377.17,3303.79,614.4,614.4
12523.9,9450.52,6377.17,3303.79,614.4,614.4
12523.9,9450.52,6377.17,3303.79,614.4,614.4
12523.9,9450.52,6377.17,3303.79,614.4,614.4
12523.9,9450.52,6377.17,3303.79,614.4,614.4
12523.9,9450.52,6377.17,3303.79,614.4,614.4
12523.9,9450.52,6377.17,3303.79,614.4,614.4
12523.9,9450.52,6377.17,3303.79,614.4,614.4
12523.9,9450.52,6377.17,3303.79,614.4,614.4
12523.9,9450.52,6377.17,3303.79,614.4,614.4
12523.9,9450.52,6377.17,3303.79,614.4,614.4
12523.9,9450.52,6377.17,3303.79,614.4,614.4
12523.9,9450.52,6377.17,3303.79,614.4,614.4
12523.9,9450.52,6377.17,3303.79,614.4,614.4
12523.9,9450.52,6377.17,3303.79,614.4,614.4
12523.9,9450.52,6377.17,3303.79,614.4,614.4
12523.9,9450.52,6377.17,3303.79,614.4,614.4
12523.9,9450.52,6377.17,3303.79,614.4,614.4
12523.9,9450.52,6377.17,3303.79,614.4,614.4
12523.9,9450.52,6377.17,3303.79,614.4,614.4
12523.9,9450.52,6377.17,3303.79,614.4,614.4
12523.9,9450.52,6377.17,3303.79,614.4,614.4
12523.9,9450.52,6377.17,3303.79,614.4,614.4
12523.9,9450.52,6377.17,3303.79,614.4,614.4
12523.9,9450.52,6377.17,3303.79,614.4,614.4
12523.9,9450.52,6377.17,3303.79,614.4,614.4
12523.9,9450.52,6377.17,3303.79,614.4,614.4
12523.9,9450.52,6377.17,3303.79,614.4,614.4
12523.9,9450.52,6377.17,3303.79,614.4,614.4
12523.9,9450.52,6377.17,3303.79,614.4,614.4
12523.9,9450.52,6377.17,3303.79,614.4,614.4
12523.9,9450.52,6377.17,3303.79,614.4,614.4
12523.9,9450.52,6377.17,3303.79,614.4,614.4
12523.9,9450.52,6377.17,3303.79,614.4,614.4
12523.9,9450.52,6377.17,3303.79,614.4,614.4
12523.9,9450.52,6377.17,3303.79,614.4,614.4
12523.9,9450.52,6377.17,3303.79,614.4,614.4
12523.9,9450.52,6377.17,3303.79,614.4,614.4
12523.9,9450.52,6377.17,3303.79,614.4,614.4
12523.9,9450.52,6377.17,3303.79,614.4,614.4
12523.9,9450.52,6377.17,3303.79,614.4,614.4
12523.9,9450.52,6377.17,3303.79,614.4,614.4
12523.9,9450.52,6377.17,3303.79,614.4,614.4
12523.9,9450.52,6377.17,3303.79,614.4,614.4
12523.9,9450.52,6377.17,3303.79,614.4,614.4
12523.9,9450.52,6377.17,3303.79,614.4,614.4
12523.9,9450.52,6377.17,3303.79,614.4,614.4
12523.9,9450.52,6377.17,3303.79,614.4,614.4
12523.9,9450.52,6377.17,3303.79,614.4,614.4
12523.9,9450.52,6377.17,3303.79,614.4,614.4
12523.9,9450.52,6377.17,3303.79,614.4,614.4
12523.9,9450.52,6377.17,3303.79,614.4,614.4
12523.9,9450.52,6377.17,3303.79,614.4,614.4
12523.9,9450.52,6377.17,3303.79,614.4,614.4
12523.9,9450.52,6377.17,3303.79,614.4,614.4
12523.9,9450.52,6377.17,3303.79,614.4,614.4
12523.9,9450.52,6377.17,3303.79,614.4,614.4
12523.9,9450.52,6377.17,3303.79,614.4,614.4
12523.9,9450.52,6377.17,3303.79,614.4,614.4
12523.9,9450.52,6377.17,3303.79,614.4,614.4
12523.9,9450.52,6377.17,3303.79,614.4,614.4
12523.9,9450.52,6377.17,3303.79,614.4,614.4
12523.9,9450.52,6377.17,3303.79,614.4,614.4
12523.9,9450.52,6377.17,3303.79,614.4,614.4
12523.9,9450.52,6377.17,3303.79,614.4,614.4
12523.9,9450.52,6377.17,3303.79,614.4,614.4
12523.9,9450.52,6377.17,3303.79,614.4,614.4
12523.9,9450.52,6377.17,3303.79,614.4,614.4
12523.9,9450.52,6377.17,3303.79,614.4,614.4
12523.9,9450.52,6377.17,3303.79,614.4,614.4
12523.9,9450.52,6377.17,3303.79,614.4,614.4
12523.9,9450.52,6377.17,3303.79,614.4,614.4
12523.9,9450.52,6377.17,3303.79,614.4,614.4
12523.9,9450.52,6377.17,3303.79,614.4,614.4
12523.9,9450.52,6377.17,3303.79,614.4,614.4
12523.9,9450.52,6377.17,3303.79,614.4,614.4
12523.9,9450.52,6377.17,3303.79,614.4,614.4
12523.9,9450.52,6377.17,3303.79,614.4,614.4
12523.9,9450.52,6377.17,3303.79,614.4,614.4
12523.9,9450.52,6377.17,3303.79,614.4,614.4
12523.9,9450.52,6377.17,3303.79,614.4,614.4
12523.9,9450.52,6377.17,3303.79,614.4,614.4
12523.9,9450.52,6377.17,3303.79,614.4,614.4
12523.9,9450.52,6377.17,3303.79,614.4,614.4
12523.9,9450.52,6377.17,3303.79,614.4,614.4
12523.9,9450.52,6377.17,3303.79,614.4,614.4
12523.9,9450.52,6377.17,3303.79,614.4,614.4
12523.9,9450.52,6377.17,3303.79,614.4,614.4
12523.9,9450.52,6377.17,3303.79,614.4,614.4
12523.9,9450.52,6377.17,3303.79,614.4,614.4
12523.9,9450.52,6377.17,3303.79,614.4,614.4
12523.9,9450.52,6377.17,3303.79,614.4,614.4
12523.9,9450.52,6377.17,3303.79,614.4,614.4
12523.9,9450.52,6377.17,3303.79,614.4,614.4
12523.9,9450.52,6377.17,3303.79,614.4,614.4
12523.9,9450.52,6377.17,3303.79,614.4,614.4
12523.9,9450.52,6377.17,3303.79,614.4,614.4
12523.9,9450.52,6377.17,3303.79,614.4,614.4
12523.9,9450.52,6377.17,3303.79,614.4,614.4
12523.9,9450.52,6377.17,3303.79,614.4,614.4
12523.9,9450.52,6377.17,3303.79,614.4,614.4
12523.9,9450.52,6377.17,3303.79,614.4,614.4
12523.9,9450.52,6377.17,3303.79,614.4,614.4
12523.9,9450.52,6377.17,3303.79,614.4,614.4
12523.9,9450.52,6377.17,3303.79,614.4,614.4
12523.9,9450.52,6377.17,3303.79,614.4,614.4
12523.9,9450.52,6377.17,3303.79,614.4,614.4
12523.9,9450.52,6377.17,3303.79,614.4,614.4
12523.9,9450.52,6377.17,3303.79,614.4,614.4
12523.9,9450.52,6377.17,3303.79,614.4,614.4
12523.9,9450.52,6377.17,3303.79,614.4,614.4
12523.9,9450.52,6377.17,3303.79,614.4,614.4
12523.9,9450.52,6377.17,3303.79,614.4,614.4
12523.9,9450.52,6377.17,3303.79,614.4,614.4
12523.9,9450.52,6377.17,3303.79,614.4,614.4
12523.9,9450.52,6377.17,3303.79,614.4,614.4
12523.9,9450.52,6377.17,3303.79,614.4,614.4
12523.9,9450.52,6377.17,3303.79,614.4,614.4
12523.9,9450.52,6377.17,3303.79,614.4,614.4
12523.9,9450.52,6377.17,3303.79,614.4,614.4
12523.9,9450.52,6377.17,3303.79,614.4,614.4
12523.9,9450.52,6377.17,3303.79,614.4,614.4
12523.9,9450.52,6377.17,3303.79,614.4,614.4
12523.9,9450.52,6377.17,3303.79,614.4,614.4
12523.9,9450.52,6377.17,3303.79,614.4,614.4
12523.9,9450.52,6377.17,3303.79,614.4,614.4
12523.9,9450.52,6377.17,3303.79,614.4,614.4
12523.9,9450.52,6377.17,3303.79,614.4,614.4
12523.9,9450.52,6377.17,3303.79,614.4,614.4
12523.9,9450.52,6377.17,3303.79,614.4,614.4
12523.9,9450.52,6377.17,3303.79,614.4,614.4
12523.9,9450.52,6377.17,3303.79,614.4,614.4
12523.9,9450.52,6377.17,3303.79,614.4,614.4
12523.9,9450.52,6377.17,3303.79,614.4,614.4
12523.9,9450.52,6377.17,3303.79,614.4,614.4
12523.9,9450.52,6377.17,3303.79,614.4,614.4
12523.9,9450.52,6377.17,3303.79,614.4,614.4
12523.9,9450.52,6377.17,3303.79,614.4,614.4
12523.9,9450.52,6377.17,3303.79,614.4,614.4
12523.9,9450.52,6377.17,3303.79,614.4,614.4
12523.9,9450.52,6377.17,3303.79,614.4,614.4
12523.9,9450.52,6377.17,3303.79,614.4,614.4
12523.9,9450.52,6377.17,3303.79,614.4,614.4
12523.9,9450.52,6377.17,3303.79,614.4,614.4
12523.9,9450.52,6377.17,3303.79,614.4,614.4
12523.9,9450.52,6377.17,3303.79,614.4,614.4
12523.9,9450.52,6377.17,3303.79,614.4,614.4
12523.9,9450.52,6377.17,3303.79,614.4,614.4
12523.9,9450.52,6377.17,3303.79,614.4,614.4
12523.9,9450.52,6377.17,3303.79,614.4,614.4
12523.9,9450.52,6377.17,3303.79,614.4,614.4
12523.9,9450.52,6377.17,3303.79,614.4,614.4
12523.9,9450.52,6377.17,3303.79,614.4,614.4
12523.9,9450.52,6377.17,3303.79,614.4,614.4
12523.9,9450.52,6377.17,3303.79,614.4,614.4
12523.9,9450.52,6377.17,3303.79,614.4,614.4
12523.9,9450.52,6377.17,3303.79,614.4,614.4
12523.9,9450.52,6377.17,3303.79,614.4,614.4
12523.9,9450.52,6377.17,3303.79,614.4,614.4
12523.9,9450.52,6377.17,3303.79,614.4,614.4
12523.9,9450.52,6377.17,3303.79,614.4,614.4
12523.9,9450.52,6377.17,3303.79,614.4,614.4
12523.9,9450.52,6377.17,3303.79,614.4,614.4
12523.9,9450.52,6377.17,3303.79,614.4,614.4
12523.9,9450.52,6377.17,3303.79,614.4,614.4
12523.9,9450.52,6377.17,3303.79,614.4,614.4
12523.9,9450.52,6377.17,3303.79,614.4,614.4
12523.9,9450.52,6377.17,3303.79,614.4,614.4
12523.9,9450.52,6377.17,3303.79,614.4,614.4
12523.9,9450.52,6377.17,3303.79,614.4,614.4
12523.9,9450.52,6377.17,3303.79,614.4,614.4
12523.9,9450.52,6377.17,3303.79,614.4,614.4
12523.9,9450.52,6377.17,3303.79,614.4,614.4
12523.9,9450.52,6377.17,3303.79,614.4,614.4
12523.9,9450.52,6377.17,3303.79,614.4,614.4
12523.9,9450.52,6377.17,3303.79,614.4,614.4
12523.9,9450.52,6377.17,3303.79,614.4,614.4
12523.9,9450.52,6377.17,3303.79,614.4,614.4
12523.9,9450.52,6377.17,3303.79,614.4,614.4
12523.9,9450.52,6377.17,3303.79,614.4,614.4
12523.9,9450.52,6377.17,3303.79,614.4,614.4
12523.9,9450.52,6377.17,3303.79,614.4,614.4
12523.9,9450.52,6377.17,3303.79,614.4,614.4
12523.9,9450.52,6377.17,3303.79,614.4,614.4
12523.9,9450.52,6377.17,3303.79,614.4,614.4
12523.9,9450.52,6377.17,3303.79,614.4,614.4
12523.9,9450.52,6377.17,3303.79,614.4,614.4
12523.9,9450.52,6377.17,3303.79,614.4,614.4
12523.9,9450.52,6377.17,3303.79,614.4,614.4
12523.9,9450.52,6377.17,3303.79,614.4,614.4
12523.9,9450.52,6377.17,3303.79,614.4,614.4
12523.9,9450.52,6377.17,3303.79,614.4,614.4
12523.9,9450.52,6377.17,3303.79,614.4,614.4
12523.9,9450.52,6377.17,3303.79,614.4,614.4
12523.9,9450.52,6377.17,3303.79,614.4,614.4
12523.9,9450.52,6377.17,3303.79,614.4,614.4
12523.9,9450.52,6377.17,3303.79,614.4,614.4
12523.9,9450.52,6377.17,3303.79,614.4,614.4
12523.9,9450.52,6377.17,3303.79,614.4,614.4
12523.9,9450.52,6377.17,3303.79,614.4,614.4
12523.9,9450.52,6377.17,3303.79,614.4,614.4
12523.9,9450.52,6377.17,3303.79,614.4,614.4
12523.9,9450.52,6377.17,3303.79,614.4,614.4
12523.9,9450.52,6377.17,3303.79,614.4,614.4
12523.9,9450.52,6377.17,3303.79,614.4,614.4
12523.9,9450.52,6377.17,3303.79,614.4,614.4
12523.9,9450.52,6377.17,3303.79,614.4,614.4
12523.9,9450.52,6377.17,3303.79,614.4,614.4
12523.9,9450.52,6377.17,3303.79,614.4,614.4
12523.9,9450.52,6377.17,3303.79,614.4,614.4
12523.9,9450.52,6377.17,3303.79,614.4,614.4
12523.9,9450.52,6377.17,3303.79,614.4,614.4
12523.9,9450.52,6377.17,3303.79,614.4,614.4
12523.9,9450.52,6377.17,3303.79,614.4,614.4
12523.9,9450.52,6377.17,3303.79,614.4,614.4
12523.9,9450.52,6377.17,3303.79,614.4,614.4
12523.9,9450.52,6377.17,3303.79,614.4,614.4
12523.9,9450.52,6377.17,3303.79,614.4,614.4
12523.9,9450.52,6377.17,3303.79,614.4,614.4
12523.9,9450.52,6377.17,3303.79,614.4,614.4
12523.9,9450.52,6377.17,3303.79,614.4,614.4
12523.9,9450.52,6377.17,3303.79,614.4,614.4
12523.9,9450.52,6377.17,3303.79,614.4,614.4
12523.9,9450.52,6377.17,3303.79,614.4,614.4
12523.9,9450.52,6377.17,3303.79,614.4,614.4
12523.9,9450.52,6377.17,3303.79,614.4,614.4
12523.9,9450.52,6377.17,3303.79,614.4,614.4
12523.9,9450.52,6377.17,3303.79,614.4,614.4
12523.9,9450.52,6377.17,3303.79,614.4,614.4
12523.9,9450.52,6377.17,3303.79,614.4,614.4
12523.9,9450.52,6377.17,3303.79,614.4,614.4
12523.9,9450.52,6377.17,3303.79,614.4,614.4
12523.9,9450.52,6377.17,3303.79,614.4,614.4
12523.9,9450.52,6377.17,3303.79,614.4,614.4
12523.9,9450.52,6377.17,3303.79,614.4,614.4
12523.9,9450.52,6377.17,3303.79,614.4,614.4
12523.9,9450.52,6377.17,3303.79,614.4,614.4
12523.9,9450.52,6377.17,3303.79,614.4,614.4
12523.9,9450.52,6377.17,3303.79,614.4,614.4
12523.9,9450.52,6377.17,3303.79,614.4,614.4
12523.9,9450.52,6377.17,3303.79,614.4,614.4
12523.9,9450.52,6377.17,3303.79,614.4,614.4
12523.9,9450.52,6377.17,3303.79,614.4,614.4
12523.9,9450.52,6377.17,3303.79,614.4,614.4
12523.9,9450.52,6377.17,3303.79,614.4,614.4
12523.9,9450.52,6377.17,3303.79,614.4,614.4
12523.9,9450.52,6377.17,3303.79,614.4,614.4
12523.9,9450.52,6377.17,3303.79,614.4,614.4
12523.9,9450.52,6377.17,3303.79,614.4,614.4
12523.9,9450.52,6377.17,3303.79,614.4,614.4
12523.9,9450.52,6377.17,3303.79,614.4,614.4
12523.9,9450.52,6377.17,3303.79,614.4,614.4
12523.9,9450.52,6377.17,3303.79,614.4,614.4
12523.9,9450.52,6377.17,3303.79,614.4,614.4
12523.9,9450.52,6377.17,3303.79,614.4,614.4
12523.9,9450.52,6377.17,3303.79,614.4,614.4
12523.9,9450.52,6377.17,3303.79,614.4,614.4
12523.9,9450.52,6377.17,3303.79,614.4,614.4
12523.9,9450.52,6377.17,3303.79,614.4,614.4
12523.9,9450.52,6377.17,3303.79,614.4,614.4
12523.9,9450.52,6377.17,3303.79,614.4,614.4
12523.9,9450.52,6377.17,3303.79,614.4,614.4
12523.9,9450.52,6377.17,3303.79,614.4,614.4
12523.9,9450.52,6377.17,3303.79,614.4,614.4
12523.9,9450.52,6377.17,3303.79,614.4,614.4
12523.9,9450.52,6377.17,3303.79,614.4,614.4
12523.9,9450.52,6377.17,3303.79,614.4,614.4
12523.9,9450.52,6377.17,3303.79,614.4,614.4
12523.9,9450.52,6377.17,3303.79,614.4,614.4
12523.9,9450.52,6377.17,3303.79,614.4,614.4
12523.9,9450.52,6377.17,3303.79,614.4,614.4
12523.9,9450.52,6377.17,3303.79,614.4,614.4
12523.9,9450.52,6377.17,3303.79,614.4,614.4
12523.9,9450.52,6377.17,3303.79,614.4,614.4
12523.9,9450.52,6377.17,3303.79,614.4,614.4
12523.9,9450.52,6377.17,3303.79,614.4,614.4
12523.9,9450.52,6377.17,3303.79,614.4,614.4
12523.9,9450.52,6377.17,3303.79,614.4,614.4
12523.9,9450.52,6377.17,3303.79,614.4,614.4
12523.9,9450.52,6377.17,3303.79,614.4,614.4
12523.9,9450.52,6377.17,3303.79,614.4,614.4
12523.9,9450.52,6377.17,3303.79,614.4,614.4
12523.9,9450.52,6377.17,3303.79,614.4,614.4
12523.9,9450.52,6377.17,3303.79,614.4,614.4
12523.9,9450.52,6377.17,3303.79,614.4,614.4
12523.9,9450.52,6377.17,3303.79,614.4,614.4
12523.9,9450.52,6377.17,3303.79,614.4,614.4
12523.9,9450.52,6377.17,3303.79,614.4,614.4
12523.9,9450.52,6377.17,3303.79,614.4,614.4
12523.9,9450.52,6377.17,3303.79,614.4,614.4
12523.9,9450.52,6377.17,3303.79,614.4,614.4
12523.9,9450.52,6377.17,3303.79,614.4,614.4
12523.9,9450.52,6377.17,3303.79,614.4,614.4
12523.9,9450.52,6377.17,3303.79,614.4,614.4
12523.9,9450.52,6377.17,3303.79,614.4,614.4
12523.9,9450.52,6377.17,3303.79,614.4,614.4
12523.9,9450.52,6377.17,3303.79,614.4,614.4
12523.9,9450.52,6377.17,3303.79,614.4,614.4
12523.9,9450.52,6377.17,3303.79,614.4,614.4
12523.9,9450.52,6377.17,3303.79,614.4,614.4
12523.9,9450.52,6377.17,3303.79,614.4,614.4
12523.9,9450.52,6377.17,3303.79,614.4,614.4
12523.9,9450.52,6377.17,3303.79,614.4,614.4
12523.9,9450.52,6377.17,3303.79,614.4,614.4
12523.9,9450.52,6377.17,3303.79,614.4,614.4
12523.9,9450.52,6377.17,3303.79,614.4,614.4
12523.9,9450.52,6377.17,3303.79,614.4,614.4
12523.9,9450.52,6377.17,3303.79,614.4,614.4
12523.9,9450.52,6377.17,3303.79,614.4,614.4
12523.9,9450.52,6377.17,3303.79,614.4,614.4
12523.9,9450.52,6377.17,3303.79,614.4,614.4
12523.9,9450.52,6377.17,3303.79,614.4,614.4
12523.9,9450.52,6377.17,3303.79,614.4,614.4
12523.9,9450.52,6377.17,3303.79,614.4,614.4
12523.9,9450.52,6377.17,3303.79,614.4,614.4
12523.9,9450.52,6377.17,3303.79,614.4,614.4
12523.9,9450.52,6377.17,3303.79,614.4,614.4
12523.9,9450.52,6377.17,3303.79,614.4,614.4
12523.9,9450.52,6377.17,3303.79,614.4,614.4
12523.9,9450.52,6377.17,3303.79,614.4,614.4
12523.9,9450.52,6377.17,3303.79,614.4,614.4
12523.9,9450.52,6377.17,3303.79,614.4,614.4
12523.9,9450.52,6377.17,3303.79,614.4,614.4
12523.9,9450.52,6377.17,3303.79,614.4,614.4
12523.9,9450.52,6377.17,3303.79,614.4,614.4
12523.9,9450.52,6377.17,3303.79,614.4,614.4
12523.9,9450.52,6377.17,3303.79,614.4,614.4
12523.9,9450.52,6377.17,3303.79,614.4,614.4
12523.9,9450.52,6377.17,3303.79,614.4,614.4
12523.9,9450.52,6377.17,3303.79,614.4,614.4
12523.9,9450.52,6377.17,3303.79,614.4,614.4
12523.9,9450.52,6377.17,3303.79,614.4,614.4
12523.9,9450.52,6377.17,3303.79,614.4,614.4
12523.9,9450.52,6377.17,3303.79,614.4,614.4
12523.9,9450.52,6377.17,3303.79,614.4,614.4
12523.9,9450.52,6377.17,3303.79,614.4,614.4
12523.9,9450.52,6377.17,3303.79,614.4,614.4
12523.9,9450.52,6377.17,3303.79,614.4,614.4
12523.9,9450.52,6377.17,3303.79,614.4,614.4
12523.9,9450.52,6377.17,3303.79,614.4,614.4
12523.9,9450.52,6377.17,3303.79,614.4,614.4
12523.9,9450.52,6377.17,3303.79,614.4,614.4
12523.9,9450.52,6377.17,3303.79,614.4,614.4
12523.9,9450.52,6377.17,3303.79,614.4,614.4
12523.9,9450.52,6377.17,3303.79,614.4,614.4
12523.9,9450.52,6377.17,3303.79,614.4,614.4
12523.9,9450.52,6377.17,3303.79,614.4,614.4
12523.9,9450.52,6377.17,3303.79,614.4,614.4
12523.9,9450.52,6377.17,3303.79,614.4,614.4
12523.9,9450.52,6377.17,3303.79,614.4,614.4
12523.9,9450.52,6377.17,3303.79,614.4,614.4
12523.9,9450.52,6377.17,3303.79,614.4,614.4
12523.9,9450.52,6377.17,3303.79,614.4,614.4
12523.9,9450.52,6377.17,3303.79,614.4,614.4
12523.9,9450.52,6377.17,3303.79,614.4,614.4
12523.9,9450.52,6377.17,3303.79,614.4,614.4
12523.9,9450.52,6377.17,3303.79,614.4,614.4
12523.9,9450.52,6377.17,3303.79,614.4,614.4
12523.9,9450.52,6377.17,3303.79,614.4,614.4
12523.9,9450.52,6377.17,3303.79,614.4,614.4
12523.9,9450.52,6377.17,3303.79,614.4,614.4
12523.9,9450.52,6377.17,3303.79,614.4,614.4
12523.9,9450.52,6377.17,3303.79,614.4,614.4
12523.9,9450.52,6377.17,3303.79,614.4,614.4
12523.9,9450.52,6377.17,3303.79,614.4,614.4
12523.9,9450.52,6377.17,3303.79,614.4,614.4
12523.9,9450.52,6377.17,3303.79,614.4,614.4
12523.9,9450.52,6377.17,3303.79,614.4,614.4
12523.9,9450.52,6377.17,3303.79,614.4,614.4
12523.9,9450.52,6377.17,3303.79,614.4,614.4
12523.9,9450.52,6377.17,3303.79,614.4,614.4
12523.9,9450.52,6377.17,3303.79,614.4,614.4
12523.9,9450.52,6377.17,3303.79,614.4,614.4
12523.9,9450.52,6377.17,3303.79,614.4,614.4
12523.9,9450.52,6377.17,3303.79,614.4,614.4
12523.9,9450.52,6377.17,3303.79,614.4,614.4
12523.9,9450.52,6377.17,3303.79,614.4,614.4
12523.9,9450.52,6377.17,3303.79,614.4,614.4
12523.9,9450.52,6377.17,3303.79,614.4,614.4
12523.9,9450.52,6377.17,3303.79,614.4,614.4
12523.9,9450.52,6377.17,3303.79,614.4,614.4
12523.9,9450.52,6377.17,3303.79,614.4,614.4
12523.9,9450.52,6377.17,3303.79,614.4,614.4
12523.9,9450.52,6377.17,3303.79,614.4,614.4
12523.9,9450.52,6377.17,3303.79,614.4,614.4
12523.9,9450.52,6377.17,3303.79,614.4,614.4
12523.9,9450.52,6377.17,3303.79,614.4,614.4
12523.9,9450.52,6377.17,3303.79,614.4,614.4
12523.9,9450.52,6377.17,3303.79,614.4,614.4
12523.9,9450.52,6377.17,3303.79,614.4,614.4
12523.9,9450.52,6377.17,3303.79,614.4,614.4
12523.9,9450.52,6377.17,3303.79,614.4,614.4
12523.9,9450.52,6377.17,3303.79,614.4,614.4
12523.9,9450.52,6377.17,3303.79,614.4,614.4
12523.9,9450.52,6377.17,3303.79,614.4,614.4
12523.9,9450.52,6377.17,3303.79,614.4,614.4
12523.9,9450.52,6377.17,3303.79,614.4,614.4
12523.9,9450.52,6377.17,3303.79,614.4,614.4
12523.9,9450.52,6377.17,3303.79,614.4,614.4
12523.9,9450.52,6377.17,3303.79,614.4,614.4
12523.9,9450.52,6377.17,3303.79,614.4,614.4
12523.9,9450.52,6377.17,3303.79,614.4,614.4
12523.9,9450.52,6377.17,3303.79,614.4,614.4
12523.9,9450.52,6377.17,3303.79,614.4,614.4
12523.9,9450.52,6377.17,3303.79,614.4,614.4
12523.9,9450.52,6377.17,3303.79,614.4,614.4
12523.9,9450.52,6377.17,3303.79,614.4,614.4
12523.9,9450.52,6377.17,3303.79,614.4,614.4
12523.9,9450.52,6377.17,3303.79,614.4,614.4
12523.9,9450.52,6377.17,3303.79,614.4,614.4
12523.9,9450.52,6377.17,3303.79,614.4,614.4
12523.9,9450.52,6377.17,3303.79,614.4,614.4
12523.9,9450.52,6377.17,3303.79,614.4,614.4
12523.9,9450.52,6377.17,3303.79,614.4,614.4
12523.9,9450.52,6377.17,3303.79,614.4,614.4
12523.9,9450.52,6377.17,3303.79,614.4,614.4
12523.9,9450.52,6377.17,3303.79,614.4,614.4
12523.9,9450.52,6377.17,3303.79,614.4,614.4
12523.9,9450.52,6377.17,3303.79,614.4,614.4
12523.9,9450.52,6377.17,3303.79,614.4,614.4
12523.9,9450.52,6377.17,3303.79,614.4,614.4
12523.9,9450.52,6377.17,3303.79,614.4,614.4
12523.9,9450.52,6377.17,3303.79,614.4,614.4
12523.9,9450.52,6377.17,3303.79,614.4,614.4
12523.9,9450.52,6377.17,3303.79,614.4,614.4
12523.9,9450.52,6377.17,3303.79,614.4,614.4
12523.9,9450.52,6377.17,3303.79,614.4,614.4
12523.9,9450.52,6377.17,3303.79,614.4,614.4
12523.9,9450.52,6377.17,3303.79,614.4,614.4
12523.9,9450.52,6377.17,3303.79,614.4,614.4
12523.9,9450.52,6377.17,3303.79,614.4,614.4
12523.9,9450.52,6377.17,3303.79,614.4,614.4
12523.9,9450.52,6377.17,3303.79,614.4,614.4
12523.9,9450.52,6377.17,3303.79,614.4,614.4
12523.9,9450.52,6377.17,3303.79,614.4,614.4
12523.9,9450.52,6377.17,3303.79,614.4,614.4
12523.9,9450.52,6377.17,3303.79,614.4,614.4
12523.9,9450.52,6377.17,3303.79,614.4,614.4
12523.9,9450.52,6377.17,3303.79,614.4,614.4
12523.9,9450.52,6377.17,3303.79,614.4,614.4
12523.9,9450.52,6377.17,3303.79,614.4,614.4
12523.9,9450.52,6377.17,3303.79,614.4,614.4
12523.9,9450.52,6377.17,3303.79,614.4,614.4
12523.9,9450.52,6377.17,3303.79,614.4,614.4
12523.9,9450.52,6377.17,3303.79,614.4,614.4
12523.9,9450.52,6377.17,3303.79,614.4,614.4
12523.9,9450.52,6377.17,3303.79,614.4,614.4
12523.9,9450.52,6377.17,3303.79,614.4,614.4
12523.9,9450.52,6377.17,3303.79,614.4,614.4
12523.9,9450.52,6377.17,3303.79,614.4,614.4
12523.9,9450.52,6377.17,3303.79,614.4,614.4
12523.9,9450.52,6377.17,3303.79,614.4,614.4
12523.9,9450.52,6377.17,3303.79,614.4,614.4
12523.9,9450.52,6377.17,3303.79,614.4,614.4
12523.9,9450.52,6377.17,3303.79,614.4,614.4
12523.9,9450.52,6377.17,3303.79,614.4,614.4
12523.9,9450.52,6377.17,3303.79,614.4,614.4
12523.9,9450.52,6377.17,3303.79,614.4,614.4
12523.9,9450.52,6377.17,3303.79,614.4,614.4
12523.9,9450.52,6377.17,3303.79,614.4,614.4
12523.9,9450.52,6377.17,3303.79,614.4,614.4
12523.9,9450.52,6377.17,3303.79,614.4,614.4
12523.9,9450.52,6377.17,3303.79,614.4,614.4
12523.9,9450.52,6377.17,3303.79,614.4,614.4
12523.9,9450.52,6377.17,3303.79,614.4,614.4
12523.9,9450.52,6377.17,3303.79,614.4,614.4
12523.9,9450.52,6377.17,3303.79,614.4,614.4
12523.9,9450.52,6377.17,3303.79,614.4,614.4
12523.9,9450.52,6377.17,3303.79,614.4,614.4
12523.9,9450.52,6377.17,3303.79,614.4,614.4
12523.9,9450.52,6377.17,3303.79,614.4,614.4
12523.9,9450.52,6377.17,3303.79,614.4,614.4
12523.9,9450.52,6377.17,3303.79,614.4,614.4
12523.9,9450.52,6377.17,3303.79,614.4,614.4
12523.9,9450.52,6377.17,3303.79,614.4,614.4
12523.9,9450.52,6377.17,3303.79,614.4,614.4
12523.9,9450.52,6377.17,3303.79,614.4,614.4
12523.9,9450.52,6377.17,3303.79,614.4,614.4
12523.9,9450.52,6377.17,3303.79,614.4,614.4
12523.9,9450.52,6377.17,3303.79,614.4,614.4
12523.9,9450.52,6377.17,3303.79,614.4,614.4
12523.9,9450.52,6377.17,3303.79,614.4,614.4
12523.9,9450.52,6377.17,3303.79,614.4,614.4
12523.9,9450.52,6377.17,3303.79,614.4,614.4
12523.9,9450.52,6377.17,3303.79,614.4,614.4
12523.9,9450.52,6377.17,3303.79,614.4,614.4
12523.9,9450.52,6377.17,3303.79,614.4,614.4
12523.9,9450.52,6377.17,3303.79,614.4,614.4
12523.9,9450.52,6377.17,3303.79,614.4,614.4
12523.9,9450.52,6377.17,3303.79,614.4,614.4
12523.9,9450.52,6377.17,3303.79,614.4,614.4
12523.9,9450.52,6377.17,3303.79,614.4,614.4
12523.9,9450.52,6377.17,3303.79,614.4,614.4
12523.9,9450.52,6377.17,3303.79,614.4,614.4
12523.9,9450.52,6377.17,3303.79,614.4,614.4
12523.9,9450.52,6377.17,3303.79,614.4,614.4
12523.9,9450.52,6377.17,3303.79,614.4,614.4
12523.9,9450.52,6377.17,3303.79,614.4,614.4
12523.9,9450.52,6377.17,3303.79,614.4,614.4
12523.9,9450.52,6377.17,3303.79,614.4,614.4
12523.9,9450.52,6377.17,3303.79,614.4,614.4
12523.9,9450.52,6377.17,3303.79,614.4,614.4
12523.9,9450.52,6377.17,3303.79,614.4,614.4
12523.9,9450.52,6377.17,3303.79,614.4,614.4
12523.9,9450.52,6377.17,3303.79,614.4,614.4
12523.9,9450.52,6377.17,3303.79,614.4,614.4
12523.9,9450.52,6377.17,3303.79,614.4,614.4
12523.9,9450.52,6377.17,3303.79,614.4,614.4
12523.9,9450.52,6377.17,3303.79,614.4,614.4
12523.9,9450.52,6377.17,3303.79,614.4,614.4
12523.9,9450.52,6377.17,3303.79,614.4,614.4
12523.9,9450.52,6377.17,3303.79,614.4,614.4
12523.9,9450.52,6377.17,3303.79,614.4,614.4
12523.9,9450.52,6377.17,3303.79,614.4,614.4
12523.9,9450.52,6377.17,3303.79,614.4,614.4
12523.9,9450.52,6377.17,3303.79,614.4,614.4
12523.9,9450.52,6377.17,3303.79,614.4,614.4
12523.9,9450.52,6377.17,3303.79,614.4,614.4
12523.9,9450.52,6377.17,3303.79,614.4,614.4
12523.9,9450.52,6377.17,3303.79,614.4,614.4
12523.9,9450.52,6377.17,3303.79,614.4,614.4
12523.9,9450.52,6377.17,3303.79,614.4,614.4
12523.9,9450.52,6377.17,3303.79,614.4,614.4
12523.9,9450.52,6377.17,3303.79,614.4,614.4
12523.9,9450.52,6377.17,3303.79,614.4,614.4
12523.9,9450.52,6377.17,3303.79,614.4,614.4
12523.9,9450.52,6377.17,3303.79,614.4,614.4
12523.9,9450.52,6377.17,3303.79,614.4,614.4
12523.9,9450.52,6377.17,3303.79,614.4,614.4
12523.9,9450.52,6377.17,3303.79,614.4,614.4
12523.9,9450.52,6377.17,3303.79,614.4,614.4
12523.9,9450.52,6377.17,3303.79,614.4,614.4
12523.9,9450.52,6377.17,3303.79,614.4,614.4
12523.9,9450.52,6377.17,3303.79,614.4,614.4
12523.9,9450.52,6377.17,3303.79,614.4,614.4
12523.9,9450.52,6377.17,3303.79,614.4,614.4
12523.9,9450.52,6377.17,3303.79,614.4,614.4
12523.9,9450.52,6377.17,3303.79,614.4,614.4
12523.9,9450.52,6377.17,3303.79,614.4,614.4
12523.9,9450.52,6377.17,3303.79,614.4,614.4
12523.9,9450.52,6377.17,3303.79,614.4,614.4
12523.9,9450.52,6377.17,3303.79,614.4,614.4
12523.9,9450.52,6377.17,3303.79,614.4,614.4
12523.9,9450.52,6377.17,3303.79,614.4,614.4
12523.9,9450.52,6377.17,3303.79,614.4,614.4
12523.9,9450.52,6377.17,3303.79,614.4,614.4
12523.9,9450.52,6377.17,3303.79,614.4,614.4
12523.9,9450.52,6377.17,3303.79,614.4,614.4
12523.9,9450.52,6377.17,3303.79,614.4,614.4
12523.9,9450.52,6377.17,3303.79,614.4,614.4
12523.9,9450.52,6377.17,3303.79,614.4,614.4
12523.9,9450.52,6377.17,3303.79,614.4,614.4
12523.9,9450.52,6377.17,3303.79,614.4,614.4
12523.9,9450.52,6377.17,3303.79,614.4,614.4
12523.9,9450.52,6377.17,3303.79,614.4,614.4
12523.9,9450.52,6377.17,3303.79,614.4,614.4
12523.9,9450.52,6377.17,3303.79,614.4,614.4
12523.9,9450.52,6377.17,3303.79,614.4,614.4
12523.9,9450.52,6377.17,3303.79,614.4,614.4
12523.9,9450.52,6377.17,3303.79,614.4,614.4
12523.9,9450.52,6377.17,3303.79,614.4,614.4
12523.9,9450.52,6377.17,3303.79,614.4,614.4
12523.9,9450.52,6377.17,3303.79,614.4,614.4
12523.9,9450.52,6377.17,3303.79,614.4,614.4
12523.9,9450.52,6377.17,3303.79,614.4,614.4
12523.9,9450.52,6377.17,3303.79,614.4,614.4
12523.9,9450.52,6377.17,3303.79,614.4,614.4
12523.9,9450.52,6377.17,3303.79,614.4,614.4
12523.9,9450.52,6377.17,3303.79,614.4,614.4
12523.9,9450.52,6377.17,3303.79,614.4,614.4
12523.9,9450.52,6377.17,3303.79,614.4,614.4
12523.9,9450.52,6377.17,3303.79,614.4,614.4
12523.9,9450.52,6377.17,3303.79,614.4,614.4
12523.9,9450.52,6377.17,3303.79,614.4,614.4
12523.9,9450.52,6377.17,3303.79,614.4,614.4
12523.9,9450.52,6377.17,3303.79,614.4,614.4
12523.9,9450.52,6377.17,3303.79,614.4,614.4
12523.9,9450.52,6377.17,3303.79,614.4,614.4
12523.9,9450.52,6377.17,3303.79,614.4,614.4
12523.9,9450.52,6377.17,3303.79,614.4,614.4
12523.9,9450.52,6377.17,3303.79,614.4,614.4
12523.9,9450.52,6377.17,3303.79,614.4,614.4
12523.9,9450.52,6377.17,3303.79,614.4,614.4
12523.9,9450.52,6377.17,3303.79,614.4,614.4
12523.9,9450.52,6377.17,3303.79,614.4,614.4
12523.9,9450.52,6377.17,3303.79,614.4,614.4
12523.9,9450.52,6377.17,3303.79,614.4,614.4
12523.9,9450.52,6377.17,3303.79,614.4,614.4
12523.9,9450.52,6377.17,3303.79,614.4,614.4
12523.9,9450.52,6377.17,3303.79,614.4,614.4
12523.9,9450.52,6377.17,3303.79,614.4,614.4
12523.9,9450.52,6377.17,3303.79,614.4,614.4
12523.9,9450.52,6377.17,3303.79,614.4,614.4
12523.9,9450.52,6377.17,3303.79,614.4,614.4
12523.9,9450.52,6377.17,3303.79,614.4,614.4
12523.9,9450.52,6377.17,3303.79,614.4,614.4
12523.9,9450.52,6377.17,3303.79,614.4,614.4
12523.9,9450.52,6377.17,3303.79,614.4,614.4
12523.9,9450.52,6377.17,3303.79,614.4,614.4
12523.9,9450.52,6377.17,3303.79,614.4,614.4
12523.9,9450.52,6377.17,3303.79,614.4,614.4
12523.9,9450.52,6377.17,3303.79,614.4,614.4
12523.9,9450.52,6377.17,3303.79,614.4,614.4
12523.9,9450.52,6377.17,3303.79,614.4,614.4
12523.9,9450.52,6377.17,3303.79,614.4,614.4
12523.9,9450.52,6377.17,3303.79,614.4,614.4
12523.9,9450.52,6377.17,3303.79,614.4,614.4
12523.9,9450.52,6377.17,3303.79,614.4,614.4
12523.9,9450.52,6377.17,3303.79,614.4,614.4
12523.9,9450.52,6377.17,3303.79,614.4,614.4
12523.9,9450.52,6377.17,3303.79,614.4,614.4
12523.9,9450.52,6377.17,3303.79,614.4,614.4
12523.9,9450.52,6377.17,3303.79,614.4,614.4
12523.9,9450.52,6377.17,3303.79,614.4,614.4
12523.9,9450.52,6377.17,3303.79,614.4,614.4
12523.9,9450.52,6377.17,3303.79,614.4,614.4
12523.9,9450.52,6377.17,3303.79,614.4,614.4
12523.9,9450.52,6377.17,3303.79,614.4,614.4
12523.9,9450.52,6377.17,3303.79,614.4,614.4
12523.9,9450.52,6377.17,3303.79,614.4,614.4
12523.9,9450.52,6377.17,3303.79,614.4,614.4
12523.9,9450.52,6377.17,3303.79,614.4,614.4
12523.9,9450.52,6377.17,3303.79,614.4,614.4
12523.9,9450.52,6377.17,3303.79,614.4,614.4
12523.9,9450.52,6377.17,3303.79,614.4,614.4
12523.9,9450.52,6377.17,3303.79,614.4,614.4
12523.9,9450.52,6377.17,3303.79,614.4,614.4
12523.9,9450.52,6377.17,3303.79,614.4,614.4
12523.9,9450.52,6377.17,3303.79,614.4,614.4
12523.9,9450.52,6377.17,3303.79,614.4,614.4
12523.9,9450.52,6377.17,3303.79,614.4,614.4
12523.9,9450.52,6377.17,3303.79,614.4,614.4
12523.9,9450.52,6377.17,3303.79,614.4,614.4
12523.9,9450.52,6377.17,3303.79,614.4,614.4
12523.9,9450.52,6377.17,3303.79,614.4,614.4
12523.9,9450.52,6377.17,3303.79,614.4,614.4
12523.9,9450.52,6377.17,3303.79,614.4,614.4
12523.9,9450.52,6377.17,3303.79,614.4,614.4
12523.9,9450.52,6377.17,3303.79,614.4,614.4
12523.9,9450.52,6377.17,3303.79,614.4,614.4
12523.9,9450.52,6377.17,3303.79,614.4,614.4
12523.9,9450.52,6377.17,3303.79,614.4,614.4
12523.9,9450.52,6377.17,3303.79,614.4,614.4
12523.9,9450.52,6377.17,3303.79,614.4,614.4
12523.9,9450.52,6377.17,3303.79,614.4,614.4
12523.9,9450.52,6377.17,3303.79,614.4,614.4
12523.9,9450.52,6377.17,3303.79,614.4,614.4
12523.9,9450.52,6377.17,3303.79,614.4,614.4
12523.9,9450.52,6377.17,3303.79,614.4,614.4
12523.9,9450.52,6377.17,3303.79,614.4,614.4
12523.9,9450.52,6377.17,3303.79,614.4,614.4
12523.9,9450.52,6377.17,3303.79,614.4,614.4
12523.9,9450.52,6377.17,3303.79,614.4,614.4
12523.9,9450.52,6377.17,3303.79,614.4,614.4
12523.9,9450.52,6377.17,3303.79,614.4,614.4
12523.9,9450.52,6377.17,3303.79,614.4,614.4
12523.9,9450.52,6377.17,3303.79,614.4,614.4
12523.9,9450.52,6377.17,3303.79,614.4,614.4
12523.9,9450.52,6377.17,3303.79,614.4,614.4
12523.9,9450.52,6377.17,3303.79,614.4,614.4
12523.9,9450.52,6377.17,3303.79,614.4,614.4
12523.9,9450.52,6377.17,3303.79,614.4,614.4
12523.9,9450.52,6377.17,3303.79,614.4,614.4
12523.9,9450.52,6377.17,3303.79,614.4,614.4
12523.9,9450.52,6377.17,3303.79,614.4,614.4
12523.9,9450.52,6377.17,3303.79,614.4,614.4
12523.9,9450.52,6377.17,3303.79,614.4,614.4
12523.9,9450.52,6377.17,3303.79,614.4,614.4
12523.9,9450.52,6377.17,3303.79,614.4,614.4
12523.9,9450.52,6377.17,3303.79,614.4,614.4
12523.9,9450.52,6377.17,3303.79,614.4,614.4
12523.9,9450.52,6377.17,3303.79,614.4,614.4
12523.9,9450.52,6377.17,3303.79,614.4,614.4
12523.9,9450.52,6377.17,3303.79,614.4,614.4
12523.9,9450.52,6377.17,3303.79,614.4,614.4
12523.9,9450.52,6377.17,3303.79,614.4,614.4
12523.9,9450.52,6377.17,3303.79,614.4,614.4
12523.9,9450.52,6377.17,3303.79,614.4,614.4
12523.9,9450.52,6377.17,3303.79,614.4,614.4
12523.9,9450.52,6377.17,3303.79,614.4,614.4
12523.9,9450.52,6377.17,3303.79,614.4,614.4
12523.9,9450.52,6377.17,3303.79,614.4,614.4
12523.9,9450.52,6377.17,3303.79,614.4,614.4
12523.9,9450.52,6377.17,3303.79,614.4,614.4
12523.9,9450.52,6377.17,3303.79,614.4,614.4
12523.9,9450.52,6377.17,3303.79,614.4,614.4
12523.9,9450.52,6377.17,3303.79,614.4,614.4
12523.9,9450.52,6377.17,3303.79,614.4,614.4
12523.9,9450.52,6377.17,3303.79,614.4,614.4
12523.9,9450.52,6377.17,3303.79,614.4,614.4
12523.9,9450.52,6377.17,3303.79,614.4,614.4
12523.9,9450.52,6377.17,3303.79,614.4,614.4
12523.9,9450.52,6377.17,3303.79,614.4,614.4
12523.9,9450.52,6377.17,3303.79,614.4,614.4
12523.9,9450.52,6377.17,3303.79,614.4,614.4
12523.9,9450.52,6377.17,3303.79,614.4,614.4
12523.9,9450.52,6377.17,3303.79,614.4,614.4
12523.9,9450.52,6377.17,3303.79,614.4,614.4
12523.9,9450.52,6377.17,3303.79,614.4,614.4
12523.9,9450.52,6377.17,3303.79,614.4,614.4
12523.9,9450.52,6377.17,3303.79,614.4,614.4
12523.9,9450.52,6377.17,3303.79,614.4,614.4
12523.9,9450.52,6377.17,3303.79,614.4,614.4
12523.9,9450.52,6377.17,3303.79,614.4,614.4
12523.9,9450.52,6377.17,3303.79,614.4,614.4
12523.9,9450.52,6377.17,3303.79,614.4,614.4
12523.9,9450.52,6377.17,3303.79,614.4,614.4
12523.9,9450.52,6377.17,3303.79,614.4,614.4
12523.9,9450.52,6377.17,3303.79,614.4,614.4
12523.9,9450.52,6377.17,3303.79,614.4,614.4
12523.9,9450.52,6377.17,3303.79,614.4,614.4
12523.9,9450.52,6377.17,3303.79,614.4,614.4
12523.9,9450.52,6377.17,3303.79,614.4,614.4
12523.9,9450.52,6377.17,3303.79,614.4,614.4
12523.9,9450.52,6377.17,3303.79,614.4,614.4
12523.9,9450.52,6377.17,3303.79,614.4,614.4
12523.9,9450.52,6377.17,3303.79,614.4,614.4
12523.9,9450.52,6377.17,3303.79,614.4,614.4
12523.9,9450.52,6377.17,3303.79,614.4,614.4
12523.9,9450.52,6377.17,3303.79,614.4,614.4
12523.9,9450.52,6377.17,3303.79,614.4,614.4
12523.9,9450.52,6377.17,3303.79,614.4,614.4
12523.9,9450.52,6377.17,3303.79,614.4,614.4
12523.9,9450.52,6377.17,3303.79,614.4,614.4
12523.9,9450.52,6377.17,3303.79,614.4,614.4
12523.9,9450.52,6377.17,3303.79,614.4,614.4
12523.9,9450.52,6377.17,3303.79,614.4,614.4
12523.9,9450.52,6377.17,3303.79,614.4,614.4
12523.9,9450.52,6377.17,3303.79,614.4,614.4
12523.9,9450.52,6377.17,3303.79,614.4,614.4
12523.9,9450.52,6377.17,3303.79,614.4,614.4
12523.9,9450.52,6377.17,3303.79,614.4,614.4
12523.9,9450.52,6377.17,3303.79,614.4,614.4
12523.9,9450.52,6377.17,3303.79,614.4,614.4
12523.9,9450.52,6377.17,3303.79,614.4,614.4
12523.9,9450.52,6377.17,3303.79,614.4,614.4
12523.9,9450.52,6377.17,3303.79,614.4,614.4
12523.9,9450.52,6377.17,3303.79,614.4,614.4
12523.9,9450.52,6377.17,3303.79,614.4,614.4
12523.9,9450.52,6377.17,3303.79,614.4,614.4
12523.9,9450.52,6377.17,3303.79,614.4,614.4
12523.9,9450.52,6377.17,3303.79,614.4,614.4
12523.9,9450.52,6377.17,3303.79,614.4,614.4
12523.9,9450.52,6377.17,3303.79,614.4,614.4
12523.9,9450.52,6377.17,3303.79,614.4,614.4
12523.9,9450.52,6377.17,3303.79,614.4,614.4
12523.9,9450.52,6377.17,3303.79,614.4,614.4
12523.9,9450.52,6377.17,3303.79,614.4,614.4
12523.9,9450.52,6377.17,3303.79,614.4,614.4
12523.9,9450.52,6377.17,3303.79,614.4,614.4
12523.9,9450.52,6377.17,3303.79,614.4,614.4
12523.9,9450.52,6377.17,3303.79,614.4,614.4
12523.9,9450.52,6377.17,3303.79,614.4,614.4
12523.9,9450.52,6377.17,3303.79,614.4,614.4
12523.9,9450.52,6377.17,3303.79,614.4,614.4
12523.9,9450.52,6377.17,3303.79,614.4,614.4
12523.9,9450.52,6377.17,3303.79,614.4,614.4
12523.9,9450.52,6377.17,3303.79,614.4,614.4
12523.9,9450.52,6377.17,3303.79,614.4,614.4
12523.9,9450.52,6377.17,3303.79,614.4,614.4
12523.9,9450.52,6377.17,3303.79,614.4,614.4
12523.9,9450.52,6377.17,3303.79,614.4,614.4
12523.9,9450.52,6377.17,3303.79,614.4,614.4
12523.9,9450.52,6377.17,3303.79,614.4,614.4
12523.9,9450.52,6377.17,3303.79,614.4,614.4
12523.9,9450.52,6377.17,3303.79,614.4,614.4
12523.9,9450.52,6377.17,3303.79,614.4,614.4
12523.9,9450.52,6377.17,3303.79,614.4,614.4
12523.9,9450.52,6377.17,3303.79,614.4,614.4
12523.9,9450.52,6377.17,3303.79,614.4,614.4
12523.9,9450.52,6377.17,3303.79,614.4,614.4
12523.9,9450.52,6377.17,3303.79,614.4,614.4
12523.9,9450.52,6377.17,3303.79,614.4,614.4
12523.9,9450.52,6377.17,3303.79,614.4,614.4
12523.9,9450.52,6377.17,3303.79,614.4,614.4
12523.9,9450.52,6377.17,3303.79,614.4,614.4
12523.9,9450.52,6377.17,3303.79,614.4,614.4
12523.9,9450.52,6377.17,3303.79,614.4,614.4
12523.9,9450.52,6377.17,3303.79,614.4,614.4
12523.9,9450.52,6377.17,3303.79,614.4,614.4
12523.9,9450.52,6377.17,3303.79,614.4,614.4
12523.9,9450.52,6377.17,3303.79,614.4,614.4
12523.9,9450.52,6377.17,3303.79,614.4,614.4
12523.9,9450.52,6377.17,3303.79,614.4,614.4
12523.9,9450.52,6377.17,3303.79,614.4,614.4
12523.9,9450.52,6377.17,3303.79,614.4,614.4
12523.9,9450.52,6377.17,3303.79,614.4,614.4
12523.9,9450.52,6377.17,3303.79,614.4,614.4
12523.9,9450.52,6377.17,3303.79,614.4,614.4
12523.9,9450.52,6377.17,3303.79,614.4,614.4
12523.9,9450.52,6377.17,3303.79,614.4,614.4
12523.9,9450.52,6377.17,3303.79,614.4,614.4
12523.9,9450.52,6377.17,3303.79,614.4,614.4
12523.9,9450.52,6377.17,3303.79,614.4,614.4
12523.9,9450.52,6377.17,3303.79,614.4,614.4
12523.9,9450.52,6377.17,3303.79,614.4,614.4
12523.9,9450.52,6377.17,3303.79,614.4,614.4
12523.9,9450.52,6377.17,3303.79,614.4,614.4
12523.9,9450.52,6377.17,3303.79,614.4,614.4
12523.9,9450.52,6377.17,3303.79,614.4,614.4
12523.9,9450.52,6377.17,3303.79,614.4,614.4
12523.9,9450.52,6377.17,3303.79,614.4,614.4
12523.9,9450.52,6377.17,3303.79,614.4,614.4
12523.9,9450.52,6377.17,3303.79,614.4,614.4
12523.9,9450.52,6377.17,3303.79,614.4,614.4
12523.9,9450.52,6377.17,3303.79,614.4,614.4
12523.9,9450.52,6377.17,3303.79,614.4,614.4
12523.9,9450.52,6377.17,3303.79,614.4,614.4
12523.9,9450.52,6377.17,3303.79,614.4,614.4
12523.9,9450.52,6377.17,3303.79,614.4,614.4
12523.9,9450.52,6377.17,3303.79,614.4,614.4
12523.9,9450.52,6377.17,3303.79,614.4,614.4
12523.9,9450.52,6377.17,3303.79,614.4,614.4
12523.9,9450.52,6377.17,3303.79,614.4,614.4
12523.9,9450.52,6377.17,3303.79,614.4,614.4
12523.9,9450.52,6377.17,3303.79,614.4,614.4
12523.9,9450.52,6377.17,3303.79,614.4,614.4
12523.9,9450.52,6377.17,3303.79,614.4,614.4
12523.9,9450.52,6377.17,3303.79,614.4,614.4
12523.9,9450.52,6377.17,3303.79,614.4,614.4
12523.9,9450.52,6377.17,3303.79,614.4,614.4
12523.9,9450.52,6377.17,3303.79,614.4,614.4
12523.9,9450.52,6377.17,3303.79,614.4,614.4
12523.9,9450.52,6377.17,3303.79,614.4,614.4
12523.9,9450.52,6377.17,3303.79,614.4,614.4
12523.9,9450.52,6377.17,3303.79,614.4,614.4
12523.9,9450.52,6377.17,3303.79,614.4,614.4
12523.9,9450.52,6377.17,3303.79,614.4,614.4
12523.9,9450.52,6377.17,3303.79,614.4,614.4
12523.9,9450.52,6377.17,3303.79,614.4,614.4
12523.9,9450.52,6377.17,3303.79,614.4,614.4
12523.9,9450.52,6377.17,3303.79,614.4,614.4
12523.9,9450.52,6377.17,3303.79,614.4,614.4
12523.9,9450.52,6377.17,3303.79,614.4,614.4
12523.9,9450.52,6377.17,3303.79,614.4,614.4
12523.9,9450.52,6377.17,3303.79,614.4,614.4
12523.9,9450.52,6377.17,3303.79,614.4,614.4
12523.9,9450.52,6377.17,3303.79,614.4,614.4
12523.9,9450.52,6377.17,3303.79,614.4,614.4
12523.9,9450.52,6377.17,3303.79,614.4,614.4
12523.9,9450.52,6377.17,3303.79,614.4,614.4
12523.9,9450.52,6377.17,3303.79,614.4,614.4
12523.9,9450.52,6377.17,3303.79,614.4,614.4
12523.9,9450.52,6377.17,3303.79,614.4,614.4
12523.9,9450.52,6377.17,3303.79,614.4,614.4
12523.9,9450.52,6377.17,3303.79,614.4,614.4
12523.9,9450.52,6377.17,3303.79,614.4,614.4
12523.9,9450.52,6377.17,3303.79,614.4,614.4
12523.9,9450.52,6377.17,3303.79,614.4,614.4
12523.9,9450.52,6377.17,3303.79,614.4,614.4
12523.9,9450.52,6377.17,3303.79,614.4,614.4
12523.9,9450.52,6377.17,3303.79,614.4,614.4
12523.9,9450.52,6377.17,3303.79,614.4,614.4
12523.9,9450.52,6377.17,3303.79,614.4,614.4
12523.9,9450.52,6377.17,3303.79,614.4,614.4
12523.9,9450.52,6377.17,3303.79,614.4,614.4
12523.9,9450.52,6377.17,3303.79,614.4,614.4
12523.9,9450.52,6377.17,3303.79,614.4,614.4
12523.9,9450.52,6377.17,3303.79,614.4,614.4
12523.9,9450.52,6377.17,3303.79,614.4,614.4
12523.9,9450.52,6377.17,3303.79,614.4,614.4
12523.9,9450.52,6377.17,3303.79,614.4,614.4
12523.9,9450.52,6377.17,3303.79,614.4,614.4
12523.9,9450.52,6377.17,3303.79,614.4,614.4
12523.9,9450.52,6377.17,3303.79,614.4,614.4
12523.9,9450.52,6377.17,3303.79,614.4,614.4
12523.9,9450.52,6377.17,3303.79,614.4,614.4
12523.9,9450.52,6377.17,3303.79,614.4,614.4
12523.9,9450.52,6377.17,3303.79,614.4,614.4
12523.9,9450.52,6377.17,3303.79,614.4,614.4
12523.9,9450.52,6377.17,3303.79,614.4,614.4
12523.9,9450.52,6377.17,3303.79,614.4,614.4
12523.9,9450.52,6377.17,3303.79,614.4,614.4
12523.9,9450.52,6377.17,3303.79,614.4,614.4
12523.9,9450.52,6377.17,3303.79,614.4,614.4
12523.9,9450.52,6377.17,3303.79,614.4,614.4
12523.9,9450.52,6377.17,3303.79,614.4,614.4
12523.9,9450.52,6377.17,3303.79,614.4,614.4
12523.9,9450.52,6377.17,3303.79,614.4,614.4
12523.9,9450.52,6377.17,3303.79,614.4,614.4
12523.9,9450.52,6377.17,3303.79,614.4,614.4
12523.9,9450.52,6377.17,3303.79,614.4,614.4
12523.9,9450.52,6377.17,3303.79,614.4,614.4
12523.9,9450.52,6377.17,3303.79,614.4,614.4
12523.9,9450.52,6377.17,3303.79,614.4,614.4
12523.9,9450.52,6377.17,3303.79,614.4,614.4
12523.9,9450.52,6377.17,3303.79,614.4,614.4
12523.9,9450.52,6377.17,3303.79,614.4,614.4
12523.9,9450.52,6377.17,3303.79,614.4,614.4
12523.9,9450.52,6377.17,3303.79,614.4,614.4
12523.9,9450.52,6377.17,3303.79,614.4,614.4
12523.9,9450.52,6377.17,3303.79,614.4,614.4
12523.9,9450.52,6377.17,3303.79,614.4,614.4
12523.9,9450.52,6377.17,3303.79,614.4,614.4
12523.9,9450.52,6377.17,3303.79,614.4,614.4
12523.9,9450.52,6377.17,3303.79,614.4,614.4
12523.9,9450.52,6377.17,3303.79,614.4,614.4
12523.9,9450.52,6377.17,3303.79,614.4,614.4
12523.9,9450.52,6377.17,3303.79,614.4,614.4
12523.9,9450.52,6377.17,3303.79,614.4,614.4
12523.9,9450.52,6377.17,3303.79,614.4,614.4
12523.9,9450.52,6377.17,3303.79,614.4,614.4
12523.9,9450.52,6377.17,3303.79,614.4,614.4
12523.9,9450.52,6377.17,3303.79,614.4,614.4
12523.9,9450.52,6377.17,3303.79,614.4,614.4
12523.9,9450.52,6377.17,3303.79,614.4,614.4
12523.9,9450.52,6377.17,3303.79,614.4,614.4
12523.9,9450.52,6377.17,3303.79,614.4,614.4
12523.9,9450.52,6377.17,3303.79,614.4,614.4
12523.9,9450.52,6377.17,3303.79,614.4,614.4
12523.9,9450.52,6377.17,3303.79,614.4,614.4
12523.9,9450.52,6377.17,3303.79,614.4,614.4
12523.9,9450.52,6377.17,3303.79,614.4,614.4
12523.9,9450.52,6377.17,3303.79,614.4,614.4
12523.9,9450.52,6377.17,3303.79,614.4,614.4
12523.9,9450.52,6377.17,3303.79,614.4,614.4
12523.9,9450.52,6377.17,3303.79,614.4,614.4
12523.9,9450.52,6377.17,3303.79,614.4,614.4
12523.9,9450.52,6377.17,3303.79,614.4,614.4
12523.9,9450.52,6377.17,3303.79,614.4,614.4
12523.9,9450.52,6377.17,3303.79,614.4,614.4
12523.9,9450.52,6377.17,3303.79,614.4,614.4
12523.9,9450.52,6377.17,3303.79,614.4,614.4
12523.9,9450.52,6377.17,3303.79,614.4,614.4
12523.9,9450.52,6377.17,3303.79,614.4,614.4
12523.9,9450.52,6377.17,3303.79,614.4,614.4
12523.9,9450.52,6377.17,3303.79,614.4,614.4
12523.9,9450.52,6377.17,3303.79,614.4,614.4
12523.9,9450.52,6377.17,3303.79,614.4,614.4
12523.9,9450.52,6377.17,3303.79,614.4,614.4
12523.9,9450.52,6377.17,3303.79,614.4,614.4
12523.9,9450.52,6377.17,3303.79,614.4,614.4
12523.9,9450.52,6377.17,3303.79,614.4,614.4
12523.9,9450.52,6377.17,3303.79,614.4,614.4
12523.9,9450.52,6377.17,3303.79,614.4,614.4
12523.9,9450.52,6377.17,3303.79,614.4,614.4
12523.9,9450.52,6377.17,3303.79,614.4,614.4
12523.9,9450.52,6377.17,3303.79,614.4,614.4
12523.9,9450.52,6377.17,3303.79,614.4,614.4
12523.9,9450.52,6377.17,3303.79,614.4,614.4
12523.9,9450.52,6377.17,3303.79,614.4,614.4
12523.9,9450.52,6377.17,3303.79,614.4,614.4
12523.9,9450.52,6377.17,3303.79,614.4,614.4
12523.9,9450.52,6377.17,3303.79,614.4,614.4
12523.9,9450.52,6377.17,3303.79,614.4,614.4
12523.9,9450.52,6377.17,3303.79,614.4,614.4
12523.9,9450.52,6377.17,3303.79,614.4,614.4
12523.9,9450.52,6377.17,3303.79,614.4,614.4
12523.9,9450.52,6377.17,3303.79,614.4,614.4
12523.9,9450.52,6377.17,3303.79,614.4,614.4
12523.9,9450.52,6377.17,3303.79,614.4,614.4
12523.9,9450.52,6377.17,3303.79,614.4,614.4
12523.9,9450.52,6377.17,3303.79,614.4,614.4
12523.9,9450.52,6377.17,3303.79,614.4,614.4
12523.9,9450.52,6377.17,3303.79,614.4,614.4
12523.9,9450.52,6377.17,3303.79,614.4,614.4
12523.9,9450.52,6377.17,3303.79,614.4,614.4
12523.9,9450.52,6377.17,3303.79,614.4,614.4
12523.9,9450.52,6377.17,3303.79,614.4,614.4
12523.9,9450.52,6377.17,3303.79,614.4,614.4
12523.9,9450.52,6377.17,3303.79,614.4,614.4
12523.9,9450.52,6377.17,3303.79,614.4,614.4
12523.9,9450.52,6377.17,3303.79,614.4,614.4
12523.9,9450.52,6377.17,3303.79,614.4,614.4
12523.9,9450.52,6377.17,3303.79,614.4,614.4
12523.9,9450.52,6377.17,3303.79,614.4,614.4
12523.9,9450.52,6377.17,3303.79,614.4,614.4
12523.9,9450.52,6377.17,3303.79,614.4,614.4
12523.9,9450.52,6377.17,3303.79,614.4,614.4
12523.9,9450.52,6377.17,3303.79,614.4,614.4
12523.9,9450.52,6377.17,3303.79,614.4,614.4
12523.9,9450.52,6377.17,3303.79,614.4,614.4
12523.9,9450.52,6377.17,3303.79,614.4,614.4
12523.9,9450.52,6377.17,3303.79,614.4,614.4
12523.9,9450.52,6377.17,3303.79,614.4,614.4
12523.9,9450.52,6377.17,3303.79,614.4,614.4
12523.9,9450.52,6377.17,3303.79,614.4,614.4
12523.9,9450.52,6377.17,3303.79,614.4,614.4
12523.9,9450.52,6377.17,3303.79,614.4,614.4
12523.9,9450.52,6377.17,3303.79,614.4,614.4
12523.9,9450.52,6377.17,3303.79,614.4,614.4
12523.9,9450.52,6377.17,3303.79,614.4,614.4
12523.9,9450.52,6377.17,3303.79,614.4,614.4
12523.9,9450.52,6377.17,3303.79,614.4,614.4
12523.9,9450.52,6377.17,3303.79,614.4,614.4
12523.9,9450.52,6377.17,3303.79,614.4,614.4
12523.9,9450.52,6377.17,3303.79,614.4,614.4
12523.9,9450.52,6377.17,3303.79,614.4,614.4
12523.9,9450.52,6377.17,3303.79,614.4,614.4
12523.9,9450.52,6377.17,3303.79,614.4,614.4
12523.9,9450.52,6377.17,3303.79,614.4,614.4
12523.9,9450.52,6377.17,3303.79,614.4,614.4
12523.9,9450.52,6377.17,3303.79,614.4,614.4
12523.9,9450.52,6377.17,3303.79,614.4,614.4
12523.9,9450.52,6377.17,3303.79,614.4,614.4
12523.9,9450.52,6377.17,3303.79,614.4,614.4
12523.9,9450.52,6377.17,3303.79,614.4,614.4
12523.9,9450.52,6377.17,3303.79,614.4,614.4
12523.9,9450.52,6377.17,3303.79,614.4,614.4
12523.9,9450.52,6377.17,3303.79,614.4,614.4
12523.9,9450.52,6377.17,3303.79,614.4,614.4
12523.9,9450.52,6377.17,3303.79,614.4,614.4
12523.9,9450.52,6377.17,3303.79,614.4,614.4
12523.9,9450.52,6377.17,3303.79,614.4,614.4
12523.9,9450.52,6377.17,3303.79,614.4,614.4
12523.9,9450.52,6377.17,3303.79,614.4,614.4
12523.9,9450.52,6377.17,3303.79,614.4,614.4
12523.9,9450.52,6377.17,3303.79,614.4,614.4
12523.9,9450.52,6377.17,3303.79,614.4,614.4
12523.9,9450.52,6377.17,3303.79,614.4,614.4
12523.9,9450.52,6377.17,3303.79,614.4,614.4
12523.9,9450.52,6377.17,3303.79,614.4,614.4
12523.9,9450.52,6377.17,3303.79,614.4,614.4
12523.9,9450.52,6377.17,3303.79,614.4,614.4
12523.9,9450.52,6377.17,3303.79,614.4,614.4
12523.9,9450.52,6377.17,3303.79,614.4,614.4
12523.9,9450.52,6377.17,3303.79,614.4,614.4
12523.9,9450.52,6377.17,3303.79,614.4,614.4
12523.9,9450.52,6377.17,3303.79,614.4,614.4
12523.9,9450.52,6377.17,3303.79,614.4,614.4
12523.9,9450.52,6377.17,3303.79,614.4,614.4
12523.9,9450.52,6377.17,3303.79,614.4,614.4
12523.9,9450.52,6377.17,3303.79,614.4,614.4
12523.9,9450.52,6377.17,3303.79,614.4,614.4
12523.9,9450.52,6377.17,3303.79,614.4,614.4
12523.9,9450.52,6377.17,3303.79,614.4,614.4
12523.9,9450.52,6377.17,3303.79,614.4,614.4
12523.9,9450.52,6377.17,3303.79,614.4,614.4
12523.9,9450.52,6377.17,3303.79,614.4,614.4
12523.9,9450.52,6377.17,3303.79,614.4,614.4
12523.9,9450.52,6377.17,3303.79,614.4,614.4
12523.9,9450.52,6377.17,3303.79,614.4,614.4
12523.9,9450.52,6377.17,3303.79,614.4,614.4
12523.9,9450.52,6377.17,3303.79,614.4,614.4
12523.9,9450.52,6377.17,3303.79,614.4,614.4
12523.9,9450.52,6377.17,3303.79,614.4,614.4
12523.9,9450.52,6377.17,3303.79,614.4,614.4
12523.9,9450.52,6377.17,3303.79,614.4,614.4
12523.9,9450.52,6377.17,3303.79,614.4,614.4
12523.9,9450.52,6377.17,3303.79,614.4,614.4
12523.9,9450.52,6377.17,3303.79,614.4,614.4
12523.9,9450.52,6377.17,3303.79,614.4,614.4
12523.9,9450.52,6377.17,3303.79,614.4,614.4
12523.9,9450.52,6377.17,3303.79,614.4,614.4
12523.9,9450.52,6377.17,3303.79,614.4,614.4
12523.9,9450.52,6377.17,3303.79,614.4,614.4
12523.9,9450.52,6377.17,3303.79,614.4,614.4
12523.9,9450.52,6377.17,3303.79,614.4,614.4
12523.9,9450.52,6377.17,3303.79,614.4,614.4
12523.9,9450.52,6377.17,3303.79,614.4,614.4
12523.9,9450.52,6377.17,3303.79,614.4,614.4
12523.9,9450.52,6377.17,3303.79,614.4,614.4
12523.9,9450.52,6377.17,3303.79,614.4,614.4
12523.9,9450.52,6377.17,3303.79,614.4,614.4
12523.9,9450.52,6377.17,3303.79,614.4,614.4
12523.9,9450.52,6377.17,3303.79,614.4,614.4
12523.9,9450.52,6377.17,3303.79,614.4,614.4
12523.9,9450.52,6377.17,3303.79,614.4,614.4
12523.9,9450.52,6377.17,3303.79,614.4,614.4
12523.9,9450.52,6377.17,3303.79,614.4,614.4
12523.9,9450.52,6377.17,3303.79,614.4,614.4
12523.9,9450.52,6377.17,3303.79,614.4,614.4
12523.9,9450.52,6377.17,3303.79,614.4,614.4
12523.9,9450.52,6377.17,3303.79,614.4,614.4
12523.9,9450.52,6377.17,3303.79,614.4,614.4
12523.9,9450.52,6377.17,3303.79,614.4,614.4
12523.9,9450.52,6377.17,3303.79,614.4,614.4
12523.9,9450.52,6377.17,3303.79,614.4,614.4
12523.9,9450.52,6377.17,3303.79,614.4,614.4
12523.9,9450.52,6377.17,3303.79,614.4,614.4
12523.9,9450.52,6377.17,3303.79,614.4,614.4
12523.9,9450.52,6377.17,3303.79,614.4,614.4
12523.9,9450.52,6377.17,3303.79,614.4,614.4
12523.9,9450.52,6377.17,3303.79,614.4,614.4
12523.9,9450.52,6377.17,3303.79,614.4,614.4
12523.9,9450.52,6377.17,3303.79,614.4,614.4
12523.9,9450.52,6377.17,3303.79,614.4,614.4
12523.9,9450.52,6377.17,3303.79,614.4,614.4
12523.9,9450.52,6377.17,3303.79,614.4,614.4
12523.9,9450.52,6377.17,3303.79,614.4,614.4
12523.9,9450.52,6377.17,3303.79,614.4,614.4
12523.9,9450.52,6377.17,3303.79,614.4,614.4
12523.9,9450.52,6377.17,3303.79,614.4,614.4
12523.9,9450.52,6377.17,3303.79,614.4,614.4
12523.9,9450.52,6377.17,3303.79,614.4,614.4
12523.9,9450.52,6377.17,3303.79,614.4,614.4
12523.9,9450.52,6377.17,3303.79,614.4,614.4
12523.9,9450.52,6377.17,3303.79,614.4,614.4
12523.9,9450.52,6377.17,3303.79,614.4,614.4
12523.9,9450.52,6377.17,3303.79,614.4,614.4
12523.9,9450.52,6377.17,3303.79,614.4,614.4
12523.9,9450.52,6377.17,3303.79,614.4,614.4
12523.9,9450.52,6377.17,3303.79,614.4,614.4
12523.9,9450.52,6377.17,3303.79,614.4,614.4
12523.9,9450.52,6377.17,3303.79,614.4,614.4
12523.9,9450.52,6377.17,3303.79,614.4,614.4
12523.9,9450.52,6377.17,3303.79,614.4,614.4
12523.9,9450.52,6377.17,3303.79,614.4,614.4
12523.9,9450.52,6377.17,3303.79,614.4,614.4
12523.9,9450.52,6377.17,3303.79,614.4,614.4
12523.9,9450.52,6377.17,3303.79,614.4,614.4
12523.9,9450.52,6377.17,3303.79,614.4,614.4
12523.9,9450.52,6377.17,3303.79,614.4,614.4
12523.9,9450.52,6377.17,3303.79,614.4,614.4
12523.9,9450.52,6377.17,3303.79,614.4,614.4
12523.9,9450.52,6377.17,3303.79,614.4,614.4
12523.9,9450.52,6377.17,3303.79,614.4,614.4
12523.9,9450.52,6377.17,3303.79,614.4,614.4
12523.9,9450.52,6377.17,3303.79,614.4,614.4
12523.9,9450.52,6377.17,3303.79,614.4,614.4
12523.9,9450.52,6377.17,3303.79,614.4,614.4
12523.9,9450.52,6377.17,3303.79,614.4,614.4
12523.9,9450.52,6377.17,3303.79,614.4,614.4
12523.9,9450.52,6377.17,3303.79,614.4,614.4
12523.9,9450.52,6377.17,3303.79,614.4,614.4
12523.9,9450.52,6377.17,3303.79,614.4,614.4
12523.9,9450.52,6377.17,3303.79,614.4,614.4
12523.9,9450.52,6377.17,3303.79,614.4,614.4
12523.9,9450.52,6377.17,3303.79,614.4,614.4
12523.9,9450.52,6377.17,3303.79,614.4,614.4
12523.9,9450.52,6377.17,3303.79,614.4,614.4
12523.9,9450.52,6377.17,3303.79,614.4,614.4
12523.9,9450.52,6377.17,3303.79,614.4,614.4
12523.9,9450.52,6377.17,3303.79,614.4,614.4
12523.9,9450.52,6377.17,3303.79,614.4,614.4
12523.9,9450.52,6377.17,3303.79,614.4,614.4
12523.9,9450.52,6377.17,3303.79,614.4,614.4
12523.9,9450.52,6377.17,3303.79,614.4,614.4
12523.9,9450.52,6377.17,3303.79,614.4,614.4
12523.9,9450.52,6377.17,3303.79,614.4,614.4
12523.9,9450.52,6377.17,3303.79,614.4,614.4
12523.9,9450.52,6377.17,3303.79,614.4,614.4
12523.9,9450.52,6377.17,3303.79,614.4,614.4
12523.9,9450.52,6377.17,3303.79,614.4,614.4
12523.9,9450.52,6377.17,3303.79,614.4,614.4
12523.9,9450.52,6377.17,3303.79,614.4,614.4
12523.9,9450.52,6377.17,3303.79,614.4,614.4
12523.9,9450.52,6377.17,3303.79,614.4,614.4
12523.9,9450.52,6377.17,3303.79,614.4,614.4
12523.9,9450.52,6377.17,3303.79,614.4,614.4
12523.9,9450.52,6377.17,3303.79,614.4,614.4
12523.9,9450.52,6377.17,3303.79,614.4,614.4
12523.9,9450.52,6377.17,3303.79,614.4,614.4
12523.9,9450.52,6377.17,3303.79,614.4,614.4
12523.9,9450.52,6377.17,3303.79,614.4,614.4
12523.9,9450.52,6377.17,3303.79,614.4,614.4
12523.9,9450.52,6377.17,3303.79,614.4,614.4
12523.9,9450.52,6377.17,3303.79,614.4,614.4
12523.9,9450.52,6377.17,3303.79,614.4,614.4
12523.9,9450.52,6377.17,3303.79,614.4,614.4
12523.9,9450.52,6377.17,3303.79,614.4,614.4
12523.9,9450.52,6377.17,3303.79,614.4,614.4
12523.9,9450.52,6377.17,3303.79,614.4,614.4
12523.9,9450.52,6377.17,3303.79,614.4,614.4
12523.9,9450.52,6377.17,3303.79,614.4,614.4
12523.9,9450.52,6377.17,3303.79,614.4,614.4
12523.9,9450.52,6377.17,3303.79,614.4,614.4
12523.9,9450.52,6377.17,3303.79,614.4,614.4
12523.9,9450.52,6377.17,3303.79,614.4,614.4
12523.9,9450.52,6377.17,3303.79,614.4,614.4
12523.9,9450.52,6377.17,3303.79,614.4,614.4
12523.9,9450.52,6377.17,3303.79,614.4,614.4
12523.9,9450.52,6377.17,3303.79,614.4,614.4
12523.9,9450.52,6377.17,3303.79,614.4,614.4
12523.9,9450.52,6377.17,3303.79,614.4,614.4
12523.9,9450.52,6377.17,3303.79,614.4,614.4
12523.9,9450.52,6377.17,3303.79,614.4,614.4
12523.9,9450.52,6377.17,3303.79,614.4,614.4
12523.9,9450.52,6377.17,3303.79,614.4,614.4
12523.9,9450.52,6377.17,3303.79,614.4,614.4
12523.9,9450.52,6377.17,3303.79,614.4,614.4
12523.9,9450.52,6377.17,3303.79,614.4,614.4
12523.9,9450.52,6377.17,3303.79,614.4,614.4
12523.9,9450.52,6377.17,3303.79,614.4,614.4
12523.9,9450.52,6377.17,3303.79,614.4,614.4
12523.9,9450.52,6377.17,3303.79,614.4,614.4
12523.9,9450.52,6377.17,3303.79,614.4,614.4
12523.9,9450.52,6377.17,3303.79,614.4,614.4
12523.9,9450.52,6377.17,3303.79,614.4,614.4
12523.9,9450.52,6377.17,3303.79,614.4,614.4
12523.9,9450.52,6377.17,3303.79,614.4,614.4
12523.9,9450.52,6377.17,3303.79,614.4,614.4
12523.9,9450.52,6377.17,3303.79,614.4,614.4
12523.9,9450.52,6377.17,3303.79,614.4,614.4
12523.9,9450.52,6377.17,3303.79,614.4,614.4
12523.9,9450.52,6377.17,3303.79,614.4,614.4
12523.9,9450.52,6377.17,3303.79,614.4,614.4
12523.9,9450.52,6377.17,3303.79,614.4,614.4
12523.9,9450.52,6377.17,3303.79,614.4,614.4
12523.9,9450.52,6377.17,3303.79,614.4,614.4
12523.9,9450.52,6377.17,3303.79,614.4,614.4
12523.9,9450.52,6377.17,3303.79,614.4,614.4
12523.9,9450.52,6377.17,3303.79,614.4,614.4
12523.9,9450.52,6377.17,3303.79,614.4,614.4
12523.9,9450.52,6377.17,3303.79,614.4,614.4
12523.9,9450.52,6377.17,3303.79,614.4,614.4
12523.9,9450.52,6377.17,3303.79,614.4,614.4
12523.9,9450.52,6377.17,3303.79,614.4,614.4
12523.9,9450.52,6377.17,3303.79,614.4,614.4
12523.9,9450.52,6377.17,3303.79,614.4,614.4
12523.9,9450.52,6377.17,3303.79,614.4,614.4
12523.9,9450.52,6377.17,3303.79,614.4,614.4
12523.9,9450.52,6377.17,3303.79,614.4,614.4
12523.9,9450.52,6377.17,3303.79,614.4,614.4
12523.9,9450.52,6377.17,3303.79,614.4,614.4
12523.9,9450.52,6377.17,3303.79,614.4,614.4
12523.9,9450.52,6377.17,3303.79,614.4,614.4
12523.9,9450.52,6377.17,3303.79,614.4,614.4
12523.9,9450.52,6377.17,3303.79,614.4,614.4
12523.9,9450.52,6377.17,3303.79,614.4,614.4
12523.9,9450.52,6377.17,3303.79,614.4,614.4
12523.9,9450.52,6377.17,3303.79,614.4,614.4
12523.9,9450.52,6377.17,3303.79,614.4,614.4
12523.9,9450.52,6377.17,3303.79,614.4,614.4
12523.9,9450.52,6377.17,3303.79,614.4,614.4
12523.9,9450.52,6377.17,3303.79,614.4,614.4
12523.9,9450.52,6377.17,3303.79,614.4,614.4
12523.9,9450.52,6377.17,3303.79,614.4,614.4
12523.9,9450.52,6377.17,3303.79,614.4,614.4
12523.9,9450.52,6377.17,3303.79,614.4,614.4
12523.9,9450.52,6377.17,3303.79,614.4,614.4
12523.9,9450.52,6377.17,3303.79,614.4,614.4
12523.9,9450.52,6377.17,3303.79,614.4,614.4
12523.9,9450.52,6377.17,3303.79,614.4,614.4
12523.9,9450.52,6377.17,3303.79,614.4,614.4
12523.9,9450.52,6377.17,3303.79,614.4,614.4
12523.9,9450.52,6377.17,3303.79,614.4,614.4
12523.9,9450.52,6377.17,3303.79,614.4,614.4
12523.9,9450.52,6377.17,3303.79,614.4,614.4
12523.9,9450.52,6377.17,3303.79,614.4,614.4
12523.9,9450.52,6377.17,3303.79,614.4,614.4
12523.9,9450.52,6377.17,3303.79,614.4,614.4
12523.9,9450.52,6377.17,3303.79,614.4,614.4
12523.9,9450.52,6377.17,3303.79,614.4,614.4
12523.9,9450.52,6377.17,3303.79,614.4,614.4
12523.9,9450.52,6377.17,3303.79,614.4,614.4
12523.9,9450.52,6377.17,3303.79,614.4,614.4
12523.9,9450.52,6377.17,3303.79,614.4,614.4
12523.9,9450.52,6377.17,3303.79,614.4,614.4
12523.9,9450.52,6377.17,3303.79,614.4,614.4
12523.9,9450.52,6377.17,3303.79,614.4,614.4
12523.9,9450.52,6377.17,3303.79,614.4,614.4
12523.9,9450.52,6377.17,3303.79,614.4,614.4
12523.9,9450.52,6377.17,3303.79,614.4,614.4
12523.9,9450.52,6377.17,3303.79,614.4,614.4
12523.9,9450.52,6377.17,3303.79,614.4,614.4
12523.9,9450.52,6377.17,3303.79,614.4,614.4
12523.9,9450.52,6377.17,3303.79,614.4,614.4
12523.9,9450.52,6377.17,3303.79,614.4,614.4
12523.9,9450.52,6377.17,3303.79,614.4,614.4
12523.9,9450.52,6377.17,3303.79,614.4,614.4
12523.9,9450.52,6377.17,3303.79,614.4,614.4
12523.9,9450.52,6377.17,3303.79,614.4,614.4
12523.9,9450.52,6377.17,3303.79,614.4,614.4
12523.9,9450.52,6377.17,3303.79,614.4,614.4
12523.9,9450.52,6377.17,3303.79,614.4,614.4
12523.9,9450.52,6377.17,3303.79,614.4,614.4
12523.9,9450.52,6377.17,3303.79,614.4,614.4
12523.9,9450.52,6377.17,3303.79,614.4,614.4
12523.9,9450.52,6377.17,3303.79,614.4,614.4
12523.9,9450.52,6377.17,3303.79,614.4,614.4
12523.9,9450.52,6377.17,3303.79,614.4,614.4
12523.9,9450.52,6377.17,3303.79,614.4,614.4
12523.9,9450.52,6377.17,3303.79,614.4,614.4
12523.9,9450.52,6377.17,3303.79,614.4,614.4
12523.9,9450.52,6377.17,3303.79,614.4,614.4
12523.9,9450.52,6377.17,3303.79,614.4,614.4
12523.9,9450.52,6377.17,3303.79,614.4,614.4
12523.9,9450.52,6377.17,3303.79,614.4,614.4
12523.9,9450.52,6377.17,3303.79,614.4,614.4
12523.9,9450.52,6377.17,3303.79,614.4,614.4
12523.9,9450.52,6377.17,3303.79,614.4,614.4
12523.9,9450.52,6377.17,3303.79,614.4,614.4
12523.9,9450.52,6377.17,3303.79,614.4,614.4
12523.9,9450.52,6377.17,3303.79,614.4,614.4
12523.9,9450.52,6377.17,3303.79,614.4,614.4
12523.9,9450.52,6377.17,3303.79,614.4,614.4
12523.9,9450.52,6377.17,3303.79,614.4,614.4
12523.9,9450.52,6377.17,3303.79,614.4,614.4
12523.9,9450.52,6377.17,3303.79,614.4,614.4
12523.9,9450.52,6377.17,3303.79,614.4,614.4
12523.9,9450.52,6377.17,3303.79,614.4,614.4
12523.9,9450.52,6377.17,3303.79,614.4,614.4
12523.9,9450.52,6377.17,3303.79,614.4,614.4
12523.9,9450.52,6377.17,3303.79,614.4,614.4
12523.9,9450.52,6377.17,3303.79,614.4,614.4
12523.9,9450.52,6377.17,3303.79,614.4,614.4
12523.9,9450.52,6377.17,3303.79,614.4,614.4
12523.9,9450.52,6377.17,3303.79,614.4,614.4
12523.9,9450.52,6377.17,3303.79,614.4,614.4
12523.9,9450.52,6377.17,3303.79,614.4,614.4
12523.9,9450.52,6377.17,3303.79,614.4,614.4
12523.9,9450.52,6377.17,3303.79,614.4,614.4
12523.9,9450.52,6377.17,3303.79,614.4,614.4
12523.9,9450.52,6377.17,3303.79,614.4,614.4
12523.9,9450.52,6377.17,3303.79,614.4,614.4
12523.9,9450.52,6377.17,3303.79,614.4,614.4
12523.9,9450.52,6377.17,3303.79,614.4,614.4
12523.9,9450.52,6377.17,3303.79,614.4,614.4
12523.9,9450.52,6377.17,3303.79,614.4,614.4
12523.9,9450.52,6377.17,3303.79,614.4,614.4
12523.9,9450.52,6377.17,3303.79,614.4,614.4
12523.9,9450.52,6377.17,3303.79,614.4,614.4
12523.9,9450.52,6377.17,3303.79,614.4,614.4
12523.9,9450.52,6377.17,3303.79,614.4,614.4
12523.9,9450.52,6377.17,3303.79,614.4,614.4
12523.9,9450.52,6377.17,3303.79,614.4,614.4
12523.9,9450.52,6377.17,3303.79,614.4,614.4
12523.9,9450.52,6377.17,3303.79,614.4,614.4
12523.9,9450.52,6377.17,3303.79,614.4,614.4
12523.9,9450.52,6377.17,3303.79,614.4,614.4
12523.9,9450.52,6377.17,3303.79,614.4,614.4
12523.9,9450.52,6377.17,3303.79,614.4,614.4
12523.9,9450.52,6377.17,3303.79,614.4,614.4
12523.9,9450.52,6377.17,3303.79,614.4,614.4
12523.9,9450.52,6377.17,3303.79,614.4,614.4
12523.9,9450.52,6377.17,3303.79,614.4,614.4
12523.9,9450.52,6377.17,3303.79,614.4,614.4
12523.9,9450.52,6377.17,3303.79,614.4,614.4
12523.9,9450.52,6377.17,3303.79,614.4,614.4
12523.9,9450.52,6377.17,3303.79,614.4,614.4
12523.9,9450.52,6377.17,3303.79,614.4,614.4
12523.9,9450.52,6377.17,3303.79,614.4,614.4
12523.9,9450.52,6377.17,3303.79,614.4,614.4
12523.9,9450.52,6377.17,3303.79,614.4,614.4
12523.9,9450.52,6377.17,3303.79,614.4,614.4
12523.9,9450.52,6377.17,3303.79,614.4,614.4
12523.9,9450.52,6377.17,3303.79,614.4,614.4
12523.9,9450.52,6377.17,3303.79,614.4,614.4
12523.9,9450.52,6377.17,3303.79,614.4,614.4
12523.9,9450.52,6377.17,3303.79,614.4,614.4
12523.9,9450.52,6377.17,3303.79,614.4,614.4
12523.9,9450.52,6377.17,3303.79,614.4,614.4
12523.9,9450.52,6377.17,3303.79,614.4,614.4
12523.9,9450.52,6377.17,3303.79,614.4,614.4
12523.9,9450.52,6377.17,3303.79,614.4,614.4
12523.9,9450.52,6377.17,3303.79,614.4,614.4
12523.9,9450.52,6377.17,3303.79,614.4,614.4
12523.9,9450.52,6377.17,3303.79,614.4,614.4
12523.9,9450.52,6377.17,3303.79,614.4,614.4
12523.9,9450.52,6377.17,3303.79,614.4,614.4
12523.9,9450.52,6377.17,3303.79,614.4,614.4
12523.9,9450.52,6377.17,3303.79,614.4,614.4
12523.9,9450.52,6377.17,3303.79,614.4,614.4
12523.9,9450.52,6377.17,3303.79,614.4,614.4
12523.9,9450.52,6377.17,3303.79,614.4,614.4
12523.9,9450.52,6377.17,3303.79,614.4,614.4
12523.9,9450.52,6377.17,3303.79,614.4,614.4
12523.9,9450.52,6377.17,3303.79,614.4,614.4
12523.9,9450.52,6377.17,3303.79,614.4,614.4
12523.9,9450.52,6377.17,3303.79,614.4,614.4
12523.9,9450.52,6377.17,3303.79,614.4,614.4
12523.9,9450.52,6377.17,3303.79,614.4,614.4
12523.9,9450.52,6377.17,3303.79,614.4,614.4
12523.9,9450.52,6377.17,3303.79,614.4,614.4
12523.9,9450.52,6377.17,3303.79,614.4,614.4
12523.9,9450.52,6377.17,3303.79,614.4,614.4
12523.9,9450.52,6377.17,3303.79,614.4,614.4
12523.9,9450.52,6377.17,3303.79,614.4,614.4
12523.9,9450.52,6377.17,3303.79,614.4,614.4
12523.9,9450.52,6377.17,3303.79,614.4,614.4
12523.9,9450.52,6377.17,3303.79,614.4,614.4
12523.9,9450.52,6377.17,3303.79,614.4,614.4
12523.9,9450.52,6377.17,3303.79,614.4,614.4
12523.9,9450.52,6377.17,3303.79,614.4,614.4
12523.9,9450.52,6377.17,3303.79,614.4,614.4
12523.9,9450.52,6377.17,3303.79,614.4,614.4
12523.9,9450.52,6377.17,3303.79,614.4,614.4
12523.9,9450.52,6377.17,3303.79,614.4,614.4
12523.9,9450.52,6377.17,3303.79,614.4,614.4
12523.9,9450.52,6377.17,3303.79,614.4,614.4
12523.9,9450.52,6377.17,3303.79,614.4,614.4
12523.9,9450.52,6377.17,3303.79,614.4,614.4
12523.9,9450.52,6377.17,3303.79,614.4,614.4
12523.9,9450.52,6377.17,3303.79,614.4,614.4
12523.9,9450.52,6377.17,3303.79,614.4,614.4
12523.9,9450.52,6377.17,3303.79,614.4,614.4
12523.9,9450.52,6377.17,3303.79,614.4,614.4
12523.9,9450.52,6377.17,3303.79,614.4,614.4
12523.9,9450.52,6377.17,3303.79,614.4,614.4
12523.9,9450.52,6377.17,3303.79,614.4,614.4
12523.9,9450.52,6377.17,3303.79,614.4,614.4
12523.9,9450.52,6377.17,3303.79,614.4,614.4
12523.9,9450.52,6377.17,3303.79,614.4,614.4
12523.9,9450.52,6377.17,3303.79,614.4,614.4
12523.9,9450.52,6377.17,3303.79,614.4,614.4
12523.9,9450.52,6377.17,3303.79,614.4,614.4
12523.9,9450.52,6377.17,3303.79,614.4,614.4
12523.9,9450.52,6377.17,3303.79,614.4,614.4
12523.9,9450.52,6377.17,3303.79,614.4,614.4
12523.9,9450.52,6377.17,3303.79,614.4,614.4
12523.9,9450.52,6377.17,3303.79,614.4,614.4
12523.9,9450.52,6377.17,3303.79,614.4,614.4
12523.9,9450.52,6377.17,3303.79,614.4,614.4
12523.9,9450.52,6377.17,3303.79,614.4,614.4
12523.9,9450.52,6377.17,3303.79,614.4,614.4
12523.9,9450.52,6377.17,3303.79,614.4,614.4
12523.9,9450.52,6377.17,3303.79,614.4,614.4
12523.9,9450.52,6377.17,3303.79,614.4,614.4
12523.9,9450.52,6377.17,3303.79,614.4,614.4
12523.9,9450.52,6377.17,3303.79,614.4,614.4
12523.9,9450.52,6377.17,3303.79,614.4,614.4
12523.9,9450.52,6377.17,3303.79,614.4,614.4
12523.9,9450.52,6377.17,3303.79,614.4,614.4
12523.9,9450.52,6377.17,3303.79,614.4,614.4
12523.9,9450.52,6377.17,3303.79,614.4,614.4
12523.9,9450.52,6377.17,3303.79,614.4,614.4
12523.9,9450.52,6377.17,3303.79,614.4,614.4
12523.9,9450.52,6377.17,3303.79,614.4,614.4
12523.9,9450.52,6377.17,3303.79,614.4,614.4
12523.9,9450.52,6377.17,3303.79,614.4,614.4
12523.9,9450.52,6377.17,3303.79,614.4,614.4
12523.9,9450.52,6377.17,3303.79,614.4,614.4
12523.9,9450.52,6377.17,3303.79,614.4,614.4
12523.9,9450.52,6377.17,3303.79,614.4,614.4
12523.9,9450.52,6377.17,3303.79,614.4,614.4
12523.9,9450.52,6377.17,3303.79,614.4,614.4
12523.9,9450.52,6377.17,3303.79,614.4,614.4
12523.9,9450.52,6377.17,3303.79,614.4,614.4
12523.9,9450.52,6377.17,3303.79,614.4,614.4
12523.9,9450.52,6377.17,3303.79,614.4,614.4
12523.9,9450.52,6377.17,3303.79,614.4,614.4
12523.9,9450.52,6377.17,3303.79,614.4,614.4
12523.9,9450.52,6377.17,3303.79,614.4,614.4
12523.9,9450.52,6377.17,3303.79,614.4,614.4
12523.9,9450.52,6377.17,3303.79,614.4,614.4
12523.9,9450.52,6377.17,3303.79,614.4,614.4
12523.9,9450.52,6377.17,3303.79,614.4,614.4
12523.9,9450.52,6377.17,3303.79,614.4,614.4
12523.9,9450.52,6377.17,3303.79,614.4,614.4
12523.9,9450.52,6377.17,3303.79,614.4,614.4
12523.9,9450.52,6377.17,3303.79,614.4,614.4
12523.9,9450.52,6377.17,3303.79,614.4,614.4
12523.9,9450.52,6377.17,3303.79,614.4,614.4
12523.9,9450.52,6377.17,3303.79,614.4,614.4
12523.9,9450.52,6377.17,3303.79,614.4,614.4
12523.9,9450.52,6377.17,3303.79,614.4,614.4
12523.9,9450.52,6377.17,3303.79,614.4,614.4
12523.9,9450.52,6377.17,3303.79,614.4,614.4
12523.9,9450.52,6377.17,3303.79,614.4,614.4
12523.9,9450.52,6377.17,3303.79,614.4,614.4
12523.9,9450.52,6377.17,3303.79,614.4,614.4
12523.9,9450.52,6377.17,3303.79,614.4,614.4
12523.9,9450.52,6377.17,3303.79,614.4,614.4
12523.9,9450.52,6377.17,3303.79,614.4,614.4
12523.9,9450.52,6377.17,3303.79,614.4,614.4
12523.9,9450.52,6377.17,3303.79,614.4,614.4
12523.9,9450.52,6377.17,3303.79,614.4,614.4
12523.9,9450.52,6377.17,3303.79,614.4,614.4
12523.9,9450.52,6377.17,3303.79,614.4,614.4
12523.9,9450.52,6377.17,3303.79,614.4,614.4
12523.9,9450.52,6377.17,3303.79,614.4,614.4
12523.9,9450.52,6377.17,3303.79,614.4,614.4
12523.9,9450.52,6377.17,3303.79,614.4,614.4
12523.9,9450.52,6377.17,3303.79,614.4,614.4
12523.9,9450.52,6377.17,3303.79,614.4,614.4
12523.9,9450.52,6377.17,3303.79,614.4,614.4
12523.9,9450.52,6377.17,3303.79,614.4,614.4
12523.9,9450.52,6377.17,3303.79,614.4,614.4
12523.9,9450.52,6377.17,3303.79,614.4,614.4
12523.9,9450.52,6377.17,3303.79,614.4,614.4
12523.9,9450.52,6377.17,3303.79,614.4,614.4
12523.9,9450.52,6377.17,3303.79,614.4,614.4
12523.9,9450.52,6377.17,3303.79,614.4,614.4
12523.9,9450.52,6377.17,3303.79,614.4,614.4
12523.9,9450.52,6377.17,3303.79,614.4,614.4
12523.9,9450.52,6377.17,3303.79,614.4,614.4
12523.9,9450.52,6377.17,3303.79,614.4,614.4
12523.9,9450.52,6377.17,3303.79,614.4,614.4
12523.9,9450.52,6377.17,3303.79,614.4,614.4
12523.9,9450.52,6377.17,3303.79,614.4,614.4
12523.9,9450.52,6377.17,3303.79,614.4,614.4
12523.9,9450.52,6377.17,3303.79,614.4,614.4
12523.9,9450.52,6377.17,3303.79,614.4,614.4
12523.9,9450.52,6377.17,3303.79,614.4,614.4
12523.9,9450.52,6377.17,3303.79,614.4,614.4
12523.9,9450.52,6377.17,3303.79,614.4,614.4
12523.9,9450.52,6377.17,3303.79,614.4,614.4
12523.9,9450.52,6377.17,3303.79,614.4,614.4
12523.9,9450.52,6377.17,3303.79,614.4,614.4
12523.9,9450.52,6377.17,3303.79,614.4,614.4
12523.9,9450.52,6377.17,3303.79,614.4,614.4
12523.9,9450.52,6377.17,3303.79,614.4,614.4
12523.9,9450.52,6377.17,3303.79,614.4,614.4
12523.9,9450.52,6377.17,3303.79,614.4,614.4
12523.9,9450.52,6377.17,3303.79,614.4,614.4
12523.9,9450.52,6377.17,3303.79,614.4,614.4
12523.9,9450.52,6377.17,3303.79,614.4,614.4
12523.9,9450.52,6377.17,3303.79,614.4,614.4
12523.9,9450.52,6377.17,3303.79,614.4,614.4
12523.9,9450.52,6377.17,3303.79,614.4,614.4
12523.9,9450.52,6377.17,3303.79,614.4,614.4
12523.9,9450.52,6377.17,3303.79,614.4,614.4
12523.9,9450.52,6377.17,3303.79,614.4,614.4
12523.9,9450.52,6377.17,3303.79,614.4,614.4
12523.9,9450.52,6377.17,3303.79,614.4,614.4
12523.9,9450.52,6377.17,3303.79,614.4,614.4
12523.9,9450.52,6377.17,3303.79,614.4,614.4
12523.9,9450.52,6377.17,3303.79,614.4,614.4
12523.9,9450.52,6377.17,3303.79,614.4,614.4
12523.9,9450.52,6377.17,3303.79,614.4,614.4
12523.9,9450.52,6377.17,3303.79,614.4,614.4
12523.9,9450.52,6377.17,3303.79,614.4,614.4
12523.9,9450.52,6377.17,3303.79,614.4,614.4
12523.9,9450.52,6377.17,3303.79,614.4,614.4
12523.9,9450.52,6377.17,3303.79,614.4,614.4
12523.9,9450.52,6377.17,3303.79,614.4,614.4
12523.9,9450.52,6377.17,3303.79,614.4,614.4
12523.9,9450.52,6377.17,3303.79,614.4,614.4
12523.9,9450.52,6377.17,3303.79,614.4,614.4
12523.9,9450.52,6377.17,3303.79,614.4,614.4
12523.9,9450.52,6377.17,3303.79,614.4,614.4
12523.9,9450.52,6377.17,3303.79,614.4,614.4
12523.9,9450.52,6377.17,3303.79,614.4,614.4
12523.9,9450.52,6377.17,3303.79,614.4,614.4
12523.9,9450.52,6377.17,3303.79,614.4,614.4
12523.9,9450.52,6377.17,3303.79,614.4,614.4
12523.9,9450.52,6377.17,3303.79,614.4,614.4
12523.9,9450.52,6377.17,3303.79,614.4,614.4
12523.9,9450.52,6377.17,3303.79,614.4,614.4
12523.9,9450.52,6377.17,3303.79,614.4,614.4
12523.9,9450.52,6377.17,3303.79,614.4,614.4
12523.9,9450.52,6377.17,3303.79,614.4,614.4
12523.9,9450.52,6377.17,3303.79,614.4,614.4
12523.9,9450.52,6377.17,3303.79,614.4,614.4
12523.9,9450.52,6377.17,3303.79,614.4,614.4
12523.9,9450.52,6377.17,3303.79,614.4,614.4
12523.9,9450.52,6377.17,3303.79,614.4,614.4
12523.9,9450.52,6377.17,3303.79,614.4,614.4
12523.9,9450.52,6377.17,3303.79,614.4,614.4
12523.9,9450.52,6377.17,3303.79,614.4,614.4
12523.9,9450.52,6377.17,3303.79,614.4,614.4
12523.9,9450.52,6377.17,3303.79,614.4,614.4
12523.9,9450.52,6377.17,3303.79,614.4,614.4
12523.9,9450.52,6377.17,3303.79,614.4,614.4
12523.9,9450.52,6377.17,3303.79,614.4,614.4
12523.9,9450.52,6377.17,3303.79,614.4,614.4
12523.9,9450.52,6377.17,3303.79,614.4,614.4
12523.9,9450.52,6377.17,3303.79,614.4,614.4
12523.9,9450.52,6377.17,3303.79,614.4,614.4
12523.9,9450.52,6377.17,3303.79,614.4,614.4
12523.9,9450.52,6377.17,3303.79,614.4,614.4
12523.9,9450.52,6377.17,3303.79,614.4,614.4
12523.9,9450.52,6377.17,3303.79,614.4,614.4
12523.9,9450.52,6377.17,3303.79,614.4,614.4
12523.9,9450.52,6377.17,3303.79,614.4,614.4
12523.9,9450.52,6377.17,3303.79,614.4,614.4
12523.9,9450.52,6377.17,3303.79,614.4,614.4
12523.9,9450.52,6377.17,3303.79,614.4,614.4
12523.9,9450.52,6377.17,3303.79,614.4,614.4
12523.9,9450.52,6377.17,3303.79,614.4,614.4
12523.9,9450.52,6377.17,3303.79,614.4,614.4
12523.9,9450.52,6377.17,3303.79,614.4,614.4
12523.9,9450.52,6377.17,3303.79,614.4,614.4
12523.9,9450.52,6377.17,3303.79,614.4,614.4
12523.9,9450.52,6377.17,3303.79,614.4,614.4
12523.9,9450.52,6377.17,3303.79,614.4,614.4
12523.9,9450.52,6377.17,3303.79,614.4,614.4
12523.9,9450.52,6377.17,3303.79,614.4,614.4
12523.9,9450.52,6377.17,3303.79,614.4,614.4
12523.9,9450.52,6377.17,3303.79,614.4,614.4
12523.9,9450.52,6377.17,3303.79,614.4,614.4
12523.9,9450.52,6377.17,3303.79,614.4,614.4
12523.9,9450.52,6377.17,3303.79,614.4,614.4
12523.9,9450.52,6377.17,3303.79,614.4,614.4
12523.9,9450.52,6377.17,3303.79,614.4,614.4
12523.9,9450.52,6377.17,3303.79,614.4,614.4
12523.9,9450.52,6377.17,3303.79,614.4,614.4
12523.9,9450.52,6377.17,3303.79,614.4,614.4
12523.9,9450.52,6377.17,3303.79,614.4,614.4
12523.9,9450.52,6377.17,3303.79,614.4,614.4
12523.9,9450.52,6377.17,3303.79,614.4,614.4
12523.9,9450.52,6377.17,3303.79,614.4,614.4
12523.9,9450.52,6377.17,3303.79,614.4,614.4
12523.9,9450.52,6377.17,3303.79,614.4,614.4
12523.9,9450.52,6377.17,3303.79,614.4,614.4
12523.9,9450.52,6377.17,3303.79,614.4,614.4
12523.9,9450.52,6377.17,3303.79,614.4,614.4
12523.9,9450.52,6377.17,3303.79,614.4,614.4
12523.9,9450.52,6377.17,3303.79,614.4,614.4
12523.9,9450.52,6377.17,3303.79,614.4,614.4
12523.9,9450.52,6377.17,3303.79,614.4,614.4
12523.9,9450.52,6377.17,3303.79,614.4,614.4
12523.9,9450.52,6377.17,3303.79,614.4,614.4
12523.9,9450.52,6377.17,3303.79,614.4,614.4
12523.9,9450.52,6377.17,3303.79,614.4,614.4
12523.9,9450.52,6377.17,3303.79,614.4,614.4
12523.9,9450.52,6377.17,3303.79,614.4,614.4
12523.9,9450.52,6377.17,3303.79,614.4,614.4
12523.9,9450.52,6377.17,3303.79,614.4,614.4
12523.9,9450.52,6377.17,3303.79,614.4,614.4
12523.9,9450.52,6377.17,3303.79,614.4,614.4
12523.9,9450.52,6377.17,3303.79,614.4,614.4
12523.9,9450.52,6377.17,3303.79,614.4,614.4
12523.9,9450.52,6377.17,3303.79,614.4,614.4
12523.9,9450.52,6377.17,3303.79,614.4,614.4
12523.9,9450.52,6377.17,3303.79,614.4,614.4
12523.9,9450.52,6377.17,3303.79,614.4,614.4
12523.9,9450.52,6377.17,3303.79,614.4,614.4
12523.9,9450.52,6377.17,3303.79,614.4,614.4
12523.9,9450.52,6377.17,3303.79,614.4,614.4
12523.9,9450.52,6377.17,3303.79,614.4,614.4
12523.9,9450.52,6377.17,3303.79,614.4,614.4
12523.9,9450.52,6377.17,3303.79,614.4,614.4
12523.9,9450.52,6377.17,3303.79,614.4,614.4
12523.9,9450.52,6377.17,3303.79,614.4,614.4
12523.9,9450.52,6377.17,3303.79,614.4,614.4
12523.9,9450.52,6377.17,3303.79,614.4,614.4
12523.9,9450.52,6377.17,3303.79,614.4,614.4
12523.9,9450.52,6377.17,3303.79,614.4,614.4
12523.9,9450.52,6377.17,3303.79,614.4,614.4
12523.9,9450.52,6377.17,3303.79,614.4,614.4
12523.9,9450.52,6377.17,3303.79,614.4,614.4
12523.9,9450.52,6377.17,3303.79,614.4,614.4
12523.9,9450.52,6377.17,3303.79,614.4,614.4
12523.9,9450.52,6377.17,3303.79,614.4,614.4
12523.9,9450.52,6377.17,3303.79,614.4,614.4
12523.9,9450.52,6377.17,3303.79,614.4,614.4
12523.9,9450.52,6377.17,3303.79,614.4,614.4
12523.9,9450.52,6377.17,3303.79,614.4,614.4
12523.9,9450.52,6377.17,3303.79,614.4,614.4
12523.9,9450.52,6377.17,3303.79,614.4,614.4
12523.9,9450.52,6377.17,3303.79,614.4,614.4
12523.9,9450.52,6377.17,3303.79,614.4,614.4
12523.9,9450.52,6377.17,3303.79,614.4,614.4
12523.9,9450.52,6377.17,3303.79,614.4,614.4
12523.9,9450.52,6377.17,3303.79,614.4,614.4
12523.9,9450.52,6377.17,3303.79,614.4,614.4
12523.9,9450.52,6377.17,3303.79,614.4,614.4
12523.9,9450.52,6377.17,3303.79,614.4,614.4
12523.9,9450.52,6377.17,3303.79,614.4,614.4
12523.9,9450.52,6377.17,3303.79,614.4,614.4
12523.9,9450.52,6377.17,3303.79,614.4,614.4
12523.9,9450.52,6377.17,3303.79,614.4,614.4
12523.9,9450.52,6377.17,3303.79,614.4,614.4
12523.9,9450.52,6377.17,3303.79,614.4,614.4
12523.9,9450.52,6377.17,3303.79,614.4,614.4
12523.9,9450.52,6377.17,3303.79,614.4,614.4
12523.9,9450.52,6377.17,3303.79,614.4,614.4
12523.9,9450.52,6377.17,3303.79,614.4,614.4
12523.9,9450.52,6377.17,3303.79,614.4,614.4
12523.9,9450.52,6377.17,3303.79,614.4,614.4
12523.9,9450.52,6377.17,3303.79,614.4,614.4
12523.9,9450.52,6377.17,3303.79,614.4,614.4
12523.9,9450.52,6377.17,3303.79,614.4,614.4
12523.9,9450.52,6377.17,3303.79,614.4,614.4
12523.9,9450.52,6377.17,3303.79,614.4,614.4
12523.9,9450.52,6377.17,3303.79,614.4,614.4
12523.9,9450.52,6377.17,3303.79,614.4,614.4
12523.9,9450.52,6377.17,3303.79,614.4,614.4
12523.9,9450.52,6377.17,3303.79,614.4,614.4
12523.9,9450.52,6377.17,3303.79,614.4,614.4
12523.9,9450.52,6377.17,3303.79,614.4,614.4
12523.9,9450.52,6377.17,3303.79,614.4,614.4
12523.9,9450.52,6377.17,3303.79,614.4,614.4
12523.9,9450.52,6377.17,3303.79,614.4,614.4
12523.9,9450.52,6377.17,3303.79,614.4,614.4
12523.9,9450.52,6377.17,3303.79,614.4,614.4
12523.9,9450.52,6377.17,3303.79,614.4,614.4
12523.9,9450.52,6377.17,3303.79,614.4,614.4
12523.9,9450.52,6377.17,3303.79,614.4,614.4
12523.9,9450.52,6377.17,3303.79,614.4,614.4
12523.9,9450.52,6377.17,3303.79,614.4,614.4
12523.9,9450.52,6377.17,3303.79,614.4,614.4
12523.9,9450.52,6377.17,3303.79,614.4,614.4
12523.9,9450.52,6377.17,3303.79,614.4,614.4
12523.9,9450.52,6377.17,3303.79,614.4,614.4
12523.9,9450.52,6377.17,3303.79,614.4,614.4
12523.9,9450.52,6377.17,3303.79,614.4,614.4
12523.9,9450.52,6377.17,3303.79,614.4,614.4
12523.9,9450.52,6377.17,3303.79,614.4,614.4
12523.9,9450.52,6377.17,3303.79,614.4,614.4
12523.9,9450.52,6377.17,3303.79,614.4,614.4
12523.9,9450.52,6377.17,3303.79,614.4,614.4
12523.9,9450.52,6377.17,3303.79,614.4,614.4
12523.9,9450.52,6377.17,3303.79,614.4,614.4
12523.9,9450.52,6377.17,3303.79,614.4,614.4
12523.9,9450.52,6377.17,3303.79,614.4,614.4
12523.9,9450.52,6377.17,3303.79,614.4,614.4
12523.9,9450.52,6377.17,3303.79,614.4,614.4
12523.9,9450.52,6377.17,3303.79,614.4,614.4
12523.9,9450.52,6377.17,3303.79,614.4,614.4
12523.9,9450.52,6377.17,3303.79,614.4,614.4
12523.9,9450.52,6377.17,3303.79,614.4,614.4
12523.9,9450.52,6377.17,3303.79,614.4,614.4
12523.9,9450.52,6377.17,3303.79,614.4,614.4
12523.9,9450.52,6377.17,3303.79,614.4,614.4
12523.9,9450.52,6377.17,3303.79,614.4,614.4
12523.9,9450.52,6377.17,3303.79,614.4,614.4
12523.9,9450.52,6377.17,3303.79,614.4,614.4
12523.9,9450.52,6377.17,3303.79,614.4,614.4
12523.9,9450.52,6377.17,3303.79,614.4,614.4
12523.9,9450.52,6377.17,3303.79,614.4,614.4
12523.9,9450.52,6377.17,3303.79,614.4,614.4
12523.9,9450.52,6377.17,3303.79,614.4,614.4
12523.9,9450.52,6377.17,3303.79,614.4,614.4
12523.9,9450.52,6377.17,3303.79,614.4,614.4
12523.9,9450.52,6377.17,3303.79,614.4,614.4
12523.9,9450.52,6377.17,3303.79,614.4,614.4
12523.9,9450.52,6377.17,3303.79,614.4,614.4
12523.9,9450.52,6377.17,3303.79,614.4,614.4
12523.9,9450.52,6377.17,3303.79,614.4,614.4
12523.9,9450.52,6377.17,3303.79,614.4,614.4
12523.9,9450.52,6377.17,3303.79,614.4,614.4
12523.9,9450.52,6377.17,3303.79,614.4,614.4
12523.9,9450.52,6377.17,3303.79,614.4,614.4
12523.9,9450.52,6377.17,3303.79,614.4,614.4
12523.9,9450.52,6377.17,3303.79,614.4,614.4
12523.9,9450.52,6377.17,3303.79,614.4,614.4
12523.9,9450.52,6377.17,3303.79,614.4,614.4
12523.9,9450.52,6377.17,3303.79,614.4,614.4
12523.9,9450.52,6377.17,3303.79,614.4,614.4
12523.9,9450.52,6377.17,3303.79,614.4,614.4
12523.9,9450.52,6377.17,3303.79,614.4,614.4
12523.9,9450.52,6377.17,3303.79,614.4,614.4
12523.9,9450.52,6377.17,3303.79,614.4,614.4
12523.9,9450.52,6377.17,3303.79,614.4,614.4
12523.9,9450.52,6377.17,3303.79,614.4,614.4
12523.9,9450.52,6377.17,3303.79,614.4,614.4
12523.9,9450.52,6377.17,3303.79,614.4,614.4
12523.9,9450.52,6377.17,3303.79,614.4,614.4
12523.9,9450.52,6377.17,3303.79,614.4,614.4
12523.9,9450.52,6377.17,3303.79,614.4,614.4
12523.9,9450.52,6377.17,3303.79,614.4,614.4
12523.9,9450.52,6377.17,3303.79,614.4,614.4
12523.9,9450.52,6377.17,3303.79,614.4,614.4
12523.9,9450.52,6377.17,3303.79,614.4,614.4
12523.9,9450.52,6377.17,3303.79,614.4,614.4
12523.9,9450.52,6377.17,3303.79,614.4,614.4
12523.9,9450.52,6377.17,3303.79,614.4,614.4
12523.9,9450.52,6377.17,3303.79,614.4,614.4
12523.9,9450.52,6377.17,3303.79,614.4,614.4
12523.9,9450.52,6377.17,3303.79,614.4,614.4
12523.9,9450.52,6377.17,3303.79,614.4,614.4
12523.9,9450.52,6377.17,3303.79,614.4,614.4
12523.9,9450.52,6377.17,3303.79,614.4,614.4
12523.9,9450.52,6377.17,3303.79,614.4,614.4
12523.9,9450.52,6377.17,3303.79,614.4,614.4
12523.9,9450.52,6377.17,3303.79,614.4,614.4
12523.9,9450.52,6377.17,3303.79,614.4,614.4
12523.9,9450.52,6377.17,3303.79,614.4,614.4
12523.9,9450.52,6377.17,3303.79,614.4,614.4
12523.9,9450.52,6377.17,3303.79,614.4,614.4
12523.9,9450.52,6377.17,3303.79,614.4,614.4
12523.9,9450.52,6377.17,3303.79,614.4,614.4
12523.9,9450.52,6377.17,3303.79,614.4,614.4
12523.9,9450.52,6377.17,3303.79,614.4,614.4
12523.9,9450.52,6377.17,3303.79,614.4,614.4
12523.9,9450.52,6377.17,3303.79,614.4,614.4
12523.9,9450.52,6377.17,3303.79,614.4,614.4
12523.9,9450.52,6377.17,3303.79,614.4,614.4
12523.9,9450.52,6377.17,3303.79,614.4,614.4
12523.9,9450.52,6377.17,3303.79,614.4,614.4
12523.9,9450.52,6377.17,3303.79,614.4,614.4
12523.9,9450.52,6377.17,3303.79,614.4,614.4
12523.9,9450.52,6377.17,3303.79,614.4,614.4
12523.9,9450.52,6377.17,3303.79,614.4,614.4
12523.9,9450.52,6377.17,3303.79,614.4,614.4
12523.9,9450.52,6377.17,3303.79,614.4,614.4
12523.9,9450.52,6377.17,3303.79,614.4,614.4
12523.9,9450.52,6377.17,3303.79,614.4,614.4
12523.9,9450.52,6377.17,3303.79,614.4,614.4
12523.9,9450.52,6377.17,3303.79,614.4,614.4
12523.9,9450.52,6377.17,3303.79,614.4,614.4
12523.9,9450.52,6377.17,3303.79,614.4,614.4
12523.9,9450.52,6377.17,3303.79,614.4,614.4
12523.9,9450.52,6377.17,3303.79,614.4,614.4
12523.9,9450.52,6377.17,3303.79,614.4,614.4
12523.9,9450.52,6377.17,3303.79,614.4,614.4
12523.9,9450.52,6377.17,3303.79,614.4,614.4
12523.9,9450.52,6377.17,3303.79,614.4,614.4
12523.9,9450.52,6377.17,3303.79,614.4,614.4
12523.9,9450.52,6377.17,3303.79,614.4,614.4
12523.9,9450.52,6377.17,3303.79,614.4,614.4
12523.9,9450.52,6377.17,3303.79,614.4,614.4
12523.9,9450.52,6377.17,3303.79,614.4,614.4
12523.9,9450.52,6377.17,3303.79,614.4,614.4
12523.9,9450.52,6377.17,3303.79,614.4,614.4
12523.9,9450.52,6377.17,3303.79,614.4,614.4
12523.9,9450.52,6377.17,3303.79,614.4,614.4
12523.9,9450.52,6377.17,3303.79,614.4,614.4
12523.9,9450.52,6377.17,3303.79,614.4,614.4
12523.9,9450.52,6377.17,3303.79,614.4,614.4
12523.9,9450.52,6377.17,3303.79,614.4,614.4
12523.9,9450.52,6377.17,3303.79,614.4,614.4
12523.9,9450.52,6377.17,3303.79,614.4,614.4
12523.9,9450.52,6377.17,3303.79,614.4,614.4
12523.9,9450.52,6377.17,3303.79,614.4,614.4
12523.9,9450.52,6377.17,3303.79,614.4,614.4
12523.9,9450.52,6377.17,3303.79,614.4,614.4
12523.9,9450.52,6377.17,3303.79,614.4,614.4
12523.9,9450.52,6377.17,3303.79,614.4,614.4
12523.9,9450.52,6377.17,3303.79,614.4,614.4
12523.9,9450.52,6377.17,3303.79,614.4,614.4
12523.9,9450.52,6377.17,3303.79,614.4,614.4
12523.9,9450.52,6377.17,3303.79,614.4,614.4
12523.9,9450.52,6377.17,3303.79,614.4,614.4
12523.9,9450.52,6377.17,3303.79,614.4,614.4
12523.9,9450.52,6377.17,3303.79,614.4,614.4
12523.9,9450.52,6377.17,3303.79,614.4,614.4
12523.9,9450.52,6377.17,3303.79,614.4,614.4
12523.9,9450.52,6377.17,3303.79,614.4,614.4
12523.9,9450.52,6377.17,3303.79,614.4,614.4
12523.9,9450.52,6377.17,3303.79,614.4,614.4
12523.9,9450.52,6377.17,3303.79,614.4,614.4
12523.9,9450.52,6377.17,3303.79,614.4,614.4
12523.9,9450.52,6377.17,3303.79,614.4,614.4
12523.9,9450.52,6377.17,3303.79,614.4,614.4
12523.9,9450.52,6377.17,3303.79,614.4,614.4
12523.9,9450.52,6377.17,3303.79,614.4,614.4
12523.9,9450.52,6377.17,3303.79,614.4,614.4
12523.9,9450.52,6377.17,3303.79,614.4,614.4
12523.9,9450.52,6377.17,3303.79,614.4,614.4
12523.9,9450.52,6377.17,3303.79,614.4,614.4
12523.9,9450.52,6377.17,3303.79,614.4,614.4
12523.9,9450.52,6377.17,3303.79,614.4,614.4
12523.9,9450.52,6377.17,3303.79,614.4,614.4
12523.9,9450.52,6377.17,3303.79,614.4,614.4
12523.9,9450.52,6377.17,3303.79,614.4,614.4
12523.9,9450.52,6377.17,3303.79,614.4,614.4
12523.9,9450.52,6377.17,3303.79,614.4,614.4
12523.9,9450.52,6377.17,3303.79,614.4,614.4
12523.9,9450.52,6377.17,3303.79,614.4,614.4
12523.9,9450.52,6377.17,3303.79,614.4,614.4
12523.9,9450.52,6377.17,3303.79,614.4,614.4
12523.9,9450.52,6377.17,3303.79,614.4,614.4
12523.9,9450.52,6377.17,3303.79,614.4,614.4
12523.9,9450.52,6377.17,3303.79,614.4,614.4
12523.9,9450.52,6377.17,3303.79,614.4,614.4
12523.9,9450.52,6377.17,3303.79,614.4,614.4
12523.9,9450.52,6377.17,3303.79,614.4,614.4
12523.9,9450.52,6377.17,3303.79,614.4,614.4
12523.9,9450.52,6377.17,3303.79,614.4,614.4
12523.9,9450.52,6377.17,3303.79,614.4,614.4
12523.9,9450.52,6377.17,3303.79,614.4,614.4
12523.9,9450.52,6377.17,3303.79,614.4,614.4
12523.9,9450.52,6377.17,3303.79,614.4,614.4
12523.9,9450.52,6377.17,3303.79,614.4,614.4
12523.9,9450.52,6377.17,3303.79,614.4,614.4
12523.9,9450.52,6377.17,3303.79,614.4,614.4
12523.9,9450.52,6377.17,3303.79,614.4,614.4
12523.9,9450.52,6377.17,3303.79,614.4,614.4
12523.9,9450.52,6377.17,3303.79,614.4,614.4
12523.9,9450.52,6377.17,3303.79,614.4,614.4
12523.9,9450.52,6377.17,3303.79,614.4,614.4
12523.9,9450.52,6377.17,3303.79,614.4,614.4
12523.9,9450.52,6377.17,3303.79,614.4,614.4
12523.9,9450.52,6377.17,3303.79,614.4,614.4
12523.9,9450.52,6377.17,3303.79,614.4,614.4
12523.9,9450.52,6377.17,3303.79,614.4,614.4
12523.9,9450.52,6377.17,3303.79,614.4,614.4
12523.9,9450.52,6377.17,3303.79,614.4,614.4
12523.9,9450.52,6377.17,3303.79,614.4,614.4
12523.9,9450.52,6377.17,3303.79,614.4,614.4
12523.9,9450.52,6377.17,3303.79,614.4,614.4
12523.9,9450.52,6377.17,3303.79,614.4,614.4
12523.9,9450.52,6377.17,3303.79,614.4,614.4
12523.9,9450.52,6377.17,3303.79,614.4,614.4
12523.9,9450.52,6377.17,3303.79,614.4,614.4
12523.9,9450.52,6377.17,3303.79,614.4,614.4
12523.9,9450.52,6377.17,3303.79,614.4,614.4
12523.9,9450.52,6377.17,3303.79,614.4,614.4
12523.9,9450.52,6377.17,3303.79,614.4,614.4
12523.9,9450.52,6377.17,3303.79,614.4,614.4
12523.9,9450.52,6377.17,3303.79,614.4,614.4
12523.9,9450.52,6377.17,3303.79,614.4,614.4
12523.9,9450.52,6377.17,3303.79,614.4,614.4
12523.9,9450.52,6377.17,3303.79,614.4,614.4
12523.9,9450.52,6377.17,3303.79,614.4,614.4
12523.9,9450.52,6377.17,3303.79,614.4,614.4
12523.9,9450.52,6377.17,3303.79,614.4,614.4
12523.9,9450.52,6377.17,3303.79,614.4,614.4
12523.9,9450.52,6377.17,3303.79,614.4,614.4
12523.9,9450.52,6377.17,3303.79,614.4,614.4
12523.9,9450.52,6377.17,3303.79,614.4,614.4
12523.9,9450.52,6377.17,3303.79,614.4,614.4
12523.9,9450.52,6377.17,3303.79,614.4,614.4
12523.9,9450.52,6377.17,3303.79,614.4,614.4
12523.9,9450.52,6377.17,3303.79,614.4,614.4
12523.9,9450.52,6377.17,3303.79,614.4,614.4
12523.9,9450.52,6377.17,3303.79,614.4,614.4
12523.9,9450.52,6377.17,3303.79,614.4,614.4
12523.9,9450.52,6377.17,3303.79,614.4,614.4
12523.9,9450.52,6377.17,3303.79,614.4,614.4
12523.9,9450.52,6377.17,3303.79,614.4,614.4
12523.9,9450.52,6377.17,3303.79,614.4,614.4
12523.9,9450.52,6377.17,3303.79,614.4,614.4
12523.9,9450.52,6377.17,3303.79,614.4,614.4
12523.9,9450.52,6377.17,3303.79,614.4,614.4
12523.9,9450.52,6377.17,3303.79,614.4,614.4
12523.9,9450.52,6377.17,3303.79,614.4,614.4
12523.9,9450.52,6377.17,3303.79,614.4,614.4
12524.98,9451.61,6378.26,3304.87,614.4,614.4
12524.98,9451.61,6378.26,3304.87,614.4,614.4
12524.98,9451.61,6378.26,3304.87,614.4,614.4
12524.98,9451.61,6378.26,3304.87,614.4,614.4
12524.98,9451.61,6378.26,3304.87,614.4,614.4
12524.98,9451.61,6378.26,3304.87,614.4,614.4
12524.98,9451.61,6378.26,3304.87,614.4,614.4
12524.98,9451.61,6378.26,3304.87,614.4,614.4
12524.98,9451.61,6378.26,3304.87,614.4,614.4
12524.98,9451.61,6378.26,3304.87,614.4,614.4
12524.98,9451.61,6378.26,3304.87,614.4,614.4
12524.98,9451.61,6378.26,3304.87,614.4,614.4
12524.98,9451.61,6378.26,3304.87,614.4,614.4
12524.98,9451.61,6378.26,3304.87,614.4,614.4
12524.98,9451.61,6378.26,3304.87,614.4,614.4
12524.98,9451.61,6378.26,3304.87,614.4,614.4
12524.98,9451.61,6378.26,3304.87,614.4,614.4
12524.98,9451.61,6378.26,3304.87,614.4,614.4
12524.98,9451.61,6378.26,3304.87,614.4,614.4
12524.98,9451.61,6378.26,3304.87,614.4,614.4
12524.98,9451.61,6378.26,3304.87,614.4,614.4
12524.98,9451.61,6378.26,3304.87,614.4,614.4
12524.98,9451.61,6378.26,3304.87,614.4,614.4
12524.98,9451.61,6378.26,3304.87,614.4,614.4
12524.98,9451.61,6378.26,3304.87,614.4,614.4
12524.98,9451.61,6378.26,3304.87,614.4,614.4
12524.98,9451.61,6378.26,3304.87,614.4,614.4
12524.98,9451.61,6378.26,3304.87,614.4,614.4
12524.98,9451.61,6378.26,3304.87,614.4,614.4
12524.98,9451.61,6378.26,3304.87,614.4,614.4
12524.98,9451.61,6378.26,3304.87,614.4,614.4
12524.98,9451.61,6378.26,3304.87,614.4,614.4
12524.98,9451.61,6378.26,3304.87,614.4,614.4
12524.98,9451.61,6378.26,3304.87,614.4,614.4
12524.98,9451.61,6378.26,3304.87,614.4,614.4
12524.98,9451.61,6378.26,3304.87,614.4,614.4
12524.98,9451.61,6378.26,3304.87,614.4,614.4
12524.98,9451.61,6378.26,3304.87,614.4,614.4
12524.98,9451.61,6378.26,3304.87,614.4,614.4
12524.98,9451.61,6378.26,3304.87,614.4,614.4
12524.98,9451.61,6378.26,3304.87,614.4,614.4
12524.98,9451.61,6378.26,3304.87,614.4,614.4
12524.98,9451.61,6378.26,3304.87,614.4,614.4
12524.98,9451.61,6378.26,3304.87,614.4,614.4
12524.98,9451.61,6378.26,3304.87,614.4,614.4
12524.98,9451.61,6378.26,3304.87,614.4,614.4
12524.98,9451.61,6378.26,3304.87,614.4,614.4
12524.98,9451.61,6378.26,3304.87,614.4,614.4
12524.98,9451.61,6378.26,3304.87,614.4,614.4
12524.98,9451.61,6378.26,3304.87,614.4,614.4
12524.98,9451.61,6378.26,3304.87,614.4,614.4
12524.98,9451.61,6378.26,3304.87,614.4,614.4
12524.98,9451.61,6378.26,3304.87,614.4,614.4
12524.98,9451.61,6378.26,3304.87,614.4,614.4
12524.98,9451.61,6378.26,3304.87,614.4,614.4
12524.98,9451.61,6378.26,3304.87,614.4,614.4
12524.98,9451.61,6378.26,3304.87,614.4,614.4
12524.98,9451.61,6378.26,3304.87,614.4,614.4
12524.98,9451.61,6378.26,3304.87,614.4,614.4
12524.98,9451.61,6378.26,3304.87,614.4,614.4
12524.98,9451.61,6378.26,3304.87,614.4,614.4
12524.98,9451.61,6378.26,3304.87,614.4,614.4
12524.98,9451.61,6378.26,3304.87,614.4,614.4
12524.98,9451.61,6378.26,3304.87,614.4,614.4
12524.98,9451.61,6378.26,3304.87,614.4,614.4
12524.98,9451.61,6378.26,3304.87,614.4,614.4
12524.98,9451.61,6378.26,3304.87,614.4,614.4
12524.98,9451.61,6378.26,3304.87,614.4,614.4
12524.98,9451.61,6378.26,3304.87,614.4,614.4
12524.98,9451.61,6378.26,3304.87,614.4,614.4
12524.98,9451.61,6378.26,3304.87,614.4,614.4
12524.98,9451.61,6378.26,3304.87,614.4,614.4
12524.98,9451.61,6378.26,3304.87,614.4,614.4
12524.98,9451.61,6378.26,3304.87,614.4,614.4
12524.98,9451.61,6378.26,3304.87,614.4,614.4
12524.98,9451.61,6378.26,3304.87,614.4,614.4
12524.98,9451.61,6378.26,3304.87,614.4,614.4
12524.98,9451.61,6378.26,3304.87,614.4,614.4
12524.98,9451.61,6378.26,3304.87,614.4,614.4
12524.98,9451.61,6378.26,3304.87,614.4,614.4
12524.98,9451.61,6378.26,3304.87,614.4,614.4
12524.98,9451.61,6378.26,3304.87,614.4,614.4
12524.98,9451.61,6378.26,3304.87,614.4,614.4
12524.98,9451.61,6378.26,3304.87,614.4,614.4
12524.98,9451.61,6378.26,3304.87,614.4,614.4
12524.98,9451.61,6378.26,3304.87,614.4,614.4
12524.98,9451.61,6378.26,3304.87,614.4,614.4
12524.98,9451.61,6378.26,3304.87,614.4,614.4
12524.98,9451.61,6378.26,3304.87,614.4,614.4
12524.98,9451.61,6378.26,3304.87,614.4,614.4
12524.98,9451.61,6378.26,3304.87,614.4,614.4
12524.98,9451.61,6378.26,3304.87,614.4,614.4
12524.98,9451.61,6378.26,3304.87,614.4,614.4
12524.98,9451.61,6378.26,3304.87,614.4,614.4
12524.98,9451.61,6378.26,3304.87,614.4,614.4
12524.98,9451.61,6378.26,3304.87,614.4,614.4
12524.98,9451.61,6378.26,3304.87,614.4,614.4
12528.78,9455.41,6382.06,3308.67,614.4,614.4
12530.42,9457.06,6383.71,3310.32,614.4,614.4
12530.42,9457.06,6383.71,3310.32,614.4,614.4
12530.42,9457.06,6383.71,3310.32,614.4,614.4
12530.42,9457.06,6383.71,3310.32,614.4,614.4
12530.42,9457.06,6383.71,3310.32,614.4,614.4
12530.42,9457.06,6383.71,3310.32,614.4,614.4
12530.42,9457.06,6383.71,3310.32,614.4,614.4
12530.42,9457.06,6383.71,3310.32,614.4,614.4
12530.42,9457.06,6383.71,3310.32,614.4,614.4
12530.42,9457.06,6383.71,3310.32,614.4,614.4
12530.42,9457.06,6383.71,3310.32,614.4,614.4
12530.42,9457.06,6383.71,3310.32,614.4,614.4
12530.42,9457.06,6383.71,3310.32,614.4,614.4
12530.42,9457.06,6383.71,3310.32,614.4,614.4
12530.42,9457.06,6383.71,3310.32,614.4,614.4
12530.42,9457.06,6383.71,3310.32,614.4,614.4
12530.42,9457.06,6383.71,3310.32,614.4,614.4
12530.42,9457.06,6383.71,3310.32,614.4,614.4
12530.42,9457.06,6383.71,3310.32,614.4,614.4
12530.42,9457.06,6383.71,3310.32,614.4,614.4
12530.42,9457.06,6383.71,3310.32,614.4,614.4
12530.42,9457.06,6383.71,3310.32,614.4,614.4
12530.42,9457.06,6383.71,3310.32,614.4,614.4
12530.75,9457.38,6384.04,3310.65,614.4,614.4
12530.75,9457.38,6384.04,3310.65,614.4,614.4
12530.75,9457.38,6384.04,3310.65,614.4,614.4
12530.75,9457.38,6384.04,3310.65,614.4,614.4
12530.75,9457.38,6384.04,3310.65,614.4,614.4
12530.75,9457.38,6384.04,3310.65,614.4,614.4
12530.75,9457.38,6384.04,3310.65,614.4,614.4
12530.75,9457.38,6384.04,3310.65,614.4,614.4
12530.75,9457.38,6384.04,3310.65,614.4,614.4
12530.75,9457.38,6384.04,3310.65,614.4,614.4
12530.75,9457.38,6384.04,3310.65,614.4,614.4
12530.75,9457.38,6384.04,3310.65,614.4,614.4
12530.75,9457.38,6384.04,3310.65,614.4,614.4
12530.75,9457.38,6384.04,3310.65,614.4,614.4
12530.75,9457.38,6384.04,3310.65,614.4,614.4
12530.75,9457.38,6384.04,3310.65,614.4,614.4
12530.75,9457.38,6384.04,3310.65,614.4,614.4
12530.75,9457.38,6384.04,3310.65,614.4,614.4
12530.75,9457.38,6384.04,3310.65,614.4,614.4
12530.75,9457.38,6384.04,3310.65,614.4,614.4
12530.75,9457.38,6384.04,3310.65,614.4,614.4
12530.75,9457.38,6384.04,3310.65,614.4,614.4
12530.75,9457.38,6384.04,3310.65,614.4,614.4
12530.75,9457.38,6384.04,3310.65,614.4,614.4
12530.75,9457.38,6384.04,3310.65,614.4,614.4
12530.75,9457.38,6384.04,3310.65,614.4,614.4
12530.75,9457.38,6384.04,3310.65,614.4,614.4
12530.75,9457.38,6384.04,3310.65,614.4,614.4
12530.75,9457.38,6384.04,3310.65,614.4,614.4
12530.75,9457.38,6384.04,3310.65,614.4,614.4
12530.75,9457.38,6384.04,3310.65,614.4,614.4
12530.75,9457.38,6384.04,3310.65,614.4,614.4
12530.75,9457.38,6384.04,3310.65,614.4,614.4
12530.75,9457.38,6384.04,3310.65,614.4,614.4
12530.75,9457.38,6384.04,3310.65,614.4,614.4
12530.75,9457.38,6384.04,3310.65,614.4,614.4
12530.75,9457.38,6384.04,3310.65,614.4,614.4
12530.75,9457.38,6384.04,3310.65,614.4,614.4
12530.75,9457.38,6384.04,3310.65,614.4,614.4
12530.75,9457.38,6384.04,3310.65,614.4,614.4
12530.75,9457.38,6384.04,3310.65,614.4,614.4
12530.75,9457.38,6384.04,3310.65,614.4,614.4
12530.75,9457.38,6384.04,3310.65,614.4,614.4
12530.75,9457.38,6384.04,3310.65,614.4,614.4
12530.75,9457.38,6384.04,3310.65,614.4,614.4
12530.75,9457.38,6384.04,3310.65,614.4,614.4
12530.75,9457.38,6384.04,3310.65,614.4,614.4
12530.75,9457.38,6384.04,3310.65,614.4,614.4
12530.75,9457.38,6384.04,3310.65,614.4,614.4
12530.75,9457.38,6384.04,3310.65,614.4,614.4
12530.75,9457.38,6384.04,3310.65,614.4,614.4
12530.75,9457.38,6384.04,3310.65,614.4,614.4
12530.75,9457.38,6384.04,3310.65,614.4,614.4
12530.75,9457.38,6384.04,3310.65,614.4,614.4
12530.75,9457.38,6384.04,3310.65,614.4,614.4
12530.75,9457.38,6384.04,3310.65,614.4,614.4
12530.75,9457.38,6384.04,3310.65,614.4,614.4
12530.75,9457.38,6384.04,3310.65,614.4,614.4
12530.75,9457.38,6384.04,3310.65,614.4,614.4
12530.75,9457.38,6384.04,3310.65,614.4,614.4
12530.75,9457.38,6384.04,3310.65,614.4,614.4
12530.75,9457.38,6384.04,3310.65,614.4,614.4
12530.75,9457.38,6384.04,3310.65,614.4,614.4
12530.75,9457.38,6384.04,3310.65,614.4,614.4
12530.75,9457.38,6384.04,3310.65,614.4,614.4
12530.75,9457.38,6384.04,3310.65,614.4,614.4
12530.75,9457.38,6384.04,3310.65,614.4,614.4
12530.75,9457.38,6384.04,3310.65,614.4,614.4
12530.75,9457.38,6384.04,3310.65,614.4,614.4
12530.75,9457.38,6384.04,3310.65,614.4,614.4
12530.75,9457.38,6384.04,3310.65,614.4,614.4
12530.75,9457.38,6384.04,3310.65,614.4,614.4
12530.75,9457.38,6384.04,3310.65,614.4,614.4
12530.75,9457.38,6384.04,3310.65,614.4,614.4
12535.37,9461.99,6388.66,3315.27,614.4,614.4
12539.3,9465.92,6392.59,3319.2,614.4,614.4
12539.3,9465.92,6392.59,3319.2,614.4,614.4
12539.3,9465.92,6392.59,3319.2,614.4,614.4
12539.3,9465.92,6392.59,3319.2,614.4,614.4
12539.3,9465.92,6392.59,3319.2,614.4,614.4
12539.3,9465.92,6392.59,3319.2,614.4,614.4
12539.3,9465.92,6392.59,3319.2,614.4,614.4
12539.3,9465.92,6392.59,3319.2,614.4,614.4
12539.3,9465.92,6392.59,3319.2,614.4,614.4
12539.3,9465.92,6392.59,3319.2,614.4,614.4
12539.3,9465.92,6392.59,3319.2,614.4,614.4
12539.3,9465.92,6392.59,3319.2,614.4,614.4
12539.3,9465.92,6392.59,3319.2,614.4,614.4
12539.3,9465.92,6392.59,3319.2,614.4,614.4
12539.3,9465.92,6392.59,3319.2,614.4,614.4
12539.3,9465.92,6392.59,3319.2,614.4,614.4
12539.3,9465.92,6392.59,3319.2,614.4,614.4
12539.3,9465.92,6392.59,3319.2,614.4,614.4
12539.3,9465.92,6392.59,3319.2,614.4,614.4
12539.3,9465.92,6392.59,3319.2,614.4,614.4
12539.3,9465.92,6392.59,3319.2,614.4,614.4
12539.66,9466.27,6392.94,3319.56,614.4,614.4
12541.13,9467.73,6394.4,3321.03,614.4,614.4
12541.13,9467.73,6394.4,3321.03,614.4,614.4
12541.13,9467.73,6394.4,3321.03,614.4,614.4
12541.13,9467.73,6394.4,3321.03,614.4,614.4
12541.13,9467.73,6394.4,3321.03,614.4,614.4
12541.13,9467.73,6394.4,3321.03,614.4,614.4
12541.13,9467.73,6394.4,3321.03,614.4,614.4
12541.13,9467.73,6394.4,3321.03,614.4,614.4
12541.13,9467.73,6394.4,3321.03,614.4,614.4
12541.13,9467.73,6394.4,3321.03,614.4,614.4
12541.13,9467.73,6394.4,3321.03,614.4,614.4
12541.13,9467.73,6394.4,3321.03,614.4,614.4
12541.13,9467.73,6394.4,3321.03,614.4,614.4
12541.13,9467.73,6394.4,3321.03,614.4,614.4
12541.13,9467.73,6394.4,3321.03,614.4,614.4
12541.13,9467.73,6394.4,3321.03,614.4,614.4
12541.13,9467.73,6394.4,3321.03,614.4,614.4
12541.13,9467.73,6394.4,3321.03,614.4,614.4
12541.13,9467.73,6394.4,3321.03,614.4,614.4
12541.13,9467.73,6394.4,3321.03,614.4,614.4
12541.13,9467.73,6394.4,3321.03,614.4,614.4
12541.13,9467.73,6394.4,3321.03,614.4,614.4
12541.13,9467.73,6394.4,3321.03,614.4,614.4
12541.13,9467.73,6394.4,3321.03,614.4,614.4
12541.13,9467.73,6394.4,3321.03,614.4,614.4
12541.13,9467.73,6394.4,3321.03,614.4,614.4
12541.13,9467.73,6394.4,3321.03,614.4,614.4
12541.13,9467.73,6394.4,3321.03,614.4,614.4
12541.13,9467.73,6394.4,3321.03,614.4,614.4
12541.13,9467.73,6394.4,3321.03,614.4,614.4
12541.13,9467.73,6394.4,3321.03,614.4,614.4
12541.13,9467.73,6394.4,3321.03,614.4,614.4
12541.13,9467.73,6394.4,3321.03,614.4,614.4
12541.13,9467.73,6394.4,3321.03,614.4,614.4
12541.13,9467.73,6394.4,3321.03,614.4,614.4
12541.13,9467.73,6394.4,3321.03,614.4,614.4
12541.13,9467.73,6394.4,3321.03,614.4,614.4
12541.13,9467.73,6394.4,3321.03,614.4,614.4
12541.13,9467.73,6394.4,3321.03,614.4,614.4
12541.13,9467.73,6394.4,3321.03,614.4,614.4
12541.13,9467.73,6394.4,3321.03,614.4,614.4
12541.13,9467.73,6394.4,3321.03,614.4,614.4
12541.13,9467.73,6394.4,3321.03,614.4,614.4
12541.13,9467.73,6394.4,3321.03,614.4,614.4
12541.13,9467.73,6394.4,3321.03,614.4,614.4
12541.13,9467.73,6394.4,3321.03,614.4,614.4
12541.13,9467.73,6394.4,3321.03,614.4,614.4
12547.25,9473.85,6400.53,3327.15,614.4,614.4
12557.25,9483.85,6410.53,3337.15,614.4,614.4
12560.17,9486.77,6413.44,3340.06,614.4,614.4
12561.53,9488.14,6414.8,3341.42,614.4,614.4
12561.53,9488.14,6414.8,3341.42,614.4,614.4
12561.53,9488.14,6414.8,3341.42,614.4,614.4
12561.53,9488.14,6414.8,3341.42,614.4,614.4
12561.53,9488.14,6414.8,3341.42,614.4,614.4
12561.53,9488.14,6414.8,3341.42,614.4,614.4
12561.53,9488.14,6414.8,3341.42,614.4,614.4
12561.53,9488.14,6414.8,3341.42,614.4,614.4
12561.53,9488.14,6414.8,3341.42,614.4,614.4
12561.53,9488.14,6414.8,3341.42,614.4,614.4
12561.53,9488.14,6414.8,3341.42,614.4,614.4
12561.53,9488.14,6414.8,3341.42,614.4,614.4
12561.53,9488.14,6414.8,3341.42,614.4,614.4
12561.53,9488.14,6414.8,3341.42,614.4,614.4
12561.53,9488.14,6414.8,3341.42,614.4,614.4
12561.53,9488.14,6414.8,3341.42,614.4,614.4
12561.53,9488.14,6414.8,3341.42,614.4,614.4
12561.53,9488.14,6414.8,3341.42,614.4,614.4
12561.53,9488.14,6414.8,3341.42,614.4,614.4
12561.53,9488.14,6414.8,3341.42,614.4,614.4
12561.53,9488.14,6414.8,3341.42,614.4,614.4
12561.53,9488.14,6414.8,3341.42,614.4,614.4
12561.53,9488.14,6414.8,3341.42,614.4,614.4
12561.53,9488.14,6414.8,3341.42,614.4,614.4
12561.53,9488.14,6414.8,3341.42,614.4,614.4
12561.53,9488.14,6414.8,3341.42,614.4,614.4
12561.53,9488.14,6414.8,3341.42,614.4,614.4
12561.53,9488.14,6414.8,3341.42,614.4,614.4
12561.53,9488.14,6414.8,3341.42,614.4,614.4
12561.53,9488.14,6414.8,3341.42,614.4,614.4
12561.53,9488.14,6414.8,3341.42,614.4,614.4
12561.53,9488.14,6414.8,3341.42,614.4,614.4
12561.53,9488.14,6414.8,3341.42,614.4,614.4
12561.53,9488.14,6414.8,3341.42,614.4,614.4
12561.53,9488.14,6414.8,3341.42,614.4,614.4
12561.53,9488.14,6414.8,3341.42,614.4,614.4
12561.53,9488.14,6414.8,3341.42,614.4,614.4
12561.53,9488.14,6414.8,3341.42,614.4,614.4
12561.53,9488.14,6414.8,3341.42,614.4,614.4
12561.53,9488.14,6414.8,3341.42,614.4,614.4
12561.53,9488.14,6414.8,3341.42,614.4,614.4
12561.53,9488.14,6414.8,3341.42,614.4,614.4
12561.53,9488.14,6414.8,3341.42,614.4,614.4
12561.53,9488.14,6414.8,3341.42,614.4,614.4
12561.53,9488.14,6414.8,3341.42,614.4,614.4
12561.53,9488.14,6414.8,3341.42,614.4,614.4
12561.88,9488.49,6415.15,3341.77,614.4,614.4
12562.37,9488.97,6415.64,3342.26,614.4,614.4
12562.37,9488.97,6415.64,3342.26,614.4,614.4
12562.37,9488.97,6415.64,3342.26,614.4,614.4
12562.37,9488.97,6415.64,3342.26,614.4,614.4
12562.37,9488.97,6415.64,3342.26,614.4,614.4
12562.37,9488.97,6415.64,3342.26,614.4,614.4
12562.37,9488.97,6415.64,3342.26,614.4,614.4
12562.37,9488.97,6415.64,3342.26,614.4,614.4
12562.37,9488.97,6415.64,3342.26,614.4,614.4
12562.37,9488.97,6415.64,3342.26,614.4,614.4
12562.37,9488.97,6415.64,3342.26,614.4,614.4
12562.37,9488.97,6415.64,3342.26,614.4,614.4
12562.37,9488.97,6415.64,3342.26,614.4,614.4
12562.37,9488.97,6415.64,3342.26,614.4,614.4
12562.37,9488.97,6415.64,3342.26,614.4,614.4
12562.37,9488.97,6415.64,3342.26,614.4,614.4
12562.37,9488.97,6415.64,3342.26,614.4,614.4
12562.37,9488.97,6415.64,3342.26,614.4,614.4
12562.37,9488.97,6415.64,3342.26,614.4,614.4
12562.37,9488.97,6415.64,3342.26,614.4,614.4
12562.37,9488.97,6415.64,3342.26,614.4,614.4
12563.48,9490.08,6416.74,3343.36,614.4,614.4
12577.23,9503.84,6430.5,3357.12,614.4,614.4
12591.09,9517.7,6444.35,3370.98,614.4,614.4
12596.77,9523.37,6450.02,3376.66,614.4,614.4
12596.77,9523.37,6450.02,3376.66,614.4,614.4
12599.53,9526.13,6452.78,3379.42,614.4,614.4
12599.53,9526.13,6452.78,3379.42,614.4,614.4
12599.53,9526.13,6452.78,3379.42,614.4,614.4
12599.53,9526.13,6452.78,3379.42,614.4,614.4
12599.53,9526.13,6452.78,3379.42,614.4,614.4
12599.53,9526.13,6452.78,3379.42,614.4,614.4
12599.53,9526.13,6452.78,3379.42,614.4,614.4
12599.53,9526.13,6452.78,3379.42,614.4,614.4
12599.53,9526.13,6452.78,3379.42,614.4,614.4
12599.53,9526.13,6452.78,3379.42,614.4,614.4
12599.53,9526.13,6452.78,3379.42,614.4,614.4
12599.53,9526.13,6452.78,3379.42,614.4,614.4
12599.53,9526.13,6452.78,3379.42,614.4,614.4
12599.53,9526.13,6452.78,3379.42,614.4,614.4
12599.53,9526.13,6452.78,3379.42,614.4,614.4
12599.53,9526.13,6452.78,3379.42,614.4,614.4
12599.53,9526.13,6452.78,3379.42,614.4,614.4
12599.53,9526.13,6452.78,3379.42,614.4,614.4
12599.53,9526.13,6452.78,3379.42,614.4,614.4
12599.53,9526.13,6452.78,3379.42,614.4,614.4
12599.53,9526.13,6452.78,3379.42,614.4,614.4
12599.53,9526.13,6452.78,3379.42,614.4,614.4
12599.53,9526.13,6452.78,3379.42,614.4,614.4
12599.53,9526.13,6452.78,3379.42,614.4,614.4
12599.53,9526.13,6452.78,3379.42,614.4,614.4
12599.53,9526.13,6452.78,3379.42,614.4,614.4
12599.53,9526.13,6452.78,3379.42,614.4,614.4
12599.53,9526.13,6452.78,3379.42,614.4,614.4
12599.53,9526.13,6452.78,3379.42,614.4,614.4
12599.53,9526.13,6452.78,3379.42,614.4,614.4
12599.53,9526.13,6452.78,3379.42,614.4,614.4
12599.53,9526.13,6452.78,3379.42,614.4,614.4
12599.53,9526.13,6452.78,3379.42,614.4,614.4
12599.53,9526.13,6452.78,3379.42,614.4,614.4
12599.53,9526.13,6452.78,3379.42,614.4,614.4
12599.53,9526.13,6452.78,3379.42,614.4,614.4
12599.53,9526.13,6452.78,3379.42,614.4,614.4
12599.53,9526.13,6452.78,3379.42,614.4,614.4
12599.53,9526.13,6452.78,3379.42,614.4,614.4
12599.53,9526.13,6452.78,3379.42,614.4,614.4
12599.53,9526.13,6452.78,3379.42,614.4,614.4
12599.53,9526.13,6452.78,3379.42,614.4,614.4
12599.53,9526.13,6452.78,3379.42,614.4,614.4
12599.53,9526.13,6452.78,3379.42,614.4,614.4
12599.53,9526.13,6452.78,3379.42,614.4,614.4
12599.53,9526.13,6452.78,3379.42,614.4,614.4
12599.53,9526.13,6452.78,3379.42,614.4,614.4
12599.53,9526.13,6452.78,3379.42,614.4,614.4
12599.53,9526.13,6452.78,3379.42,614.4,614.4
12599.53,9526.13,6452.78,3379.42,614.4,614.4
12599.53,9526.13,6452.78,3379.42,614.4,614.4
12599.53,9526.13,6452.78,3379.42,614.4,614.4
12599.53,9526.13,6452.78,3379.42,614.4,614.4
12599.53,9526.13,6452.78,3379.42,614.4,614.4
12599.53,9526.13,6452.78,3379.42,614.4,614.4
12599.53,9526.13,6452.78,3379.42,614.4,614.4
12599.53,9526.13,6452.78,3379.42,614.4,614.4
12599.53,9526.13,6452.78,3379.42,614.4,614.4
12599.53,9526.13,6452.78,3379.42,614.4,614.4
12599.53,9526.13,6452.78,3379.42,614.4,614.4
12599.53,9526.13,6452.78,3379.42,614.4,614.4
12599.53,9526.13,6452.78,3379.42,614.4,614.4
12599.53,9526.13,6452.78,3379.42,614.4,614.4
12599.53,9526.13,6452.78,3379.42,614.4,614.4
12599.53,9526.13,6452.78,3379.42,614.4,614.4
12599.53,9526.13,6452.78,3379.42,614.4,614.4
12599.53,9526.13,6452.78,3379.42,614.4,614.4
12599.53,9526.13,6452.78,3379.42,614.4,614.4
12599.53,9526.13,6452.78,3379.42,614.4,614.4
12599.53,9526.13,6452.78,3379.42,614.4,614.4
12599.53,9526.13,6452.78,3379.42,614.4,614.4
12599.53,9526.13,6452.78,3379.42,614.4,614.4
12599.53,9526.13,6452.78,3379.42,614.4,614.4
12599.53,9526.13,6452.78,3379.42,614.4,614.4
12599.53,9526.13,6452.78,3379.42,614.4,614.4
12599.53,9526.13,6452.78,3379.42,614.4,614.4
12599.53,9526.13,6452.78,3379.42,614.4,614.4
12599.53,9526.13,6452.78,3379.42,614.4,614.4
12599.53,9526.13,6452.78,3379.42,614.4,614.4
12599.53,9526.13,6452.78,3379.42,614.4,614.4
12599.53,9526.13,6452.78,3379.42,614.4,614.4
12599.53,9526.13,6452.78,3379.42,614.4,614.4
12599.53,9526.13,6452.78,3379.42,614.4,614.4
12599.53,9526.13,6452.78,3379.42,614.4,614.4
12599.53,9526.13,6452.78,3379.42,614.4,614.4
12599.53,9526.13,6452.78,3379.42,614.4,614.4
12599.53,9526.13,6452.78,3379.42,614.4,614.4
12599.53,9526.13,6452.78,3379.42,614.4,614.4
12599.53,9526.13,6452.78,3379.42,614.4,614.4
12599.53,9526.13,6452.78,3379.42,614.4,614.4
12599.53,9526.13,6452.78,3379.42,614.4,614.4
12599.53,9526.13,6452.78,3379.42,614.4,614.4
12599.53,9526.13,6452.78,3379.42,614.4,614.4
12599.53,9526.13,6452.78,3379.42,614.4,614.4
12599.53,9526.13,6452.78,3379.42,614.4,614.4
12599.53,9526.13,6452.78,3379.42,614.4,614.4
12599.53,9526.13,6452.78,3379.42,614.4,614.4
12599.53,9526.13,6452.78,3379.42,614.4,614.4
12599.53,9526.13,6452.78,3379.42,614.4,614.4
12599.53,9526.13,6452.78,3379.42,614.4,614.4
12599.53,9526.13,6452.78,3379.42,614.4,614.4
12599.53,9526.13,6452.78,3379.42,614.4,614.4
12599.53,9526.13,6452.78,3379.42,614.4,614.4
12599.53,9526.13,6452.78,3379.42,614.4,614.4
12599.53,9526.13,6452.78,3379.42,614.4,614.4
12599.53,9526.13,6452.78,3379.42,614.4,614.4
12599.53,9526.13,6452.78,3379.42,614.4,614.4
12599.53,9526.13,6452.78,3379.42,614.4,614.4
12599.53,9526.13,6452.78,3379.42,614.4,614.4
12599.53,9526.13,6452.78,3379.42,614.4,614.4
12599.53,9526.13,6452.78,3379.42,614.4,614.4
12599.53,9526.13,6452.78,3379.42,614.4,614.4
12599.53,9526.13,6452.78,3379.42,614.4,614.4
12599.53,9526.13,6452.78,3379.42,614.4,614.4
12599.53,9526.13,6452.78,3379.42,614.4,614.4
12599.53,9526.13,6452.78,3379.42,614.4,614.4
12599.53,9526.13,6452.78,3379.42,614.4,614.4
12599.53,9526.13,6452.78,3379.42,614.4,614.4
12599.53,9526.13,6452.78,3379.42,614.4,614.4
12599.53,9526.13,6452.78,3379.42,614.4,614.4
12599.53,9526.13,6452.78,3379.42,614.4,614.4
12599.53,9526.13,6452.78,3379.42,614.4,614.4
12599.53,9526.13,6452.78,3379.42,614.4,614.4
12599.53,9526.13,6452.78,3379.42,614.4,614.4
12599.53,9526.13,6452.78,3379.42,614.4,614.4
12599.53,9526.13,6452.78,3379.42,614.4,614.4
12599.53,9526.13,6452.78,3379.42,614.4,614.4
12599.53,9526.13,6452.78,3379.42,614.4,614.4
12599.53,9526.13,6452.78,3379.42,614.4,614.4
12599.53,9526.13,6452.78,3379.42,614.4,614.4
12599.53,9526.13,6452.78,3379.42,614.4,614.4
12599.53,9526.13,6452.78,3379.42,614.4,614.4
12599.53,9526.13,6452.78,3379.42,614.4,614.4
12599.53,9526.13,6452.78,3379.42,614.4,614.4
12599.53,9526.13,6452.78,3379.42,614.4,614.4
12599.53,9526.13,6452.78,3379.42,614.4,614.4
12599.53,9526.13,6452.78,3379.42,614.4,614.4
12599.53,9526.13,6452.78,3379.42,614.4,614.4
12599.53,9526.13,6452.78,3379.42,614.4,614.4
12599.53,9526.13,6452.78,3379.42,614.4,614.4
12599.53,9526.13,6452.78,3379.42,614.4,614.4
12599.93,9526.54,6453.19,3379.82,614.4,614.4
12599.93,9526.54,6453.19,3379.82,614.4,614.4
12599.93,9526.54,6453.19,3379.82,614.4,614.4
12599.93,9526.54,6453.19,3379.82,614.4,614.4
12599.93,9526.54,6453.19,3379.82,614.4,614.4
12599.93,9526.54,6453.19,3379.82,614.4,614.4
12599.93,9526.54,6453.19,3379.82,614.4,614.4
12599.93,9526.54,6453.19,3379.82,614.4,614.4
12599.93,9526.54,6453.19,3379.82,614.4,614.4
12599.93,9526.54,6453.19,3379.82,614.4,614.4
12599.93,9526.54,6453.19,3379.82,614.4,614.4
12599.93,9526.54,6453.19,3379.82,614.4,614.4
12599.93,9526.54,6453.19,3379.82,614.4,614.4
12599.93,9526.54,6453.19,3379.82,614.4,614.4
12599.93,9526.54,6453.19,3379.82,614.4,614.4
12599.93,9526.54,6453.19,3379.82,614.4,614.4
12599.93,9526.54,6453.19,3379.82,614.4,614.4
12599.93,9526.54,6453.19,3379.82,614.4,614.4
12599.93,9526.54,6453.19,3379.82,614.4,614.4
12599.93,9526.54,6453.19,3379.82,614.4,614.4
12599.93,9526.54,6453.19,3379.82,614.4,614.4
12599.93,9526.54,6453.19,3379.82,614.4,614.4
12599.93,9526.54,6453.19,3379.82,614.4,614.4
12599.93,9526.54,6453.19,3379.82,614.4,614.4
12599.93,9526.54,6453.19,3379.82,614.4,614.4
12599.93,9526.54,6453.19,3379.82,614.4,614.4
12599.93,9526.54,6453.19,3379.82,614.4,614.4
12599.93,9526.54,6453.19,3379.82,614.4,614.4
12599.93,9526.54,6453.19,3379.82,614.4,614.4
12599.93,9526.54,6453.19,3379.82,614.4,614.4
12599.93,9526.54,6453.19,3379.82,614.4,614.4
12599.93,9526.54,6453.19,3379.82,614.4,614.4
12599.93,9526.54,6453.19,3379.82,614.4,614.4
12599.93,9526.54,6453.19,3379.82,614.4,614.4
12599.93,9526.54,6453.19,3379.82,614.4,614.4
12599.93,9526.54,6453.19,3379.82,614.4,614.4
12599.93,9526.54,6453.19,3379.82,614.4,614.4
12599.93,9526.54,6453.19,3379.82,614.4,614.4
12599.93,9526.54,6453.19,3379.82,614.4,614.4
12599.93,9526.54,6453.19,3379.82,614.4,614.4
12599.93,9526.54,6453.19,3379.82,614.4,614.4
12599.93,9526.54,6453.19,3379.82,614.4,614.4
12599.93,9526.54,6453.19,3379.82,614.4,614.4
12599.93,9526.54,6453.19,3379.82,614.4,614.4
12599.93,9526.54,6453.19,3379.82,614.4,614.4
12599.93,9526.54,6453.19,3379.82,614.4,614.4
12599.93,9526.54,6453.19,3379.82,614.4,614.4
12599.93,9526.54,6453.19,3379.82,614.4,614.4
12599.93,9526.54,6453.19,3379.82,614.4,614.4
12599.93,9526.54,6453.19,3379.82,614.4,614.4
12599.93,9526.54,6453.19,3379.82,614.4,614.4
12599.93,9526.54,6453.19,3379.82,614.4,614.4
12599.93,9526.54,6453.19,3379.82,614.4,614.4
12599.93,9526.54,6453.19,3379.82,614.4,614.4
12599.93,9526.54,6453.19,3379.82,614.4,614.4
12599.93,9526.54,6453.19,3379.82,614.4,614.4
12599.93,9526.54,6453.19,3379.82,614.4,614.4
12599.93,9526.54,6453.19,3379.82,614.4,614.4
12599.93,9526.54,6453.19,3379.82,614.4,614.4
12599.93,9526.54,6453.19,3379.82,614.4,614.4
12599.93,9526.54,6453.19,3379.82,614.4,614.4
12599.93,9526.54,6453.19,3379.82,614.4,614.4
12599.93,9526.54,6453.19,3379.82,614.4,614.4
12599.93,9526.54,6453.19,3379.82,614.4,614.4
12599.93,9526.54,6453.19,3379.82,614.4,614.4
12599.93,9526.54,6453.19,3379.82,614.4,614.4
12599.93,9526.54,6453.19,3379.82,614.4,614.4
12599.93,9526.54,6453.19,3379.82,614.4,614.4
12599.93,9526.54,6453.19,3379.82,614.4,614.4
12599.93,9526.54,6453.19,3379.82,614.4,614.4
12599.93,9526.54,6453.19,3379.82,614.4,614.4
12599.93,9526.54,6453.19,3379.82,614.4,614.4
12599.93,9526.54,6453.19,3379.82,614.4,614.4
12599.93,9526.54,6453.19,3379.82,614.4,614.4
12599.93,9526.54,6453.19,3379.82,614.4,614.4
12599.93,9526.54,6453.19,3379.82,614.4,614.4
12599.93,9526.54,6453.19,3379.82,614.4,614.4
12599.93,9526.54,6453.19,3379.82,614.4,614.4
12599.93,9526.54,6453.19,3379.82,614.4,614.4
12599.93,9526.54,6453.19,3379.82,614.4,614.4
12599.93,9526.54,6453.19,3379.82,614.4,614.4
12599.93,9526.54,6453.19,3379.82,614.4,614.4
12599.93,9526.54,6453.19,3379.82,614.4,614.4
12599.93,9526.54,6453.19,3379.82,614.4,614.4
12599.93,9526.54,6453.19,3379.82,614.4,614.4
12599.93,9526.54,6453.19,3379.82,614.4,614.4
12599.93,9526.54,6453.19,3379.82,614.4,614.4
12599.93,9526.54,6453.19,3379.82,614.4,614.4
12599.93,9526.54,6453.19,3379.82,614.4,614.4
12599.93,9526.54,6453.19,3379.82,614.4,614.4
12599.93,9526.54,6453.19,3379.82,614.4,614.4
12599.93,9526.54,6453.19,3379.82,614.4,614.4
12599.93,9526.54,6453.19,3379.82,614.4,614.4
12599.93,9526.54,6453.19,3379.82,614.4,614.4
12599.93,9526.54,6453.19,3379.82,614.4,614.4
12599.93,9526.54,6453.19,3379.82,614.4,614.4
12599.93,9526.54,6453.19,3379.82,614.4,614.4
12599.93,9526.54,6453.19,3379.82,614.4,614.4
12599.93,9526.54,6453.19,3379.82,614.4,614.4
12599.93,9526.54,6453.19,3379.82,614.4,614.4
12599.93,9526.54,6453.19,3379.82,614.4,614.4
12599.93,9526.54,6453.19,3379.82,614.4,614.4
12599.93,9526.54,6453.19,3379.82,614.4,614.4
12599.93,9526.54,6453.19,3379.82,614.4,614.4
12599.93,9526.54,6453.19,3379.82,614.4,614.4
12599.93,9526.54,6453.19,3379.82,614.4,614.4
12599.93,9526.54,6453.19,3379.82,614.4,614.4
12599.93,9526.54,6453.19,3379.82,614.4,614.4
12599.93,9526.54,6453.19,3379.82,614.4,614.4
12599.93,9526.54,6453.19,3379.82,614.4,614.4
12599.93,9526.54,6453.19,3379.82,614.4,614.4
12599.93,9526.54,6453.19,3379.82,614.4,614.4
12599.93,9526.54,6453.19,3379.82,614.4,614.4
12599.93,9526.54,6453.19,3379.82,614.4,614.4
12599.93,9526.54,6453.19,3379.82,614.4,614.4
12599.93,9526.54,6453.19,3379.82,614.4,614.4
12599.93,9526.54,6453.19,3379.82,614.4,614.4
12599.93,9526.54,6453.19,3379.82,614.4,614.4
12599.93,9526.54,6453.19,3379.82,614.4,614.4
12599.93,9526.54,6453.19,3379.82,614.4,614.4
12599.93,9526.54,6453.19,3379.82,614.4,614.4
12599.93,9526.54,6453.19,3379.82,614.4,614.4
12599.93,9526.54,6453.19,3379.82,614.4,614.4
12599.93,9526.54,6453.19,3379.82,614.4,614.4
12599.93,9526.54,6453.19,3379.82,614.4,614.4
12599.93,9526.54,6453.19,3379.82,614.4,614.4
12599.93,9526.54,6453.19,3379.82,614.4,614.4
12599.93,9526.54,6453.19,3379.82,614.4,614.4
12599.93,9526.54,6453.19,3379.82,614.4,614.4
12599.93,9526.54,6453.19,3379.82,614.4,614.4
12599.93,9526.54,6453.19,3379.82,614.4,614.4
12599.93,9526.54,6453.19,3379.82,614.4,614.4
12599.93,9526.54,6453.19,3379.82,614.4,614.4
12599.93,9526.54,6453.19,3379.82,614.4,614.4
12599.93,9526.54,6453.19,3379.82,614.4,614.4
12599.93,9526.54,6453.19,3379.82,614.4,614.4
12599.93,9526.54,6453.19,3379.82,614.4,614.4
12599.93,9526.54,6453.19,3379.82,614.4,614.4
12599.93,9526.54,6453.19,3379.82,614.4,614.4
12599.93,9526.54,6453.19,3379.82,614.4,614.4
12599.93,9526.54,6453.19,3379.82,614.4,614.4
12599.93,9526.54,6453.19,3379.82,614.4,614.4
12599.93,9526.54,6453.19,3379.82,614.4,614.4
12599.93,9526.54,6453.19,3379.82,614.4,614.4
12599.93,9526.54,6453.19,3379.82,614.4,614.4
12599.93,9526.54,6453.19,3379.82,614.4,614.4
12599.93,9526.54,6453.19,3379.82,614.4,614.4
12599.93,9526.54,6453.19,3379.82,614.4,614.4
12599.93,9526.54,6453.19,3379.82,614.4,614.4
12599.93,9526.54,6453.19,3379.82,614.4,614.4
12599.93,9526.54,6453.19,3379.82,614.4,614.4
12599.93,9526.54,6453.19,3379.82,614.4,614.4
12599.93,9526.54,6453.19,3379.82,614.4,614.4
12599.93,9526.54,6453.19,3379.82,614.4,614.4
12599.93,9526.54,6453.19,3379.82,614.4,614.4
12599.93,9526.54,6453.19,3379.82,614.4,614.4
12599.93,9526.54,6453.19,3379.82,614.4,614.4
12599.93,9526.54,6453.19,3379.82,614.4,614.4
12599.93,9526.54,6453.19,3379.82,614.4,614.4
12599.93,9526.54,6453.19,3379.82,614.4,614.4
12599.93,9526.54,6453.19,3379.82,614.4,614.4
12599.93,9526.54,6453.19,3379.82,614.4,614.4
12599.93,9526.54,6453.19,3379.82,614.4,614.4
12599.93,9526.54,6453.19,3379.82,614.4,614.4
12599.93,9526.54,6453.19,3379.82,614.4,614.4
12599.93,9526.54,6453.19,3379.82,614.4,614.4
12599.93,9526.54,6453.19,3379.82,614.4,614.4
12599.93,9526.54,6453.19,3379.82,614.4,614.4
12608.71,9535.33,6461.97,3388.6,614.4,614.4
12628.24,9554.86,6481.51,3408.13,614.4,614.4
12629.67,9556.29,6482.94,3409.56,614.4,614.4
12655.84,9582.47,6509.11,3435.73,614.4,614.4
12682.0,9608.63,6535.28,3461.89,614.4,614.4
12682.0,9608.63,6535.28,3461.89,614.4,614.4
12682.0,9608.63,6535.28,3461.89,614.4,614.4
12682.0,9608.63,6535.28,3461.89,614.4,614.4
12682.0,9608.63,6535.28,3461.89,614.4,614.4
12682.0,9608.63,6535.28,3461.89,614.4,614.4
12682.0,9608.63,6535.28,3461.89,614.4,614.4
12682.0,9608.63,6535.28,3461.89,614.4,614.4
12682.0,9608.63,6535.28,3461.89,614.4,614.4
12682.0,9608.63,6535.28,3461.89,614.4,614.4
12682.0,9608.63,6535.28,3461.89,614.4,614.4
12682.0,9608.63,6535.28,3461.89,614.4,614.4
12682.0,9608.63,6535.28,3461.89,614.4,614.4
12682.0,9608.63,6535.28,3461.89,614.4,614.4
12682.0,9608.63,6535.28,3461.89,614.4,614.4
12682.0,9608.63,6535.28,3461.89,614.4,614.4
12682.0,9608.63,6535.28,3461.89,614.4,614.4
12682.0,9608.63,6535.28,3461.89,614.4,614.4
12682.0,9608.63,6535.28,3461.89,614.4,614.4
12682.0,9608.63,6535.28,3461.89,614.4,614.4
12682.0,9608.63,6535.28,3461.89,614.4,614.4
12682.0,9608.63,6535.28,3461.89,614.4,614.4
12685.44,9612.07,6538.71,3465.33,614.4,614.4
12697.19,9623.82,6550.45,3477.07,614.4,614.4
12701.37,9628.0,6554.63,3481.25,614.4,614.4
12701.37,9628.0,6554.63,3481.25,614.4,614.4
12701.37,9628.0,6554.63,3481.25,614.4,614.4
12701.37,9628.0,6554.63,3481.25,614.4,614.4
12701.37,9628.0,6554.63,3481.25,614.4,614.4
12701.37,9628.0,6554.63,3481.25,614.4,614.4
12701.37,9628.0,6554.63,3481.25,614.4,614.4
12701.37,9628.0,6554.63,3481.25,614.4,614.4
12701.37,9628.0,6554.63,3481.25,614.4,614.4
12701.37,9628.0,6554.63,3481.25,614.4,614.4
12701.37,9628.0,6554.63,3481.25,614.4,614.4
12701.37,9628.0,6554.63,3481.25,614.4,614.4
12701.37,9628.0,6554.63,3481.25,614.4,614.4
12701.37,9628.0,6554.63,3481.25,614.4,614.4
12701.37,9628.0,6554.63,3481.25,614.4,614.4
12701.37,9628.0,6554.63,3481.25,614.4,614.4
12701.37,9628.0,6554.63,3481.25,614.4,614.4
12701.37,9628.0,6554.63,3481.25,614.4,614.4
12701.37,9628.0,6554.63,3481.25,614.4,614.4
12701.37,9628.0,6554.63,3481.25,614.4,614.4
12701.37,9628.0,6554.63,3481.25,614.4,614.4
12701.37,9628.0,6554.63,3481.25,614.4,614.4
12701.37,9628.0,6554.63,3481.25,614.4,614.4
12701.37,9628.0,6554.63,3481.25,614.4,614.4
12701.37,9628.0,6554.63,3481.25,614.4,614.4
12701.37,9628.0,6554.63,3481.25,614.4,614.4
12701.37,9628.0,6554.63,3481.25,614.4,614.4
12701.37,9628.0,6554.63,3481.25,614.4,614.4
12701.37,9628.0,6554.63,3481.25,614.4,614.4
12701.37,9628.0,6554.63,3481.25,614.4,614.4
12701.37,9628.0,6554.63,3481.25,614.4,614.4
12701.37,9628.0,6554.63,3481.25,614.4,614.4
12701.37,9628.0,6554.63,3481.25,614.4,614.4
12701.37,9628.0,6554.63,3481.25,614.4,614.4
12701.37,9628.0,6554.63,3481.25,614.4,614.4
12701.37,9628.0,6554.63,3481.25,614.4,614.4
12701.37,9628.0,6554.63,3481.25,614.4,614.4
12701.37,9628.0,6554.63,3481.25,614.4,614.4
12701.37,9628.0,6554.63,3481.25,614.4,614.4
12701.37,9628.0,6554.63,3481.25,614.4,614.4
12701.37,9628.0,6554.63,3481.25,614.4,614.4
12701.37,9628.0,6554.63,3481.25,614.4,614.4
12701.37,9628.0,6554.63,3481.25,614.4,614.4
12701.37,9628.0,6554.63,3481.25,614.4,614.4
12701.37,9628.0,6554.63,3481.25,614.4,614.4
12701.37,9628.0,6554.63,3481.25,614.4,614.4
12701.37,9628.0,6554.63,3481.25,614.4,614.4
12701.37,9628.0,6554.63,3481.25,614.4,614.4
12701.37,9628.0,6554.63,3481.25,614.4,614.4
12701.37,9628.0,6554.63,3481.25,614.4,614.4
12701.37,9628.0,6554.63,3481.25,614.4,614.4
12701.37,9628.0,6554.63,3481.25,614.4,614.4
12701.37,9628.0,6554.63,3481.25,614.4,614.4
12701.37,9628.0,6554.63,3481.25,614.4,614.4
12701.37,9628.0,6554.63,3481.25,614.4,614.4
12701.37,9628.0,6554.63,3481.25,614.4,614.4
12701.37,9628.0,6554.63,3481.25,614.4,614.4
12701.37,9628.0,6554.63,3481.25,614.4,614.4
12701.37,9628.0,6554.63,3481.25,614.4,614.4
12701.37,9628.0,6554.63,3481.25,614.4,614.4
12701.37,9628.0,6554.63,3481.25,614.4,614.4
12701.37,9628.0,6554.63,3481.25,614.4,614.4
12701.37,9628.0,6554.63,3481.25,614.4,614.4
12701.37,9628.0,6554.63,3481.25,614.4,614.4
12701.37,9628.0,6554.63,3481.25,614.4,614.4
12701.37,9628.0,6554.63,3481.25,614.4,614.4
12701.37,9628.0,6554.63,3481.25,614.4,614.4
12701.37,9628.0,6554.63,3481.25,614.4,614.4
12701.37,9628.0,6554.63,3481.25,614.4,614.4
12701.37,9628.0,6554.63,3481.25,614.4,614.4
12701.37,9628.0,6554.63,3481.25,614.4,614.4
12701.37,9628.0,6554.63,3481.25,614.4,614.4
12701.37,9628.0,6554.63,3481.25,614.4,614.4
12701.37,9628.0,6554.63,3481.25,614.4,614.4
12701.37,9628.0,6554.63,3481.25,614.4,614.4
12701.37,9628.0,6554.63,3481.25,614.4,614.4
12701.37,9628.0,6554.63,3481.25,614.4,614.4
12701.37,9628.0,6554.63,3481.25,614.4,614.4
12701.37,9628.0,6554.63,3481.25,614.4,614.4
12701.37,9628.0,6554.63,3481.25,614.4,614.4
12701.37,9628.0,6554.63,3481.25,614.4,614.4
12701.37,9628.0,6554.63,3481.25,614.4,614.4
12701.37,9628.0,6554.63,3481.25,614.4,614.4
12701.37,9628.0,6554.63,3481.25,614.4,614.4
12701.37,9628.0,6554.63,3481.25,614.4,614.4
12701.37,9628.0,6554.63,3481.25,614.4,614.4
12701.37,9628.0,6554.63,3481.25,614.4,614.4
12701.37,9628.0,6554.63,3481.25,614.4,614.4
12701.37,9628.0,6554.63,3481.25,614.4,614.4
12701.37,9628.0,6554.63,3481.25,614.4,614.4
12701.37,9628.0,6554.63,3481.25,614.4,614.4
12701.37,9628.0,6554.63,3481.25,614.4,614.4
12701.37,9628.0,6554.63,3481.25,614.4,614.4
12701.37,9628.0,6554.63,3481.25,614.4,614.4
12701.37,9628.0,6554.63,3481.25,614.4,614.4
12701.37,9628.0,6554.63,3481.25,614.4,614.4
12701.37,9628.0,6554.63,3481.25,614.4,614.4
12701.37,9628.0,6554.63,3481.25,614.4,614.4
12701.37,9628.0,6554.63,3481.25,614.4,614.4
12701.37,9628.0,6554.63,3481.25,614.4,614.4
12701.37,9628.0,6554.63,3481.25,614.4,614.4
12701.37,9628.0,6554.63,3481.25,614.4,614.4
12701.37,9628.0,6554.63,3481.25,614.4,614.4
12701.37,9628.0,6554.63,3481.25,614.4,614.4
12701.37,9628.0,6554.63,3481.25,614.4,614.4
12701.37,9628.0,6554.63,3481.25,614.4,614.4
12701.37,9628.0,6554.63,3481.25,614.4,614.4
12701.37,9628.0,6554.63,3481.25,614.4,614.4
12701.37,9628.0,6554.63,3481.25,614.4,614.4
12701.37,9628.0,6554.63,3481.25,614.4,614.4
12701.37,9628.0,6554.63,3481.25,614.4,614.4
12701.37,9628.0,6554.63,3481.25,614.4,614.4
12701.37,9628.0,6554.63,3481.25,614.4,614.4
12701.37,9628.0,6554.63,3481.25,614.4,614.4
12701.37,9628.0,6554.63,3481.25,614.4,614.4
12701.37,9628.0,6554.63,3481.25,614.4,614.4
12701.37,9628.0,6554.63,3481.25,614.4,614.4
12701.37,9628.0,6554.63,3481.25,614.4,614.4
12701.37,9628.0,6554.63,3481.25,614.4,614.4
12701.37,9628.0,6554.63,3481.25,614.4,614.4
12701.37,9628.0,6554.63,3481.25,614.4,614.4
12701.37,9628.0,6554.63,3481.25,614.4,614.4
12701.37,9628.0,6554.63,3481.25,614.4,614.4
12701.37,9628.0,6554.63,3481.25,614.4,614.4
12701.37,9628.0,6554.63,3481.25,614.4,614.4
12701.37,9628.0,6554.63,3481.25,614.4,614.4
12701.37,9628.0,6554.63,3481.25,614.4,614.4
12701.37,9628.0,6554.63,3481.25,614.4,614.4
12701.37,9628.0,6554.63,3481.25,614.4,614.4
12701.37,9628.0,6554.63,3481.25,614.4,614.4
12701.37,9628.0,6554.63,3481.25,614.4,614.4
12701.37,9628.0,6554.63,3481.25,614.4,614.4
12701.37,9628.0,6554.63,3481.25,614.4,614.4
12701.37,9628.0,6554.63,3481.25,614.4,614.4
12701.37,9628.0,6554.63,3481.25,614.4,614.4
12701.37,9628.0,6554.63,3481.25,614.4,614.4
12701.37,9628.0,6554.63,3481.25,614.4,614.4
12701.37,9628.0,6554.63,3481.25,614.4,614.4
12701.37,9628.0,6554.63,3481.25,614.4,614.4
12701.37,9628.0,6554.63,3481.25,614.4,614.4
12701.37,9628.0,6554.63,3481.25,614.4,614.4
12701.37,9628.0,6554.63,3481.25,614.4,614.4
12701.37,9628.0,6554.63,3481.25,614.4,614.4
12701.37,9628.0,6554.63,3481.25,614.4,614.4
12701.37,9628.0,6554.63,3481.25,614.4,614.4
12701.37,9628.0,6554.63,3481.25,614.4,614.4
12701.37,9628.0,6554.63,3481.25,614.4,614.4
12701.37,9628.0,6554.63,3481.25,614.4,614.4
12701.37,9628.0,6554.63,3481.25,614.4,614.4
12701.37,9628.0,6554.63,3481.25,614.4,614.4
12701.37,9628.0,6554.63,3481.25,614.4,614.4
12701.37,9628.0,6554.63,3481.25,614.4,614.4
12701.37,9628.0,6554.63,3481.25,614.4,614.4
12701.37,9628.0,6554.63,3481.25,614.4,614.4
12701.37,9628.0,6554.63,3481.25,614.4,614.4
12701.37,9628.0,6554.63,3481.25,614.4,614.4
12701.37,9628.0,6554.63,3481.25,614.4,614.4
12701.37,9628.0,6554.63,3481.25,614.4,614.4
12701.37,9628.0,6554.63,3481.25,614.4,614.4
12701.37,9628.0,6554.63,3481.25,614.4,614.4
12701.37,9628.0,6554.63,3481.25,614.4,614.4
12701.37,9628.0,6554.63,3481.25,614.4,614.4
12701.37,9628.0,6554.63,3481.25,614.4,614.4
12701.37,9628.0,6554.63,3481.25,614.4,614.4
12701.37,9628.0,6554.63,3481.25,614.4,614.4
12701.37,9628.0,6554.63,3481.25,614.4,614.4
12701.37,9628.0,6554.63,3481.25,614.4,614.4
12701.37,9628.0,6554.63,3481.25,614.4,614.4
12706.3,9632.93,6559.56,3486.18,614.4,614.4
12706.3,9632.93,6559.56,3486.18,614.4,614.4
12706.3,9632.93,6559.56,3486.18,614.4,614.4
12706.3,9632.93,6559.56,3486.18,614.4,614.4
12706.3,9632.93,6559.56,3486.18,614.4,614.4
12706.3,9632.93,6559.56,3486.18,614.4,614.4
12706.3,9632.93,6559.56,3486.18,614.4,614.4
12706.3,9632.93,6559.56,3486.18,614.4,614.4
12706.3,9632.93,6559.56,3486.18,614.4,614.4
12706.3,9632.93,6559.56,3486.18,614.4,614.4
12706.3,9632.93,6559.56,3486.18,614.4,614.4
12706.3,9632.93,6559.56,3486.18,614.4,614.4
12706.3,9632.93,6559.56,3486.18,614.4,614.4
12706.3,9632.93,6559.56,3486.18,614.4,614.4
12706.3,9632.93,6559.56,3486.18,614.4,614.4
12706.3,9632.93,6559.56,3486.18,614.4,614.4
12706.3,9632.93,6559.56,3486.18,614.4,614.4
12706.3,9632.93,6559.56,3486.18,614.4,614.4
12706.3,9632.93,6559.56,3486.18,614.4,614.4
12711.97,9638.6,6565.23,3491.86,614.4,614.4
12722.53,9649.16,6575.79,3502.42,614.4,614.4
12741.59,9668.21,6594.84,3521.48,615.67,614.4
12770.4,9697.02,6623.65,3550.29,617.66,614.4
12798.37,9724.99,6651.62,3578.26,619.95,614.4
12821.05,9747.68,6674.3,3600.94,622.52,614.4
12821.05,9747.68,6674.3,3600.94,622.52,614.4
12821.05,9747.68,6674.3,3600.94,622.52,614.4
12821.05,9747.68,6674.3,3600.94,622.52,614.4
12821.05,9747.68,6674.3,3600.94,622.52,614.4
12821.05,9747.68,6674.3,3600.94,622.52,614.4
12821.05,9747.68,6674.3,3600.94,622.52,614.4
12821.05,9747.68,6674.3,3600.94,622.52,614.4
12821.05,9747.68,6674.3,3600.94,622.52,614.4
12821.05,9747.68,6674.3,3600.94,622.52,614.4
12821.05,9747.68,6674.3,3600.94,622.52,614.4
12821.05,9747.68,6674.3,3600.94,622.52,614.4
12821.05,9747.68,6674.3,3600.94,622.52,614.4
12821.05,9747.68,6674.3,3600.94,622.52,614.4
12821.05,9747.68,6674.3,3600.94,622.52,614.4
12821.05,9747.68,6674.3,3600.94,622.52,614.4
12821.05,9747.68,6674.3,3600.94,622.52,614.4
12821.05,9747.68,6674.3,3600.94,622.52,614.4
12821.05,9747.68,6674.3,3600.94,622.52,614.4
12821.05,9747.68,6674.3,3600.94,622.52,614.4
12821.05,9747.68,6674.3,3600.94,622.52,614.4
12821.05,9747.68,6674.3,3600.94,622.52,614.4
12821.05,9747.68,6674.3,3600.94,622.52,614.4
12821.05,9747.68,6674.3,3600.94,622.52,614.4
12821.05,9747.68,6674.3,3600.94,622.52,614.4
12821.05,9747.68,6674.3,3600.94,622.52,614.4
12821.05,9747.68,6674.3,3600.94,622.52,614.4
12821.05,9747.68,6674.3,3600.94,622.52,614.4
12821.05,9747.68,6674.3,3600.94,622.52,614.4
12821.05,9747.68,6674.3,3600.94,622.52,614.4
12821.05,9747.68,6674.3,3600.94,622.52,614.4
12821.05,9747.68,6674.3,3600.94,622.52,614.4
12821.05,9747.68,6674.3,3600.94,622.52,614.4
12821.05,9747.68,6674.3,3600.94,622.52,614.4
12821.05,9747.68,6674.3,3600.94,622.52,614.4
12821.05,9747.68,6674.3,3600.94,622.52,614.4
12821.05,9747.68,6674.3,3600.94,622.52,614.4
12821.05,9747.68,6674.3,3600.94,622.52,614.4
12821.05,9747.68,6674.3,3600.94,622.52,614.4
12821.05,9747.68,6674.3,3600.94,622.52,614.4
12821.05,9747.68,6674.3,3600.94,622.52,614.4
12821.05,9747.68,6674.3,3600.94,622.52,614.4
12821.05,9747.68,6674.3,3600.94,622.52,614.4
12821.05,9747.68,6674.3,3600.94,622.52,614.4
12821.05,9747.68,6674.3,3600.94,622.52,614.4
12824.33,9750.96,6677.59,3604.22,625.48,614.4
12828.37,9755.0,6681.63,3608.26,628.57,614.4
12842.94,9769.57,6696.2,3622.83,632.44,614.4
12844.24,9770.86,6697.5,3624.13,633.73,614.4
12844.24,9770.86,6697.5,3624.13,633.73,614.4
12844.24,9770.86,6697.5,3624.13,633.73,614.4
12844.24,9770.86,6697.5,3624.13,633.73,614.4
12844.24,9770.86,6697.5,3624.13,633.73,614.4
12844.24,9770.86,6697.5,3624.13,633.73,614.4
12844.24,9770.86,6697.5,3624.13,633.73,614.4
12844.24,9770.86,6697.5,3624.13,633.73,614.4
12844.24,9770.86,6697.5,3624.13,633.73,614.4
12844.24,9770.86,6697.5,3624.13,633.73,614.4
12844.24,9770.86,6697.5,3624.13,633.73,614.4
12844.24,9770.86,6697.5,3624.13,633.73,614.4
12844.24,9770.86,6697.5,3624.13,633.73,614.4
12844.24,9770.86,6697.5,3624.13,633.73,614.4
12844.24,9770.86,6697.5,3624.13,633.73,614.4
12844.24,9770.86,6697.5,3624.13,633.73,614.4
12844.24,9770.86,6697.5,3624.13,633.73,614.4
12844.24,9770.86,6697.5,3624.13,633.73,614.4
12844.24,9770.86,6697.5,3624.13,633.73,614.4
12844.24,9770.86,6697.5,3624.13,633.73,614.4
12844.24,9770.86,6697.5,3624.13,633.73,614.4
12844.24,9770.86,6697.5,3624.13,633.73,614.4
12844.24,9770.86,6697.5,3624.13,633.73,614.4
12844.24,9770.86,6697.5,3624.13,633.73,614.4
12844.24,9770.86,6697.5,3624.13,633.73,614.4
12844.24,9770.86,6697.5,3624.13,633.73,614.4
12844.24,9770.86,6697.5,3624.13,633.73,614.4
12844.24,9770.86,6697.5,3624.13,633.73,614.4
12844.24,9770.86,6697.5,3624.13,633.73,614.4
12844.24,9770.86,6697.5,3624.13,633.73,614.4
12844.24,9770.86,6697.5,3624.13,633.73,614.4
12844.24,9770.86,6697.5,3624.13,633.73,614.4
12844.24,9770.86,6697.5,3624.13,633.73,614.4
12844.24,9770.86,6697.5,3624.13,633.73,614.4
12844.24,9770.86,6697.5,3624.13,633.73,614.4
12844.24,9770.86,6697.5,3624.13,633.73,614.4
12844.24,9770.86,6697.5,3624.13,633.73,614.4
12844.24,9770.86,6697.5,3624.13,633.73,614.4
12844.24,9770.86,6697.5,3624.13,633.73,614.4
12844.24,9770.86,6697.5,3624.13,633.73,614.4
12844.24,9770.86,6697.5,3624.13,633.73,614.4
12844.24,9770.86,6697.5,3624.13,633.73,614.4
12844.24,9770.86,6697.5,3624.13,633.73,614.4
12844.24,9770.86,6697.5,3624.13,633.73,614.4
12844.24,9770.86,6697.5,3624.13,633.73,614.4
12844.24,9770.86,6697.5,3624.13,633.73,614.4
12844.24,9770.86,6697.5,3624.13,633.73,614.4
12844.24,9770.86,6697.5,3624.13,633.73,614.4
12844.24,9770.86,6697.5,3624.13,633.73,614.4
12844.24,9770.86,6697.5,3624.13,633.73,614.4
12844.24,9770.86,6697.5,3624.13,633.73,614.4
12844.24,9770.86,6697.5,3624.13,633.73,614.4
12844.24,9770.86,6697.5,3624.13,633.73,614.4
12844.24,9770.86,6697.5,3624.13,633.73,614.4
12844.24,9770.86,6697.5,3624.13,633.73,614.4
12844.24,9770.86,6697.5,3624.13,633.73,614.4
12844.24,9770.86,6697.5,3624.13,633.73,614.4
12844.24,9770.86,6697.5,3624.13,633.73,614.4
12844.24,9770.86,6697.5,3624.13,633.73,614.4
12844.24,9770.86,6697.5,3624.13,633.73,614.4
12844.24,9770.86,6697.5,3624.13,633.73,614.4
12844.24,9770.86,6697.5,3624.13,633.73,614.4
12844.24,9770.86,6697.5,3624.13,633.73,614.4
12844.24,9770.86,6697.5,3624.13,633.73,614.4
12844.24,9770.86,6697.5,3624.13,633.73,614.4
12844.24,9770.86,6697.5,3624.13,633.73,614.4
12844.24,9770.86,6697.5,3624.13,633.73,614.4
12844.24,9770.86,6697.5,3624.13,633.73,614.4
12848.78,9775.4,6702.04,3628.66,638.27,614.4
12854.79,9781.42,6708.06,3634.67,644.28,614.4
12865.08,9791.71,6718.36,3644.96,651.2,614.4
12884.42,9811.05,6737.69,3664.3,659.78,614.4
12900.84,9827.48,6754.12,3680.72,669.46,614.4
12900.84,9827.48,6754.12,3680.72,669.46,614.4
12900.84,9827.48,6754.12,3680.72,669.46,614.4
12900.84,9827.48,6754.12,3680.72,669.46,614.4
12900.84,9827.48,6754.12,3680.72,669.46,614.4
12900.84,9827.48,6754.12,3680.72,669.46,614.4
12900.84,9827.48,6754.12,3680.72,669.46,614.4
12900.84,9827.48,6754.12,3680.72,669.46,614.4
12900.84,9827.48,6754.12,3680.72,669.46,614.4
12900.84,9827.48,6754.12,3680.72,669.46,614.4
12900.84,9827.48,6754.12,3680.72,669.46,614.4
12900.84,9827.48,6754.12,3680.72,669.46,614.4
12900.84,9827.48,6754.12,3680.72,669.46,614.4
12900.84,9827.48,6754.12,3680.72,669.46,614.4
12900.84,9827.48,6754.12,3680.72,669.46,614.4
12900.84,9827.48,6754.12,3680.72,669.46,614.4
12900.84,9827.48,6754.12,3680.72,669.46,614.4
12900.84,9827.48,6754.12,3680.72,669.46,614.4
12900.84,9827.48,6754.12,3680.72,669.46,614.4
12916.53,9843.17,6769.8,3696.41,679.61,614.4
12936.06,9862.69,6789.32,3715.93,690.71,614.4
12952.1,9878.74,6805.36,3731.97,703.03,614.4
12966.76,9893.4,6820.02,3746.63,716.7,614.4
12981.97,9908.61,6835.23,3761.84,730.63,614.4
12991.03,9917.68,6844.3,3770.91,739.7,614.4
12991.03,9917.68,6844.3,3770.91,739.7,614.4
12991.03,9917.68,6844.3,3770.91,739.7,614.4
12991.03,9917.68,6844.3,3770.91,739.7,614.4
12991.03,9917.68,6844.3,3770.91,739.7,614.4
12991.03,9917.68,6844.3,3770.91,739.7,614.4
12991.03,9917.68,6844.3,3770.91,739.7,614.4
12991.03,9917.68,6844.3,3770.91,739.7,614.4
12991.03,9917.68,6844.3,3770.91,739.7,614.4
12991.03,9917.68,6844.3,3770.91,739.7,614.4
12991.03,9917.68,6844.3,3770.91,739.7,614.4
12991.03,9917.68,6844.3,3770.91,739.7,614.4
12991.03,9917.68,6844.3,3770.91,739.7,614.4
12991.03,9917.68,6844.3,3770.91,739.7,614.4
12991.03,9917.68,6844.3,3770.91,739.7,614.4
12991.03,9917.68,6844.3,3770.91,739.7,614.4
12991.03,9917.68,6844.3,3770.91,739.7,614.4
12991.03,9917.68,6844.3,3770.91,739.7,614.4
12991.03,9917.68,6844.3,3770.91,739.7,614.4
12991.03,9917.68,6844.3,3770.91,739.7,614.4
12991.03,9917.68,6844.3,3770.91,739.7,614.4
12991.03,9917.68,6844.3,3770.91,739.7,614.4
12991.03,9917.68,6844.3,3770.91,739.7,614.4
12991.03,9917.68,6844.3,3770.91,739.7,614.4
12991.03,9917.68,6844.3,3770.91,739.7,614.4
12991.03,9917.68,6844.3,3770.91,739.7,614.4
12991.03,9917.68,6844.3,3770.91,739.7,614.4
12991.03,9917.68,6844.3,3770.91,739.7,614.4
12991.03,9917.68,6844.3,3770.91,739.7,614.4
12991.03,9917.68,6844.3,3770.91,739.7,614.4
12991.03,9917.68,6844.3,3770.91,739.7,614.4
12991.03,9917.68,6844.3,3770.91,739.7,614.4
12991.03,9917.68,6844.3,3770.91,739.7,614.4
12991.03,9917.68,6844.3,3770.91,739.7,614.4
12991.03,9917.68,6844.3,3770.91,739.7,614.4
12991.03,9917.68,6844.3,3770.91,739.7,614.4
12991.03,9917.68,6844.3,3770.91,739.7,614.4
12991.03,9917.68,6844.3,3770.91,739.7,614.4
12991.03,9917.68,6844.3,3770.91,739.7,614.4
12991.03,9917.68,6844.3,3770.91,739.7,614.4
12991.03,9917.68,6844.3,3770.91,739.7,614.4
12991.03,9917.68,6844.3,3770.91,739.7,614.4
12991.03,9917.68,6844.3,3770.91,739.7,614.4
12991.03,9917.68,6844.3,3770.91,739.7,614.4
12991.03,9917.68,6844.3,3770.91,739.7,614.4
12991.03,9917.68,6844.3,3770.91,739.7,614.4
12991.03,9917.68,6844.3,3770.91,739.7,614.4
12992.65,9919.3,6845.92,3772.53,741.32,614.4
12992.65,9919.3,6845.92,3772.53,741.32,614.4
12992.65,9919.3,6845.92,3772.53,741.32,614.4
12992.65,9919.3,6845.92,3772.53,741.32,614.4
12992.65,9919.3,6845.92,3772.53,741.32,614.4
12992.65,9919.3,6845.92,3772.53,741.32,614.4
12992.65,9919.3,6845.92,3772.53,741.32,614.4
12992.65,9919.3,6845.92,3772.53,741.32,614.4
12992.65,9919.3,6845.92,3772.53,741.32,614.4
12992.65,9919.3,6845.92,3772.53,741.32,614.4
12992.65,9919.3,6845.92,3772.53,741.32,614.4
12992.65,9919.3,6845.92,3772.53,741.32,614.4
12992.65,9919.3,6845.92,3772.53,741.32,614.4
12992.65,9919.3,6845.92,3772.53,741.32,614.4
12992.65,9919.3,6845.92,3772.53,741.32,614.4
12992.65,9919.3,6845.92,3772.53,741.32,614.4
12992.65,9919.3,6845.92,3772.53,741.32,614.4
12992.65,9919.3,6845.92,3772.53,741.32,614.4
12992.65,9919.3,6845.92,3772.53,741.32,614.4
12992.65,9919.3,6845.92,3772.53,741.32,614.4
12992.65,9919.3,6845.92,3772.53,741.32,614.4
12992.65,9919.3,6845.92,3772.53,741.32,614.4
12992.65,9919.3,6845.92,3772.53,741.32,614.4
12992.65,9919.3,6845.92,3772.53,741.32,614.4
12992.65,9919.3,6845.92,3772.53,741.32,614.4
12992.65,9919.3,6845.92,3772.53,741.32,614.4
12992.65,9919.3,6845.92,3772.53,741.32,614.4
12992.65,9919.3,6845.92,3772.53,741.32,614.4
12992.65,9919.3,6845.92,3772.53,741.32,614.4
12992.65,9919.3,6845.92,3772.53,741.32,614.4
12992.65,9919.3,6845.92,3772.53,741.32,614.4
12992.65,9919.3,6845.92,3772.53,741.32,614.4
12992.65,9919.3,6845.92,3772.53,741.32,614.4
12992.65,9919.3,6845.92,3772.53,741.32,614.4
12992.65,9919.3,6845.92,3772.53,741.32,614.4
12992.65,9919.3,6845.92,3772.53,741.32,614.4
12992.65,9919.3,6845.92,3772.53,741.32,614.4
12992.65,9919.3,6845.92,3772.53,741.32,614.4
12992.65,9919.3,6845.92,3772.53,741.32,614.4
12992.65,9919.3,6845.92,3772.53,741.32,614.4
12992.65,9919.3,6845.92,3772.53,741.32,614.4
12992.65,9919.3,6845.92,3772.53,741.32,614.4
12992.65,9919.3,6845.92,3772.53,741.32,614.4
12992.65,9919.3,6845.92,3772.53,741.32,614.4
12992.65,9919.3,6845.92,3772.53,741.32,614.4
12992.65,9919.3,6845.92,3772.53,741.32,614.4
12992.65,9919.3,6845.92,3772.53,741.32,614.4
12992.65,9919.3,6845.92,3772.53,741.32,614.4
12992.65,9919.3,6845.92,3772.53,741.32,614.4
12992.65,9919.3,6845.92,3772.53,741.32,614.4
12992.65,9919.3,6845.92,3772.53,741.32,614.4
12992.65,9919.3,6845.92,3772.53,741.32,614.4
12992.65,9919.3,6845.92,3772.53,741.32,614.4
12992.65,9919.3,6845.92,3772.53,741.32,614.4
12992.65,9919.3,6845.92,3772.53,741.32,614.4
12992.65,9919.3,6845.92,3772.53,741.32,614.4
12992.65,9919.3,6845.92,3772.53,741.32,614.4
12992.65,9919.3,6845.92,3772.53,741.32,614.4
12992.65,9919.3,6845.92,3772.53,741.32,614.4
12992.65,9919.3,6845.92,3772.53,741.32,614.4
12992.65,9919.3,6845.92,3772.53,741.32,614.4
12992.65,9919.3,6845.92,3772.53,741.32,614.4
12992.65,9919.3,6845.92,3772.53,741.32,614.4
12992.65,9919.3,6845.92,3772.53,741.32,614.4
12992.65,9919.3,6845.92,3772.53,741.32,614.4
12992.65,9919.3,6845.92,3772.53,741.32,614.4
12992.65,9919.3,6845.92,3772.53,741.32,614.4
12992.65,9919.3,6845.92,3772.53,741.32,614.4
12992.65,9919.3,6845.92,3772.53,741.32,614.4
12992.65,9919.3,6845.92,3772.53,741.32,614.4
12992.65,9919.3,6845.92,3772.53,741.32,614.4
12992.65,9919.3,6845.92,3772.53,741.32,614.4
12992.65,9919.3,6845.92,3772.53,741.32,614.4
12992.65,9919.3,6845.92,3772.53,741.32,614.4
12992.65,9919.3,6845.92,3772.53,741.32,614.4
12992.65,9919.3,6845.92,3772.53,741.32,614.4
12992.65,9919.3,6845.92,3772.53,741.32,614.4
12992.65,9919.3,6845.92,3772.53,741.32,614.4
12992.65,9919.3,6845.92,3772.53,741.32,614.4
12992.65,9919.3,6845.92,3772.53,741.32,614.4
12992.65,9919.3,6845.92,3772.53,741.32,614.4
12992.65,9919.3,6845.92,3772.53,741.32,614.4
12992.65,9919.3,6845.92,3772.53,741.32,614.4
12992.65,9919.3,6845.92,3772.53,741.32,614.4
12992.65,9919.3,6845.92,3772.53,741.32,614.4
12992.65,9919.3,6845.92,3772.53,741.32,614.4
12992.65,9919.3,6845.92,3772.53,741.32,614.4
12992.65,9919.3,6845.92,3772.53,741.32,614.4
12992.65,9919.3,6845.92,3772.53,741.32,614.4
12992.65,9919.3,6845.92,3772.53,741.32,614.4
12992.65,9919.3,6845.92,3772.53,741.32,614.4
12992.65,9919.3,6845.92,3772.53,741.32,614.4
12992.65,9919.3,6845.92,3772.53,741.32,614.4
12992.65,9919.3,6845.92,3772.53,741.32,614.4
12992.65,9919.3,6845.92,3772.53,741.32,614.4
12992.65,9919.3,6845.92,3772.53,741.32,614.4
12992.65,9919.3,6845.92,3772.53,741.32,614.4
12992.65,9919.3,6845.92,3772.53,741.32,614.4
12992.65,9919.3,6845.92,3772.53,741.32,614.4
12992.65,9919.3,6845.92,3772.53,741.32,614.4
12992.65,9919.3,6845.92,3772.53,741.32,614.4
12992.65,9919.3,6845.92,3772.53,741.32,614.4
12992.65,9919.3,6845.92,3772.53,741.32,614.4
12992.65,9919.3,6845.92,3772.53,741.32,614.4
12992.65,9919.3,6845.92,3772.53,741.32,614.4
12992.65,9919.3,6845.92,3772.53,741.32,614.4
12992.65,9919.3,6845.92,3772.53,741.32,614.4
12992.65,9919.3,6845.92,3772.53,741.32,614.4
12992.65,9919.3,6845.92,3772.53,741.32,614.4
12992.65,9919.3,6845.92,3772.53,741.32,614.4
12992.65,9919.3,6845.92,3772.53,741.32,614.4
12992.65,9919.3,6845.92,3772.53,741.32,614.4
12992.65,9919.3,6845.92,3772.53,741.32,614.4
12992.65,9919.3,6845.92,3772.53,741.32,614.4
12992.65,9919.3,6845.92,3772.53,741.32,614.4
12992.65,9919.3,6845.92,3772.53,741.32,614.4
12992.65,9919.3,6845.92,3772.53,741.32,614.4
12992.65,9919.3,6845.92,3772.53,741.32,614.4
12992.65,9919.3,6845.92,3772.53,741.32,614.4
12992.65,9919.3,6845.92,3772.53,741.32,614.4
12992.65,9919.3,6845.92,3772.53,741.32,614.4
12992.65,9919.3,6845.92,3772.53,741.32,614.4
12992.65,9919.3,6845.92,3772.53,741.32,614.4
12992.65,9919.3,6845.92,3772.53,741.32,614.4
12992.65,9919.3,6845.92,3772.53,741.32,614.4
12992.65,9919.3,6845.92,3772.53,741.32,614.4
12992.65,9919.3,6845.92,3772.53,741.32,614.4
12992.65,9919.3,6845.92,3772.53,741.32,614.4
12992.65,9919.3,6845.92,3772.53,741.32,614.4
12992.65,9919.3,6845.92,3772.53,741.32,614.4
12992.65,9919.3,6845.92,3772.53,741.32,614.4
12992.65,9919.3,6845.92,3772.53,741.32,614.4
12992.65,9919.3,6845.92,3772.53,741.32,614.4
12992.65,9919.3,6845.92,3772.53,741.32,614.4
12992.65,9919.3,6845.92,3772.53,741.32,614.4
12992.65,9919.3,6845.92,3772.53,741.32,614.4
12992.65,9919.3,6845.92,3772.53,741.32,614.4
12992.65,9919.3,6845.92,3772.53,741.32,614.4
12992.65,9919.3,6845.92,3772.53,741.32,614.4
12992.65,9919.3,6845.92,3772.53,741.32,614.4
12992.65,9919.3,6845.92,3772.53,741.32,614.4
12992.65,9919.3,6845.92,3772.53,741.32,614.4
12992.65,9919.3,6845.92,3772.53,741.32,614.4
12992.65,9919.3,6845.92,3772.53,741.32,614.4
12992.65,9919.3,6845.92,3772.53,741.32,614.4
12992.65,9919.3,6845.92,3772.53,741.32,614.4
12992.65,9919.3,6845.92,3772.53,741.32,614.4
12992.65,9919.3,6845.92,3772.53,741.32,614.4
12992.65,9919.3,6845.92,3772.53,741.32,614.4
12992.65,9919.3,6845.92,3772.53,741.32,614.4
12992.65,9919.3,6845.92,3772.53,741.32,614.4
12992.65,9919.3,6845.92,3772.53,741.32,614.4
12992.65,9919.3,6845.92,3772.53,741.32,614.4
12992.65,9919.3,6845.92,3772.53,741.32,614.4
12992.65,9919.3,6845.92,3772.53,741.32,614.4
12992.65,9919.3,6845.92,3772.53,741.32,614.4
12992.65,9919.3,6845.92,3772.53,741.32,614.4
12992.65,9919.3,6845.92,3772.53,741.32,614.4
12992.65,9919.3,6845.92,3772.53,741.32,614.4
12992.65,9919.3,6845.92,3772.53,741.32,614.4
12992.65,9919.3,6845.92,3772.53,741.32,614.4
12992.65,9919.3,6845.92,3772.53,741.32,614.4
12992.65,9919.3,6845.92,3772.53,741.32,614.4
12992.65,9919.3,6845.92,3772.53,741.32,614.4
12992.65,9919.3,6845.92,3772.53,741.32,614.4
12992.65,9919.3,6845.92,3772.53,741.32,614.4
12992.65,9919.3,6845.92,3772.53,741.32,614.4
12992.65,9919.3,6845.92,3772.53,741.32,614.4
12992.65,9919.3,6845.92,3772.53,741.32,614.4
12992.65,9919.3,6845.92,3772.53,741.32,614.4
12992.65,9919.3,6845.92,3772.53,741.32,614.4
12992.65,9919.3,6845.92,3772.53,741.32,614.4
12992.65,9919.3,6845.92,3772.53,741.32,614.4
12992.65,9919.3,6845.92,3772.53,741.32,614.4
12992.65,9919.3,6845.92,3772.53,741.32,614.4
12992.65,9919.3,6845.92,3772.53,741.32,614.4
12992.65,9919.3,6845.92,3772.53,741.32,614.4
12992.65,9919.3,6845.92,3772.53,741.32,614.4
12992.65,9919.3,6845.92,3772.53,741.32,614.4
12992.65,9919.3,6845.92,3772.53,741.32,614.4
12992.65,9919.3,6845.92,3772.53,741.32,614.4
12992.65,9919.3,6845.92,3772.53,741.32,614.4
12992.65,9919.3,6845.92,3772.53,741.32,614.4
12992.65,9919.3,6845.92,3772.53,741.32,614.4
12992.65,9919.3,6845.92,3772.53,741.32,614.4
12992.65,9919.3,6845.92,3772.53,741.32,614.4
12992.65,9919.3,6845.92,3772.53,741.32,614.4
12992.65,9919.3,6845.92,3772.53,741.32,614.4
12992.65,9919.3,6845.92,3772.53,741.32,614.4
12992.65,9919.3,6845.92,3772.53,741.32,614.4
12992.65,9919.3,6845.92,3772.53,741.32,614.4
12992.65,9919.3,6845.92,3772.53,741.32,614.4
12992.65,9919.3,6845.92,3772.53,741.32,614.4
12992.65,9919.3,6845.92,3772.53,741.32,614.4
12992.65,9919.3,6845.92,3772.53,741.32,614.4
12992.65,9919.3,6845.92,3772.53,741.32,614.4
12992.65,9919.3,6845.92,3772.53,741.32,614.4
12992.65,9919.3,6845.92,3772.53,741.32,614.4
12992.65,9919.3,6845.92,3772.53,741.32,614.4
12992.65,9919.3,6845.92,3772.53,741.32,614.4
12992.65,9919.3,6845.92,3772.53,741.32,614.4
12992.65,9919.3,6845.92,3772.53,741.32,614.4
12992.65,9919.3,6845.92,3772.53,741.32,614.4
12992.65,9919.3,6845.92,3772.53,741.32,614.4
12992.65,9919.3,6845.92,3772.53,741.32,614.4
12992.65,9919.3,6845.92,3772.53,741.32,614.4
12992.65,9919.3,6845.92,3772.53,741.32,614.4
12992.65,9919.3,6845.92,3772.53,741.32,614.4
12992.65,9919.3,6845.92,3772.53,741.32,614.4
12992.65,9919.3,6845.92,3772.53,741.32,614.4
12992.65,9919.3,6845.92,3772.53,741.32,614.4
12992.65,9919.3,6845.92,3772.53,741.32,614.4
12992.65,9919.3,6845.92,3772.53,741.32,614.4
12992.65,9919.3,6845.92,3772.53,741.32,614.4
12992.65,9919.3,6845.92,3772.53,741.32,614.4
12992.65,9919.3,6845.92,3772.53,741.32,614.4
12992.65,9919.3,6845.92,3772.53,741.32,614.4
12992.65,9919.3,6845.92,3772.53,741.32,614.4
12992.65,9919.3,6845.92,3772.53,741.32,614.4
12992.65,9919.3,6845.92,3772.53,741.32,614.4
12992.65,9919.3,6845.92,3772.53,741.32,614.4
12992.65,9919.3,6845.92,3772.53,741.32,614.4
12992.65,9919.3,6845.92,3772.53,741.32,614.4
12992.65,9919.3,6845.92,3772.53,741.32,614.4
12992.65,9919.3,6845.92,3772.53,741.32,614.4
12992.65,9919.3,6845.92,3772.53,741.32,614.4
12992.65,9919.3,6845.92,3772.53,741.32,614.4
12992.65,9919.3,6845.92,3772.53,741.32,614.4
12992.65,9919.3,6845.92,3772.53,741.32,614.4
12992.65,9919.3,6845.92,3772.53,741.32,614.4
12992.65,9919.3,6845.92,3772.53,741.32,614.4
12992.65,9919.3,6845.92,3772.53,741.32,614.4
12992.65,9919.3,6845.92,3772.53,741.32,614.4
12992.65,9919.3,6845.92,3772.53,741.32,614.4
12992.65,9919.3,6845.92,3772.53,741.32,614.4
12992.65,9919.3,6845.92,3772.53,741.32,614.4
12992.65,9919.3,6845.92,3772.53,741.32,614.4
12992.65,9919.3,6845.92,3772.53,741.32,614.4
12992.65,9919.3,6845.92,3772.53,741.32,614.4
12992.65,9919.3,6845.92,3772.53,741.32,614.4
12992.65,9919.3,6845.92,3772.53,741.32,614.4
12992.65,9919.3,6845.92,3772.53,741.32,614.4
12992.65,9919.3,6845.92,3772.53,741.32,614.4
12992.65,9919.3,6845.92,3772.53,741.32,614.4
12992.65,9919.3,6845.92,3772.53,741.32,614.4
12992.65,9919.3,6845.92,3772.53,741.32,614.4
12992.65,9919.3,6845.92,3772.53,741.32,614.4
12992.65,9919.3,6845.92,3772.53,741.32,614.4
12992.65,9919.3,6845.92,3772.53,741.32,614.4
12992.65,9919.3,6845.92,3772.53,741.32,614.4
12992.65,9919.3,6845.92,3772.53,741.32,614.4
12992.65,9919.3,6845.92,3772.53,741.32,614.4
12992.65,9919.3,6845.92,3772.53,741.32,614.4
12992.65,9919.3,6845.92,3772.53,741.32,614.4
12992.65,9919.3,6845.92,3772.53,741.32,614.4
12992.65,9919.3,6845.92,3772.53,741.32,614.4
12992.65,9919.3,6845.92,3772.53,741.32,614.4
12992.65,9919.3,6845.92,3772.53,741.32,614.4
12992.65,9919.3,6845.92,3772.53,741.32,614.4
12992.65,9919.3,6845.92,3772.53,741.32,614.4
12992.65,9919.3,6845.92,3772.53,741.32,614.4
12992.65,9919.3,6845.92,3772.53,741.32,614.4
12995.9,9922.55,6849.17,3775.78,744.57,614.4
12995.9,9922.55,6849.17,3775.78,744.57,614.4
12995.9,9922.55,6849.17,3775.78,744.57,614.4
12995.9,9922.55,6849.17,3775.78,744.57,614.4
12995.9,9922.55,6849.17,3775.78,744.57,614.4
12995.9,9922.55,6849.17,3775.78,744.57,614.4
12995.9,9922.55,6849.17,3775.78,744.57,614.4
12995.9,9922.55,6849.17,3775.78,744.57,614.4
12995.9,9922.55,6849.17,3775.78,744.57,614.4
12995.9,9922.55,6849.17,3775.78,744.57,614.4
12995.9,9922.55,6849.17,3775.78,744.57,614.4
12995.9,9922.55,6849.17,3775.78,744.57,614.4
12995.9,9922.55,6849.17,3775.78,744.57,614.4
12995.9,9922.55,6849.17,3775.78,744.57,614.4
12995.9,9922.55,6849.17,3775.78,744.57,614.4
12995.9,9922.55,6849.17,3775.78,744.57,614.4
12995.9,9922.55,6849.17,3775.78,744.57,614.4
12995.9,9922.55,6849.17,3775.78,744.57,614.4
12995.9,9922.55,6849.17,3775.78,744.57,614.4
12995.9,9922.55,6849.17,3775.78,744.57,614.4
12995.9,9922.55,6849.17,3775.78,744.57,614.4
12995.9,9922.55,6849.17,3775.78,744.57,614.4
12996.12,9922.76,6849.38,3776.0,744.79,614.4
13000.95,9927.6,6854.22,3780.84,749.62,614.4
13011.16,9937.81,6864.42,3791.05,759.83,614.4
13026.19,9952.84,6879.45,3806.09,774.86,614.4
13040.34,9967.0,6893.6,3820.24,789.01,614.4
13045.44,9972.11,6898.71,3825.35,794.11,614.4
13045.44,9972.11,6898.71,3825.35,794.11,614.4
13045.44,9972.11,6898.71,3825.35,794.11,614.4
13045.44,9972.11,6898.71,3825.35,794.11,614.4
13045.44,9972.11,6898.71,3825.35,794.11,614.4
13045.44,9972.11,6898.71,3825.35,794.11,614.4
13045.44,9972.11,6898.71,3825.35,794.11,614.4
13045.44,9972.11,6898.71,3825.35,794.11,614.4
13045.44,9972.11,6898.71,3825.35,794.11,614.4
13045.44,9972.11,6898.71,3825.35,794.11,614.4
13045.44,9972.11,6898.71,3825.35,794.11,614.4
13045.44,9972.11,6898.71,3825.35,794.11,614.4
13045.44,9972.11,6898.71,3825.35,794.11,614.4
13045.44,9972.11,6898.71,3825.35,794.11,614.4
13045.44,9972.11,6898.71,3825.35,794.11,614.4
13045.44,9972.11,6898.71,3825.35,794.11,614.4
13045.44,9972.11,6898.71,3825.35,794.11,614.4
13045.44,9972.11,6898.71,3825.35,794.11,614.4
13045.44,9972.11,6898.71,3825.35,794.11,614.4
13045.44,9972.11,6898.71,3825.35,794.11,614.4
13045.44,9972.11,6898.71,3825.35,794.11,614.4
13045.44,9972.11,6898.71,3825.35,794.11,614.4
13045.44,9972.11,6898.71,3825.35,794.11,614.4
13045.44,9972.11,6898.71,3825.35,794.11,614.4
13045.44,9972.11,6898.71,3825.35,794.11,614.4
13045.44,9972.11,6898.71,3825.35,794.11,614.4
13045.44,9972.11,6898.71,3825.35,794.11,614.4
13045.44,9972.11,6898.71,3825.35,794.11,614.4
13045.44,9972.11,6898.71,3825.35,794.11,614.4
13045.44,9972.11,6898.71,3825.35,794.11,614.4
13045.44,9972.11,6898.71,3825.35,794.11,614.4
13045.44,9972.11,6898.71,3825.35,794.11,614.4
13045.44,9972.11,6898.71,3825.35,794.11,614.4
13045.44,9972.11,6898.71,3825.35,794.11,614.4
13045.44,9972.11,6898.71,3825.35,794.11,614.4
13045.44,9972.11,6898.71,3825.35,794.11,614.4
13045.44,9972.11,6898.71,3825.35,794.11,614.4
13045.44,9972.11,6898.71,3825.35,794.11,614.4
13045.44,9972.11,6898.71,3825.35,794.11,614.4
13045.44,9972.11,6898.71,3825.35,794.11,614.4
13045.44,9972.11,6898.71,3825.35,794.11,614.4
13045.44,9972.11,6898.71,3825.35,794.11,614.4
13045.44,9972.11,6898.71,3825.35,794.11,614.4
13047.16,9973.83,6900.44,3827.07,795.83,614.4
13047.86,9974.53,6901.14,3827.77,796.53,614.4
13049.17,9975.83,6902.44,3829.08,797.84,614.4
13050.96,9977.62,6904.23,3830.87,799.63,614.4
13050.96,9977.62,6904.23,3830.87,799.63,614.4
13050.96,9977.62,6904.23,3830.87,799.63,614.4
13050.96,9977.62,6904.23,3830.87,799.63,614.4
13050.96,9977.62,6904.23,3830.87,799.63,614.4
13050.96,9977.62,6904.23,3830.87,799.63,614.4
13050.96,9977.62,6904.23,3830.87,799.63,614.4
13050.96,9977.62,6904.23,3830.87,799.63,614.4
13050.96,9977.62,6904.23,3830.87,799.63,614.4
13050.96,9977.62,6904.23,3830.87,799.63,614.4
13050.96,9977.62,6904.23,3830.87,799.63,614.4
13050.96,9977.62,6904.23,3830.87,799.63,614.4
13050.96,9977.62,6904.23,3830.87,799.63,614.4
13050.96,9977.62,6904.23,3830.87,799.63,614.4
13050.96,9977.62,6904.23,3830.87,799.63,614.4
13050.96,9977.62,6904.23,3830.87,799.63,614.4
13050.96,9977.62,6904.23,3830.87,799.63,614.4
13050.96,9977.62,6904.23,3830.87,799.63,614.4
13050.96,9977.62,6904.23,3830.87,799.63,614.4
13050.96,9977.62,6904.23,3830.87,799.63,614.4
13050.96,9977.62,6904.23,3830.87,799.63,614.4
13050.96,9977.62,6904.23,3830.87,799.63,614.4
13050.96,9977.62,6904.23,3830.87,799.63,614.4
13050.96,9977.62,6904.23,3830.87,799.63,614.4
13050.96,9977.62,6904.23,3830.87,799.63,614.4
13050.96,9977.62,6904.23,3830.87,799.63,614.4
13050.96,9977.62,6904.23,3830.87,799.63,614.4
13050.96,9977.62,6904.23,3830.87,799.63,614.4
13050.96,9977.62,6904.23,3830.87,799.63,614.4
13050.96,9977.62,6904.23,3830.87,799.63,614.4
13050.96,9977.62,6904.23,3830.87,799.63,614.4
13050.96,9977.62,6904.23,3830.87,799.63,614.4
13050.96,9977.62,6904.23,3830.87,799.63,614.4
13050.96,9977.62,6904.23,3830.87,799.63,614.4
13050.96,9977.62,6904.23,3830.87,799.63,614.4
13050.96,9977.62,6904.23,3830.87,799.63,614.4
13050.96,9977.62,6904.23,3830.87,799.63,614.4
13050.96,9977.62,6904.23,3830.87,799.63,614.4
13050.96,9977.62,6904.23,3830.87,799.63,614.4
13050.96,9977.62,6904.23,3830.87,799.63,614.4
13050.96,9977.62,6904.23,3830.87,799.63,614.4
13050.96,9977.62,6904.23,3830.87,799.63,614.4
13050.96,9977.62,6904.23,3830.87,799.63,614.4
13050.96,9977.62,6904.23,3830.87,799.63,614.4
13050.96,9977.62,6904.23,3830.87,799.63,614.4
13050.96,9977.62,6904.23,3830.87,799.63,614.4
13050.96,9977.62,6904.23,3830.87,799.63,614.4
13050.96,9977.62,6904.23,3830.87,799.63,614.4
13050.96,9977.62,6904.23,3830.87,799.63,614.4
13050.96,9977.62,6904.23,3830.87,799.63,614.4
13050.96,9977.62,6904.23,3830.87,799.63,614.4
13050.96,9977.62,6904.23,3830.87,799.63,614.4
13050.96,9977.62,6904.23,3830.87,799.63,614.4
13050.96,9977.62,6904.23,3830.87,799.63,614.4
13050.96,9977.62,6904.23,3830.87,799.63,614.4
13050.96,9977.62,6904.23,3830.87,799.63,614.4
13050.96,9977.62,6904.23,3830.87,799.63,614.4
13050.96,9977.62,6904.23,3830.87,799.63,614.4
13050.96,9977.62,6904.23,3830.87,799.63,614.4
13050.96,9977.62,6904.23,3830.87,799.63,614.4
13050.96,9977.62,6904.23,3830.87,799.63,614.4
13050.96,9977.62,6904.23,3830.87,799.63,614.4
13050.96,9977.62,6904.23,3830.87,799.63,614.4
13050.96,9977.62,6904.23,3830.87,799.63,614.4
13050.96,9977.62,6904.23,3830.87,799.63,614.4
13050.96,9977.62,6904.23,3830.87,799.63,614.4
13050.96,9977.62,6904.23,3830.87,799.63,614.4
13050.96,9977.62,6904.23,3830.87,799.63,614.4
13050.96,9977.62,6904.23,3830.87,799.63,614.4
13050.96,9977.62,6904.23,3830.87,799.63,614.4
13050.96,9977.62,6904.23,3830.87,799.63,614.4
13050.96,9977.62,6904.23,3830.87,799.63,614.4
13050.96,9977.62,6904.23,3830.87,799.63,614.4
13050.96,9977.62,6904.23,3830.87,799.63,614.4
13050.96,9977.62,6904.23,3830.87,799.63,614.4
13050.96,9977.62,6904.23,3830.87,799.63,614.4
13050.96,9977.62,6904.23,3830.87,799.63,614.4
13050.96,9977.62,6904.23,3830.87,799.63,614.4
13050.96,9977.62,6904.23,3830.87,799.63,614.4
13050.96,9977.62,6904.23,3830.87,799.63,614.4
13050.96,9977.62,6904.23,3830.87,799.63,614.4
13050.96,9977.62,6904.23,3830.87,799.63,614.4
13050.96,9977.62,6904.23,3830.87,799.63,614.4
13050.96,9977.62,6904.23,3830.87,799.63,614.4
13050.96,9977.62,6904.23,3830.87,799.63,614.4
13050.96,9977.62,6904.23,3830.87,799.63,614.4
13050.96,9977.62,6904.23,3830.87,799.63,614.4
13050.96,9977.62,6904.23,3830.87,799.63,614.4
13050.96,9977.62,6904.23,3830.87,799.63,614.4
13050.96,9977.62,6904.23,3830.87,799.63,614.4
13050.96,9977.62,6904.23,3830.87,799.63,614.4
13050.96,9977.62,6904.23,3830.87,799.63,614.4
13050.96,9977.62,6904.23,3830.87,799.63,614.4
13050.96,9977.62,6904.23,3830.87,799.63,614.4
13050.96,9977.62,6904.23,3830.87,799.63,614.4
13050.96,9977.62,6904.23,3830.87,799.63,614.4
13050.96,9977.62,6904.23,3830.87,799.63,614.4
13050.96,9977.62,6904.23,3830.87,799.63,614.4
13050.96,9977.62,6904.23,3830.87,799.63,614.4
13050.96,9977.62,6904.23,3830.87,799.63,614.4
13050.96,9977.62,6904.23,3830.87,799.63,614.4
13050.96,9977.62,6904.23,3830.87,799.63,614.4
13050.96,9977.62,6904.23,3830.87,799.63,614.4
13050.96,9977.62,6904.23,3830.87,799.63,614.4
13050.96,9977.62,6904.23,3830.87,799.63,614.4
13050.96,9977.62,6904.23,3830.87,799.63,614.4
13050.96,9977.62,6904.23,3830.87,799.63,614.4
13050.96,9977.62,6904.23,3830.87,799.63,614.4
13050.96,9977.62,6904.23,3830.87,799.63,614.4
13050.96,9977.62,6904.23,3830.87,799.63,614.4
13050.96,9977.62,6904.23,3830.87,799.63,614.4
13050.96,9977.62,6904.23,3830.87,799.63,614.4
13050.96,9977.62,6904.23,3830.87,799.63,614.4
13050.96,9977.62,6904.23,3830.87,799.63,614.4
13050.96,9977.62,6904.23,3830.87,799.63,614.4
13050.96,9977.62,6904.23,3830.87,799.63,614.4
13050.96,9977.62,6904.23,3830.87,799.63,614.4
13050.96,9977.62,6904.23,3830.87,799.63,614.4
13050.96,9977.62,6904.23,3830.87,799.63,614.4
13050.96,9977.62,6904.23,3830.87,799.63,614.4
13050.96,9977.62,6904.23,3830.87,799.63,614.4
13050.96,9977.62,6904.23,3830.87,799.63,614.4
13050.96,9977.62,6904.23,3830.87,799.63,614.4
13050.96,9977.62,6904.23,3830.87,799.63,614.4
13050.96,9977.62,6904.23,3830.87,799.63,614.4
13050.96,9977.62,6904.23,3830.87,799.63,614.4
13050.96,9977.62,6904.23,3830.87,799.63,614.4
13050.96,9977.62,6904.23,3830.87,799.63,614.4
13050.96,9977.62,6904.23,3830.87,799.63,614.4
13050.96,9977.62,6904.23,3830.87,799.63,614.4
13050.96,9977.62,6904.23,3830.87,799.63,614.4
13050.96,9977.62,6904.23,3830.87,799.63,614.4
13050.96,9977.62,6904.23,3830.87,799.63,614.4
13050.96,9977.62,6904.23,3830.87,799.63,614.4
13050.96,9977.62,6904.23,3830.87,799.63,614.4
13050.96,9977.62,6904.23,3830.87,799.63,614.4
13050.96,9977.62,6904.23,3830.87,799.63,614.4
13050.96,9977.62,6904.23,3830.87,799.63,614.4
13050.96,9977.62,6904.23,3830.87,799.63,614.4
13050.96,9977.62,6904.23,3830.87,799.63,614.4
13050.96,9977.62,6904.23,3830.87,799.63,614.4
13050.96,9977.62,6904.23,3830.87,799.63,614.4
13050.96,9977.62,6904.23,3830.87,799.63,614.4
13050.96,9977.62,6904.23,3830.87,799.63,614.4
13055.69,9982.34,6908.96,3835.6,804.36,614.4
13055.69,9982.34,6908.96,3835.6,804.36,614.4
13055.69,9982.34,6908.96,3835.6,804.36,614.4
13055.69,9982.34,6908.96,3835.6,804.36,614.4
13055.69,9982.34,6908.96,3835.6,804.36,614.4
13055.69,9982.34,6908.96,3835.6,804.36,614.4
13055.69,9982.34,6908.96,3835.6,804.36,614.4
13055.69,9982.34,6908.96,3835.6,804.36,614.4
13055.69,9982.34,6908.96,3835.6,804.36,614.4
13055.69,9982.34,6908.96,3835.6,804.36,614.4
13055.69,9982.34,6908.96,3835.6,804.36,614.4
13055.69,9982.34,6908.96,3835.6,804.36,614.4
13055.69,9982.34,6908.96,3835.6,804.36,614.4
13055.69,9982.34,6908.96,3835.6,804.36,614.4
13055.69,9982.34,6908.96,3835.6,804.36,614.4
13055.69,9982.34,6908.96,3835.6,804.36,614.4
13055.69,9982.34,6908.96,3835.6,804.36,614.4
13055.69,9982.34,6908.96,3835.6,804.36,614.4
13055.69,9982.34,6908.96,3835.6,804.36,614.4
13055.69,9982.34,6908.96,3835.6,804.36,614.4
13055.69,9982.34,6908.96,3835.6,804.36,614.4
13055.69,9982.34,6908.96,3835.6,804.36,614.4
13055.69,9982.34,6908.96,3835.6,804.36,614.4
13055.69,9982.34,6908.96,3835.6,804.36,614.4
13055.69,9982.34,6908.96,3835.6,804.36,614.4
13055.69,9982.34,6908.96,3835.6,804.36,614.4
13055.69,9982.34,6908.96,3835.6,804.36,614.4
13055.69,9982.34,6908.96,3835.6,804.36,614.4
13055.69,9982.34,6908.96,3835.6,804.36,614.4
13055.69,9982.34,6908.96,3835.6,804.36,614.4
13055.69,9982.34,6908.96,3835.6,804.36,614.4
13055.69,9982.34,6908.96,3835.6,804.36,614.4
13055.69,9982.34,6908.96,3835.6,804.36,614.4
13055.69,9982.34,6908.96,3835.6,804.36,614.4
13055.69,9982.34,6908.96,3835.6,804.36,614.4
13055.69,9982.34,6908.96,3835.6,804.36,614.4
13055.69,9982.34,6908.96,3835.6,804.36,614.4
13055.69,9982.34,6908.96,3835.6,804.36,614.4
13055.69,9982.34,6908.96,3835.6,804.36,614.4
13055.69,9982.34,6908.96,3835.6,804.36,614.4
13055.69,9982.34,6908.96,3835.6,804.36,614.4
13055.69,9982.34,6908.96,3835.6,804.36,614.4
13055.69,9982.34,6908.96,3835.6,804.36,614.4
13055.69,9982.34,6908.96,3835.6,804.36,614.4
13055.69,9982.34,6908.96,3835.6,804.36,614.4
13055.69,9982.34,6908.96,3835.6,804.36,614.4
13055.69,9982.34,6908.96,3835.6,804.36,614.4
13055.69,9982.34,6908.96,3835.6,804.36,614.4
13055.69,9982.34,6908.96,3835.6,804.36,614.4
13061.23,9987.89,6914.51,3841.14,809.9,614.4
13065.67,9992.34,6918.95,3845.58,814.35,614.4
13065.67,9992.34,6918.95,3845.58,814.35,614.4
13065.67,9992.34,6918.95,3845.58,814.35,614.4
13065.67,9992.34,6918.95,3845.58,814.35,614.4
13065.67,9992.34,6918.95,3845.58,814.35,614.4
13065.67,9992.34,6918.95,3845.58,814.35,614.4
13065.67,9992.34,6918.95,3845.58,814.35,614.4
13065.67,9992.34,6918.95,3845.58,814.35,614.4
13065.67,9992.34,6918.95,3845.58,814.35,614.4
13065.67,9992.34,6918.95,3845.58,814.35,614.4
13065.67,9992.34,6918.95,3845.58,814.35,614.4
13065.67,9992.34,6918.95,3845.58,814.35,614.4
13065.67,9992.34,6918.95,3845.58,814.35,614.4
13065.67,9992.34,6918.95,3845.58,814.35,614.4
13065.67,9992.34,6918.95,3845.58,814.35,614.4
13065.67,9992.34,6918.95,3845.58,814.35,614.4
13065.67,9992.34,6918.95,3845.58,814.35,614.4
13065.67,9992.34,6918.95,3845.58,814.35,614.4
13065.67,9992.34,6918.95,3845.58,814.35,614.4
13065.67,9992.34,6918.95,3845.58,814.35,614.4
13065.67,9992.34,6918.95,3845.58,814.35,614.4
13065.67,9992.34,6918.95,3845.58,814.35,614.4
13065.67,9992.34,6918.95,3845.58,814.35,614.4
13065.67,9992.34,6918.95,3845.58,814.35,614.4
13065.67,9992.34,6918.95,3845.58,814.35,614.4
13065.67,9992.34,6918.95,3845.58,814.35,614.4
13065.67,9992.34,6918.95,3845.58,814.35,614.4
13065.67,9992.34,6918.95,3845.58,814.35,614.4
13065.67,9992.34,6918.95,3845.58,814.35,614.4
13065.67,9992.34,6918.95,3845.58,814.35,614.4
13065.67,9992.34,6918.95,3845.58,814.35,614.4
13065.67,9992.34,6918.95,3845.58,814.35,614.4
13065.67,9992.34,6918.95,3845.58,814.35,614.4
13065.67,9992.34,6918.95,3845.58,814.35,614.4
13065.67,9992.34,6918.95,3845.58,814.35,614.4
13065.67,9992.34,6918.95,3845.58,814.35,614.4
13065.67,9992.34,6918.95,3845.58,814.35,614.4
13065.67,9992.34,6918.95,3845.58,814.35,614.4
13065.67,9992.34,6918.95,3845.58,814.35,614.4
13065.67,9992.34,6918.95,3845.58,814.35,614.4
13065.67,9992.34,6918.95,3845.58,814.35,614.4
13065.67,9992.34,6918.95,3845.58,814.35,614.4
13065.67,9992.34,6918.95,3845.58,814.35,614.4
13065.67,9992.34,6918.95,3845.58,814.35,614.4
13065.67,9992.34,6918.95,3845.58,814.35,614.4
13065.67,9992.34,6918.95,3845.58,814.35,614.4
13065.67,9992.34,6918.95,3845.58,814.35,614.4
13065.67,9992.34,6918.95,3845.58,814.35,614.4
13065.67,9992.34,6918.95,3845.58,814.35,614.4
13065.67,9992.34,6918.95,3845.58,814.35,614.4
13065.67,9992.34,6918.95,3845.58,814.35,614.4
13065.67,9992.34,6918.95,3845.58,814.35,614.4
13065.67,9992.34,6918.95,3845.58,814.35,614.4
13065.67,9992.34,6918.95,3845.58,814.35,614.4
13065.67,9992.34,6918.95,3845.58,814.35,614.4
13065.67,9992.34,6918.95,3845.58,814.35,614.4
13065.67,9992.34,6918.95,3845.58,814.35,614.4
13065.67,9992.34,6918.95,3845.58,814.35,614.4
13065.67,9992.34,6918.95,3845.58,814.35,614.4
13065.67,9992.34,6918.95,3845.58,814.35,614.4
13065.67,9992.34,6918.95,3845.58,814.35,614.4
13065.67,9992.34,6918.95,3845.58,814.35,614.4
13065.67,9992.34,6918.95,3845.58,814.35,614.4
13065.67,9992.34,6918.95,3845.58,814.35,614.4
13065.67,9992.34,6918.95,3845.58,814.35,614.4
13065.67,9992.34,6918.95,3845.58,814.35,614.4
13065.67,9992.34,6918.95,3845.58,814.35,614.4
13070.36,9997.04,6923.64,3850.27,819.04,614.4
13085.62,10012.31,6938.91,3865.53,834.31,614.4
13111.63,10038.32,6964.91,3891.54,860.32,614.4
13146.47,10073.15,6999.75,3926.38,890.68,614.4
13184.89,10111.58,7038.18,3964.8,922.19,614.4
13223.62,10150.31,7076.9,4003.53,954.36,614.4
13250.44,10177.13,7103.72,4030.35,981.19,614.4
13250.44,10177.13,7103.72,4030.35,981.19,614.4
13250.44,10177.13,7103.72,4030.35,981.19,614.4
13250.44,10177.13,7103.72,4030.35,981.19,614.4
13250.44,10177.13,7103.72,4030.35,981.19,614.4
13250.44,10177.13,7103.72,4030.35,981.19,614.4
13250.44,10177.13,7103.72,4030.35,981.19,614.4
13250.44,10177.13,7103.72,4030.35,981.19,614.4
13250.44,10177.13,7103.72,4030.35,981.19,614.4
13250.44,10177.13,7103.72,4030.35,981.19,614.4
13250.44,10177.13,7103.72,4030.35,981.19,614.4
13250.44,10177.13,7103.72,4030.35,981.19,614.4
13250.44,10177.13,7103.72,4030.35,981.19,614.4
13250.44,10177.13,7103.72,4030.35,981.19,614.4
13250.44,10177.13,7103.72,4030.35,981.19,614.4
13250.44,10177.13,7103.72,4030.35,981.19,614.4
13250.44,10177.13,7103.72,4030.35,981.19,614.4
13251.76,10178.44,7105.03,4031.67,982.5,614.4
13288.11,10214.79,7141.39,4068.02,1017.76,614.4
13328.69,10255.36,7181.97,4108.6,1053.85,614.4
13328.69,10255.36,7181.97,4108.6,1053.85,614.4
13328.69,10255.36,7181.97,4108.6,1053.85,614.4
13335.18,10261.85,7188.46,4115.09,1060.33,614.4
13358.17,10284.84,7211.45,4138.08,1083.32,614.4
13387.31,10313.98,7240.59,4167.22,1112.46,614.4
13387.31,10313.98,7240.59,4167.22,1112.46,614.4
13387.31,10313.98,7240.59,4167.22,1112.46,614.4
13387.31,10313.98,7240.59,4167.22,1112.46,614.4
13387.31,10313.98,7240.59,4167.22,1112.46,614.4
13387.31,10313.98,7240.59,4167.22,1112.46,614.4
13387.31,10313.98,7240.59,4167.22,1112.46,614.4
13387.31,10313.98,7240.59,4167.22,1112.46,614.4
13387.31,10313.98,7240.59,4167.22,1112.46,614.4
13387.31,10313.98,7240.59,4167.22,1112.46,614.4
13387.31,10313.98,7240.59,4167.22,1112.46,614.4
13387.31,10313.98,7240.59,4167.22,1112.46,614.4
13387.31,10313.98,7240.59,4167.22,1112.46,614.4
13387.31,10313.98,7240.59,4167.22,1112.46,614.4
13387.31,10313.98,7240.59,4167.22,1112.46,614.4
13387.31,10313.98,7240.59,4167.22,1112.46,614.4
13387.31,10313.98,7240.59,4167.22,1112.46,614.4
13396.71,10323.38,7250.0,4176.62,1121.86,614.4
13439.51,10366.18,7292.8,4219.42,1164.33,614.4
13497.99,10424.65,7351.27,4277.9,1207.57,614.4
13539.88,10466.54,7393.17,4319.79,1249.46,614.4
13580.84,10507.5,7434.13,4360.75,1290.42,614.4
13629.62,10556.28,7482.91,4409.53,1336.13,614.4
13674.91,10601.56,7528.19,4454.81,1381.42,614.4
13698.75,10625.39,7552.03,4478.65,1405.25,614.4
13698.75,10625.39,7552.03,4478.65,1405.25,614.4
13698.75,10625.39,7552.03,4478.65,1405.25,614.4
13698.75,10625.39,7552.03,4478.65,1405.25,614.4
13698.75,10625.39,7552.03,4478.65,1405.25,614.4
13698.75,10625.39,7552.03,4478.65,1405.25,614.4
13698.75,10625.39,7552.03,4478.65,1405.25,614.4
13698.75,10625.39,7552.03,4478.65,1405.25,614.4
13698.75,10625.39,7552.03,4478.65,1405.25,614.4
13698.75,10625.39,7552.03,4478.65,1405.25,614.4
13698.75,10625.39,7552.03,4478.65,1405.25,614.4
13698.75,10625.39,7552.03,4478.65,1405.25,614.4
13698.75,10625.39,7552.03,4478.65,1405.25,614.4
13698.75,10625.39,7552.03,4478.65,1405.25,614.4
13698.75,10625.39,7552.03,4478.65,1405.25,614.4
13698.75,10625.39,7552.03,4478.65,1405.25,614.4
13698.75,10625.39,7552.03,4478.65,1405.25,614.4
13704.32,10630.97,7557.6,4484.22,1410.82,614.4
13747.83,10674.48,7601.12,4527.73,1454.33,614.4
13780.72,10707.37,7634.01,4560.62,1487.22,614.4
13819.22,10745.86,7672.51,4599.12,1525.72,614.4
13866.17,10792.8,7719.46,4646.07,1572.66,614.4
13917.48,10844.12,7770.77,4697.38,1623.97,614.4
13964.8,10891.43,7818.09,4744.7,1671.29,614.4
14013.75,10940.39,7867.04,4793.65,1720.25,614.4
14013.75,10940.39,7867.04,4793.65,1720.25,614.4
14013.75,10940.39,7867.04,4793.65,1720.25,614.4
14013.75,10940.39,7867.04,4793.65,1720.25,614.4
14013.75,10940.39,7867.04,4793.65,1720.25,614.4
14013.75,10940.39,7867.04,4793.65,1720.25,614.4
14013.75,10940.39,7867.04,4793.65,1720.25,614.4
14013.75,10940.39,7867.04,4793.65,1720.25,614.4
14013.75,10940.39,7867.04,4793.65,1720.25,614.4
14013.75,10940.39,7867.04,4793.65,1720.25,614.4
14013.75,10940.39,7867.04,4793.65,1720.25,614.4
14013.75,10940.39,7867.04,4793.65,1720.25,614.4
14013.75,10940.39,7867.04,4793.65,1720.25,614.4
14013.75,10940.39,7867.04,4793.65,1720.25,614.4
14013.75,10940.39,7867.04,4793.65,1720.25,614.4
14013.75,10940.39,7867.04,4793.65,1720.25,614.4
14013.75,10940.39,7867.04,4793.65,1720.25,614.4
14013.75,10940.39,7867.04,4793.65,1720.25,614.4
14013.75,10940.39,7867.04,4793.65,1720.25,614.4
14013.75,10940.39,7867.04,4793.65,1720.25,614.4
14014.89,10941.52,7868.18,4794.79,1721.38,614.4
14014.89,10941.52,7868.18,4794.79,1721.38,614.4
14014.89,10941.52,7868.18,4794.79,1721.38,614.4
14014.89,10941.52,7868.18,4794.79,1721.38,614.4
14014.89,10941.52,7868.18,4794.79,1721.38,614.4
14014.89,10941.52,7868.18,4794.79,1721.38,614.4
14014.89,10941.52,7868.18,4794.79,1721.38,614.4
14014.89,10941.52,7868.18,4794.79,1721.38,614.4
14014.89,10941.52,7868.18,4794.79,1721.38,614.4
14014.89,10941.52,7868.18,4794.79,1721.38,614.4
14014.89,10941.52,7868.18,4794.79,1721.38,614.4
14014.89,10941.52,7868.18,4794.79,1721.38,614.4
14014.89,10941.52,7868.18,4794.79,1721.38,614.4
14014.89,10941.52,7868.18,4794.79,1721.38,614.4
14014.89,10941.52,7868.18,4794.79,1721.38,614.4
14014.89,10941.52,7868.18,4794.79,1721.38,614.4
14014.89,10941.52,7868.18,4794.79,1721.38,614.4
14014.89,10941.52,7868.18,4794.79,1721.38,614.4
14014.89,10941.52,7868.18,4794.79,1721.38,614.4
14014.89,10941.52,7868.18,4794.79,1721.38,614.4
14014.89,10941.52,7868.18,4794.79,1721.38,614.4
14044.8,10971.43,7898.08,4824.69,1751.29,614.4
14102.41,11029.04,7955.7,4882.3,1808.9,614.4
14163.64,11090.26,8016.92,4943.53,1870.13,614.4
14241.18,11167.79,8094.46,5021.07,1947.67,614.4
14336.3,11262.91,8189.58,5116.19,2042.79,614.4
14420.44,11475.11,8529.83,5584.5,2639.16,1254.69
14502.79,11685.51,8868.29,6051.02,3233.74,1894.98
14595.59,11906.37,9217.2,6527.99,3838.77,2535.27
14623.75,12062.59,9501.48,6940.33,4379.16,3175.56
14623.75,12062.59,9501.48,6940.33,4379.16,3175.56
14623.75,12062.59,9501.48,6940.33,4379.16,3175.56
14623.75,12062.59,9501.48,6940.33,4379.16,3175.56
14623.75,12062.59,9501.48,6940.33,4379.16,3175.56
14623.75,12062.59,9501.48,6940.33,4379.16,3175.56
14623.75,12062.59,9501.48,6940.33,4379.16,3175.56
14623.75,12062.59,9501.48,6940.33,4379.16,3175.56
14623.75,12062.59,9501.48,6940.33,4379.16,3175.56
14623.75,12062.59,9501.48,6940.33,4379.16,3175.56
14623.75,12062.59,9501.48,6940.33,4379.16,3175.56
14623.75,12062.59,9501.48,6940.33,4379.16,3175.56
14623.75,12062.59,9501.48,6940.33,4379.16,3175.56
14623.75,12062.59,9501.48,6940.33,4379.16,3175.56
14623.75,12062.59,9501.48,6940.33,4379.16,3175.56
14626.33,12193.23,9760.17,7327.08,4893.97,3815.85
14644.05,12339.01,10034.0,7728.97,5423.92,4456.14
14710.29,12533.31,10356.35,8179.38,6002.39,5096.43
14790.49,12741.57,10692.67,8643.76,6594.82,5736.72
14880.56,12959.69,11038.85,9118.0,7197.12,6377.01
14978.74,13185.93,11393.15,9600.35,7807.53,7017.3
15054.71,13389.96,11725.23,10060.49,8395.73,7657.59
15143.99,13607.3,12070.63,10533.94,8997.24,8297.88
15212.99,13804.36,12395.74,10987.11,9578.47,8938.17
15230.37,13949.8,12669.24,11388.66,10108.08,9578.46
