slack_0,non_interrupt,interrupt
30.59,12.62,12.62
25.8,12.62,12.62
22.77,12.62,12.62
45.52,12.62,12.62
42.1,12.62,12.62
59.62,12.62,12.62
49.13,12.62,12.62
52.05,12.62,12.62
90.24,12.62,12.62
108.67,12.62,12.62
168.42,12.62,12.62
217.72,12.62,12.62
232.71,12.62,12.62
187.25,12.62,12.62
194.74,12.62,12.62
210.01,12.62,12.62
146.83,12.62,12.62
117.87,12.62,12.62
115.04,12.62,12.62
103.37,12.62,12.62
91.48,12.62,12.62
90.05,12.62,12.62
82.86,12.62,12.62
92.71,12.62,12.62
94.25,12.62,12.62
87.64,12.62,12.62
78.64,12.62,12.62
74.89,12.62,12.62
76.8,12.62,12.62
78.27,12.62,12.62
77.5,12.62,12.62
77.14,12.62,12.62
77.56,12.62,12.62
82.17,12.62,12.62
80.22,12.62,12.62
79.56,12.62,12.62
75.78,12.62,12.62
78.71,12.62,12.62
86.91,12.62,12.62
94.28,12.62,12.62
87.92,12.62,12.62
92.57,12.62,12.62
70.43,12.62,12.62
35.64,12.62,12.62
14.02,12.62,12.62
12.62,12.62,12.62
12.62,12.62,12.62
12.62,12.62,12.62
23.81,12.62,12.62
56.94,12.62,12.62
57.6,12.62,12.62
96.51,12.62,12.62
84.64,12.62,12.62
49.8,12.62,12.62
51.82,12.62,12.62
44.73,12.62,12.62
54.83,12.62,12.62
75.93,12.62,12.62
68.11,12.62,12.62
63.48,12.62,12.62
64.42,12.62,12.62
63.39,12.62,12.62
65.31,12.62,12.62
64.24,12.62,12.62
65.54,12.62,12.62
61.6,12.62,12.62
63.64,12.62,12.62
63.9,12.62,12.62
63.08,12.62,12.62
63.26,12.62,12.62
69.94,12.62,12.62
70.58,12.62,12.62
62.68,12.62,12.62
61.9,12.62,12.62
62.3,12.62,12.62
63.78,12.62,12.62
65.02,12.62,12.62
67.23,12.62,12.62
71.5,12.62,12.62
77.41,12.62,12.62
73.77,12.62,12.62
67.17,12.62,12.62
67.81,12.62,12.62
71.44,12.62,12.62
66.43,12.62,12.62
69.88,12.62,12.62
71.95,12.62,12.62
73.23,12.62,12.62
71.71,12.62,12.62
72.72,12.62,12.62
79.77,12.62,12.62
84.28,12.62,12.62
78.48,12.62,12.62
69.01,12.62,12.62
66.47,12.62,12.62
65.31,12.62,12.62
61.16,12.62,12.62
59.7,12.62,12.62
58.04,12.62,12.62
56.99,12.62,12.62
57.91,12.62,12.62
58.43,12.62,12.62
58.07,12.62,12.62
55.28,12.62,12.62
54.42,12.62,12.62
54.1,12.62,12.62
53.67,12.62,12.62
53.83,12.62,12.62
53.73,12.62,12.62
54.07,12.62,12.62
60.3,12.62,12.62
70.96,12.62,12.62
75.88,12.62,12.62
73.79,12.62,12.62
80.91,12.62,12.62
76.63,12.62,12.62
72.5,12.62,12.62
71.09,12.62,12.62
71.55,12.62,12.62
44.22,12.62,12.62
12.62,12.62,12.62
13.11,12.62,12.62
15.35,12.62,12.62
14.88,12.62,12.62
16.98,12.62,12.62
25.25,12.62,12.62
34.2,12.62,12.62
78.61,12.62,12.62
80.36,12.62,12.62
85.01,12.62,12.62
104.33,12.62,12.62
98.47,12.62,12.62
89.52,12.62,12.62
94.91,12.62,12.62
85.67,12.62,12.62
85.47,12.62,12.62
83.12,12.62,12.62
86.02,12.62,12.62
86.29,12.62,12.62
86.41,12.62,12.62
83.89,12.62,12.62
85.39,12.62,12.62
91.44,12.62,12.62
103.68,12.62,12.62
133.55,12.62,12.62
106.55,12.62,12.62
115.49,12.62,12.62
112.26,12.62,12.62
124.71,12.62,12.62
111.79,12.62,12.62
104.62,12.62,12.62
108.86,12.62,12.62
94.19,12.62,12.62
83.45,12.62,12.62
72.54,12.62,12.62
68.64,12.62,12.62
73.71,12.62,12.62
73.7,12.62,12.62
71.42,12.62,12.62
75.36,12.62,12.62
74.8,12.62,12.62
79.55,12.62,12.62
77.76,12.62,12.62
81.92,12.62,12.62
82.91,12.62,12.62
84.26,12.62,12.62
94.33,12.62,12.62
87.61,12.62,12.62
90.12,12.62,12.62
93.19,12.62,12.62
96.18,12.62,12.62
96.32,12.62,12.62
97.57,12.62,12.62
91.56,12.62,12.62
90.65,12.62,12.62
86.71,12.62,12.62
85.2,12.62,12.62
72.54,12.62,12.62
64.86,12.62,12.62
67.92,12.62,12.62
69.62,12.62,12.62
68.0,12.62,12.62
62.45,12.62,12.62
62.33,12.62,12.62
63.4,12.62,12.62
68.22,12.62,12.62
72.35,12.62,12.62
83.39,12.62,12.62
86.08,12.62,12.62
83.82,12.62,12.62
90.39,12.62,12.62
97.79,12.62,12.62
93.88,12.62,12.62
85.82,12.62,12.62
81.83,12.62,12.62
69.24,12.62,12.62
68.46,12.62,12.62
63.78,12.62,12.62
63.13,12.62,12.62
66.91,12.62,12.62
71.51,12.62,12.62
75.0,12.62,12.62
75.15,12.62,12.62
78.24,12.62,12.62
79.97,12.62,12.62
82.29,12.62,12.62
83.04,12.62,12.62
126.36,12.62,12.62
95.31,12.62,12.62
80.27,12.62,12.62
87.93,12.62,12.62
87.06,12.62,12.62
89.18,12.62,12.62
88.3,12.62,12.62
92.6,12.62,12.62
93.63,12.62,12.62
74.36,12.62,12.62
32.41,12.62,12.62
32.92,12.62,12.62
31.04,12.62,12.62
32.96,12.62,12.62
36.25,12.62,12.62
42.12,12.62,12.62
51.54,12.62,12.62
84.35,12.62,12.62
85.94,12.62,12.62
84.0,12.62,12.62
101.33,12.62,12.62
96.62,12.62,12.62
100.62,12.62,12.62
138.86,12.62,12.62
124.18,12.62,12.62
204.48,12.62,12.62
122.1,12.62,12.62
138.7,12.62,12.62
108.58,12.62,12.62
96.56,12.62,12.62
100.15,12.62,12.62
98.82,12.62,12.62
94.38,12.62,12.62
92.2,12.62,12.62
92.16,12.62,12.62
91.41,12.62,12.62
89.83,12.62,12.62
85.83,12.62,12.62
84.01,12.62,12.62
84.77,12.62,12.62
82.18,12.62,12.62
106.02,12.62,12.62
151.0,12.62,12.62
139.9,12.62,12.62
133.99,12.62,12.62
77.54,12.62,12.62
74.15,12.62,12.62
78.62,12.62,12.62
81.6,12.62,12.62
82.64,12.62,12.62
80.93,12.62,12.62
83.59,12.62,12.62
84.75,12.62,12.62
86.51,12.62,12.62
88.99,12.62,12.62
94.0,12.62,12.62
93.2,12.62,12.62
94.0,12.62,12.62
97.7,12.62,12.62
96.09,12.62,12.62
93.43,12.62,12.62
89.37,12.62,12.62
82.31,12.62,12.62
77.81,12.62,12.62
79.56,12.62,12.62
87.7,12.62,12.62
130.74,12.62,12.62
132.34,12.62,12.62
128.27,12.62,12.62
77.12,12.62,12.62
75.75,12.62,12.62
74.58,12.62,12.62
73.45,12.62,12.62
75.84,12.62,12.62
70.28,12.62,12.62
71.57,12.62,12.62
72.51,12.62,12.62
64.49,12.62,12.62
64.35,12.62,12.62
63.36,12.62,12.62
62.88,12.62,12.62
22.06,12.62,12.62
12.62,12.62,12.62
12.62,12.62,12.62
12.62,12.62,12.62
12.62,12.62,12.62
12.82,12.62,12.62
19.4,12.62,12.62
51.46,12.62,12.62
98.77,12.62,12.62
119.42,12.62,12.62
110.56,12.62,12.62
76.35,12.62,12.62
62.79,12.62,12.62
64.1,12.62,12.62
67.02,12.62,12.62
68.03,12.62,12.62
67.65,12.62,12.62
64.9,12.62,12.62
69.07,12.62,12.62
70.26,12.62,12.62
71.29,12.62,12.62
72.23,12.62,12.62
68.34,12.62,12.62
67.07,12.62,12.62
58.97,12.62,12.62
59.55,12.62,12.62
61.69,12.62,12.62
63.2,12.62,12.62
66.9,12.62,12.62
67.63,12.62,12.62
63.82,12.62,12.62
63.45,12.62,12.62
66.7,12.62,12.62
67.39,12.62,12.62
61.76,12.62,12.62
62.4,12.62,12.62
64.7,12.62,12.62
67.34,12.62,12.62
77.33,12.62,12.62
76.38,12.62,12.62
68.11,12.62,12.62
71.45,12.62,12.62
79.84,12.62,12.62
83.93,12.62,12.62
86.47,12.62,12.62
86.91,12.62,12.62
94.59,12.62,12.62
93.94,12.62,12.62
91.14,12.62,12.62
94.76,12.62,12.62
94.46,12.62,12.62
89.17,12.62,12.62
91.92,12.62,12.62
92.57,12.62,12.62
88.05,12.62,12.62
82.89,12.62,12.62
81.11,12.62,12.62
81.87,12.62,12.62
81.6,12.62,12.62
82.82,12.62,12.62
83.23,12.62,12.62
84.46,12.62,12.62
86.08,12.62,12.62
81.42,12.62,12.62
76.94,12.62,12.62
76.94,12.62,12.62
78.18,12.62,12.62
83.93,12.62,12.62
88.61,12.62,12.62
89.08,12.62,12.62
92.18,12.62,12.62
83.98,12.62,12.62
20.91,12.62,12.62
27.68,12.62,12.62
23.65,12.62,12.62
20.89,12.62,12.62
19.29,12.62,12.62
18.93,12.62,12.62
17.26,12.62,12.62
15.7,12.62,12.62
16.14,12.62,12.62
15.5,12.62,12.62
21.5,12.62,12.62
71.13,12.62,12.62
82.34,12.62,12.62
76.64,12.62,12.62
74.9,12.62,12.62
74.49,12.62,12.62
64.49,12.62,12.62
68.17,12.62,12.62
71.22,12.62,12.62
70.79,12.62,12.62
70.03,12.62,12.62
69.81,12.62,12.62
68.77,12.62,12.62
68.07,12.62,12.62
41.38,12.62,12.62
12.62,12.62,12.62
12.62,12.62,12.62
12.62,12.62,12.62
12.62,12.62,12.62
14.97,12.62,12.62
23.64,12.62,12.62
61.46,12.62,12.62
64.88,12.62,12.62
60.72,12.62,12.62
63.79,12.62,12.62
62.07,12.62,12.62
62.05,12.62,12.62
62.47,12.62,12.62
68.99,12.62,12.62
74.47,12.62,12.62
71.09,12.62,12.62
74.34,12.62,12.62
78.71,12.62,12.62
84.91,12.62,12.62
86.15,12.62,12.62
90.54,12.62,12.62
82.86,12.62,12.62
85.65,12.62,12.62
83.47,12.62,12.62
84.61,12.62,12.62
85.2,12.62,12.62
81.79,12.62,12.62
81.6,12.62,12.62
75.13,12.62,12.62
82.53,12.62,12.62
77.82,12.62,12.62
118.83,12.62,12.62
166.69,12.62,12.62
153.73,12.62,12.62
84.45,12.62,12.62
76.87,12.62,12.62
77.76,12.62,12.62
82.2,12.62,12.62
78.41,12.62,12.62
65.97,12.62,12.62
67.53,12.62,12.62
67.42,12.62,12.62
67.97,12.62,12.62
73.09,12.62,12.62
75.09,12.62,12.62
76.67,12.62,12.62
74.52,12.62,12.62
80.87,12.62,12.62
88.7,12.62,12.62
93.19,12.62,12.62
82.96,12.62,12.62
74.69,12.62,12.62
77.26,12.62,12.62
72.28,12.62,12.62
65.07,12.62,12.62
75.67,12.62,12.62
121.93,12.62,12.62
133.58,12.62,12.62
97.81,12.62,12.62
67.06,12.62,12.62
67.65,12.62,12.62
68.49,12.62,12.62
62.5,12.62,12.62
58.84,12.62,12.62
67.05,12.62,12.62
71.89,12.62,12.62
69.88,12.62,12.62
68.79,12.62,12.62
68.37,12.62,12.62
60.23,12.62,12.62
56.22,12.62,12.62
56.22,12.62,12.62
56.22,12.62,12.62
56.22,12.62,12.62
56.22,12.62,12.62
68.95,12.62,12.62
67.42,12.62,12.62
65.89,12.62,12.62
60.67,12.62,12.62
65.77,12.62,12.62
91.28,12.62,12.62
104.79,12.62,12.62
69.19,12.62,12.62
56.37,12.62,12.62
57.86,12.62,12.62
59.8,12.62,12.62
63.22,12.62,12.62
60.62,12.62,12.62
60.78,12.62,12.62
60.86,12.62,12.62
60.86,12.62,12.62
64.27,12.62,12.62
62.96,12.62,12.62
64.85,12.62,12.62
66.72,12.62,12.62
65.59,12.62,12.62
63.88,12.62,12.62
64.29,12.62,12.62
63.66,12.62,12.62
64.04,12.62,12.62
65.47,12.62,12.62
63.66,12.62,12.62
60.17,12.62,12.62
76.75,12.62,12.62
68.27,12.62,12.62
58.63,12.62,12.62
61.11,12.62,12.62
62.44,12.62,12.62
63.61,12.62,12.62
70.57,12.62,12.62
72.32,12.62,12.62
74.14,12.62,12.62
78.4,12.62,12.62
77.81,12.62,12.62
85.41,12.62,12.62
80.68,12.62,12.62
90.65,12.62,12.62
94.05,12.62,12.62
96.51,12.62,12.62
96.05,12.62,12.62
96.24,12.62,12.62
111.95,12.62,12.62
110.86,12.62,12.62
111.78,12.62,12.62
94.25,12.62,12.62
89.14,12.62,12.62
81.75,12.62,12.62
81.49,12.62,12.62
82.99,12.62,12.62
83.97,12.62,12.62
84.3,12.62,12.62
85.4,12.62,12.62
89.06,12.62,12.62
89.89,12.62,12.62
89.23,12.62,12.62
84.27,12.62,12.62
83.72,12.62,12.62
85.29,12.62,12.62
92.33,12.62,12.62
95.72,12.62,12.62
99.17,12.62,12.62
100.5,12.62,12.62
104.32,12.62,12.62
109.45,12.62,12.62
111.93,12.62,12.62
112.46,12.62,12.62
110.92,12.62,12.62
109.3,12.62,12.62
107.05,12.62,12.62
98.88,12.62,12.62
92.29,12.62,12.62
95.28,12.62,12.62
93.38,12.62,12.62
92.91,12.62,12.62
92.2,12.62,12.62
93.56,12.62,12.62
93.79,12.62,12.62
95.1,12.62,12.62
90.53,12.62,12.62
86.7,12.62,12.62
90.03,12.62,12.62
94.62,12.62,12.62
98.54,12.62,12.62
94.51,12.62,12.62
101.66,12.62,12.62
102.87,12.62,12.62
89.83,12.62,12.62
89.66,12.62,12.62
92.7,12.62,12.62
92.1,12.62,12.62
86.32,12.62,12.62
87.83,12.62,12.62
90.06,12.62,12.62
80.28,12.62,12.62
77.1,12.62,12.62
73.71,12.62,12.62
72.5,12.62,12.62
71.22,12.62,12.62
71.35,12.62,12.62
72.2,12.62,12.62
75.03,12.62,12.62
72.09,12.62,12.62
74.35,12.62,12.62
70.41,12.62,12.62
74.95,12.62,12.62
78.07,12.62,12.62
76.02,12.62,12.62
84.75,12.62,12.62
53.11,12.62,12.62
12.89,12.62,12.62
12.77,12.62,12.62
13.1,12.62,12.62
14.1,12.62,12.62
13.12,12.62,12.62
13.24,12.62,12.62
17.46,12.62,12.62
45.32,12.62,12.62
68.9,12.62,12.62
69.08,12.62,12.62
69.61,12.62,12.62
71.48,12.62,12.62
71.08,12.62,12.62
72.83,12.62,12.62
67.6,12.62,12.62
72.29,12.62,12.62
80.71,12.62,12.62
83.61,12.62,12.62
88.13,12.62,12.62
95.59,12.62,12.62
84.96,12.62,12.62
86.07,12.62,12.62
87.63,12.62,12.62
94.14,12.62,12.62
97.79,12.62,12.62
100.96,12.62,12.62
103.07,12.62,12.62
99.66,12.62,12.62
96.46,12.62,12.62
90.13,12.62,12.62
89.09,12.62,12.62
76.67,12.62,12.62
66.26,12.62,12.62
61.71,12.62,12.62
64.02,12.62,12.62
61.47,12.62,12.62
59.06,12.62,12.62
60.58,12.62,12.62
60.09,12.62,12.62
58.75,12.62,12.62
59.03,12.62,12.62
59.3,12.62,12.62
58.96,12.62,12.62
58.96,12.62,12.62
59.57,12.62,12.62
68.01,12.62,12.62
76.57,12.62,12.62
74.88,12.62,12.62
73.66,12.62,12.62
66.16,12.62,12.62
47.9,12.62,12.62
12.62,12.62,12.62
12.62,12.62,12.62
12.62,12.62,12.62
12.62,12.62,12.62
12.62,12.62,12.62
17.86,12.62,12.62
56.57,12.62,12.62
64.54,12.62,12.62
64.35,12.62,12.62
68.27,12.62,12.62
62.95,12.62,12.62
62.98,12.62,12.62
64.65,12.62,12.62
68.88,12.62,12.62
67.75,12.62,12.62
66.07,12.62,12.62
64.79,12.62,12.62
67.51,12.62,12.62
61.7,12.62,12.62
58.87,12.62,12.62
59.3,12.62,12.62
59.46,12.62,12.62
65.46,12.62,12.62
67.12,12.62,12.62
73.3,12.62,12.62
73.94,12.62,12.62
71.26,12.62,12.62
67.05,12.62,12.62
65.66,12.62,12.62
58.24,12.62,12.62
63.18,12.62,12.62
65.27,12.62,12.62
61.0,12.62,12.62
58.75,12.62,12.62
59.21,12.62,12.62
57.69,12.62,12.62
59.97,12.62,12.62
71.68,12.62,12.62
80.85,12.62,12.62
111.73,12.62,12.62
99.72,12.62,12.62
84.8,12.62,12.62
88.17,12.62,12.62
92.38,12.62,12.62
95.25,12.62,12.62
98.75,12.62,12.62
91.69,12.62,12.62
20.59,12.62,12.62
18.63,12.62,12.62
18.19,12.62,12.62
14.99,12.62,12.62
13.47,12.62,12.62
14.04,12.62,12.62
14.55,12.62,12.62
14.88,12.62,12.62
15.42,12.62,12.62
29.86,12.62,12.62
53.75,12.62,12.62
55.3,12.62,12.62
62.29,12.62,12.62
62.54,12.62,12.62
62.69,12.62,12.62
62.78,12.62,12.62
62.78,12.62,12.62
62.78,12.62,12.62
63.84,12.62,12.62
59.87,12.62,12.62
58.28,12.62,12.62
59.84,12.62,12.62
60.78,12.62,12.62
61.15,12.62,12.62
57.51,12.62,12.62
61.3,12.62,12.62
57.46,12.62,12.62
61.72,12.62,12.62
65.21,12.62,12.62
65.6,12.62,12.62
62.78,12.62,12.62
64.43,12.62,12.62
70.69,12.62,12.62
73.57,12.62,12.62
75.75,12.62,12.62
86.41,12.62,12.62
91.14,12.62,12.62
93.75,12.62,12.62
100.9,12.62,12.62
111.51,12.62,12.62
113.15,12.62,12.62
118.87,12.62,12.62
132.54,12.62,12.62
117.66,12.62,12.62
115.34,12.62,12.62
114.69,12.62,12.62
103.67,12.62,12.62
116.94,12.62,12.62
74.87,12.62,12.62
73.66,12.62,12.62
68.68,12.62,12.62
66.01,12.62,12.62
67.91,12.62,12.62
74.11,12.62,12.62
123.58,12.62,12.62
134.31,12.62,12.62
85.35,12.62,12.62
84.15,12.62,12.62
168.02,12.62,12.62
166.71,12.62,12.62
172.04,12.62,12.62
174.95,12.62,12.62
118.27,12.62,12.62
87.19,12.62,12.62
86.63,12.62,12.62
87.42,12.62,12.62
89.59,12.62,12.62
93.34,12.62,12.62
93.91,12.62,12.62
97.09,12.62,12.62
103.53,12.62,12.62
97.22,12.62,12.62
92.57,12.62,12.62
94.07,12.62,12.62
94.04,12.62,12.62
91.86,12.62,12.62
93.57,12.62,12.62
85.93,12.62,12.62
78.52,12.62,12.62
74.06,12.62,12.62
73.29,12.62,12.62
69.29,12.62,12.62
65.77,12.62,12.62
69.08,12.62,12.62
82.42,12.62,12.62
84.94,12.62,12.62
67.53,12.62,12.62
75.73,12.62,12.62
86.99,12.62,12.62
82.47,12.62,12.62
76.19,12.62,12.62
69.33,12.62,12.62
72.65,12.62,12.62
79.19,12.62,12.62
81.75,12.62,12.62
92.46,12.62,12.62
102.77,12.62,12.62
118.93,12.62,12.62
122.5,12.62,12.62
122.86,12.62,12.62
121.4,12.62,12.62
127.61,12.62,12.62
112.84,12.62,12.62
105.95,12.62,12.62
115.46,12.62,12.62
121.48,12.62,12.62
117.76,12.62,12.62
115.07,12.62,12.62
101.91,12.62,12.62
99.61,12.62,12.62
92.44,12.62,12.62
86.27,12.62,12.62
91.66,12.62,12.62
88.5,12.62,12.62
92.47,12.62,12.62
92.0,12.62,12.62
97.5,12.62,12.62
98.77,12.62,12.62
103.44,12.62,12.62
92.67,12.62,12.62
32.03,12.62,12.62
31.62,12.62,12.62
32.45,12.62,12.62
33.5,12.62,12.62
35.19,12.62,12.62
34.76,12.62,12.62
42.96,12.62,12.62
105.5,12.62,12.62
132.52,12.62,12.62
129.9,12.62,12.62
107.22,12.62,12.62
90.03,12.62,12.62
82.75,12.62,12.62
87.89,12.62,12.62
84.63,12.62,12.62
82.37,12.62,12.62
78.54,12.62,12.62
82.98,12.62,12.62
82.54,12.62,12.62
91.84,12.62,12.62
96.95,12.62,12.62
100.59,12.62,12.62
96.31,12.62,12.62
96.57,12.62,12.62
94.94,12.62,12.62
94.11,12.62,12.62
96.63,12.62,12.62
94.95,12.62,12.62
88.46,12.62,12.62
82.12,12.62,12.62
74.74,12.62,12.62
73.12,12.62,12.62
71.3,12.62,12.62
71.73,12.62,12.62
70.43,12.62,12.62
69.8,12.62,12.62
66.84,12.62,12.62
68.36,12.62,12.62
69.11,12.62,12.62
67.21,12.62,12.62
64.06,12.62,12.62
63.88,12.62,12.62
64.77,12.62,12.62
63.27,12.62,12.62
61.24,12.62,12.62
57.76,12.62,12.62
41.25,12.62,12.62
14.18,12.62,12.62
13.75,12.62,12.62
12.83,12.62,12.62
12.62,12.62,12.62
12.79,12.62,12.62
13.06,12.62,12.62
12.62,12.62,12.62
12.65,12.62,12.62
39.18,12.62,12.62
58.09,12.62,12.62
56.79,12.62,12.62
63.46,12.62,12.62
63.0,12.62,12.62
62.53,12.62,12.62
66.34,12.62,12.62
68.24,12.62,12.62
68.56,12.62,12.62
65.2,12.62,12.62
70.95,12.62,12.62
76.32,12.62,12.62
47.72,12.62,12.62
12.62,12.62,12.62
12.62,12.62,12.62
12.62,12.62,12.62
12.62,12.62,12.62
12.62,12.62,12.62
12.62,12.62,12.62
12.62,12.62,12.62
12.62,12.62,12.62
12.62,12.62,12.62
12.62,12.62,12.62
13.03,12.62,12.62
50.55,12.62,12.62
64.74,12.62,12.62
68.55,12.62,12.62
65.87,12.62,12.62
66.38,12.62,12.62
73.53,12.62,12.62
79.21,12.62,12.62
87.73,12.62,12.62
84.37,12.62,12.62
75.06,12.62,12.62
71.09,12.62,12.62
83.66,12.62,12.62
86.97,12.62,12.62
89.88,12.62,12.62
94.95,12.62,12.62
100.12,12.62,12.62
91.15,12.62,12.62
80.29,12.62,12.62
79.85,12.62,12.62
68.84,12.62,12.62
65.81,12.62,12.62
65.22,12.62,12.62
70.24,12.62,12.62
65.35,12.62,12.62
66.36,12.62,12.62
64.22,12.62,12.62
57.7,12.62,12.62
61.4,12.62,12.62
63.76,12.62,12.62
58.85,12.62,12.62
58.42,12.62,12.62
66.74,12.62,12.62
69.64,12.62,12.62
66.15,12.62,12.62
62.82,12.62,12.62
69.15,12.62,12.62
71.63,12.62,12.62
79.5,12.62,12.62
74.51,12.62,12.62
80.31,12.62,12.62
82.68,12.62,12.62
88.9,12.62,12.62
86.27,12.62,12.62
89.01,12.62,12.62
82.64,12.62,12.62
73.93,12.62,12.62
36.27,12.62,12.62
14.96,12.62,12.62
14.22,12.62,12.62
14.34,12.62,12.62
16.08,12.62,12.62
16.05,12.62,12.62
14.47,12.62,12.62
19.52,12.62,12.62
21.31,12.62,12.62
25.86,12.62,12.62
65.12,12.62,12.62
65.75,12.62,12.62
70.07,12.62,12.62
71.37,12.62,12.62
77.74,12.62,12.62
70.4,12.62,12.62
85.33,12.62,12.62
75.79,12.62,12.62
76.28,12.62,12.62
75.28,12.62,12.62
80.33,12.62,12.62
93.74,12.62,12.62
94.26,12.62,12.62
85.47,12.62,12.62
79.76,12.62,12.62
72.01,12.62,12.62
65.62,12.62,12.62
67.17,12.62,12.62
63.23,12.62,12.62
58.18,12.62,12.62
61.58,12.62,12.62
60.18,12.62,12.62
58.51,12.62,12.62
59.16,12.62,12.62
60.58,12.62,12.62
63.79,12.62,12.62
63.51,12.62,12.62
62.7,12.62,12.62
62.59,12.62,12.62
63.13,12.62,12.62
66.97,12.62,12.62
67.44,12.62,12.62
69.11,12.62,12.62
66.25,12.62,12.62
70.93,12.62,12.62
81.07,12.62,12.62
78.97,12.62,12.62
75.48,12.62,12.62
134.24,12.62,12.62
161.14,12.62,12.62
103.93,12.62,12.62
75.08,12.62,12.62
71.73,12.62,12.62
68.4,12.62,12.62
70.1,12.62,12.62
68.26,12.62,12.62
71.1,12.62,12.62
75.69,12.62,12.62
76.22,12.62,12.62
70.86,12.62,12.62
75.2,12.62,12.62
78.7,12.62,12.62
74.68,12.62,12.62
83.83,12.62,12.62
84.06,12.62,12.62
76.77,12.62,12.62
79.46,12.62,12.62
85.7,12.62,12.62
86.99,12.62,12.62
88.63,12.62,12.62
84.12,12.62,12.62
83.49,12.62,12.62
79.43,12.62,12.62
74.86,12.62,12.62
74.48,12.62,12.62
74.57,12.62,12.62
110.95,12.62,12.62
71.93,12.62,12.62
71.17,12.62,12.62
72.38,12.62,12.62
70.23,12.62,12.62
74.03,12.62,12.62
65.63,12.62,12.62
63.55,12.62,12.62
67.33,12.62,12.62
72.69,12.62,12.62
76.62,12.62,12.62
78.33,12.62,12.62
82.39,12.62,12.62
44.49,12.62,12.62
24.54,12.62,12.62
23.74,12.62,12.62
22.62,12.62,12.62
21.32,12.62,12.62
20.69,12.62,12.62
21.34,12.62,12.62
19.86,12.62,12.62
21.45,12.62,12.62
26.44,12.62,12.62
63.1,12.62,12.62
71.37,12.62,12.62
61.2,12.62,12.62
57.61,12.62,12.62
61.32,12.62,12.62
66.49,12.62,12.62
75.44,12.62,12.62
70.35,12.62,12.62
68.08,12.62,12.62
70.15,12.62,12.62
67.84,12.62,12.62
76.05,12.62,12.62
80.2,12.62,12.62
83.93,12.62,12.62
82.5,12.62,12.62
82.96,12.62,12.62
84.35,12.62,12.62
87.2,12.62,12.62
87.23,12.62,12.62
91.23,12.62,12.62
87.02,12.62,12.62
91.57,12.62,12.62
87.5,12.62,12.62
78.82,12.62,12.62
65.57,12.62,12.62
63.64,12.62,12.62
61.66,12.62,12.62
60.74,12.62,12.62
69.15,12.62,12.62
82.56,12.62,12.62
81.02,12.62,12.62
73.53,12.62,12.62
71.34,12.62,12.62
70.86,12.62,12.62
73.05,12.62,12.62
77.81,12.62,12.62
89.23,12.62,12.62
94.66,12.62,12.62
37.42,12.62,12.62
19.7,12.62,12.62
14.29,12.62,12.62
17.26,12.62,12.62
13.35,12.62,12.62
15.49,12.62,12.62
17.37,12.62,12.62
16.86,12.62,12.62
59.93,12.62,12.62
65.5,12.62,12.62
63.18,12.62,12.62
60.38,12.62,12.62
60.86,12.62,12.62
58.04,12.62,12.62
55.69,12.62,12.62
55.43,12.62,12.62
63.39,12.62,12.62
65.02,12.62,12.62
71.7,12.62,12.62
64.36,12.62,12.62
67.39,12.62,12.62
69.03,12.62,12.62
71.34,12.62,12.62
80.98,12.62,12.62
76.15,12.62,12.62
84.91,12.62,12.62
83.54,12.62,12.62
86.64,12.62,12.62
88.56,12.62,12.62
86.36,12.62,12.62
80.24,12.62,12.62
70.53,12.62,12.62
68.85,12.62,12.62
69.18,12.62,12.62
67.95,12.62,12.62
57.62,12.62,12.62
51.74,12.62,12.62
52.39,12.62,12.62
54.22,12.62,12.62
65.15,12.62,12.62
65.19,12.62,12.62
68.82,12.62,12.62
77.12,12.62,12.62
89.67,12.62,12.62
79.47,12.62,12.62
76.0,12.62,12.62
70.45,12.62,12.62
58.75,12.62,12.62
55.57,12.62,12.62
56.79,12.62,12.62
55.39,12.62,12.62
55.83,12.62,12.62
61.49,12.62,12.62
57.05,12.62,12.62
61.15,12.62,12.62
63.72,12.62,12.62
80.29,12.62,12.62
105.72,12.62,12.62
76.31,12.62,12.62
65.69,12.62,12.62
67.29,12.62,12.62
63.32,12.62,12.62
61.77,12.62,12.62
63.16,12.62,12.62
61.84,12.62,12.62
61.86,12.62,12.62
62.87,12.62,12.62
65.11,12.62,12.62
65.98,12.62,12.62
64.77,12.62,12.62
59.49,12.62,12.62
68.32,12.62,12.62
83.01,12.62,12.62
63.97,12.62,12.62
12.62,12.62,12.62
12.62,12.62,12.62
12.62,12.62,12.62
12.91,12.62,12.62
12.62,12.62,12.62
12.62,12.62,12.62
29.1,12.62,12.62
62.34,12.62,12.62
70.41,12.62,12.62
66.4,12.62,12.62
60.53,12.62,12.62
61.03,12.62,12.62
65.52,12.62,12.62
64.97,12.62,12.62
64.02,12.62,12.62
69.49,12.62,12.62
67.59,12.62,12.62
67.58,12.62,12.62
66.99,12.62,12.62
78.28,12.62,12.62
77.98,12.62,12.62
76.7,12.62,12.62
37.98,12.62,12.62
12.62,12.62,12.62
12.62,12.62,12.62
12.62,12.62,12.62
12.62,12.62,12.62
12.62,12.62,12.62
12.62,12.62,12.62
13.22,12.62,12.62
15.08,12.62,12.62
15.86,12.62,12.62
23.36,12.62,12.62
52.39,12.62,12.62
54.59,12.62,12.62
65.43,12.62,12.62
74.09,12.62,12.62
81.42,12.62,12.62
78.48,12.62,12.62
77.49,12.62,12.62
68.22,12.62,12.62
68.28,12.62,12.62
75.73,12.62,12.62
75.87,12.62,12.62
88.2,12.62,12.62
86.59,12.62,12.62
86.21,12.62,12.62
106.76,12.62,12.62
91.43,12.62,12.62
69.46,12.62,12.62
89.91,12.62,12.62
78.16,12.62,12.62
65.55,12.62,12.62
46.48,12.62,12.62
12.67,12.62,12.62
18.01,12.62,12.62
26.01,12.62,12.62
22.9,12.62,12.62
15.74,12.62,12.62
16.16,12.62,12.62
18.74,12.62,12.62
16.63,12.62,12.62
23.48,12.62,12.62
59.59,12.62,12.62
66.1,12.62,12.62
69.91,12.62,12.62
77.94,12.62,12.62
78.94,12.62,12.62
77.0,12.62,12.62
66.54,12.62,12.62
64.0,12.62,12.62
65.84,12.62,12.62
64.7,12.62,12.62
64.06,12.62,12.62
64.76,12.62,12.62
66.48,12.62,12.62
72.5,12.62,12.62
73.68,12.62,12.62
73.65,12.62,12.62
69.5,12.62,12.62
69.87,12.62,12.62
72.76,12.62,12.62
80.87,12.62,12.62
85.37,12.62,12.62
84.51,12.62,12.62
91.03,12.62,12.62
84.72,12.62,12.62
70.96,12.62,12.62
66.26,12.62,12.62
68.05,12.62,12.62
69.24,12.62,12.62
69.23,12.62,12.62
67.75,12.62,12.62
67.64,12.62,12.62
64.85,12.62,12.62
52.98,12.62,12.62
12.62,12.62,12.62
12.62,12.62,12.62
12.62,12.62,12.62
12.62,12.62,12.62
12.62,12.62,12.62
13.02,12.62,12.62
16.35,12.62,12.62
48.59,12.62,12.62
58.72,12.62,12.62
64.8,12.62,12.62
68.2,12.62,12.62
70.02,12.62,12.62
70.3,12.62,12.62
69.71,12.62,12.62
68.74,12.62,12.62
70.55,12.62,12.62
64.94,12.62,12.62
63.74,12.62,12.62
63.25,12.62,12.62
63.44,12.62,12.62
29.72,12.62,12.62
49.68,12.62,12.62
65.37,12.62,12.62
65.06,12.62,12.62
67.4,12.62,12.62
70.01,12.62,12.62
69.28,12.62,12.62
74.57,12.62,12.62
82.75,12.62,12.62
88.09,12.62,12.62
121.78,12.62,12.62
127.81,12.62,12.62
111.6,12.62,12.62
100.81,12.62,12.62
113.76,12.62,12.62
117.18,12.62,12.62
119.22,12.62,12.62
129.39,12.62,12.62
144.72,12.62,12.62
165.94,12.62,12.62
159.28,12.62,12.62
122.62,12.62,12.62
91.47,12.62,12.62
89.73,12.62,12.62
110.52,12.62,12.62
87.17,12.62,12.62
84.93,12.62,12.62
88.18,12.62,12.62
73.78,12.62,12.62
64.7,12.62,12.62
63.67,12.62,12.62
63.64,12.62,12.62
63.43,12.62,12.62
70.13,12.62,12.62
75.97,12.62,12.62
75.64,12.62,12.62
68.79,12.62,12.62
64.52,12.62,12.62
62.38,12.62,12.62
58.9,12.62,12.62
56.77,12.62,12.62
61.54,12.62,12.62
63.06,12.62,12.62
74.53,12.62,12.62
76.43,12.62,12.62
73.34,12.62,12.62
77.46,12.62,12.62
80.62,12.62,12.62
88.48,12.62,12.62
88.87,12.62,12.62
80.98,12.62,12.62
51.64,12.62,12.62
14.21,12.62,12.62
13.63,12.62,12.62
13.32,12.62,12.62
13.66,12.62,12.62
15.36,12.62,12.62
17.43,12.62,12.62
34.0,12.62,12.62
65.65,12.62,12.62
89.68,12.62,12.62
71.58,12.62,12.62
68.49,12.62,12.62
72.47,12.62,12.62
70.45,12.62,12.62
73.91,12.62,12.62
71.55,12.62,12.62
64.18,12.62,12.62
67.36,12.62,12.62
67.85,12.62,12.62
72.4,12.62,12.62
72.43,12.62,12.62
74.63,12.62,12.62
66.7,12.62,12.62
64.38,12.62,12.62
42.82,12.62,12.62
12.62,12.62,12.62
12.62,12.62,12.62
12.62,12.62,12.62
12.62,12.62,12.62
12.62,12.62,12.62
12.68,12.68,12.68
16.52,16.52,16.52
56.69,56.69,56.69
62.16,61.35,61.35
61.72,61.35,61.35
61.35,61.35,61.35
61.41,61.41,61.41
61.68,61.68,61.68
62.27,62.27,62.27
62.6,62.6,62.6
74.62,72.27,72.27
72.27,72.27,72.27
81.58,81.58,81.58
82.12,82.12,82.12
97.44,97.44,97.44
99.13,97.89,97.89
100.96,97.89,97.89
104.45,97.89,97.89
101.91,97.89,97.89
102.45,97.89,97.89
100.07,97.89,97.89
98.92,97.89,97.89
99.76,97.89,97.89
97.89,97.89,97.89
114.02,102.02,102.02
138.51,102.02,102.02
102.02,102.02,102.02
202.99,128.03,128.03
193.92,128.03,128.03
184.09,128.03,128.03
190.59,128.03,128.03
187.69,128.03,128.03
186.76,128.03,128.03
193.29,128.03,128.03
207.92,128.03,128.03
227.77,128.03,128.03
229.82,128.03,128.03
230.0,128.03,128.03
230.0,128.03,128.03
229.77,128.03,128.03
229.74,128.03,128.03
224.31,128.03,128.03
228.11,128.03,128.03
229.71,128.03,128.03
229.71,128.03,128.03
230.0,128.03,128.03
230.0,128.03,128.03
229.7,128.03,128.03
229.99,128.03,128.03
227.61,128.03,128.03
216.27,128.03,128.03
202.88,128.03,128.03
181.56,128.03,128.03
168.81,128.03,128.03
160.54,123.14,123.14
155.53,122.78,122.78
159.13,122.78,122.78
170.06,122.78,122.78
191.73,122.78,122.78
209.9,122.78,122.78
230.0,122.78,122.78
230.0,122.78,122.78
229.99,122.78,122.78
229.24,122.78,122.78
229.71,122.78,122.78
229.42,122.78,122.78
229.7,122.78,122.78
230.0,122.78,122.78
230.0,122.78,122.78
230.0,122.78,122.78
230.0,122.78,122.78
224.81,122.78,122.78
220.44,122.78,122.78
223.08,122.78,122.78
218.05,122.78,122.78
201.76,122.78,122.78
186.28,122.78,122.78
174.49,122.78,122.78
166.71,122.78,122.78
164.83,122.78,122.78
165.52,122.78,122.78
174.6,122.78,122.78
194.69,122.78,122.78
209.27,122.78,122.78
215.07,122.78,122.78
219.98,122.78,122.78
219.83,122.78,122.78
218.59,122.78,122.78
229.72,122.78,122.78
230.0,122.78,122.78
230.0,122.78,122.78
230.0,122.78,122.78
229.69,122.78,122.78
229.68,122.78,122.78
230.0,122.78,122.78
229.7,122.78,122.78
229.77,122.78,122.78
227.62,122.78,122.78
217.66,122.78,122.78
199.82,122.78,122.78
179.89,122.78,122.78
166.55,122.78,122.78
161.17,122.78,122.78
158.85,122.78,122.78
163.9,122.78,122.78
176.9,122.78,122.78
208.01,122.78,122.78
225.88,122.78,122.78
227.44,122.78,122.78
228.19,122.78,122.78
228.32,122.78,122.78
227.51,122.78,122.78
227.59,122.78,122.78
227.75,122.78,122.78
229.42,122.78,122.78
230.0,122.78,122.78
230.0,122.78,122.78
230.0,122.78,122.78
229.99,122.78,122.78
229.48,122.78,122.78
229.99,122.78,122.78
228.52,122.78,122.78
220.53,122.78,122.78
210.24,122.78,122.78
190.19,122.78,122.78
184.73,122.78,122.78
171.54,122.78,122.78
173.41,122.78,122.78
173.06,122.78,122.78
183.68,122.78,122.78
202.66,122.78,122.78
226.58,122.78,122.78
229.4,122.78,122.78
229.56,122.78,122.78
230.0,122.78,122.78
230.0,122.78,122.78
229.47,122.78,122.78
228.59,122.78,122.78
228.53,122.78,122.78
228.8,122.78,122.78
228.79,122.78,122.78
228.5,122.78,122.78
228.25,122.78,122.78
228.34,122.78,122.78
226.2,122.78,122.78
222.25,122.78,122.78
215.08,122.78,122.78
197.47,122.78,122.78
181.05,122.78,122.78
168.04,122.78,122.78
161.88,122.78,122.78
159.68,122.78,122.78
160.56,122.78,122.78
174.6,122.78,122.78
192.53,122.78,122.78
219.93,122.78,122.78
228.51,122.78,122.78
230.0,122.78,122.78
230.0,122.78,122.78
230.0,122.78,122.78
230.0,122.78,122.78
229.71,122.78,122.78
229.39,122.78,122.78
229.68,122.78,122.78
229.36,122.78,122.78
229.05,122.78,122.78
229.08,122.78,122.78
229.73,122.78,122.78
229.72,122.78,122.78
225.9,122.78,122.78
213.11,122.78,122.78
197.79,122.78,122.78
190.86,122.78,122.78
173.96,122.78,122.78
180.49,122.78,122.78
161.75,122.78,122.78
176.24,122.78,122.78
190.67,122.78,122.78
204.57,122.78,122.78
222.45,122.78,122.78
229.16,122.78,122.78
230.0,122.78,122.78
230.0,122.78,122.78
230.0,122.78,122.78
230.0,122.78,122.78
229.72,122.78,122.78
230.0,122.78,122.78
230.0,122.78,122.78
230.0,122.78,122.78
230.0,122.78,122.78
230.0,122.78,122.78
224.27,122.78,122.78
228.11,122.78,122.78
228.36,122.78,122.78
223.13,122.78,122.78
215.32,122.78,122.78
196.24,122.78,122.78
184.74,122.78,122.78
176.61,122.78,122.78
173.76,122.78,122.78
174.72,122.78,122.78
187.3,122.78,122.78
206.13,122.78,122.78
215.96,122.78,122.78
213.51,122.78,122.78
215.12,122.78,122.78
216.81,122.78,122.78
218.44,122.78,122.78
210.94,122.78,122.78
213.58,122.78,122.78
219.43,122.78,122.78
228.33,122.78,122.78
228.36,122.78,122.78
228.04,122.78,122.78
227.88,122.78,122.78
227.27,122.78,122.78
226.03,122.78,122.78
222.53,122.78,122.78
211.89,122.78,122.78
188.87,122.78,122.78
170.37,122.78,122.78
159.44,122.78,122.78
151.98,122.78,122.78
149.0,122.78,122.78
149.66,122.78,122.78
161.68,122.78,122.78
180.2,122.78,122.78
201.71,122.78,122.78
211.13,122.78,122.78
212.73,108.71,108.71
214.51,86.22,86.22
216.24,31.94,31.94
207.33,27.24,27.24
210.35,24.25,24.25
217.23,24.25,24.25
227.79,24.25,24.25
227.46,12.62,12.62
227.64,12.62,12.62
227.23,12.62,12.62
227.36,12.62,12.62
208.35,12.62,12.62
202.6,12.62,12.62
189.46,12.62,12.62
191.41,12.62,12.62
177.78,12.62,12.62
167.33,12.62,12.62
163.6,12.62,12.62
161.09,12.62,12.62
161.92,12.62,12.62
173.52,12.62,12.62
191.96,12.62,12.62
221.04,12.62,12.62
229.58,12.62,12.62
229.54,12.62,12.62
230.0,12.62,12.62
228.65,12.62,12.62
227.3,12.62,12.62
230.0,12.62,12.62
230.0,12.62,12.62
229.98,12.62,12.62
229.68,12.62,12.62
230.0,12.62,12.62
230.0,12.62,12.62
230.0,12.62,12.62
229.52,12.62,12.62
226.2,12.62,12.62
213.81,12.62,12.62
195.27,12.62,12.62
177.91,12.62,12.62
165.94,12.62,12.62
157.52,12.62,12.62
155.5,12.62,12.62
159.85,12.62,12.62
172.65,12.62,12.62
182.18,12.62,12.62
210.17,12.62,12.62
228.46,12.62,12.62
226.44,12.62,12.62
224.51,12.62,12.62
223.65,12.62,12.62
223.9,12.62,12.62
228.54,12.62,12.62
229.41,12.62,12.62
230.0,12.62,12.62
229.98,12.62,12.62
229.7,12.62,12.62
229.69,12.62,12.62
230.0,12.62,12.62
229.27,12.62,12.62
222.74,12.62,12.62
212.19,12.62,12.62
199.22,12.62,12.62
177.29,12.62,12.62
163.76,12.62,12.62
157.36,12.62,12.62
157.48,12.62,12.62
161.05,12.62,12.62
168.82,12.62,12.62
194.01,12.62,12.62
220.62,12.62,12.62
227.37,12.62,12.62
226.52,12.62,12.62
222.62,12.62,12.62
222.41,12.62,12.62
221.63,12.62,12.62
220.75,12.62,12.62
224.46,12.62,12.62
229.35,12.62,12.62
224.75,12.62,12.62
223.8,12.62,12.62
225.13,12.62,12.62
225.43,12.62,12.62
229.26,12.62,12.62
227.36,12.62,12.62
218.39,12.62,12.62
207.63,12.62,12.62
195.15,12.62,12.62
180.39,12.62,12.62
161.97,12.62,12.62
156.65,12.62,12.62
162.47,12.62,12.62
170.14,12.62,12.62
174.37,12.62,12.62
199.97,12.62,12.62
210.98,12.62,12.62
209.71,12.62,12.62
204.16,12.62,12.62
215.62,12.62,12.62
224.82,12.62,12.62
229.11,12.62,12.62
228.21,12.62,12.62
228.44,12.62,12.62
229.39,12.62,12.62
229.07,12.62,12.62
229.11,12.62,12.62
229.1,12.62,12.62
216.75,12.62,12.62
207.33,12.62,12.62
191.93,12.62,12.62
168.96,12.62,12.62
154.61,12.62,12.62
140.18,12.62,12.62
132.96,12.62,12.62
128.03,12.62,12.62
132.31,12.62,12.62
139.3,12.62,12.62
152.07,12.62,12.62
183.44,12.62,12.62
207.47,12.62,12.62
220.86,12.62,12.62
220.23,12.62,12.62
219.5,12.62,12.62
219.1,12.62,12.62
220.4,12.62,12.62
226.73,12.62,12.62
226.66,12.62,12.62
226.9,12.62,12.62
226.91,12.62,12.62
227.27,12.62,12.62
228.74,12.62,12.62
223.75,12.62,12.62
214.18,12.62,12.62
193.82,12.62,12.62
171.84,12.62,12.62
156.51,12.62,12.62
143.06,12.62,12.62
138.5,12.62,12.62
136.43,12.62,12.62
138.45,12.62,12.62
146.77,12.62,12.62
168.0,12.62,12.62
194.94,12.62,12.62
220.13,12.62,12.62
226.0,12.62,12.62
228.71,12.62,12.62
229.17,12.62,12.62
228.53,12.62,12.62
227.54,12.62,12.62
228.42,12.62,12.62
229.34,12.62,12.62
229.36,12.62,12.62
229.66,12.62,12.62
229.04,12.62,12.62
229.69,12.62,12.62
220.74,12.62,12.62
205.61,12.62,12.62
191.26,12.62,12.62
169.41,12.62,12.62
150.62,12.62,12.62
140.49,12.62,12.62
133.73,12.62,12.62
132.28,12.62,12.62
134.52,12.62,12.62
144.05,12.62,12.62
152.86,12.62,12.62
181.96,12.62,12.62
199.64,12.62,12.62
208.95,12.62,12.62
207.85,12.62,12.62
211.31,12.62,12.62
213.53,12.62,12.62
220.49,12.62,12.62
222.6,12.62,12.62
227.52,12.62,12.62
227.27,12.62,12.62
228.33,12.62,12.62
228.73,12.62,12.62
227.08,12.62,12.62
209.47,12.62,12.62
197.49,12.62,12.62
188.84,12.62,12.62
171.05,12.62,12.62
152.02,12.62,12.62
142.41,12.62,12.62
140.99,12.62,12.62
145.56,12.62,12.62
146.7,12.62,12.62
154.66,12.62,12.62
170.72,12.62,12.62
201.22,12.62,12.62
214.85,12.62,12.62
218.29,12.62,12.62
225.7,12.62,12.62
226.58,12.62,12.62
228.6,12.62,12.62
229.7,12.62,12.62
230.0,12.62,12.62
230.0,12.62,12.62
230.0,12.62,12.62
229.98,12.62,12.62
228.13,12.62,12.62
228.86,12.62,12.62
228.23,12.62,12.62
225.15,12.62,12.62
222.1,12.62,12.62
219.04,12.62,12.62
210.53,12.62,12.62
199.57,12.62,12.62
197.66,12.62,12.62
199.19,12.62,12.62
206.64,12.62,12.62
207.16,12.62,12.62
217.3,12.62,12.62
224.76,12.62,12.62
228.94,12.62,12.62
228.68,12.62,12.62
229.29,12.62,12.62
229.25,12.62,12.62
229.19,12.62,12.62
229.14,12.62,12.62
229.08,12.62,12.62
229.05,12.62,12.62
229.68,12.62,12.62
230.0,12.62,12.62
230.0,12.62,12.62
230.0,12.62,12.62
229.77,12.62,12.62
228.45,12.62,12.62
223.02,12.62,12.62
217.01,12.62,12.62
204.06,12.62,12.62
187.93,12.62,12.62
184.27,12.62,12.62
187.49,12.62,12.62
199.07,12.62,12.62
210.48,12.62,12.62
220.96,12.62,12.62
227.81,12.62,12.62
229.57,12.62,12.62
229.35,12.62,12.62
229.54,12.62,12.62
229.52,12.62,12.62
229.74,12.62,12.62
229.18,12.62,12.62
226.21,12.62,12.62
225.72,12.62,12.62
225.37,12.62,12.62
225.41,12.62,12.62
225.65,12.62,12.62
209.48,12.62,12.62
207.29,12.62,12.62
216.47,12.62,12.62
207.08,12.62,12.62
199.4,12.62,12.62
185.67,12.62,12.62
181.51,12.62,12.62
176.35,12.62,12.62
173.0,12.62,12.62
173.67,12.62,12.62
176.42,12.62,12.62
180.89,12.62,12.62
189.64,12.62,12.62
212.68,12.62,12.62
201.91,12.62,12.62
206.42,12.62,12.62
215.85,12.62,12.62
220.59,12.62,12.62
221.6,12.62,12.62
226.95,12.62,12.62
230.0,12.62,12.62
229.67,12.62,12.62
230.0,12.62,12.62
230.0,12.62,12.62
230.0,12.62,12.62
227.53,12.62,12.62
215.47,12.62,12.62
201.56,12.62,12.62
183.34,12.62,12.62
169.02,12.62,12.62
162.21,12.62,12.62
159.54,12.62,12.62
164.87,12.62,12.62
175.17,12.62,12.62
175.66,12.62,12.62
180.4,12.62,12.62
203.0,12.62,12.62
219.36,12.62,12.62
218.82,12.62,12.62
219.64,12.62,12.62
219.49,12.62,12.62
229.17,12.62,12.62
229.7,12.62,12.62
228.73,12.62,12.62
227.13,12.62,12.62
228.12,12.62,12.62
229.04,12.62,12.62
229.03,12.62,12.62
225.36,12.62,12.62
207.87,12.62,12.62
194.34,12.62,12.62
176.13,12.62,12.62
151.43,12.62,12.62
138.02,12.62,12.62
128.38,12.62,12.62
123.14,12.62,12.62
122.78,12.62,12.62
124.23,12.62,12.62
132.52,12.62,12.62
163.37,12.62,12.62
193.86,12.62,12.62
205.42,12.62,12.62
206.22,12.62,12.62
206.78,12.62,12.62
210.69,12.62,12.62
211.86,12.62,12.62
220.11,12.62,12.62
225.92,12.62,12.62
229.35,12.62,12.62
229.02,12.62,12.62
229.33,12.62,12.62
229.35,12.62,12.62
227.48,12.62,12.62
221.77,12.62,12.62
210.05,12.62,12.62
193.36,12.62,12.62
174.47,12.62,12.62
153.41,12.62,12.62
138.6,12.62,12.62
133.78,12.62,12.62
133.63,12.62,12.62
129.18,12.62,12.62
137.7,12.62,12.62
155.94,12.62,12.62
173.64,12.62,12.62
193.41,12.62,12.62
203.45,12.62,12.62
210.41,12.62,12.62
212.22,12.62,12.62
214.07,12.62,12.62
221.75,12.62,12.62
227.19,12.62,12.62
228.68,12.62,12.62
228.99,12.62,12.62
228.67,12.62,12.62
228.73,12.62,12.62
224.73,12.62,12.62
211.87,12.62,12.62
203.23,12.62,12.62
191.78,12.62,12.62
171.59,12.62,12.62
154.06,12.62,12.62
139.42,12.62,12.62
134.26,12.62,12.62
131.18,12.62,12.62
138.56,12.62,12.62
147.29,12.62,12.62
162.21,12.62,12.62
185.37,12.62,12.62
201.64,12.62,12.62
204.96,12.62,12.62
205.81,12.62,12.62
205.38,12.62,12.62
204.05,12.62,12.62
203.77,12.62,12.62
210.48,12.62,12.62
210.51,12.62,12.62
209.99,12.62,12.62
211.12,12.62,12.62
212.2,12.62,12.62
219.04,12.62,12.62
216.2,12.62,12.62
205.28,12.62,12.62
192.04,12.62,12.62
181.58,12.62,12.62
170.19,12.62,12.62
162.3,12.62,12.62
156.47,12.62,12.62
151.97,12.62,12.62
152.04,12.62,12.62
159.14,12.62,12.62
177.98,12.62,12.62
206.61,12.62,12.62
228.17,12.62,12.62
229.31,12.62,12.62
229.27,12.62,12.62
229.35,12.62,12.62
230.0,12.62,12.62
230.0,12.62,12.62
230.0,12.62,12.62
230.0,12.62,12.62
229.98,12.62,12.62
226.81,12.62,12.62
225.13,12.62,12.62
225.76,12.62,12.62
222.02,12.62,12.62
206.7,12.62,12.62
194.96,12.62,12.62
183.28,12.62,12.62
168.98,12.62,12.62
159.7,12.62,12.62
151.87,12.62,12.62
150.73,12.62,12.62
154.11,12.62,12.62
162.21,12.62,12.62
177.47,12.62,12.62
204.5,12.62,12.62
228.48,12.62,12.62
229.3,12.62,12.62
230.0,12.62,12.62
229.71,12.62,12.62
228.33,12.62,12.62
225.44,12.62,12.62
227.84,12.62,12.62
229.05,12.62,12.62
229.05,12.62,12.62
229.05,12.62,12.62
229.08,12.62,12.62
229.69,12.62,12.62
225.71,12.62,12.62
214.1,12.62,12.62
200.04,12.62,12.62
181.71,12.62,12.62
167.2,12.62,12.62
157.8,12.62,12.62
151.38,12.62,12.62
150.43,12.62,12.62
148.53,12.62,12.62
155.58,12.62,12.62
173.73,12.62,12.62
204.55,12.62,12.62
223.38,12.62,12.62
223.2,12.62,12.62
226.13,12.62,12.62
226.97,12.62,12.62
227.39,12.62,12.62
228.79,12.62,12.62
230.0,12.62,12.62
228.2,12.62,12.62
224.78,12.62,12.62
224.77,12.62,12.62
224.98,12.62,12.62
225.42,12.62,12.62
220.82,12.62,12.62
209.73,12.62,12.62
197.75,12.62,12.62
180.58,12.62,12.62
166.23,12.62,12.62
155.38,12.62,12.62
146.73,12.62,12.62
143.11,12.62,12.62
141.04,12.62,12.62
144.78,12.62,12.62
151.63,12.62,12.62
185.15,12.62,12.62
207.87,12.62,12.62
217.89,12.62,12.62
219.44,12.62,12.62
217.34,12.62,12.62
216.89,12.62,12.62
214.54,12.62,12.62
218.56,12.62,12.62
227.38,12.62,12.62
227.29,12.62,12.62
227.68,12.62,12.62
226.12,12.62,12.62
218.92,12.62,12.62
201.87,12.62,12.62
190.69,12.62,12.62
185.11,12.62,12.62
174.41,12.62,12.62
161.05,12.62,12.62
143.12,12.62,12.62
135.22,12.62,12.62
132.9,12.62,12.62
135.86,12.62,12.62
146.61,12.62,12.62
165.97,12.62,12.62
194.45,12.62,12.62
192.38,12.62,12.62
108.71,12.62,12.62
86.22,12.62,12.62
31.94,12.62,12.62
27.24,12.62,12.62
24.25,12.62,12.62
24.63,12.62,12.62
24.46,12.62,12.62
12.62,12.62,12.62
23.47,12.62,12.62
23.11,12.62,12.62
23.98,12.62,12.62
27.34,12.62,12.62
29.37,12.62,12.62
30.95,12.62,12.62
31.99,12.62,12.62
31.63,12.62,12.62
31.11,12.62,12.62
30.44,12.62,12.62
29.22,12.62,12.62
32.56,12.62,12.62
69.91,12.62,12.62
79.46,12.62,12.62
80.79,12.62,12.62
79.44,12.62,12.62
76.43,12.62,12.62
83.21,12.62,12.62
85.86,12.62,12.62
86.64,12.62,12.62
80.55,12.62,12.62
92.32,12.62,12.62
105.08,12.62,12.62
97.16,12.62,12.62
89.11,12.62,12.62
81.71,12.62,12.62
80.48,12.62,12.62
72.19,12.62,12.62
67.54,12.62,12.62
59.68,12.62,12.62
61.18,12.62,12.62
58.8,12.62,12.62
53.47,12.62,12.62
42.05,12.62,12.62
20.17,12.62,12.62
20.16,12.62,12.62
19.24,12.62,12.62
17.57,12.62,12.62
16.6,12.62,12.62
13.8,12.62,12.62
14.84,12.62,12.62
16.21,12.62,12.62
15.08,12.62,12.62
12.76,12.62,12.62
12.85,12.62,12.62
16.9,12.62,12.62
22.11,12.62,12.62
25.11,12.62,12.62
29.06,12.62,12.62
33.35,12.62,12.62
35.63,12.62,12.62
54.34,12.62,12.62
78.8,12.62,12.62
82.18,12.62,12.62
79.63,12.62,12.62
78.59,12.62,12.62
80.98,12.62,12.62
82.19,12.62,12.62
88.51,12.62,12.62
83.8,12.62,12.62
82.79,12.62,12.62
84.78,12.62,12.62
86.7,12.62,12.62
92.26,12.62,12.62
86.17,12.62,12.62
93.31,12.62,12.62
99.82,12.62,12.62
99.93,12.62,12.62
105.73,12.62,12.62
113.15,12.62,12.62
92.21,12.62,12.62
89.82,12.62,12.62
119.17,12.62,12.62
46.27,12.62,12.62
45.87,12.62,12.62
107.56,12.62,12.62
114.51,12.62,12.62
127.61,12.62,12.62
89.19,12.62,12.62
77.73,12.62,12.62
86.66,12.62,12.62
85.35,12.62,12.62
80.03,12.62,12.62
87.05,12.62,12.62
76.76,12.62,12.62
80.85,12.62,12.62
89.39,12.62,12.62
98.16,12.62,12.62
101.44,12.62,12.62
108.78,12.62,12.62
118.4,12.62,12.62
121.0,12.62,12.62
109.77,12.62,12.62
110.17,12.62,12.62
110.88,12.62,12.62
102.76,12.62,12.62
101.19,12.62,12.62
105.96,12.62,12.62
94.98,12.62,12.62
87.98,12.62,12.62
62.52,12.62,12.62
41.97,12.62,12.62
37.15,12.62,12.62
33.27,12.62,12.62
31.66,12.62,12.62
30.2,12.62,12.62
51.23,12.62,12.62
70.33,12.62,12.62
73.93,12.62,12.62
76.73,12.62,12.62
82.94,12.62,12.62
89.89,12.62,12.62
92.78,12.62,12.62
92.81,12.62,12.62
93.89,12.62,12.62
98.55,12.62,12.62
104.55,12.62,12.62
128.9,12.62,12.62
131.34,12.62,12.62
131.98,12.62,12.62
132.91,12.62,12.62
126.91,12.62,12.62
120.23,12.62,12.62
81.34,12.62,12.62
73.12,12.62,12.62
69.92,12.62,12.62
58.35,12.62,12.62
54.46,12.62,12.62
53.93,12.62,12.62
53.46,12.62,12.62
55.41,12.62,12.62
59.0,12.62,12.62
56.0,12.62,12.62
55.18,12.62,12.62
67.28,12.62,12.62
68.63,12.62,12.62
73.41,12.62,12.62
73.37,12.62,12.62
73.82,12.62,12.62
78.68,12.62,12.62
75.83,12.62,12.62
74.05,12.62,12.62
73.24,12.62,12.62
82.03,12.62,12.62
80.14,12.62,12.62
90.5,12.62,12.62
81.46,12.62,12.62
78.82,12.62,12.62
74.96,12.62,12.62
69.27,12.62,12.62
63.42,12.62,12.62
59.0,12.62,12.62
66.08,12.62,12.62
60.34,12.62,12.62
67.33,12.62,12.62
71.18,12.62,12.62
86.67,12.62,12.62
84.37,12.62,12.62
86.57,12.62,12.62
93.94,12.62,12.62
94.39,12.62,12.62
96.31,12.62,12.62
98.74,12.62,12.62
101.91,12.62,12.62
105.0,12.62,12.62
104.95,12.62,12.62
106.36,12.62,12.62
104.89,12.62,12.62
105.19,12.62,12.62
102.72,12.62,12.62
99.55,12.62,12.62
94.89,12.62,12.62
94.69,12.62,12.62
94.25,12.62,12.62
85.84,12.62,12.62
79.88,12.62,12.62
67.88,12.62,12.62
68.02,12.62,12.62
60.92,12.62,12.62
66.34,12.62,12.62
72.35,12.62,12.62
69.36,12.62,12.62
76.44,12.62,12.62
85.18,12.62,12.62
85.42,12.62,12.62
91.63,12.62,12.62
92.71,12.62,12.62
95.92,12.62,12.62
94.02,12.62,12.62
85.79,12.62,12.62
71.58,12.62,12.62
61.57,12.62,12.62
67.52,12.62,12.62
72.61,12.62,12.62
71.44,12.62,12.62
63.55,12.62,12.62
58.51,12.62,12.62
57.5,12.62,12.62
57.18,12.62,12.62
56.41,12.62,12.62
57.02,12.62,12.62
58.5,12.62,12.62
62.44,12.62,12.62
68.31,12.62,12.62
63.43,12.62,12.62
62.99,12.62,12.62
58.87,12.62,12.62
58.71,12.62,12.62
58.75,12.62,12.62
58.75,12.62,12.62
58.78,12.62,12.62
65.23,12.62,12.62
61.58,12.62,12.62
58.79,12.62,12.62
58.54,12.62,12.62
58.67,12.62,12.62
63.11,12.62,12.62
63.65,12.62,12.62
64.0,12.62,12.62
66.86,12.62,12.62
62.72,12.62,12.62
63.63,12.62,12.62
73.73,12.62,12.62
61.08,12.62,12.62
64.65,12.62,12.62
65.36,12.62,12.62
59.88,12.62,12.62
51.5,12.62,12.62
55.85,12.62,12.62
65.94,12.62,12.62
70.01,12.62,12.62
73.5,12.62,12.62
74.01,12.62,12.62
72.29,12.62,12.62
74.67,12.62,12.62
86.1,12.62,12.62
88.56,12.62,12.62
96.81,12.62,12.62
102.51,12.62,12.62
108.52,12.62,12.62
106.5,12.62,12.62
102.44,12.62,12.62
95.84,12.62,12.62
119.68,12.62,12.62
105.95,12.62,12.62
96.02,12.62,12.62
104.06,12.62,12.62
84.36,12.62,12.62
85.06,12.62,12.62
75.03,12.62,12.62
66.95,12.62,12.62
68.51,12.62,12.62
68.66,12.62,12.62
66.69,12.62,12.62
65.87,12.62,12.62
62.95,12.62,12.62
63.98,12.62,12.62
62.74,12.62,12.62
64.03,12.62,12.62
72.86,12.62,12.62
85.08,12.62,12.62
90.81,12.62,12.62
100.4,12.62,12.62
67.55,12.62,12.62
62.0,12.62,12.62
62.23,12.62,12.62
72.94,12.62,12.62
81.15,12.62,12.62
72.22,12.62,12.62
76.29,12.62,12.62
66.54,12.62,12.62
55.33,12.62,12.62
53.65,12.62,12.62
61.41,12.62,12.62
61.06,12.62,12.62
58.23,12.62,12.62
71.38,12.62,12.62
78.17,12.62,12.62
77.12,12.62,12.62
81.72,12.62,12.62
77.17,12.62,12.62
68.24,12.62,12.62
61.64,12.62,12.62
67.3,12.62,12.62
65.36,12.62,12.62
66.19,12.62,12.62
69.58,12.62,12.62
69.21,12.62,12.62
68.9,12.62,12.62
68.29,12.62,12.62
70.39,12.62,12.62
62.0,12.62,12.62
58.15,12.62,12.62
55.76,12.62,12.62
54.22,12.62,12.62
53.53,12.62,12.62
52.08,12.62,12.62
53.17,12.62,12.62
55.35,12.62,12.62
56.72,12.62,12.62
56.41,12.62,12.62
60.16,12.62,12.62
68.73,12.62,12.62
70.53,12.62,12.62
72.77,12.62,12.62
74.8,12.62,12.62
79.19,12.62,12.62
84.36,12.62,12.62
51.5,12.62,12.62
20.72,12.62,12.62
19.37,12.62,12.62
17.69,12.62,12.62
18.0,12.62,12.62
15.47,12.62,12.62
14.73,12.62,12.62
15.67,12.62,12.62
17.19,12.62,12.62
16.07,12.62,12.62
17.81,12.62,12.62
18.69,12.62,12.62
20.05,12.62,12.62
20.89,12.62,12.62
20.21,12.62,12.62
20.27,12.62,12.62
19.53,12.62,12.62
18.54,12.62,12.62
18.94,12.62,12.62
15.07,12.62,12.62
13.1,12.62,12.62
12.62,12.62,12.62
12.62,12.62,12.62
12.62,12.62,12.62
12.62,12.62,12.62
13.3,12.62,12.62
12.62,12.62,12.62
12.62,12.62,12.62
13.85,12.62,12.62
12.62,12.62,12.62
12.7,12.62,12.62
13.22,12.62,12.62
14.15,12.62,12.62
15.11,12.62,12.62
15.83,12.62,12.62
18.61,12.62,12.62
19.11,12.62,12.62
20.51,12.62,12.62
20.31,12.62,12.62
19.33,12.62,12.62
19.81,12.62,12.62
20.48,12.62,12.62
20.94,12.62,12.62
19.31,12.62,12.62
17.8,12.62,12.62
20.39,12.62,12.62
19.79,12.62,12.62
19.91,12.62,12.62
16.34,12.62,12.62
16.84,12.62,12.62
17.37,12.62,12.62
18.22,12.62,12.62
18.91,12.62,12.62
19.84,12.62,12.62
56.92,12.62,12.62
65.48,12.62,12.62
106.78,12.62,12.62
85.97,12.62,12.62
70.56,12.62,12.62
69.57,12.62,12.62
69.29,12.62,12.62
62.38,12.62,12.62
60.09,12.62,12.62
61.32,12.62,12.62
61.93,12.62,12.62
67.32,12.62,12.62
66.66,12.62,12.62
76.34,12.62,12.62
75.91,12.62,12.62
81.18,12.62,12.62
88.7,12.62,12.62
93.77,12.62,12.62
96.32,12.62,12.62
97.92,12.62,12.62
97.85,12.62,12.62
96.5,12.62,12.62
94.27,12.62,12.62
91.28,12.62,12.62
84.8,12.62,12.62
79.55,12.62,12.62
76.81,12.62,12.62
75.42,12.62,12.62
78.11,12.62,12.62
84.28,12.62,12.62
56.66,12.62,12.62
33.85,12.62,12.62
33.92,12.62,12.62
31.44,12.62,12.62
32.37,12.62,12.62
34.07,12.62,12.62
33.37,12.62,12.62
32.54,12.62,12.62
30.24,12.62,12.62
23.45,12.62,12.62
21.89,12.62,12.62
18.82,12.62,12.62
18.04,12.62,12.62
25.2,12.62,12.62
26.66,12.62,12.62
27.59,12.62,12.62
28.04,12.62,12.62
26.53,12.62,12.62
25.39,12.62,12.62
37.86,12.62,12.62
62.01,12.62,12.62
65.51,12.62,12.62
62.83,12.62,12.62
62.47,12.62,12.62
62.1,12.62,12.62
67.35,12.62,12.62
71.0,12.62,12.62
68.3,12.62,12.62
67.23,12.62,12.62
66.11,12.62,12.62
72.94,12.62,12.62
77.53,12.62,12.62
78.04,12.62,12.62
79.02,12.62,12.62
81.64,12.62,12.62
82.82,12.62,12.62
68.01,12.62,12.62
66.1,12.62,12.62
67.19,12.62,12.62
67.95,12.62,12.62
73.87,12.62,12.62
68.93,12.62,12.62
73.4,12.62,12.62
73.5,12.62,12.62
75.44,12.62,12.62
75.53,12.62,12.62
77.17,12.62,12.62
80.49,12.62,12.62
82.05,12.62,12.62
84.17,12.62,12.62
85.8,12.62,12.62
86.5,12.62,12.62
83.87,12.62,12.62
79.83,12.62,12.62
79.96,12.62,12.62
83.48,12.62,12.62
66.61,12.62,12.62
30.07,12.62,12.62
29.58,12.62,12.62
28.48,12.62,12.62
29.26,12.62,12.62
29.89,12.62,12.62
28.98,12.62,12.62
27.42,12.62,12.62
24.59,12.62,12.62
17.96,12.62,12.62
25.97,12.62,12.62
31.91,12.62,12.62
40.62,12.62,12.62
35.73,12.62,12.62
35.55,12.62,12.62
37.84,12.62,12.62
34.96,12.62,12.62
35.84,12.62,12.62
38.07,12.62,12.62
42.23,12.62,12.62
44.64,12.62,12.62
47.78,12.62,12.62
61.55,12.62,12.62
58.7,12.62,12.62
57.29,12.62,12.62
50.64,12.62,12.62
48.85,12.62,12.62
46.34,12.62,12.62
34.18,12.62,12.62
30.93,12.62,12.62
35.95,12.62,12.62
37.81,12.62,12.62
38.81,12.62,12.62
37.12,12.62,12.62
29.88,12.62,12.62
30.42,12.62,12.62
31.12,12.62,12.62
32.69,12.62,12.62
33.27,12.62,12.62
31.17,12.62,12.62
27.11,12.62,12.62
27.69,12.62,12.62
47.54,12.62,12.62
77.55,12.62,12.62
80.65,12.62,12.62
78.23,12.62,12.62
82.44,12.62,12.62
86.45,12.62,12.62
89.03,12.62,12.62
88.2,12.62,12.62
90.07,12.62,12.62
97.69,12.62,12.62
105.31,12.62,12.62
115.49,12.62,12.62
118.69,12.62,12.62
112.08,12.62,12.62
111.81,12.62,12.62
108.76,12.62,12.62
104.54,12.62,12.62
94.17,12.62,12.62
89.03,12.62,12.62
80.25,12.62,12.62
72.94,12.62,12.62
69.43,12.62,12.62
34.1,12.62,12.62
33.02,12.62,12.62
46.31,12.62,12.62
55.6,12.62,12.62
85.64,12.62,12.62
42.14,12.62,12.62
38.74,12.62,12.62
37.89,12.62,12.62
30.99,12.62,12.62
38.42,12.62,12.62
42.26,12.62,12.62
40.92,12.62,12.62
37.11,12.62,12.62
34.99,12.62,12.62
36.56,12.62,12.62
36.31,12.62,12.62
34.46,12.62,12.62
35.46,12.62,12.62
37.14,12.62,12.62
38.33,12.62,12.62
45.32,12.62,12.62
86.81,12.62,12.62
85.72,12.62,12.62
81.26,12.62,12.62
79.19,12.62,12.62
78.38,12.62,12.62
79.59,12.62,12.62
85.11,12.62,12.62
86.28,12.62,12.62
82.71,12.62,12.62
86.3,12.62,12.62
93.08,12.62,12.62
95.29,12.62,12.62
97.58,12.62,12.62
102.04,12.62,12.62
96.0,12.62,12.62
34.63,12.62,12.62
32.44,12.62,12.62
32.22,12.62,12.62
32.17,12.62,12.62
31.83,12.62,12.62
31.6,12.62,12.62
31.6,12.62,12.62
79.2,12.62,12.62
95.3,12.62,12.62
69.43,12.62,12.62
27.32,12.62,12.62
22.05,12.62,12.62
23.04,12.62,12.62
23.08,12.62,12.62
21.84,12.62,12.62
22.29,12.62,12.62
23.43,12.62,12.62
26.63,12.62,12.62
67.23,12.62,12.62
84.65,12.62,12.62
88.16,12.62,12.62
85.22,12.62,12.62
64.25,12.62,12.62
18.76,12.62,12.62
87.47,12.62,12.62
103.42,12.62,12.62
105.24,12.62,12.62
103.87,12.62,12.62
97.88,12.62,12.62
90.67,12.62,12.62
86.17,12.62,12.62
75.55,12.62,12.62
21.68,12.62,12.62
44.63,12.62,12.62
66.78,12.62,12.62
54.83,12.62,12.62
24.87,12.62,12.62
20.36,12.62,12.62
20.56,12.62,12.62
23.93,12.62,12.62
24.3,12.62,12.62
24.45,12.62,12.62
28.6,12.62,12.62
25.77,12.62,12.62
24.05,12.62,12.62
20.87,12.62,12.62
21.04,12.62,12.62
18.98,12.62,12.62
15.28,12.62,12.62
14.54,12.62,12.62
15.48,12.62,12.62
15.82,12.62,12.62
16.34,12.62,12.62
20.41,12.62,12.62
22.92,12.62,12.62
27.06,12.62,12.62
34.2,12.62,12.62
31.57,12.62,12.62
31.9,12.62,12.62
33.97,12.62,12.62
32.42,12.62,12.62
33.44,12.62,12.62
35.24,12.62,12.62
38.01,12.62,12.62
39.37,12.62,12.62
40.82,12.62,12.62
47.34,12.62,12.62
46.38,12.62,12.62
44.94,12.62,12.62
45.3,12.62,12.62
45.58,12.62,12.62
43.83,12.62,12.62
36.88,12.62,12.62
35.18,12.62,12.62
38.32,12.62,12.62
38.63,12.62,12.62
39.8,12.62,12.62
38.98,12.62,12.62
41.3,12.62,12.62
45.32,12.62,12.62
48.49,12.62,12.62
51.92,12.62,12.62
54.15,12.62,12.62
57.86,12.62,12.62
62.01,12.62,12.62
58.32,12.62,12.62
50.23,12.62,12.62
49.58,12.62,12.62
50.09,12.62,12.62
51.49,12.62,12.62
54.99,12.62,12.62
24.44,12.62,12.62
12.97,12.62,12.62
12.62,12.62,12.62
12.62,12.62,12.62
12.62,12.62,12.62
12.62,12.62,12.62
12.62,12.62,12.62
12.63,12.62,12.62
12.81,12.62,12.62
14.38,12.62,12.62
16.75,12.62,12.62
14.23,12.62,12.62
14.2,12.62,12.62
15.76,12.62,12.62
20.3,12.62,12.62
21.31,12.62,12.62
22.14,12.62,12.62
21.88,12.62,12.62
21.73,12.62,12.62
19.73,12.62,12.62
33.84,12.62,12.62
58.71,12.62,12.62
69.31,12.62,12.62
84.42,12.62,12.62
91.19,12.62,12.62
92.21,12.62,12.62
91.64,12.62,12.62
85.26,12.62,12.62
74.88,12.62,12.62
69.36,12.62,12.62
64.43,12.62,12.62
59.14,12.62,12.62
12.62,12.62,12.62
12.62,12.62,12.62
12.62,12.62,12.62
12.93,12.62,12.62
13.58,12.62,12.62
13.99,12.62,12.62
15.56,12.62,12.62
16.72,12.62,12.62
17.85,12.62,12.62
17.41,12.62,12.62
19.2,12.62,12.62
19.38,12.62,12.62
19.52,12.62,12.62
18.75,12.62,12.62
18.95,12.62,12.62
46.35,12.62,12.62
60.72,12.62,12.62
61.93,12.62,12.62
57.46,12.62,12.62
58.32,12.62,12.62
67.67,12.62,12.62
59.11,12.62,12.62
13.01,12.62,12.62
12.83,12.62,12.62
13.42,12.62,12.62
13.91,12.62,12.62
18.55,12.62,12.62
21.61,12.62,12.62
22.59,12.62,12.62
49.17,12.62,12.62
31.98,12.62,12.62
66.63,12.62,12.62
70.86,12.62,12.62
73.94,12.62,12.62
73.08,12.62,12.62
72.42,12.62,12.62
80.07,12.62,12.62
86.43,12.62,12.62
80.63,12.62,12.62
128.93,12.62,12.62
104.8,12.62,12.62
92.98,12.62,12.62
94.2,12.62,12.62
104.47,12.62,12.62
111.05,12.62,12.62
81.11,12.62,12.62
62.67,12.62,12.62
69.69,12.62,12.62
37.77,12.62,12.62
40.75,12.62,12.62
43.23,12.62,12.62
47.43,12.62,12.62
49.91,12.62,12.62
45.4,12.62,12.62
39.19,12.62,12.62
35.54,12.62,12.62
32.76,12.62,12.62
30.43,12.62,12.62
39.31,12.62,12.62
65.11,12.62,12.62
69.32,12.62,12.62
75.25,12.62,12.62
79.42,12.62,12.62
88.56,12.62,12.62
97.13,12.62,12.62
105.36,12.62,12.62
110.15,12.62,12.62
119.41,12.62,12.62
121.19,12.62,12.62
76.8,12.62,12.62
40.58,12.62,12.62
39.88,12.62,12.62
44.13,12.62,12.62
46.58,12.62,12.62
54.48,12.62,12.62
46.4,12.62,12.62
48.95,12.62,12.62
53.44,12.62,12.62
59.29,12.62,12.62
47.97,12.62,12.62
39.42,12.62,12.62
32.66,12.62,12.62
31.48,12.62,12.62
31.48,12.62,12.62
30.0,12.62,12.62
71.37,12.62,12.62
75.1,12.62,12.62
78.71,12.62,12.62
85.19,12.62,12.62
90.1,12.62,12.62
92.51,12.62,12.62
99.97,12.62,12.62
104.71,12.62,12.62
83.21,12.62,12.62
63.05,12.62,12.62
71.59,12.62,12.62
85.22,12.62,12.62
99.64,12.62,12.62
87.36,12.62,12.62
31.59,12.62,12.62
33.2,12.62,12.62
60.09,12.62,12.62
33.37,12.62,12.62
30.19,12.62,12.62
29.06,12.62,12.62
28.9,12.62,12.62
29.02,12.62,12.62
69.26,12.62,12.62
74.43,12.62,12.62
77.42,12.62,12.62
75.65,12.62,12.62
80.15,12.62,12.62
84.63,12.62,12.62
91.13,12.62,12.62
93.27,12.62,12.62
97.7,12.62,12.62
85.75,12.62,12.62
25.96,12.62,12.62
36.24,12.62,12.62
44.14,12.62,12.62
63.68,12.62,12.62
98.17,12.62,12.62
55.88,12.62,12.62
34.86,12.62,12.62
35.2,12.62,12.62
96.67,12.62,12.62
58.24,12.62,12.62
30.68,12.62,12.62
63.45,12.62,12.62
76.04,12.62,12.62
75.43,12.62,12.62
75.26,12.62,12.62
76.41,12.62,12.62
58.43,12.62,12.62
30.98,12.62,12.62
32.08,12.62,12.62
33.24,12.62,12.62
32.79,12.62,12.62
32.13,12.62,12.62
30.67,12.62,12.62
28.87,12.62,12.62
27.39,12.62,12.62
27.46,12.62,12.62
27.9,12.62,12.62
27.67,12.62,12.62
27.58,12.62,12.62
28.53,12.62,12.62
28.3,12.62,12.62
29.19,12.62,12.62
29.43,12.62,12.62
29.5,12.62,12.62
28.38,12.62,12.62
29.17,12.62,12.62
29.18,12.62,12.62
30.78,12.62,12.62
30.02,12.62,12.62
54.18,12.62,12.62
81.55,12.62,12.62
81.85,12.62,12.62
84.79,12.62,12.62
94.09,12.62,12.62
98.99,12.62,12.62
99.08,12.62,12.62
106.39,12.62,12.62
114.27,12.62,12.62
116.69,12.62,12.62
57.12,12.62,12.62
30.15,12.62,12.62
30.46,12.62,12.62
30.97,12.62,12.62
30.83,12.62,12.62
30.84,12.62,12.62
30.91,12.62,12.62
69.36,12.62,12.62
86.54,12.62,12.62
55.36,12.62,12.62
54.44,12.62,12.62
40.89,12.62,12.62
41.55,12.62,12.62
33.95,12.62,12.62
31.46,12.62,12.62
74.85,12.62,12.62
87.84,12.62,12.62
88.36,12.62,12.62
94.24,12.62,12.62
84.18,12.62,12.62
33.27,12.62,12.62
31.26,12.62,12.62
30.31,12.62,12.62
28.1,12.62,12.62
29.39,12.62,12.62
28.54,12.62,12.62
29.48,12.62,12.62
28.8,12.62,12.62
28.94,12.62,12.62
39.47,12.62,12.62
31.83,12.62,12.62
35.08,12.62,12.62
29.53,12.62,12.62
27.58,12.62,12.62
26.74,12.62,12.62
33.4,12.62,12.62
58.79,12.62,12.62
63.09,12.62,12.62
61.2,12.62,12.62
90.04,12.62,12.62
76.59,12.62,12.62
71.56,12.62,12.62
76.39,12.62,12.62
52.69,12.62,12.62
19.42,12.62,12.62
20.15,12.62,12.62
20.24,12.62,12.62
17.98,12.62,12.62
16.22,12.62,12.62
20.67,12.62,12.62
25.29,12.62,12.62
21.83,12.62,12.62
24.44,12.62,12.62
64.74,12.62,12.62
148.1,12.62,12.62
124.03,12.62,12.62
99.74,12.62,12.62
129.14,12.62,12.62
148.15,12.62,12.62
118.03,12.62,12.62
90.05,12.62,12.62
65.85,12.62,12.62
37.09,12.62,12.62
31.52,12.62,12.62
90.44,12.62,12.62
91.32,12.62,12.62
92.78,12.62,12.62
98.16,12.62,12.62
100.56,12.62,12.62
105.92,12.62,12.62
116.78,12.62,12.62
119.08,12.62,12.62
73.19,12.62,12.62
32.29,12.62,12.62
33.73,12.62,12.62
36.75,12.62,12.62
68.99,12.62,12.62
53.71,12.62,12.62
55.27,12.62,12.62
76.68,12.62,12.62
76.65,12.62,12.62
112.86,12.62,12.62
134.22,12.62,12.62
68.88,12.62,12.62
36.22,12.62,12.62
33.73,12.62,12.62
33.5,12.62,12.62
35.09,12.62,12.62
38.62,12.62,12.62
76.16,12.62,12.62
101.28,12.62,12.62
107.32,12.62,12.62
109.85,12.62,12.62
115.82,12.62,12.62
117.7,12.62,12.62
83.84,12.62,12.62
29.34,12.62,12.62
29.43,12.62,12.62
28.77,12.62,12.62
29.2,12.62,12.62
38.2,12.62,12.62
45.84,12.62,12.62
46.03,12.62,12.62
43.72,12.62,12.62
75.58,12.62,12.62
121.94,12.62,12.62
128.64,12.62,12.62
82.65,12.62,12.62
35.6,12.62,12.62
33.31,12.62,12.62
29.55,12.62,12.62
28.7,12.62,12.62
38.85,12.62,12.62
78.79,12.62,12.62
88.3,12.62,12.62
105.64,12.62,12.62
109.61,12.62,12.62
111.49,12.62,12.62
85.83,12.62,12.62
30.23,12.62,12.62
27.17,12.62,12.62
27.35,12.62,12.62
27.0,12.62,12.62
25.49,12.62,12.62
33.57,12.62,12.62
38.9,12.62,12.62
37.61,12.62,12.62
37.13,12.62,12.62
32.26,12.62,12.62
29.1,12.62,12.62
25.44,12.62,12.62
22.97,12.62,12.62
22.36,12.62,12.62
21.39,12.62,12.62
21.42,12.62,12.62
31.74,12.62,12.62
70.04,12.62,12.62
80.91,12.62,12.62
91.75,12.62,12.62
100.02,12.62,12.62
100.5,12.62,12.62
50.61,12.62,12.62
25.01,12.62,12.62
25.64,12.62,12.62
25.57,12.62,12.62
21.84,12.62,12.62
21.76,12.62,12.62
18.96,12.62,12.62
21.05,12.62,12.62
18.7,12.62,12.62
20.1,12.62,12.62
22.24,12.62,12.62
21.6,12.62,12.62
21.02,12.62,12.62
22.3,12.62,12.62
20.11,12.62,12.62
19.94,12.62,12.62
22.58,12.62,12.62
21.48,12.62,12.62
21.35,12.62,12.62
38.94,12.62,12.62
75.72,12.62,12.62
83.92,12.62,12.62
98.4,12.62,12.62
106.68,12.62,12.62
66.4,12.62,12.62
23.82,12.62,12.62
23.69,12.62,12.62
24.12,12.62,12.62
27.84,12.62,12.62
30.93,12.62,12.62
28.85,12.62,12.62
30.68,12.62,12.62
32.03,12.62,12.62
32.25,12.62,12.62
31.19,12.62,12.62
30.49,12.62,12.62
28.08,12.62,12.62
27.44,12.62,12.62
27.41,12.62,12.62
28.67,12.62,12.62
27.79,12.62,12.62
27.42,12.62,12.62
29.67,12.62,12.62
32.5,12.62,12.62
33.65,12.62,12.62
32.83,12.62,12.62
35.34,12.62,12.62
32.22,12.62,12.62
28.35,12.62,12.62
25.36,12.62,12.62
23.33,12.62,12.62
18.94,12.62,12.62
17.56,12.62,12.62
17.95,12.62,12.62
21.83,12.62,12.62
23.16,12.62,12.62
25.91,12.62,12.62
27.19,12.62,12.62
28.75,12.62,12.62
27.68,12.62,12.62
90.24,12.62,12.62
70.05,12.62,12.62
28.91,12.62,12.62
28.47,12.62,12.62
58.44,12.62,12.62
27.03,12.62,12.62
43.67,12.62,12.62
72.88,12.62,12.62
83.12,12.62,12.62
89.18,12.62,12.62
94.34,12.62,12.62
87.18,12.62,12.62
85.35,12.62,12.62
85.49,12.62,12.62
86.01,12.62,12.62
15.01,12.62,12.62
13.01,12.62,12.62
14.01,12.62,12.62
14.23,12.62,12.62
16.04,12.62,12.62
18.88,12.62,12.62
19.44,12.62,12.62
20.44,12.62,12.62
49.02,12.62,12.62
76.78,12.62,12.62
82.43,12.62,12.62
33.75,12.62,12.62
20.9,12.62,12.62
19.9,12.62,12.62
20.31,12.62,12.62
18.67,12.62,12.62
60.03,12.62,12.62
94.45,12.62,12.62
106.94,12.62,12.62
59.94,12.62,12.62
24.06,12.62,12.62
24.51,12.62,12.62
20.16,12.62,12.62
17.95,12.62,12.62
15.11,12.62,12.62
14.49,12.62,12.62
16.59,12.62,12.62
17.62,12.62,12.62
21.27,12.62,12.62
25.88,12.62,12.62
28.11,12.62,12.62
28.88,12.62,12.62
61.14,12.62,12.62
147.19,12.62,12.62
108.1,12.62,12.62
77.23,12.62,12.62
78.8,12.62,12.62
86.89,12.62,12.62
85.44,12.62,12.62
80.18,12.62,12.62
49.12,12.62,12.62
24.9,12.62,12.62
22.51,12.62,12.62
22.76,12.62,12.62
24.91,12.62,12.62
25.09,12.62,12.62
24.95,12.62,12.62
24.61,12.62,12.62
22.9,12.62,12.62
23.33,12.62,12.62
20.08,12.62,12.62
18.99,12.62,12.62
18.81,12.62,12.62
21.24,12.62,12.62
51.6,12.62,12.62
47.26,12.62,12.62
94.74,12.62,12.62
99.83,12.62,12.62
103.6,12.62,12.62
52.34,12.62,12.62
26.23,12.62,12.62
21.66,12.62,12.62
21.23,12.62,12.62
21.78,12.62,12.62
20.7,12.62,12.62
20.64,12.62,12.62
19.54,12.62,12.62
15.49,12.62,12.62
14.48,12.62,12.62
14.55,12.62,12.62
13.34,12.62,12.62
12.62,12.62,12.62
13.0,12.62,12.62
14.27,12.62,12.62
16.11,12.62,12.62
95.3,12.62,12.62
113.97,12.62,12.62
105.94,12.62,12.62
60.7,12.62,12.62
21.87,12.62,12.62
18.66,12.62,12.62
19.77,12.62,12.62
22.72,12.62,12.62
24.66,12.62,12.62
24.31,12.62,12.62
23.72,12.62,12.62
24.91,12.62,12.62
24.19,12.62,12.62
22.94,12.62,12.62
18.41,12.62,12.62
19.54,12.62,12.62
20.35,12.62,12.62
18.74,12.62,12.62
17.24,12.62,12.62
14.01,12.62,12.62
13.49,12.62,12.62
14.0,12.62,12.62
12.62,12.62,12.62
12.62,12.62,12.62
12.62,12.62,12.62
12.7,12.62,12.62
13.58,12.62,12.62
14.99,12.62,12.62
16.43,12.62,12.62
17.14,12.62,12.62
20.34,12.62,12.62
21.45,12.62,12.62
21.39,12.62,12.62
20.85,12.62,12.62
22.53,12.62,12.62
21.44,12.62,12.62
21.12,12.62,12.62
19.63,12.62,12.62
20.47,12.62,12.62
17.43,12.62,12.62
16.81,12.62,12.62
13.18,12.62,12.62
13.86,12.62,12.62
13.67,12.62,12.62
13.61,12.62,12.62
13.9,12.62,12.62
16.5,12.62,12.62
17.89,12.62,12.62
17.0,12.62,12.62
17.33,12.62,12.62
18.24,12.62,12.62
19.49,12.62,12.62
22.47,12.62,12.62
22.61,12.62,12.62
22.18,12.62,12.62
22.75,12.62,12.62
44.3,12.62,12.62
58.43,12.62,12.62
58.96,12.62,12.62
61.28,12.62,12.62
68.28,12.62,12.62
45.07,12.62,12.62
64.7,12.62,12.62
91.03,12.62,12.62
101.45,12.62,12.62
100.89,12.62,12.62
40.9,12.62,12.62
23.04,12.62,12.62
21.84,12.62,12.62
21.8,12.62,12.62
22.33,12.62,12.62
22.98,12.62,12.62
23.25,12.62,12.62
24.5,12.62,12.62
27.02,12.62,12.62
29.02,12.62,12.62
28.0,12.62,12.62
30.94,12.62,12.62
31.12,12.62,12.62
29.84,12.62,12.62
27.99,12.62,12.62
28.36,12.62,12.62
29.25,12.62,12.62
29.17,12.62,12.62
29.17,12.62,12.62
33.86,12.62,12.62
40.78,12.62,12.62
42.14,12.62,12.62
38.15,12.62,12.62
36.96,12.62,12.62
38.26,12.62,12.62
79.05,12.62,12.62
31.61,12.62,12.62
29.25,12.62,12.62
31.78,12.62,12.62
35.69,12.62,12.62
37.33,12.62,12.62
38.63,12.62,12.62
39.72,12.62,12.62
36.46,12.62,12.62
36.7,12.62,12.62
37.77,12.62,12.62
27.69,12.62,12.62
32.91,12.62,12.62
31.22,12.62,12.62
32.91,12.62,12.62
33.85,12.62,12.62
34.65,12.62,12.62
39.72,12.62,12.62
50.16,12.62,12.62
71.5,12.62,12.62
86.98,12.62,12.62
67.22,12.62,12.62
63.01,12.62,12.62
69.85,12.62,12.62
95.44,12.62,12.62
69.95,12.62,12.62
50.37,12.62,12.62
80.37,12.62,12.62
42.9,12.62,12.62
42.42,12.62,12.62
38.45,12.62,12.62
36.18,12.62,12.62
33.59,12.62,12.62
33.79,12.62,12.62
51.05,12.62,12.62
74.62,12.62,12.62
70.88,12.62,12.62
38.74,12.62,12.62
32.91,12.62,12.62
28.97,12.62,12.62
34.54,12.62,12.62
42.34,12.62,12.62
52.07,12.62,12.62
68.82,12.62,12.62
84.52,12.62,12.62
91.38,12.62,12.62
96.01,12.62,12.62
120.96,12.62,12.62
122.57,12.62,12.62
107.61,12.62,12.62
96.37,12.62,12.62
89.22,12.62,12.62
92.87,12.62,12.62
107.47,12.62,12.62
104.57,12.62,12.62
94.97,12.62,12.62
73.74,12.62,12.62
70.81,12.62,12.62
87.29,12.62,12.62
96.07,12.62,12.62
99.89,12.62,12.62
81.92,12.62,12.62
77.14,12.62,12.62
80.91,12.62,12.62
80.79,12.62,12.62
91.12,12.62,12.62
88.12,12.62,12.62
123.3,12.62,12.62
149.6,12.62,12.62
157.0,12.62,12.62
110.92,12.62,12.62
119.27,12.62,12.62
159.02,12.62,12.62
129.08,12.62,12.62
129.42,12.62,12.62
130.49,12.62,12.62
99.7,12.62,12.62
119.47,12.62,12.62
117.01,12.62,12.62
99.24,12.62,12.62
88.65,12.62,12.62
83.06,12.62,12.62
78.1,12.62,12.62
71.95,12.62,12.62
67.34,12.62,12.62
60.24,12.62,12.62
65.56,12.62,12.62
63.57,12.62,12.62
64.5,12.62,12.62
68.4,12.62,12.62
79.99,12.62,12.62
88.18,12.62,12.62
95.22,12.62,12.62
100.0,12.62,12.62
103.21,12.62,12.62
107.18,12.62,12.62
118.12,12.62,12.62
118.47,12.62,12.62
113.59,12.62,12.62
124.89,12.62,12.62
134.95,12.62,12.62
129.16,12.62,12.62
121.64,12.62,12.62
111.04,12.62,12.62
101.51,12.62,12.62
95.46,12.62,12.62
91.36,12.62,12.62
94.33,12.62,12.62
84.68,12.62,12.62
67.67,12.62,12.62
64.5,12.62,12.62
73.81,12.62,12.62
84.19,12.62,12.62
75.18,12.62,12.62
75.26,12.62,12.62
110.09,12.62,12.62
105.49,12.62,12.62
100.87,12.62,12.62
108.06,12.62,12.62
110.71,12.62,12.62
120.44,12.62,12.62
124.24,12.62,12.62
130.88,12.62,12.62
129.51,12.62,12.62
131.63,12.62,12.62
134.11,12.62,12.62
132.6,12.62,12.62
126.68,12.62,12.62
119.21,12.62,12.62
108.16,12.62,12.62
95.44,12.62,12.62
111.06,12.62,12.62
113.09,12.62,12.62
101.22,12.62,12.62
102.11,12.62,12.62
99.71,12.62,12.62
96.27,12.62,12.62
108.08,12.62,12.62
90.42,12.62,12.62
88.53,12.62,12.62
93.3,12.62,12.62
99.61,12.62,12.62
105.31,12.62,12.62
109.34,12.62,12.62
117.4,12.62,12.62
124.75,12.62,12.62
128.39,12.62,12.62
130.83,12.62,12.62
129.3,12.62,12.62
124.73,12.62,12.62
114.13,12.62,12.62
97.3,12.62,12.62
88.07,12.62,12.62
86.89,12.62,12.62
83.74,12.62,12.62
76.92,12.62,12.62
78.93,12.62,12.62
79.29,12.62,12.62
78.31,12.62,12.62
76.95,12.62,12.62
73.36,12.62,12.62
75.71,12.62,12.62
76.5,12.62,12.62
78.07,12.62,12.62
83.79,12.62,12.62
89.62,12.62,12.62
78.71,12.62,12.62
79.91,12.62,12.62
91.58,12.62,12.62
98.9,12.62,12.62
95.3,12.62,12.62
89.62,12.62,12.62
80.06,12.62,12.62
77.81,12.62,12.62
75.27,12.62,12.62
69.93,12.62,12.62
60.16,12.62,12.62
63.16,12.62,12.62
68.19,12.62,12.62
67.25,12.62,12.62
115.2,12.62,12.62
123.23,12.62,12.62
77.75,12.62,12.62
79.24,12.62,12.62
82.24,12.62,12.62
83.97,12.62,12.62
76.48,12.62,12.62
79.31,12.62,12.62
86.38,12.62,12.62
89.18,12.62,12.62
93.67,12.62,12.62
101.19,12.62,12.62
110.47,12.62,12.62
118.13,12.62,12.62
116.27,12.62,12.62
114.92,12.62,12.62
109.89,12.62,12.62
113.22,12.62,12.62
107.28,12.62,12.62
94.05,12.62,12.62
85.46,12.62,12.62
81.69,12.62,12.62
80.61,12.62,12.62
77.71,12.62,12.62
79.22,12.62,12.62
74.67,12.62,12.62
67.36,12.62,12.62
70.09,12.62,12.62
71.25,12.62,12.62
75.95,12.62,12.62
79.54,12.62,12.62
54.05,12.62,12.62
27.26,12.62,12.62
25.76,12.62,12.62
23.83,12.62,12.62
22.64,12.62,12.62
20.98,12.62,12.62
26.61,12.62,12.62
26.12,12.62,12.62
25.1,12.62,12.62
24.6,12.62,12.62
18.33,12.62,12.62
13.01,12.62,12.62
14.66,12.62,12.62
15.07,12.62,12.62
15.73,12.62,12.62
17.68,12.62,12.62
19.33,12.62,12.62
19.92,12.62,12.62
19.77,12.62,12.62
19.94,12.62,12.62
20.83,12.62,12.62
20.53,12.62,12.62
17.2,12.62,12.62
17.3,12.62,12.62
19.11,12.62,12.62
17.29,12.62,12.62
15.21,12.62,12.62
12.85,12.62,12.62
12.62,12.62,12.62
13.19,12.62,12.62
12.71,12.62,12.62
16.22,12.62,12.62
16.21,12.62,12.62
15.9,12.62,12.62
15.37,12.62,12.62
16.3,12.62,12.62
13.79,12.62,12.62
13.78,12.62,12.62
15.88,12.62,12.62
16.54,12.62,12.62
18.36,12.62,12.62
20.87,12.62,12.62
18.54,12.62,12.62
19.87,12.62,12.62
20.01,12.62,12.62
19.77,12.62,12.62
18.88,12.62,12.62
17.36,12.62,12.62
17.67,12.62,12.62
18.37,12.62,12.62
16.73,12.62,12.62
14.93,12.62,12.62
13.66,12.62,12.62
12.74,12.62,12.62
12.62,12.62,12.62
12.62,12.62,12.62
12.62,12.62,12.62
12.62,12.62,12.62
12.66,12.62,12.62
13.56,12.62,12.62
13.78,12.62,12.62
15.68,12.62,12.62
17.28,12.62,12.62
20.99,12.62,12.62
27.93,12.62,12.62
19.97,12.62,12.62
18.17,12.62,12.62
37.21,12.62,12.62
40.02,12.62,12.62
43.72,12.62,12.62
39.69,12.62,12.62
45.62,12.62,12.62
77.59,12.62,12.62
88.24,12.62,12.62
95.24,12.62,12.62
94.14,12.62,12.62
100.35,12.62,12.62
109.61,12.62,12.62
119.71,12.62,12.62
126.75,12.62,12.62
101.02,12.62,12.62
78.35,12.62,12.62
71.01,12.62,12.62
68.58,12.62,12.62
64.18,12.62,12.62
62.59,12.62,12.62
60.09,12.62,12.62
56.66,12.62,12.62
53.88,12.62,12.62
49.05,12.62,12.62
51.95,12.62,12.62
53.23,12.62,12.62
50.12,12.62,12.62
49.37,12.62,12.62
51.45,12.62,12.62
47.91,12.62,12.62
60.07,12.62,12.62
57.56,12.62,12.62
54.52,12.62,12.62
45.97,12.62,12.62
33.55,12.62,12.62
30.14,12.62,12.62
29.21,12.62,12.62
26.28,12.62,12.62
24.3,12.62,12.62
24.6,12.62,12.62
25.52,12.62,12.62
27.63,12.62,12.62
29.62,12.62,12.62
29.44,12.62,12.62
29.07,12.62,12.62
28.89,12.62,12.62
32.28,12.62,12.62
30.69,12.62,12.62
27.22,12.62,12.62
25.67,12.62,12.62
27.57,12.62,12.62
28.63,12.62,12.62
38.07,12.62,12.62
84.54,12.62,12.62
85.18,12.62,12.62
88.67,12.62,12.62
95.44,12.62,12.62
98.42,12.62,12.62
105.43,12.62,12.62
93.02,12.62,12.62
27.98,12.62,12.62
27.81,12.62,12.62
28.19,12.62,12.62
28.25,12.62,12.62
28.34,12.62,12.62
31.03,12.62,12.62
35.48,12.62,12.62
34.65,12.62,12.62
37.25,12.62,12.62
36.48,12.62,12.62
33.4,12.62,12.62
29.59,12.62,12.62
27.99,12.62,12.62
26.46,12.62,12.62
26.15,12.62,12.62
27.27,12.62,12.62
26.56,12.62,12.62
27.49,12.62,12.62
27.99,12.62,12.62
28.65,12.62,12.62
28.91,12.62,12.62
27.44,12.62,12.62
26.69,12.62,12.62
28.07,12.62,12.62
28.9,12.62,12.62
29.27,12.62,12.62
30.65,12.62,12.62
30.64,12.62,12.62
32.03,12.62,12.62
36.8,12.62,12.62
44.4,12.62,12.62
44.41,12.62,12.62
41.8,12.62,12.62
42.77,12.62,12.62
42.74,12.62,12.62
43.33,12.62,12.62
34.34,12.62,12.62
49.89,12.62,12.62
34.2,12.62,12.62
31.21,12.62,12.62
35.64,12.62,12.62
79.12,12.62,12.62
88.41,12.62,12.62
92.68,12.62,12.62
103.07,12.62,12.62
108.23,12.62,12.62
113.42,12.62,12.62
82.87,12.62,12.62
28.75,12.62,12.62
24.05,12.62,12.62
24.58,12.62,12.62
24.73,12.62,12.62
24.35,12.62,12.62
25.17,12.62,12.62
25.97,12.62,12.62
25.05,12.62,12.62
23.43,12.62,12.62
22.79,12.62,12.62
21.68,12.62,12.62
21.9,12.62,12.62
21.65,12.62,12.62
20.07,12.62,12.62
18.85,12.62,12.62
17.81,12.62,12.62
18.64,12.62,12.62
18.86,12.62,12.62
17.26,12.62,12.62
16.89,12.62,12.62
16.34,12.62,12.62
16.67,12.62,12.62
17.47,12.62,12.62
16.08,12.62,12.62
16.22,12.62,12.62
15.2,12.62,12.62
15.43,12.62,12.62
15.23,12.62,12.62
16.49,12.62,12.62
17.41,12.62,12.62
19.77,12.62,12.62
27.87,12.62,12.62
26.18,12.62,12.62
26.99,12.62,12.62
26.18,12.62,12.62
25.51,12.62,12.62
22.54,12.62,12.62
22.59,12.62,12.62
24.53,12.62,12.62
25.5,12.62,12.62
26.29,12.62,12.62
26.38,12.62,12.62
26.17,12.62,12.62
25.7,12.62,12.62
24.69,12.62,12.62
23.74,12.62,12.62
22.81,12.62,12.62
21.84,12.62,12.62
129.8,12.62,12.62
59.0,12.62,12.62
21.87,12.62,12.62
21.99,12.62,12.62
22.65,12.62,12.62
23.84,12.62,12.62
24.35,12.62,12.62
24.65,12.62,12.62
25.04,12.62,12.62
26.7,12.62,12.62
27.37,12.62,12.62
28.7,12.62,12.62
29.82,12.62,12.62
28.38,12.62,12.62
27.37,12.62,12.62
26.9,12.62,12.62
26.9,12.62,12.62
26.98,12.62,12.62
53.54,12.62,12.62
88.9,12.62,12.62
97.32,12.62,12.62
104.34,12.62,12.62
107.61,12.62,12.62
114.8,12.62,12.62
82.35,12.62,12.62
22.54,12.62,12.62
21.98,12.62,12.62
21.9,12.62,12.62
22.13,12.62,12.62
22.78,12.62,12.62
24.43,12.62,12.62
25.14,12.62,12.62
26.72,12.62,12.62
27.94,12.62,12.62
27.03,12.62,12.62
27.12,12.62,12.62
27.54,12.62,12.62
27.73,12.62,12.62
27.63,12.62,12.62
27.39,12.62,12.62
27.84,12.62,12.62
28.22,12.62,12.62
28.17,12.62,12.62
25.99,12.62,12.62
21.8,12.62,12.62
19.43,12.62,12.62
16.11,12.62,12.62
14.61,12.62,12.62
13.01,12.62,12.62
14.59,12.62,12.62
18.5,12.62,12.62
17.5,12.62,12.62
16.21,12.62,12.62
17.71,12.62,12.62
20.01,12.62,12.62
22.92,12.62,12.62
24.13,12.62,12.62
28.79,12.62,12.62
40.0,12.62,12.62
46.94,12.62,12.62
37.22,12.62,12.62
45.47,12.62,12.62
40.98,12.62,12.62
37.73,12.62,12.62
36.04,12.62,12.62
25.6,12.62,12.62
25.13,12.62,12.62
24.81,12.62,12.62
23.88,12.62,12.62
32.78,12.62,12.62
35.8,12.62,12.62
24.98,12.62,12.62
24.23,12.62,12.62
23.23,12.62,12.62
24.0,12.62,12.62
24.07,12.62,12.62
24.57,12.62,12.62
25.31,12.62,12.62
58.56,12.62,12.62
50.49,12.62,12.62
32.91,12.62,12.62
31.38,12.62,12.62
29.88,12.62,12.62
27.18,12.62,12.62
30.21,12.62,12.62
29.83,12.62,12.62
28.28,12.62,12.62
27.61,12.62,12.62
27.92,12.62,12.62
68.36,12.62,12.62
90.6,12.62,12.62
103.39,12.62,12.62
111.62,12.62,12.62
113.1,12.62,12.62
122.49,12.62,12.62
136.24,12.62,12.62
149.78,12.62,12.62
72.07,12.62,12.62
24.23,12.62,12.62
23.74,12.62,12.62
22.95,12.62,12.62
22.88,12.62,12.62
22.63,12.62,12.62
23.73,12.62,12.62
24.35,12.62,12.62
25.09,12.62,12.62
25.28,12.62,12.62
26.06,12.62,12.62
26.16,12.62,12.62
26.43,12.62,12.62
26.52,12.62,12.62
26.52,12.62,12.62
26.52,12.62,12.62
25.96,12.62,12.62
25.38,12.62,12.62
24.92,12.62,12.62
23.32,12.62,12.62
22.16,12.62,12.62
21.25,12.62,12.62
20.25,12.62,12.62
20.62,12.62,12.62
19.21,12.62,12.62
17.68,12.62,12.62
17.35,12.62,12.62
18.8,12.62,12.62
18.66,12.62,12.62
23.09,12.62,12.62
46.28,12.62,12.62
37.63,12.62,12.62
34.47,12.62,12.62
27.53,12.62,12.62
24.22,12.62,12.62
26.65,12.62,12.62
26.91,12.62,12.62
26.91,12.62,12.62
26.81,12.62,12.62
26.57,12.62,12.62
26.21,12.62,12.62
24.73,12.62,12.62
26.73,12.62,12.62
30.97,12.62,12.62
22.81,12.62,12.62
22.03,12.62,12.62
21.53,12.62,12.62
21.15,12.62,12.62
19.21,12.62,12.62
15.86,12.62,12.62
16.92,12.62,12.62
19.11,12.62,12.62
18.89,12.62,12.62
21.69,12.62,12.62
65.77,12.62,12.62
87.12,12.62,12.62
92.11,12.62,12.62
96.93,12.62,12.62
89.27,12.62,12.62
75.27,12.62,12.62
73.25,12.62,12.62
78.55,12.62,12.62
77.22,12.62,12.62
82.66,12.62,12.62
87.14,12.62,12.62
98.92,12.62,12.62
107.68,12.62,12.62
118.38,12.62,12.62
126.52,12.62,12.62
132.72,12.62,12.62
143.0,12.62,12.62
157.73,12.62,12.62
163.16,12.62,12.62
166.18,12.62,12.62
113.55,12.62,12.62
18.78,12.62,12.62
19.53,12.62,12.62
20.3,12.62,12.62
22.45,12.62,12.62
23.26,12.62,12.62
23.55,12.62,12.62
26.67,12.62,12.62
26.66,12.62,12.62
27.96,12.62,12.62
27.51,12.62,12.62
25.75,12.62,12.62
26.23,12.62,12.62
25.22,12.62,12.62
24.31,12.62,12.62
83.57,12.62,12.62
112.28,12.62,12.62
120.83,12.62,12.62
122.92,12.62,12.62
82.47,12.62,12.62
15.53,12.62,12.62
15.14,12.62,12.62
16.95,12.62,12.62
17.38,12.62,12.62
17.22,12.62,12.62
17.0,12.62,12.62
18.0,12.62,12.62
18.15,12.62,12.62
19.6,12.62,12.62
20.99,12.62,12.62
22.22,12.62,12.62
24.6,12.62,12.62
25.08,12.62,12.62
25.95,12.62,12.62
25.8,12.62,12.62
25.4,12.62,12.62
25.38,12.62,12.62
25.8,12.62,12.62
24.02,12.62,12.62
20.74,12.62,12.62
21.45,12.62,12.62
19.9,12.62,12.62
18.48,12.62,12.62
18.48,12.62,12.62
17.9,12.62,12.62
17.05,12.62,12.62
17.63,12.62,12.62
16.51,12.62,12.62
17.59,12.62,12.62
17.07,12.62,12.62
17.14,12.62,12.62
18.67,12.62,12.62
20.51,12.62,12.62
22.52,12.62,12.62
23.14,12.62,12.62
23.33,12.62,12.62
21.2,12.62,12.62
21.37,12.62,12.62
20.73,12.62,12.62
21.86,12.62,12.62
20.78,12.62,12.62
20.92,12.62,12.62
20.39,12.62,12.62
18.19,12.62,12.62
19.82,12.62,12.62
18.61,12.62,12.62
17.47,12.62,12.62
15.48,12.62,12.62
15.94,12.62,12.62
13.67,12.62,12.62
12.76,12.62,12.62
12.62,12.62,12.62
12.62,12.62,12.62
12.66,12.62,12.62
13.19,12.62,12.62
20.08,12.62,12.62
68.92,12.62,12.62
69.75,12.62,12.62
69.04,12.62,12.62
65.13,12.62,12.62
62.03,12.62,12.62
63.22,12.62,12.62
62.71,12.62,12.62
60.72,12.62,12.62
60.93,12.62,12.62
61.51,12.62,12.62
65.23,12.62,12.62
70.89,12.62,12.62
93.39,12.62,12.62
104.45,12.62,12.62
116.61,12.62,12.62
123.68,12.62,12.62
130.49,12.62,12.62
146.45,12.62,12.62
159.66,12.62,12.62
167.36,12.62,12.62
163.4,12.62,12.62
160.11,12.62,12.62
147.06,12.62,12.62
120.02,12.62,12.62
98.54,12.62,12.62
97.7,12.62,12.62
91.9,12.62,12.62
92.9,12.62,12.62
82.13,12.62,12.62
80.77,12.62,12.62
74.41,12.62,12.62
75.63,12.62,12.62
80.33,12.62,12.62
88.72,12.62,12.62
92.82,12.62,12.62
103.31,12.62,12.62
111.45,12.62,12.62
120.36,12.62,12.62
128.88,12.62,12.62
133.52,12.62,12.62
144.44,12.62,12.62
152.42,12.62,12.62
157.95,12.62,12.62
163.19,12.62,12.62
162.08,12.62,12.62
160.16,12.62,12.62
149.12,12.62,12.62
127.64,12.62,12.62
101.85,12.62,12.62
94.32,12.62,12.62
96.77,12.62,12.62
110.47,12.62,12.62
85.81,12.62,12.62
81.59,12.62,12.62
82.24,12.62,12.62
77.26,12.62,12.62
73.67,12.62,12.62
76.09,12.62,12.62
74.51,12.62,12.62
81.86,12.62,12.62
93.52,12.62,12.62
102.42,12.62,12.62
114.24,12.62,12.62
120.97,12.62,12.62
130.53,12.62,12.62
141.44,12.62,12.62
153.93,12.62,12.62
163.31,12.62,12.62
162.54,12.62,12.62
160.88,12.62,12.62
148.98,12.62,12.62
124.64,12.62,12.62
134.16,12.62,12.62
100.28,12.62,12.62
99.62,12.62,12.62
94.32,12.62,12.62
92.67,12.62,12.62
81.83,12.62,12.62
78.83,12.62,12.62
72.72,12.62,12.62
70.85,12.62,12.62
84.1,12.62,12.62
89.8,12.62,12.62
97.46,12.62,12.62
110.5,12.62,12.62
117.18,12.62,12.62
121.77,12.62,12.62
127.88,12.62,12.62
136.97,12.62,12.62
147.86,12.62,12.62
156.25,12.62,12.62
164.7,12.62,12.62
156.7,12.62,12.62
138.05,12.62,12.62
121.73,12.62,12.62
108.19,12.62,12.62
102.01,12.62,12.62
106.75,12.62,12.62
106.7,12.62,12.62
93.23,12.62,12.62
93.25,12.62,12.62
103.79,12.62,12.62
89.21,12.62,12.62
71.25,12.62,12.62
67.4,12.62,12.62
67.57,12.62,12.62
77.73,12.62,12.62
93.47,12.62,12.62
98.93,12.62,12.62
96.9,12.62,12.62
123.52,12.62,12.62
131.45,12.62,12.62
104.93,12.62,12.62
22.72,12.62,12.62
21.42,12.62,12.62
21.15,12.62,12.62
20.75,12.62,12.62
20.62,12.62,12.62
22.18,12.62,12.62
22.18,12.62,12.62
28.56,12.62,12.62
30.62,12.62,12.62
31.29,12.62,12.62
30.09,12.62,12.62
22.96,12.62,12.62
100.21,12.62,12.62
58.64,12.62,12.62
32.86,12.62,12.62
57.31,12.62,12.62
172.11,12.62,12.62
105.91,12.62,12.62
102.23,12.62,12.62
111.71,12.62,12.62
116.85,12.62,12.62
125.96,12.62,12.62
129.9,12.62,12.62
142.43,12.62,12.62
151.52,12.62,12.62
157.53,12.62,12.62
161.29,12.62,12.62
164.86,12.62,12.62
155.72,12.62,12.62
146.81,12.62,12.62
127.83,12.62,12.62
116.55,12.62,12.62
108.23,12.62,12.62
98.97,12.62,12.62
103.94,12.62,12.62
101.45,12.62,12.62
87.49,12.62,12.62
99.6,12.62,12.62
99.46,12.62,12.62
95.56,12.62,12.62
96.22,12.62,12.62
92.83,12.62,12.62
103.23,12.62,12.62
109.37,12.62,12.62
113.83,12.62,12.62
119.77,12.62,12.62
162.15,12.62,12.62
156.8,12.62,12.62
149.51,12.62,12.62
159.28,12.62,12.62
156.33,12.62,12.62
156.72,12.62,12.62
157.76,12.62,12.62
143.74,12.62,12.62
125.53,12.62,12.62
112.16,12.62,12.62
105.16,12.62,12.62
100.72,12.62,12.62
110.54,12.62,12.62
110.77,12.62,12.62
96.46,12.62,12.62
91.07,12.62,12.62
83.39,12.62,12.62
74.52,12.62,12.62
76.71,12.62,12.62
76.31,12.62,12.62
85.75,12.62,12.62
95.55,12.62,12.62
108.07,12.62,12.62
118.1,12.62,12.62
126.58,12.62,12.62
137.81,12.62,12.62
149.62,12.62,12.62
157.97,12.62,12.62
161.07,12.62,12.62
159.73,12.62,12.62
158.73,12.62,12.62
148.93,12.62,12.62
118.54,12.62,12.62
111.97,12.62,12.62
157.63,12.62,12.62
98.04,12.62,12.62
96.48,12.62,12.62
80.24,12.62,12.62
84.72,12.62,12.62
76.75,12.62,12.62
71.15,12.62,12.62
71.86,12.62,12.62
76.84,12.62,12.62
95.06,12.62,12.62
96.32,12.62,12.62
98.96,12.62,12.62
108.71,12.62,12.62
117.81,12.62,12.62
125.95,12.62,12.62
134.8,12.62,12.62
149.99,12.62,12.62
156.58,12.62,12.62
161.04,12.62,12.62
154.54,12.62,12.62
155.46,12.62,12.62
144.5,12.62,12.62
122.35,12.62,12.62
108.96,12.62,12.62
104.29,12.62,12.62
102.62,12.62,12.62
103.52,12.62,12.62
94.97,12.62,12.62
81.69,12.62,12.62
79.16,12.62,12.62
79.46,12.62,12.62
82.99,12.62,12.62
95.97,12.62,12.62
103.84,12.62,12.62
111.2,12.62,12.62
122.57,12.62,12.62
129.86,12.62,12.62
141.62,12.62,12.62
141.33,12.62,12.62
145.05,12.62,12.62
130.9,12.62,12.62
71.19,12.62,12.62
19.22,12.62,12.62
18.34,12.62,12.62
17.94,12.62,12.62
18.02,12.62,12.62
19.78,12.62,12.62
20.12,12.62,12.62
23.87,12.62,12.62
24.33,12.62,12.62
25.15,12.62,12.62
25.51,12.62,12.62
24.86,12.62,12.62
23.76,12.62,12.62
23.17,12.62,12.62
22.29,12.62,12.62
22.44,12.62,12.62
21.27,12.62,12.62
19.66,12.62,12.62
21.2,12.62,12.62
102.29,12.62,12.62
106.14,12.62,12.62
14.24,12.62,12.62
13.95,12.62,12.62
13.55,12.62,12.62
75.94,12.62,12.62
12.65,12.62,12.62
12.75,12.62,12.62
13.13,12.62,12.62
15.04,12.62,12.62
17.15,12.62,12.62
18.17,12.62,12.62
21.5,12.62,12.62
23.28,12.62,12.62
24.27,12.62,12.62
52.19,12.62,12.62
73.81,12.62,12.62
77.62,12.62,12.62
76.06,12.62,12.62
79.85,12.62,12.62
84.28,12.62,12.62
88.08,12.62,12.62
104.88,12.62,12.62
27.56,12.62,12.62
16.8,12.62,12.62
14.36,12.62,12.62
13.05,12.62,12.62
12.99,12.62,12.62
13.19,12.62,12.62
14.42,12.62,12.62
14.6,12.62,12.62
15.18,12.62,12.62
16.09,12.62,12.62
16.46,12.62,12.62
17.17,12.62,12.62
19.08,12.62,12.62
21.39,12.62,12.62
23.24,12.62,12.62
26.23,12.62,12.62
26.46,12.62,12.62
26.74,12.62,12.62
27.24,12.62,12.62
27.24,12.62,12.62
27.11,12.62,12.62
26.62,12.62,12.62
25.29,12.62,12.62
78.29,12.62,12.62
103.61,12.62,12.62
18.88,12.62,12.62
98.26,12.62,12.62
93.54,12.62,12.62
13.64,12.62,12.62
15.18,12.62,12.62
15.4,12.62,12.62
15.36,12.62,12.62
14.49,12.62,12.62
14.48,12.62,12.62
15.72,12.62,12.62
18.59,12.62,12.62
20.4,12.62,12.62
22.08,12.62,12.62
23.39,12.62,12.62
24.37,12.62,12.62
24.98,12.62,12.62
25.07,12.62,12.62
24.56,12.62,12.62
23.81,12.62,12.62
24.31,12.62,12.62
24.57,12.62,12.62
23.57,12.62,12.62
22.45,12.62,12.62
19.22,12.62,12.62
16.89,12.62,12.62
16.75,12.62,12.62
15.7,12.62,12.62
19.11,12.62,12.62
17.57,12.62,12.62
18.22,12.62,12.62
18.69,12.62,12.62
19.35,12.62,12.62
18.35,12.62,12.62
16.21,12.62,12.62
19.7,12.62,12.62
19.5,12.62,12.62
20.58,12.62,12.62
19.15,12.62,12.62
19.58,12.62,12.62
20.74,12.62,12.62
21.61,12.62,12.62
22.15,12.62,12.62
24.31,12.62,12.62
25.41,12.62,12.62
25.52,12.62,12.62
25.96,12.62,12.62
28.98,12.62,12.62
30.74,12.62,12.62
35.09,12.62,12.62
35.0,12.62,12.62
35.65,12.62,12.62
34.96,12.62,12.62
27.71,12.62,12.62
21.88,12.62,12.62
19.38,12.62,12.62
19.6,12.62,12.62
22.96,12.62,12.62
23.4,12.62,12.62
24.76,12.62,12.62
27.34,12.62,12.62
28.77,12.62,12.62
28.88,12.62,12.62
26.76,12.62,12.62
26.86,12.62,12.62
34.18,12.62,12.62
77.38,12.62,12.62
108.94,12.62,12.62
27.7,12.62,12.62
31.65,12.62,12.62
35.48,12.62,12.62
37.58,12.62,12.62
34.93,12.62,12.62
35.96,12.62,12.62
34.98,12.62,12.62
34.8,12.62,12.62
25.41,12.62,12.62
19.55,12.62,12.62
19.37,12.62,12.62
18.51,12.62,12.62
18.53,12.62,12.62
18.77,12.62,12.62
19.45,12.62,12.62
20.86,12.62,12.62
21.33,12.62,12.62
22.71,12.62,12.62
24.5,12.62,12.62
33.83,12.62,12.62
29.32,12.62,12.62
30.91,12.62,12.62
27.78,12.62,12.62
26.8,12.62,12.62
23.93,12.62,12.62
21.54,12.62,12.62
21.35,12.62,12.62
20.2,12.62,12.62
18.87,12.62,12.62
17.96,12.62,12.62
18.39,12.62,12.62
17.93,12.62,12.62
17.15,12.62,12.62
17.87,12.62,12.62
17.57,12.62,12.62
17.3,12.62,12.62
17.39,12.62,12.62
17.47,12.62,12.62
18.14,12.62,12.62
20.02,12.62,12.62
21.02,12.62,12.62
22.04,12.62,12.62
23.39,12.62,12.62
24.24,12.62,12.62
24.67,12.62,12.62
24.05,12.62,12.62
24.25,12.62,12.62
23.7,12.62,12.62
23.28,12.62,12.62
22.12,12.62,12.62
20.06,12.62,12.62
18.71,12.62,12.62
18.11,12.62,12.62
17.11,12.62,12.62
15.87,12.62,12.62
14.15,12.62,12.62
12.69,12.62,12.62
12.62,12.62,12.62
12.62,12.62,12.62
12.63,12.62,12.62
12.62,12.62,12.62
12.62,12.62,12.62
12.99,12.62,12.62
14.75,12.62,12.62
16.11,12.62,12.62
18.07,12.62,12.62
19.43,12.62,12.62
19.77,12.62,12.62
20.58,12.62,12.62
21.63,12.62,12.62
22.79,12.62,12.62
22.38,12.62,12.62
23.55,12.62,12.62
25.07,12.62,12.62
24.77,12.62,12.62
23.29,12.62,12.62
21.37,12.62,12.62
19.21,12.62,12.62
17.42,12.62,12.62
17.24,12.62,12.62
17.06,12.62,12.62
16.86,12.62,12.62
16.51,12.62,12.62
16.04,12.62,12.62
15.6,12.62,12.62
14.79,12.62,12.62
14.62,12.62,12.62
15.54,12.62,12.62
16.38,12.62,12.62
19.07,12.62,12.62
21.54,12.62,12.62
23.28,12.62,12.62
24.75,12.62,12.62
24.94,12.62,12.62
24.79,12.62,12.62
24.5,12.62,12.62
24.22,12.62,12.62
23.95,12.62,12.62
22.97,12.62,12.62
20.85,12.62,12.62
19.19,12.62,12.62
16.45,12.62,12.62
14.39,12.62,12.62
13.98,12.62,12.62
14.22,12.62,12.62
15.8,12.62,12.62
16.88,12.62,12.62
15.58,12.62,12.62
14.78,12.62,12.62
16.23,12.62,12.62
15.33,12.62,12.62
18.08,12.62,12.62
19.39,12.62,12.62
21.0,12.62,12.62
20.73,12.62,12.62
21.91,12.62,12.62
22.78,12.62,12.62
22.43,12.62,12.62
22.62,12.62,12.62
22.04,12.62,12.62
22.48,12.62,12.62
22.85,12.62,12.62
22.07,12.62,12.62
20.92,12.62,12.62
18.91,12.62,12.62
17.6,12.62,12.62
16.02,12.62,12.62
15.21,12.62,12.62
13.79,12.62,12.62
12.71,12.62,12.62
13.11,12.62,12.62
13.58,12.62,12.62
14.37,12.62,12.62
14.89,12.62,12.62
43.45,12.62,12.62
42.52,12.62,12.62
19.97,12.62,12.62
88.33,12.62,12.62
19.89,12.62,12.62
23.09,12.62,12.62
21.7,12.62,12.62
22.6,12.62,12.62
23.86,12.62,12.62
21.58,12.62,12.62
20.63,12.62,12.62
20.85,12.62,12.62
20.03,12.62,12.62
18.65,12.62,12.62
17.76,12.62,12.62
17.87,12.62,12.62
97.8,12.62,12.62
78.33,12.62,12.62
129.19,12.62,12.62
45.93,12.62,12.62
13.67,12.62,12.62
14.6,12.62,12.62
14.37,12.62,12.62
15.22,12.62,12.62
15.69,12.62,12.62
59.01,12.62,12.62
107.57,12.62,12.62
43.53,12.62,12.62
20.81,12.62,12.62
20.58,12.62,12.62
20.84,12.62,12.62
20.54,12.62,12.62
20.98,12.62,12.62
20.81,12.62,12.62
20.69,12.62,12.62
20.18,12.62,12.62
18.43,12.62,12.62
16.87,12.62,12.62
16.44,12.62,12.62
16.34,12.62,12.62
14.78,12.62,12.62
14.41,12.62,12.62
14.67,12.62,12.62
15.15,12.62,12.62
15.47,12.62,12.62
15.26,12.62,12.62
14.7,12.62,12.62
13.77,12.62,12.62
13.38,12.62,12.62
14.62,12.62,12.62
16.43,12.62,12.62
17.65,12.62,12.62
18.94,12.62,12.62
19.36,12.62,12.62
21.95,12.62,12.62
23.01,12.62,12.62
22.73,12.62,12.62
22.37,12.62,12.62
23.44,12.62,12.62
22.06,12.62,12.62
19.66,12.62,12.62
19.05,12.62,12.62
18.33,12.62,12.62
17.61,12.62,12.62
17.15,12.62,12.62
16.77,12.62,12.62
15.99,12.62,12.62
14.84,12.62,12.62
15.1,12.62,12.62
16.0,12.62,12.62
16.2,12.62,12.62
16.43,12.62,12.62
16.82,12.62,12.62
18.33,12.62,12.62
19.83,12.62,12.62
20.63,12.62,12.62
20.01,12.62,12.62
19.97,12.62,12.62
22.34,12.62,12.62
26.84,12.62,12.62
27.58,12.62,12.62
22.6,12.62,12.62
23.08,12.62,12.62
18.95,12.62,12.62
19.02,12.62,12.62
18.94,12.62,12.62
19.51,12.62,12.62
16.69,12.62,12.62
16.29,12.62,12.62
16.01,12.62,12.62
15.66,12.62,12.62
14.66,12.62,12.62
12.94,12.62,12.62
12.62,12.62,12.62
12.62,12.62,12.62
12.95,12.62,12.62
14.21,12.62,12.62
13.77,12.62,12.62
14.25,12.62,12.62
14.95,12.62,12.62
17.56,12.62,12.62
20.12,12.62,12.62
21.57,12.62,12.62
22.35,12.62,12.62
22.8,12.62,12.62
22.31,12.62,12.62
20.69,12.62,12.62
19.68,12.62,12.62
20.53,12.62,12.62
20.33,12.62,12.62
16.19,12.62,12.62
14.65,12.62,12.62
15.83,12.62,12.62
14.84,12.62,12.62
15.36,12.62,12.62
14.95,12.62,12.62
15.02,12.62,12.62
14.85,12.62,12.62
14.48,12.62,12.62
14.56,12.62,12.62
15.09,12.62,12.62
16.51,12.62,12.62
17.48,12.62,12.62
20.57,12.62,12.62
23.47,12.62,12.62
23.16,12.62,12.62
23.27,12.62,12.62
19.77,12.62,12.62
23.64,12.62,12.62
34.08,12.62,12.62
51.41,12.62,12.62
24.54,12.62,12.62
22.4,12.62,12.62
21.96,12.62,12.62
19.43,12.62,12.62
18.1,12.62,12.62
16.24,12.62,12.62
15.48,12.62,12.62
15.53,12.62,12.62
16.22,12.62,12.62
19.44,12.62,12.62
176.35,12.62,12.62
16.53,12.62,12.62
16.75,12.62,12.62
16.39,12.62,12.62
18.16,12.62,12.62
19.07,12.62,12.62
21.24,12.62,12.62
22.6,12.62,12.62
65.93,12.62,12.62
32.24,12.62,12.62
30.45,12.62,12.62
25.36,12.62,12.62
48.38,12.62,12.62
61.35,12.62,12.62
69.69,12.62,12.62
67.51,12.62,12.62
41.14,12.62,12.62
29.17,12.62,12.62
29.17,12.62,12.62
26.63,12.62,12.62
25.48,12.62,12.62
19.13,12.62,12.62
16.83,12.62,12.62
16.75,12.62,12.62
16.23,12.62,12.62
16.45,12.62,12.62
16.07,12.62,12.62
17.01,12.62,12.62
18.08,12.62,12.62
19.28,12.62,12.62
21.46,12.62,12.62
22.86,12.62,12.62
23.81,12.62,12.62
24.84,12.62,12.62
25.27,12.62,12.62
24.95,12.62,12.62
24.91,12.62,12.62
24.55,12.62,12.62
22.41,12.62,12.62
60.17,12.62,12.62
20.51,12.62,12.62
18.79,12.62,12.62
16.62,12.62,12.62
15.24,12.62,12.62
15.99,12.62,12.62
15.71,12.62,12.62
15.19,12.62,12.62
15.94,12.62,12.62
16.54,12.62,12.62
16.21,12.62,12.62
14.91,12.62,12.62
15.65,12.62,12.62
17.23,12.62,12.62
17.36,12.62,12.62
18.03,12.62,12.62
19.35,12.62,12.62
18.89,12.62,12.62
20.06,12.62,12.62
21.26,12.62,12.62
23.39,12.62,12.62
23.3,12.62,12.62
21.8,12.62,12.62
22.07,12.62,12.62
20.24,12.62,12.62
19.01,12.62,12.62
16.42,12.62,12.62
14.86,12.62,12.62
14.37,12.62,12.62
14.16,12.62,12.62
13.64,12.62,12.62
12.92,12.62,12.62
12.67,12.62,12.62
12.62,12.62,12.62
12.62,12.62,12.62
12.69,12.62,12.62
13.31,12.62,12.62
13.69,12.62,12.62
22.32,12.62,12.62
28.22,12.62,12.62
17.31,12.62,12.62
18.69,12.62,12.62
22.25,12.62,12.62
22.96,12.62,12.62
22.87,12.62,12.62
23.38,12.62,12.62
24.09,12.62,12.62
23.43,12.62,12.62
27.49,12.62,12.62
20.83,12.62,12.62
19.36,12.62,12.62
19.0,12.62,12.62
22.9,12.62,12.62
22.18,12.62,12.62
22.6,12.62,12.62
18.07,12.62,12.62
18.31,12.62,12.62
23.18,12.62,12.62
19.23,12.62,12.62
19.7,12.62,12.62
20.6,12.62,12.62
24.16,12.62,12.62
27.59,12.62,12.62
23.09,12.62,12.62
21.24,12.62,12.62
24.12,12.62,12.62
22.56,12.62,12.62
23.25,12.62,12.62
23.15,12.62,12.62
23.68,12.62,12.62
24.43,12.62,12.62
23.79,12.62,12.62
28.08,12.62,12.62
21.67,12.62,12.62
20.31,12.62,12.62
20.01,12.62,12.62
24.32,12.62,12.62
22.37,12.62,12.62
22.37,12.62,12.62
18.24,12.62,12.62
18.54,12.62,12.62
18.41,12.62,12.62
18.15,12.62,12.62
18.83,12.62,12.62
18.84,12.62,12.62
18.8,12.62,12.62
18.97,12.62,12.62
20.1,12.62,12.62
21.8,12.62,12.62
22.01,12.62,12.62
22.62,12.62,12.62
22.19,12.62,12.62
23.06,12.62,12.62
22.67,12.62,12.62
23.53,12.62,12.62
23.51,12.62,12.62
22.96,12.62,12.62
21.49,12.62,12.62
20.56,12.62,12.62
19.96,12.62,12.62
19.67,12.62,12.62
19.14,12.62,12.62
19.74,12.62,12.62
20.74,12.62,12.62
25.0,12.62,12.62
18.72,12.62,12.62
18.53,12.62,12.62
19.27,12.62,12.62
19.16,12.62,12.62
19.13,12.62,12.62
19.25,12.62,12.62
20.26,12.62,12.62
21.37,12.62,12.62
22.43,12.62,12.62
23.17,12.62,12.62
22.94,12.62,12.62
23.36,12.62,12.62
22.96,12.62,12.62
23.33,12.62,12.62
23.66,12.62,12.62
23.85,12.62,12.62
22.96,12.62,12.62
21.06,12.62,12.62
19.84,12.62,12.62
19.41,12.62,12.62
19.18,12.62,12.62
19.97,12.62,12.62
20.99,12.62,12.62
26.77,12.62,12.62
25.51,12.62,12.62
20.78,12.62,12.62
21.29,12.62,12.62
21.62,12.62,12.62
23.9,12.62,12.62
26.17,12.62,12.62
23.13,12.62,12.62
21.88,12.62,12.62
24.18,12.62,12.62
22.86,12.62,12.62
23.4,12.62,12.62
23.27,12.62,12.62
23.58,12.62,12.62
24.07,12.62,12.62
23.48,12.62,12.62
26.38,12.62,12.62
21.54,12.62,12.62
20.32,12.62,12.62
20.47,12.62,12.62
24.32,12.62,12.62
23.28,12.62,12.62
24.19,12.62,12.62
19.47,12.62,12.62
19.72,12.62,12.62
23.57,12.62,12.62
20.56,12.62,12.62
20.85,12.62,12.62
21.66,12.62,12.62
25.37,12.62,12.62
26.28,12.62,12.62
23.73,12.62,12.62
22.64,12.62,12.62
25.05,12.62,12.62
23.74,12.62,12.62
24.43,12.62,12.62
24.31,12.62,12.62
24.8,12.62,12.62
25.5,12.62,12.62
24.91,12.62,12.62
28.02,12.62,12.62
23.39,12.62,12.62
22.42,12.62,12.62
22.18,12.62,12.62
25.28,12.62,12.62
23.99,12.62,12.62
24.68,12.62,12.62
20.51,12.62,12.62
20.54,12.62,12.62
24.46,12.62,12.62
22.8,12.62,12.62
23.3,12.62,12.62
26.03,12.62,12.62
32.38,12.62,12.62
35.52,12.62,12.62
31.84,12.62,12.62
29.43,12.62,12.62
30.68,12.62,12.62
28.62,12.62,12.62
28.4,12.62,12.62
28.01,12.62,12.62
26.25,12.62,12.62
26.2,12.62,12.62
25.52,12.62,12.62
28.8,12.62,12.62
23.54,12.62,12.62
22.51,12.62,12.62
22.23,12.62,12.62
26.67,12.62,12.62
24.9,12.62,12.62
25.84,12.62,12.62
20.42,12.62,12.62
20.76,12.62,12.62
28.42,12.62,12.62
22.31,12.62,12.62
23.34,12.62,12.62
24.72,12.62,12.62
30.46,12.62,12.62
34.74,12.62,12.62
30.5,12.62,12.62
27.62,12.62,12.62
29.37,12.62,12.62
25.07,12.62,12.62
25.34,12.62,12.62
25.2,12.62,12.62
25.94,12.62,12.62
26.93,12.62,12.62
26.36,12.62,12.62
31.59,12.62,12.62
29.32,12.62,12.62
25.72,12.62,12.62
24.22,12.62,12.62
25.26,12.62,12.62
23.57,12.62,12.62
24.65,12.62,12.62
20.01,12.62,12.62
20.31,12.62,12.62
24.6,12.62,12.62
21.29,12.62,12.62
21.82,12.62,12.62
22.58,12.62,12.62
25.15,12.62,12.62
27.56,12.62,12.62
24.16,12.62,12.62
22.84,12.62,12.62
25.12,12.62,12.62
23.99,12.62,12.62
24.39,12.62,12.62
24.08,12.62,12.62
25.12,12.62,12.62
27.24,12.62,12.62
26.89,12.62,12.62
32.72,12.62,12.62
25.16,12.62,12.62
23.12,12.62,12.62
22.84,12.62,12.62
28.68,12.62,12.62
26.19,12.62,12.62
27.69,12.62,12.62
21.17,12.62,12.62
21.67,12.62,12.62
21.84,12.62,12.62
20.93,12.62,12.62
21.73,12.62,12.62
21.64,12.62,12.62
21.48,12.62,12.62
21.17,12.62,12.62
22.06,12.62,12.62
23.17,12.62,12.62
23.46,12.62,12.62
24.3,12.62,12.62
24.4,12.62,12.62
25.22,12.62,12.62
25.01,12.62,12.62
25.3,12.62,12.62
25.84,12.62,12.62
25.6,12.62,12.62
24.48,12.62,12.62
24.15,12.62,12.62
23.75,12.62,12.62
23.9,12.62,12.62
23.49,12.62,12.62
24.82,12.62,12.62
28.36,12.62,12.62
33.17,12.62,12.62
21.63,12.62,12.62
21.08,12.62,12.62
21.98,12.62,12.62
21.86,12.62,12.62
21.81,12.62,12.62
21.51,12.62,12.62
22.45,12.62,12.62
23.45,12.62,12.62
24.26,12.62,12.62
25.5,12.62,12.62
24.97,12.62,12.62
25.84,12.62,12.62
25.5,12.62,12.62
26.32,12.62,12.62
25.85,12.62,12.62
24.77,12.62,12.62
23.65,12.62,12.62
22.57,12.62,12.62
22.07,12.62,12.62
21.7,12.62,12.62
21.57,12.62,12.62
22.87,12.62,12.62
25.11,12.62,12.62
33.84,12.62,12.62
30.61,12.62,12.62
25.34,12.62,12.62
24.99,12.62,12.62
26.45,12.62,12.62
29.5,12.62,12.62
32.13,12.62,12.62
27.09,12.62,12.62
24.75,12.62,12.62
28.63,12.62,12.62
26.86,12.62,12.62
27.17,12.62,12.62
26.96,12.62,12.62
27.71,12.62,12.62
28.98,12.62,12.62
27.86,12.62,12.62
33.1,12.62,12.62
25.24,12.62,12.62
23.79,12.62,12.62
23.89,12.62,12.62
26.66,12.62,12.62
25.75,12.62,12.62
27.18,12.62,12.62
21.83,12.62,12.62
22.83,12.62,12.62
33.8,12.62,12.62
27.97,12.62,12.62
28.23,12.62,12.62
29.96,12.62,12.62
35.36,12.62,12.62
38.88,12.62,12.62
29.6,12.62,12.62
26.1,12.62,12.62
28.21,12.62,12.62
26.84,12.62,12.62
27.08,12.62,12.62
27.16,12.62,12.62
28.25,12.62,12.62
29.76,12.62,12.62
29.35,12.62,12.62
36.37,12.62,12.62
27.24,12.62,12.62
26.59,12.62,12.62
27.01,12.62,12.62
33.03,12.62,12.62
28.7,12.62,12.62
32.13,12.62,12.62
23.69,12.62,12.62
24.61,12.62,12.62
36.81,12.62,12.62
28.98,12.62,12.62
28.74,12.62,12.62
31.7,12.62,12.62
34.4,12.62,12.62
37.8,12.62,12.62
30.86,12.62,12.62
27.66,12.62,12.62
31.1,12.62,12.62
27.96,12.62,12.62
28.16,12.62,12.62
28.03,12.62,12.62
28.78,12.62,12.62
29.63,12.62,12.62
29.74,12.62,12.62
34.03,12.62,12.62
28.3,12.62,12.62
25.85,12.62,12.62
25.29,12.62,12.62
33.27,12.62,12.62
33.32,12.62,12.62
34.95,12.62,12.62
24.44,12.62,12.62
25.28,12.62,12.62
35.14,12.62,12.62
26.43,12.62,12.62
25.46,12.62,12.62
26.24,12.62,12.62
36.62,12.62,12.62
32.94,12.62,12.62
28.46,12.62,12.62
26.52,12.62,12.62
30.61,12.62,12.62
28.11,12.62,12.62
28.37,12.62,12.62
28.22,12.62,12.62
28.92,12.62,12.62
30.1,12.62,12.62
28.88,12.62,12.62
32.4,12.62,12.62
25.01,12.62,12.62
23.5,12.62,12.62
23.18,12.62,12.62
27.82,12.62,12.62
26.5,12.62,12.62
27.99,12.62,12.62
22.15,12.62,12.62
22.8,12.62,12.62
29.11,12.62,12.62
24.62,12.62,12.62
25.03,12.62,12.62
26.14,12.62,12.62
29.48,12.62,12.62
32.2,12.62,12.62
27.99,12.62,12.62
26.07,12.62,12.62
29.55,12.62,12.62
27.55,12.62,12.62
28.1,12.62,12.62
28.39,12.62,12.62
29.78,12.62,12.62
31.69,12.62,12.62
31.04,12.62,12.62
35.74,12.62,12.62
25.92,12.62,12.62
27.73,12.62,12.62
24.73,12.62,12.62
31.46,12.62,12.62
30.91,12.62,12.62
33.78,12.62,12.62
25.54,12.62,12.62
26.5,12.62,12.62
25.99,12.62,12.62
27.0,12.62,12.62
30.65,12.62,12.62
29.55,12.62,12.62
25.55,12.62,12.62
24.52,12.62,12.62
25.92,12.62,12.62
26.8,12.62,12.62
26.84,12.62,12.62
27.8,12.62,12.62
27.28,12.62,12.62
27.85,12.62,12.62
27.68,12.62,12.62
28.5,12.62,12.62
29.01,12.62,12.62
27.69,12.62,12.62
26.25,12.62,12.62
25.16,12.62,12.62
24.23,12.62,12.62
26.48,12.62,12.62
27.18,12.62,12.62
26.51,12.62,12.62
29.28,12.62,12.62
35.8,12.62,12.62
25.03,12.62,12.62
24.95,12.62,12.62
26.74,12.62,12.62
26.47,12.62,12.62
25.15,12.62,12.62
24.56,12.62,12.62
25.6,12.62,12.62
26.64,12.62,12.62
27.04,12.62,12.62
28.45,12.62,12.62
28.42,12.62,12.62
29.51,12.62,12.62
29.25,12.62,12.62
30.23,12.62,12.62
29.68,12.62,12.62
28.2,12.62,12.62
26.58,12.62,12.62
25.55,12.62,12.62
24.89,12.62,12.62
24.82,12.62,12.62
25.72,12.62,12.62
26.86,12.62,12.62
28.38,12.62,12.62
35.24,12.62,12.62
52.06,12.62,12.62
42.08,12.62,12.62
144.07,12.62,12.62
138.23,12.62,12.62
143.36,12.62,12.62
137.37,12.62,12.62
76.44,12.62,12.62
68.26,12.62,12.62
62.03,12.62,12.62
74.41,12.62,12.62
25.07,12.62,12.62
24.29,12.62,12.62
24.74,12.62,12.62
23.76,12.62,12.62
24.36,12.62,12.62
25.26,12.62,12.62
26.33,12.62,12.62
20.62,12.62,12.62
15.23,12.62,12.62
127.35,12.62,12.62
95.79,12.62,12.62
12.62,12.62,12.62
12.62,12.62,12.62
12.62,12.62,12.62
12.62,12.62,12.62
12.62,12.62,12.62
12.62,12.62,12.62
185.4,12.62,12.62
21.24,12.62,12.62
21.74,12.62,12.62
24.17,12.62,12.62
40.72,12.62,12.62
39.56,12.62,12.62
34.07,12.62,12.62
33.08,12.62,12.62
30.93,12.62,12.62
32.02,12.62,12.62
30.49,12.62,12.62
31.24,12.62,12.62
37.95,12.62,12.62
34.96,12.62,12.62
57.47,12.62,12.62
81.71,12.62,12.62
67.97,12.62,12.62
53.23,12.62,12.62
57.65,12.62,12.62
63.24,12.62,12.62
50.56,12.62,12.62
63.62,12.62,12.62
37.95,12.62,12.62
41.76,12.62,12.62
41.27,12.62,12.62
48.71,12.62,12.62
44.17,12.62,12.62
28.95,12.62,12.62
31.12,12.62,12.62
32.19,12.62,12.62
29.49,12.62,12.62
29.08,12.62,12.62
25.42,12.62,12.62
23.37,12.62,12.62
23.82,12.62,12.62
23.27,12.62,12.62
23.13,12.62,12.62
22.96,12.62,12.62
25.95,12.62,12.62
179.85,12.62,12.62
184.82,12.62,12.62
12.62,12.62,12.62
12.62,12.62,12.62
198.16,12.62,12.62
217.21,12.62,12.62
12.62,12.62,12.62
12.62,12.62,12.62
12.62,12.62,12.62
14.68,12.62,12.62
16.96,12.62,12.62
19.07,12.62,12.62
22.86,12.62,12.62
24.63,12.62,12.62
25.57,12.62,12.62
25.94,12.62,12.62
25.97,12.62,12.62
26.82,12.62,12.62
25.72,12.62,12.62
25.98,12.62,12.62
26.52,12.62,12.62
27.44,12.62,12.62
31.31,12.62,12.62
158.96,12.62,12.62
85.38,12.62,12.62
12.62,12.62,12.62
12.62,12.62,12.62
80.38,12.62,12.62
16.24,12.62,12.62
12.62,12.62,12.62
173.81,12.62,12.62
41.08,12.62,12.62
12.63,12.62,12.62
12.94,12.62,12.62
13.14,12.62,12.62
14.46,12.62,12.62
16.57,12.62,12.62
124.78,12.62,12.62
101.95,12.62,12.62
29.86,12.62,12.62
29.1,12.62,12.62
27.79,12.62,12.62
24.87,12.62,12.62
19.13,12.62,12.62
17.82,12.62,12.62
20.15,12.62,12.62
15.69,12.62,12.62
13.82,12.62,12.62
13.31,12.62,12.62
13.0,12.62,12.62
12.62,12.62,12.62
12.62,12.62,12.62
12.62,12.62,12.62
12.62,12.62,12.62
12.62,12.62,12.62
12.62,12.62,12.62
12.62,12.62,12.62
12.68,12.62,12.62
13.26,12.62,12.62
13.84,12.62,12.62
15.28,12.62,12.62
17.3,12.62,12.62
16.98,12.62,12.62
18.95,12.62,12.62
20.18,12.62,12.62
20.25,12.62,12.62
19.72,12.62,12.62
20.07,12.62,12.62
20.44,12.62,12.62
20.5,12.62,12.62
18.15,12.62,12.62
16.07,12.62,12.62
13.31,12.62,12.62
12.67,12.62,12.62
12.62,12.62,12.62
12.62,12.62,12.62
12.62,12.62,12.62
12.62,12.62,12.62
12.62,12.62,12.62
12.62,12.62,12.62
12.62,12.62,12.62
13.49,12.62,12.62
17.92,12.62,12.62
19.21,12.62,12.62
20.7,12.62,12.62
22.48,12.62,12.62
24.31,12.62,12.62
24.16,12.62,12.62
22.84,12.62,12.62
23.74,12.62,12.62
23.36,12.62,12.62
21.78,12.62,12.62
21.61,12.62,12.62
22.93,12.62,12.62
22.72,12.62,12.62
20.9,12.62,12.62
17.94,12.62,12.62
12.62,12.62,12.62
12.62,12.62,12.62
12.62,12.62,12.62
12.62,12.62,12.62
12.62,12.62,12.62
12.62,12.62,12.62
12.62,12.62,12.62
12.62,12.62,12.62
12.62,12.62,12.62
208.59,12.62,12.62
153.41,12.62,12.62
24.17,12.62,12.62
25.47,12.62,12.62
27.02,12.62,12.62
29.76,12.62,12.62
29.18,12.62,12.62
29.21,12.62,12.62
27.95,12.62,12.62
25.42,12.62,12.62
25.36,12.62,12.62
26.4,12.62,12.62
27.07,12.62,12.62
27.39,12.62,12.62
25.56,12.62,12.62
12.62,12.62,12.62
12.62,12.62,12.62
12.62,12.62,12.62
12.62,12.62,12.62
12.62,12.62,12.62
117.16,12.62,12.62
117.16,12.62,12.62
12.62,12.62,12.62
14.52,12.62,12.62
19.26,12.62,12.62
22.78,12.62,12.62
23.33,12.62,12.62
24.8,12.62,12.62
24.94,12.62,12.62
25.9,12.62,12.62
25.84,12.62,12.62
30.97,12.62,12.62
29.14,12.62,12.62
26.84,12.62,12.62
26.54,12.62,12.62
27.09,12.62,12.62
28.25,12.62,12.62
30.51,12.62,12.62
28.28,12.62,12.62
12.62,12.62,12.62
12.62,12.62,12.62
12.62,12.62,12.62
12.62,12.62,12.62
12.62,12.62,12.62
12.62,12.62,12.62
12.62,12.62,12.62
12.62,12.62,12.62
23.46,12.62,12.62
26.89,12.62,12.62
22.88,12.62,12.62
23.52,12.62,12.62
24.73,12.62,12.62
25.27,12.62,12.62
26.28,12.62,12.62
26.01,12.62,12.62
26.34,12.62,12.62
26.69,12.62,12.62
26.52,12.62,12.62
26.92,12.62,12.62
27.42,12.62,12.62
129.54,12.62,12.62
177.24,12.62,12.62
219.24,12.62,12.62
221.4,12.62,12.62
12.62,12.62,12.62
12.62,12.62,12.62
12.62,12.62,12.62
12.62,12.62,12.62
12.62,12.62,12.62
12.62,12.62,12.62
12.62,12.62,12.62
167.32,12.62,12.62
218.93,12.62,12.62
136.52,12.62,12.62
23.36,12.62,12.62
24.78,12.62,12.62
25.59,12.62,12.62
25.92,12.62,12.62
26.49,12.62,12.62
26.79,12.62,12.62
26.86,12.62,12.62
27.06,12.62,12.62
27.39,12.62,12.62
28.01,12.62,12.62
29.1,12.62,12.62
31.17,12.62,12.62
215.77,12.62,12.62
228.64,12.62,12.62
228.43,12.62,12.62
228.62,12.62,12.62
227.97,12.62,12.62
12.62,12.62,12.62
12.62,12.62,12.62
174.26,12.62,12.62
227.52,12.62,12.62
139.57,12.62,12.62
16.56,12.62,12.62
20.11,12.62,12.62
23.52,12.62,12.62
24.91,12.62,12.62
25.64,12.62,12.62
26.03,12.62,12.62
26.52,12.62,12.62
26.7,12.62,12.62
26.77,12.62,12.62
26.65,12.62,12.62
86.52,12.62,12.62
69.45,12.62,12.62
29.02,12.62,12.62
169.6,12.62,12.62
215.94,12.62,12.62
189.41,12.62,12.62
169.11,12.62,12.62
151.7,12.62,12.62
146.7,12.62,12.62
12.62,12.62,12.62
12.62,12.62,12.62
12.62,12.62,12.62
186.39,12.62,12.62
184.64,12.62,12.62
102.6,12.62,12.62
16.74,12.62,12.62
20.76,12.62,12.62
23.91,12.62,12.62
25.12,12.62,12.62
25.12,12.62,12.62
25.51,12.62,12.62
25.79,12.62,12.62
26.34,12.62,12.62
26.09,12.62,12.62
25.67,12.62,12.62
25.14,12.62,12.62
25.67,12.62,12.62
22.79,12.62,12.62
14.28,12.62,12.62
117.57,12.62,12.62
59.65,12.62,12.62
12.62,12.62,12.62
12.62,12.62,12.62
12.62,12.62,12.62
12.62,12.62,12.62
12.62,12.62,12.62
12.62,12.62,12.62
12.8,12.62,12.62
14.48,12.62,12.62
17.5,12.62,12.62
20.18,12.62,12.62
22.74,12.62,12.62
23.13,12.62,12.62
23.07,12.62,12.62
23.66,12.62,12.62
23.57,12.62,12.62
22.7,12.62,12.62
22.07,12.62,12.62
21.06,12.62,12.62
19.77,12.62,12.62
18.4,12.62,12.62
15.85,12.62,12.62
12.94,12.62,12.62
12.62,12.62,12.62
12.62,12.62,12.62
12.62,12.62,12.62
12.62,12.62,12.62
12.62,12.62,12.62
140.64,12.62,12.62
57.21,12.62,12.62
12.62,12.62,12.62
12.66,12.62,12.62
28.5,12.62,12.62
161.94,12.62,12.62
84.33,12.62,12.62
24.5,12.62,12.62
25.29,12.62,12.62
24.9,12.62,12.62
24.17,12.62,12.62
23.47,12.62,12.62
23.63,12.62,12.62
24.31,12.62,12.62
22.9,12.62,12.62
20.82,12.62,12.62
17.23,12.62,12.62
84.89,12.62,12.62
128.85,12.62,12.62
146.28,12.62,12.62
103.97,12.62,12.62
113.95,12.62,12.62
124.48,12.62,12.62
154.99,12.62,12.62
156.99,12.62,12.62
155.84,12.62,12.62
88.81,12.62,12.62
12.66,12.62,12.62
14.17,12.62,12.62
19.97,12.62,12.62
23.58,12.62,12.62
25.52,12.62,12.62
25.1,12.62,12.62
24.73,12.62,12.62
24.44,12.62,12.62
25.33,12.62,12.62
25.88,12.62,12.62
26.12,12.62,12.62
26.46,12.62,12.62
27.82,12.62,12.62
123.75,12.62,12.62
88.68,12.62,12.62
225.13,12.62,12.62
220.69,12.62,12.62
220.69,12.62,12.62
12.62,12.62,12.62
12.62,12.62,12.62
12.62,12.62,12.62
12.62,12.62,12.62
12.62,12.62,12.62
12.62,12.62,12.62
17.62,12.62,12.62
193.48,12.62,12.62
196.86,12.62,12.62
161.28,12.62,12.62
110.98,12.62,12.62
112.05,12.62,12.62
50.02,12.62,12.62
26.31,12.62,12.62
26.43,12.62,12.62
26.69,12.62,12.62
93.6,12.62,12.62
114.86,12.62,12.62
120.02,12.62,12.62
88.32,12.62,12.62
30.02,12.62,12.62
26.65,12.62,12.62
12.62,12.62,12.62
12.62,12.62,12.62
12.62,12.62,12.62
12.62,12.62,12.62
12.62,12.62,12.62
12.62,12.62,12.62
12.62,12.62,12.62
12.62,12.62,12.62
12.65,12.62,12.62
13.44,12.62,12.62
36.41,12.62,12.62
94.43,12.62,12.62
21.48,12.62,12.62
23.94,12.62,12.62
20.76,12.62,12.62
17.72,12.62,12.62
19.38,12.62,12.62
19.67,12.62,12.62
20.19,12.62,12.62
20.02,12.62,12.62
85.38,12.62,12.62
58.36,12.62,12.62
18.11,12.62,12.62
13.28,12.62,12.62
12.62,12.62,12.62
12.7,12.62,12.62
12.62,12.62,12.62
12.62,12.62,12.62
227.54,12.62,12.62
227.95,12.62,12.62
229.48,12.62,12.62
229.18,12.62,12.62
220.04,12.62,12.62
193.19,12.62,12.62
168.34,12.62,12.62
78.82,12.62,12.62
20.85,12.62,12.62
124.06,12.62,12.62
139.19,12.62,12.62
108.24,12.62,12.62
120.87,12.62,12.62
142.87,12.62,12.62
130.99,12.62,12.62
22.76,12.62,12.62
26.94,12.62,12.62
25.5,12.62,12.62
23.05,12.62,12.62
15.72,12.62,12.62
12.62,12.62,12.62
12.62,12.62,12.62
12.62,12.62,12.62
12.62,12.62,12.62
12.62,12.62,12.62
172.81,12.62,12.62
205.63,12.62,12.62
180.87,12.62,12.62
162.81,12.62,12.62
183.71,12.62,12.62
156.38,12.62,12.62
167.27,12.62,12.62
18.98,12.62,12.62
21.61,12.62,12.62
22.97,12.62,12.62
24.44,12.62,12.62
23.36,12.62,12.62
24.37,12.62,12.62
24.2,12.62,12.62
25.23,12.62,12.62
23.61,12.62,12.62
40.7,12.62,12.62
220.57,12.62,12.62
21.98,12.62,12.62
170.92,12.62,12.62
171.36,12.62,12.62
187.34,12.62,12.62
177.25,12.62,12.62
12.62,12.62,12.62
12.62,12.62,12.62
12.62,12.62,12.62
12.62,12.62,12.62
12.62,12.62,12.62
13.76,12.62,12.62
17.54,12.62,12.62
20.54,12.62,12.62
23.47,12.62,12.62
24.86,12.62,12.62
27.8,12.62,12.62
26.47,12.62,12.62
27.71,12.62,12.62
26.68,12.62,12.62
26.08,12.62,12.62
24.81,12.62,12.62
23.61,12.62,12.62
22.46,12.62,12.62
23.3,12.62,12.62
15.29,12.62,12.62
12.62,12.62,12.62
213.44,12.62,12.62
199.37,12.62,12.62
12.62,12.62,12.62
12.62,12.62,12.62
12.62,12.62,12.62
12.62,12.62,12.62
12.62,12.62,12.62
12.64,12.62,12.62
14.27,12.62,12.62
151.77,12.62,12.62
91.03,12.62,12.62
21.18,12.62,12.62
23.64,12.62,12.62
24.66,12.62,12.62
25.98,12.62,12.62
25.36,12.62,12.62
26.12,12.62,12.62
26.19,12.62,12.62
25.9,12.62,12.62
155.06,12.62,12.62
25.74,12.62,12.62
22.46,12.62,12.62
16.87,12.62,12.62
12.62,12.62,12.62
12.62,12.62,12.62
12.62,12.62,12.62
221.48,12.62,12.62
230.0,12.62,12.62
12.62,12.62,12.62
12.62,12.62,12.62
12.62,12.62,12.62
196.01,12.62,12.62
152.1,12.62,12.62
17.49,12.62,12.62
21.16,12.62,12.62
128.26,12.62,12.62
60.07,12.62,12.62
22.77,12.62,12.62
23.36,12.62,12.62
23.06,12.62,12.62
25.52,12.62,12.62
23.82,12.62,12.62
23.72,12.62,12.62
92.69,12.62,12.62
22.03,12.62,12.62
82.4,12.62,12.62
154.2,12.62,12.62
12.62,12.62,12.62
12.62,12.62,12.62
12.62,12.62,12.62
15.75,12.62,12.62
152.58,12.62,12.62
111.69,12.62,12.62
12.62,12.62,12.62
12.62,12.62,12.62
15.63,12.62,12.62
160.38,12.62,12.62
17.85,12.62,12.62
19.24,12.62,12.62
21.49,12.62,12.62
23.13,12.62,12.62
24.38,12.62,12.62
23.87,12.62,12.62
24.52,12.62,12.62
24.34,12.62,12.62
24.15,12.62,12.62
23.33,12.62,12.62
24.84,12.62,12.62
23.17,12.62,12.62
20.17,12.62,12.62
197.49,12.62,12.62
194.96,12.62,12.62
198.64,12.62,12.62
205.36,12.62,12.62
200.22,12.62,12.62
122.57,12.62,12.62
192.19,12.62,12.62
129.85,12.62,12.62
12.62,12.62,12.62
161.35,12.62,12.62
150.79,12.62,12.62
26.81,12.62,12.62
15.24,12.62,12.62
16.56,12.62,12.62
17.37,12.62,12.62
19.36,12.62,12.62
20.61,12.62,12.62
19.14,12.62,12.62
17.94,12.62,12.62
16.12,12.62,12.62
17.25,12.62,12.62
18.0,12.62,12.62
17.0,12.62,12.62
14.3,12.62,12.62
79.62,12.62,12.62
93.57,12.62,12.62
56.5,12.62,12.62
12.62,12.62,12.62
12.62,12.62,12.62
12.62,12.62,12.62
12.62,12.62,12.62
12.62,12.62,12.62
189.61,12.62,12.62
131.66,12.62,12.62
187.06,12.62,12.62
21.1,12.62,12.62
22.15,12.62,12.62
22.21,12.62,12.62
115.42,12.62,12.62
129.03,12.62,12.62
100.25,12.62,12.62
54.78,12.62,12.62
75.48,12.62,12.62
29.03,12.62,12.62
21.83,12.62,12.62
18.33,12.62,12.62
16.06,12.62,12.62
13.2,12.62,12.62
13.13,12.62,12.62
12.62,12.62,12.62
12.62,12.62,12.62
12.62,12.62,12.62
12.62,12.62,12.62
87.92,12.62,12.62
45.57,12.62,12.62
12.62,12.62,12.62
12.62,12.62,12.62
12.62,12.62,12.62
14.49,12.62,12.62
165.93,12.62,12.62
165.89,12.62,12.62
24.06,12.62,12.62
24.37,12.62,12.62
24.48,12.62,12.62
25.78,12.62,12.62
25.29,12.62,12.62
26.29,12.62,12.62
26.42,12.62,12.62
25.95,12.62,12.62
27.34,12.62,12.62
27.9,12.62,12.62
17.27,12.62,12.62
12.62,12.62,12.62
12.62,12.62,12.62
12.62,12.62,12.62
12.62,12.62,12.62
12.62,12.62,12.62
12.62,12.62,12.62
12.62,12.62,12.62
12.62,12.62,12.62
12.62,12.62,12.62
12.62,12.62,12.62
14.22,12.62,12.62
18.05,12.62,12.62
20.9,12.62,12.62
21.01,12.62,12.62
19.22,12.62,12.62
23.13,12.62,12.62
24.17,12.62,12.62
25.61,12.62,12.62
23.5,12.62,12.62
20.3,12.62,12.62
18.93,12.62,12.62
17.01,12.62,12.62
15.89,12.62,12.62
13.75,12.62,12.62
12.81,12.62,12.62
12.62,12.62,12.62
12.62,12.62,12.62
12.62,12.62,12.62
12.62,12.62,12.62
12.62,12.62,12.62
12.62,12.62,12.62
12.62,12.62,12.62
12.62,12.62,12.62
12.62,12.62,12.62
13.31,12.62,12.62
18.96,12.62,12.62
15.45,12.62,12.62
15.81,12.62,12.62
19.01,12.62,12.62
16.13,12.62,12.62
17.23,12.62,12.62
18.71,12.62,12.62
17.37,12.62,12.62
17.41,12.62,12.62
18.0,12.62,12.62
17.27,12.62,12.62
14.86,12.62,12.62
13.44,12.62,12.62
12.62,12.62,12.62
12.62,12.62,12.62
12.62,12.62,12.62
12.62,12.62,12.62
12.62,12.62,12.62
12.62,12.62,12.62
12.62,12.62,12.62
12.62,12.62,12.62
12.62,12.62,12.62
12.62,12.62,12.62
13.32,12.62,12.62
18.18,12.62,12.62
21.02,12.62,12.62
22.49,12.62,12.62
24.26,12.62,12.62
25.96,12.62,12.62
28.48,12.62,12.62
27.86,12.62,12.62
28.97,12.62,12.62
26.37,12.62,12.62
26.76,12.62,12.62
28.14,12.62,12.62
28.27,12.62,12.62
31.41,12.62,12.62
19.85,12.62,12.62
12.62,12.62,12.62
12.62,12.62,12.62
12.62,12.62,12.62
12.62,12.62,12.62
12.62,12.62,12.62
12.62,12.62,12.62
12.62,12.62,12.62
12.62,12.62,12.62
12.62,12.62,12.62
13.76,12.62,12.62
19.27,12.62,12.62
24.11,12.62,12.62
24.82,12.62,12.62
25.83,12.62,12.62
30.43,12.62,12.62
35.76,12.62,12.62
36.59,12.62,12.62
30.12,12.62,12.62
27.74,12.62,12.62
28.84,12.62,12.62
31.35,12.62,12.62
32.89,12.62,12.62
33.88,12.62,12.62
33.2,12.62,12.62
33.35,12.62,12.62
33.33,12.62,12.62
40.45,12.62,12.62
50.49,12.62,12.62
50.18,12.62,12.62
42.97,12.62,12.62
38.79,12.62,12.62
38.61,12.62,12.62
27.91,12.62,12.62
29.67,12.62,12.62
29.67,12.62,12.62
28.98,12.62,12.62
26.05,12.62,12.62
26.76,12.62,12.62
27.78,12.62,12.62
28.21,12.62,12.62
29.11,12.62,12.62
30.22,12.62,12.62
31.56,12.62,12.62
30.9,12.62,12.62
34.6,12.62,12.62
34.74,12.62,12.62
35.8,12.62,12.62
35.51,12.62,12.62
33.56,12.62,12.62
32.47,12.62,12.62
44.83,12.62,12.62
50.14,12.62,12.62
52.55,12.62,12.62
53.49,12.62,12.62
62.67,12.62,12.62
55.7,12.62,12.62
49.25,12.62,12.62
32.91,12.62,12.62
31.87,12.62,12.62
40.06,12.62,12.62
42.56,12.62,12.62
36.39,12.62,12.62
40.91,12.62,12.62
40.66,12.62,12.62
59.07,12.62,12.62
75.63,12.62,12.62
51.83,12.62,12.62
43.75,12.62,12.62
41.93,12.62,12.62
33.33,12.62,12.62
27.83,12.62,12.62
30.41,12.62,12.62
31.04,12.62,12.62
29.91,12.62,12.62
30.85,12.62,12.62
22.3,12.62,12.62
20.37,12.62,12.62
21.5,12.62,12.62
22.63,12.62,12.62
23.42,12.62,12.62
26.72,12.62,12.62
26.1,12.62,12.62
26.76,12.62,12.62
28.97,12.62,12.62
29.21,12.62,12.62
26.11,12.62,12.62
27.27,12.62,12.62
23.07,12.62,12.62
22.48,12.62,12.62
23.23,12.62,12.62
21.72,12.62,12.62
20.78,12.62,12.62
19.26,12.62,12.62
18.97,12.62,12.62
19.4,12.62,12.62
18.14,12.62,12.62
19.04,12.62,12.62
18.52,12.62,12.62
17.74,12.62,12.62
16.14,12.62,12.62
16.89,12.62,12.62
15.67,12.62,12.62
17.93,12.62,12.62
21.01,12.62,12.62
21.82,12.62,12.62
22.29,12.62,12.62
23.75,12.62,12.62
20.73,12.62,12.62
17.85,12.62,12.62
19.25,12.62,12.62
20.62,12.62,12.62
21.3,12.62,12.62
21.41,12.62,12.62
20.69,12.62,12.62
20.54,12.62,12.62
19.99,12.62,12.62
18.39,12.62,12.62
18.15,12.62,12.62
17.36,12.62,12.62
16.63,12.62,12.62
17.39,12.62,12.62
14.42,12.62,12.62
13.47,12.62,12.62
15.3,12.62,12.62
15.11,12.62,12.62
14.67,12.62,12.62
18.03,12.62,12.62
19.39,12.62,12.62
21.87,12.62,12.62
22.82,12.62,12.62
22.86,12.62,12.62
25.56,12.62,12.62
25.6,12.62,12.62
34.64,12.62,12.62
32.58,12.62,12.62
31.16,12.62,12.62
30.81,12.62,12.62
26.2,12.62,12.62
26.3,12.62,12.62
28.41,12.62,12.62
23.43,12.62,12.62
21.26,12.62,12.62
21.53,12.62,12.62
26.11,12.62,12.62
25.1,12.62,12.62
23.22,12.62,12.62
20.49,12.62,12.62
23.7,12.62,12.62
24.72,12.62,12.62
27.56,12.62,12.62
29.3,12.62,12.62
31.04,12.62,12.62
26.43,12.62,12.62
34.79,12.62,12.62
37.18,12.62,12.62
35.08,12.62,12.62
34.64,12.62,12.62
33.4,12.62,12.62
35.59,12.62,12.62
35.41,12.62,12.62
27.44,12.62,12.62
24.56,12.62,12.62
24.78,12.62,12.62
27.63,12.62,12.62
31.44,12.62,12.62
31.87,12.62,12.62
32.28,12.62,12.62
28.45,12.62,12.62
25.9,12.62,12.62
19.02,12.62,12.62
14.81,12.62,12.62
16.65,12.62,12.62
18.29,12.62,12.62
19.7,12.62,12.62
21.07,12.62,12.62
24.74,12.62,12.62
25.25,12.62,12.62
29.37,12.62,12.62
35.35,12.62,12.62
35.75,12.62,12.62
33.62,12.62,12.62
27.2,12.62,12.62
25.64,12.62,12.62
22.58,12.62,12.62
22.09,12.62,12.62
21.79,12.62,12.62
21.36,12.62,12.62
19.36,12.62,12.62
19.7,12.62,12.62
23.1,12.62,12.62
21.06,12.62,12.62
16.3,12.62,12.62
13.37,12.62,12.62
12.62,12.62,12.62
12.62,12.62,12.62
12.62,12.62,12.62
12.62,12.62,12.62
12.62,12.62,12.62
12.62,12.62,12.62
12.62,12.62,12.62
12.62,12.62,12.62
14.47,12.62,12.62
17.61,12.62,12.62
14.02,12.62,12.62
15.66,12.62,12.62
17.54,12.62,12.62
32.93,12.62,12.62
49.63,12.62,12.62
18.93,12.62,12.62
47.03,12.62,12.62
55.85,12.62,12.62
57.04,12.62,12.62
42.53,12.62,12.62
12.99,12.62,12.62
12.65,12.62,12.62
12.62,12.62,12.62
14.48,12.62,12.62
12.62,12.62,12.62
12.62,12.62,12.62
12.62,12.62,12.62
13.76,12.62,12.62
16.37,12.62,12.62
16.08,12.62,12.62
14.99,12.62,12.62
15.71,12.62,12.62
17.46,12.62,12.62
19.96,12.62,12.62
21.01,12.62,12.62
21.53,12.62,12.62
21.96,12.62,12.62
22.72,12.62,12.62
30.59,12.62,12.62
38.52,12.62,12.62
36.7,12.62,12.62
33.46,12.62,12.62
33.06,12.62,12.62
24.47,12.62,12.62
22.68,12.62,12.62
21.57,12.62,12.62
20.24,12.62,12.62
18.47,12.62,12.62
17.67,12.62,12.62
16.44,12.62,12.62
20.69,12.62,12.62
32.74,12.62,12.62
43.4,12.62,12.62
42.52,12.62,12.62
32.75,12.62,12.62
30.04,12.62,12.62
27.39,12.62,12.62
19.92,12.62,12.62
20.6,12.62,12.62
33.27,12.62,12.62
48.35,12.62,12.62
51.42,12.62,12.62
47.16,12.62,12.62
42.48,12.62,12.62
40.11,12.62,12.62
35.88,12.62,12.62
37.39,12.62,12.62
38.22,12.62,12.62
33.19,12.62,12.62
34.38,12.62,12.62
34.4,12.62,12.62
35.54,12.62,12.62
31.91,12.62,12.62
40.25,12.62,12.62
37.89,12.62,12.62
31.53,12.62,12.62
30.72,12.62,12.62
29.13,12.62,12.62
28.47,12.62,12.62
34.89,12.62,12.62
33.42,12.62,12.62
35.89,12.62,12.62
45.09,12.62,12.62
44.33,12.62,12.62
36.95,12.62,12.62
38.49,12.62,12.62
34.07,12.62,12.62
32.02,12.62,12.62
35.56,12.62,12.62
33.86,12.62,12.62
40.46,12.62,12.62
47.03,12.62,12.62
51.16,12.62,12.62
36.37,12.62,12.62
36.9,12.62,12.62
36.56,12.62,12.62
47.21,12.62,12.62
45.78,12.62,12.62
43.91,12.62,12.62
43.88,12.62,12.62
45.22,12.62,12.62
44.31,12.62,12.62
42.61,12.62,12.62
40.97,12.62,12.62
36.34,12.62,12.62
37.32,12.62,12.62
40.87,12.62,12.62
42.69,12.62,12.62
49.9,12.62,12.62
41.11,12.62,12.62
31.95,12.62,12.62
36.22,12.62,12.62
36.38,12.62,12.62
32.03,12.62,12.62
25.47,12.62,12.62
28.68,12.62,12.62
27.9,12.62,12.62
23.46,12.62,12.62
12.62,12.62,12.62
12.62,12.62,12.62
12.62,12.62,12.62
12.62,12.62,12.62
12.62,12.62,12.62
12.62,12.62,12.62
12.62,12.62,12.62
12.62,12.62,12.62
12.62,12.62,12.62
12.62,12.62,12.62
12.62,12.62,12.62
12.85,12.62,12.62
13.81,12.62,12.62
14.46,12.62,12.62
14.87,12.62,12.62
13.44,12.62,12.62
17.68,12.62,12.62
18.46,12.62,12.62
19.25,12.62,12.62
18.32,12.62,12.62
16.4,12.62,12.62
15.63,12.62,12.62
14.92,12.62,12.62
12.71,12.62,12.62
12.62,12.62,12.62
12.62,12.62,12.62
12.62,12.62,12.62
12.62,12.62,12.62
12.62,12.62,12.62
12.62,12.62,12.62
12.62,12.62,12.62
12.62,12.62,12.62
12.62,12.62,12.62
12.62,12.62,12.62
12.65,12.62,12.62
12.95,12.62,12.62
14.35,12.62,12.62
14.35,12.62,12.62
15.64,12.62,12.62
16.44,12.62,12.62
17.18,12.62,12.62
18.47,12.62,12.62
16.03,12.62,12.62
16.94,12.62,12.62
15.4,12.62,12.62
13.48,12.62,12.62
13.5,12.62,12.62
12.66,12.62,12.62
12.62,12.62,12.62
12.62,12.62,12.62
12.62,12.62,12.62
12.62,12.62,12.62
12.62,12.62,12.62
12.62,12.62,12.62
12.62,12.62,12.62
12.62,12.62,12.62
12.62,12.62,12.62
12.62,12.62,12.62
12.62,12.62,12.62
12.99,12.62,12.62
14.33,12.62,12.62
15.47,12.62,12.62
17.01,12.62,12.62
18.81,12.62,12.62
17.51,12.62,12.62
19.57,12.62,12.62
19.18,12.62,12.62
18.27,12.62,12.62
18.04,12.62,12.62
26.52,12.62,12.62
63.21,12.62,12.62
61.82,12.62,12.62
50.98,12.62,12.62
12.62,12.62,12.62
12.62,12.62,12.62
12.62,12.62,12.62
12.62,12.62,12.62
12.62,12.62,12.62
12.62,12.62,12.62
12.62,12.62,12.62
12.62,12.62,12.62
12.62,12.62,12.62
12.65,12.62,12.62
12.99,12.62,12.62
13.47,12.62,12.62
14.61,12.62,12.62
15.27,12.62,12.62
16.8,12.62,12.62
17.25,12.62,12.62
17.02,12.62,12.62
16.19,12.62,12.62
16.02,12.62,12.62
13.74,12.62,12.62
14.03,12.62,12.62
13.41,12.62,12.62
12.69,12.62,12.62
12.62,12.62,12.62
12.62,12.62,12.62
12.62,12.62,12.62
12.62,12.62,12.62
12.62,12.62,12.62
12.62,12.62,12.62
12.62,12.62,12.62
12.62,12.62,12.62
12.62,12.62,12.62
12.62,12.62,12.62
12.73,12.62,12.62
13.64,12.62,12.62
16.08,12.62,12.62
18.5,12.62,12.62
20.08,12.62,12.62
21.83,12.62,12.62
24.16,12.62,12.62
24.33,12.62,12.62
23.44,12.62,12.62
24.21,12.62,12.62
19.89,12.62,12.62
18.23,12.62,12.62
16.35,12.62,12.62
12.75,12.62,12.62
12.62,12.62,12.62
12.62,12.62,12.62
12.62,12.62,12.62
12.62,12.62,12.62
12.62,12.62,12.62
12.62,12.62,12.62
12.62,12.62,12.62
12.62,12.62,12.62
12.62,12.62,12.62
12.62,12.62,12.62
12.66,12.62,12.62
17.56,12.62,12.62
20.65,12.62,12.62
19.46,12.62,12.62
18.74,12.62,12.62
24.63,12.62,12.62
25.93,12.62,12.62
24.44,12.62,12.62
26.66,12.62,12.62
28.92,12.62,12.62
28.69,12.62,12.62
29.25,12.62,12.62
195.86,12.62,12.62
220.06,12.62,12.62
227.35,12.62,12.62
228.27,12.62,12.62
216.36,12.62,12.62
171.13,12.62,12.62
12.62,12.62,12.62
12.62,12.62,12.62
12.62,12.62,12.62
12.62,12.62,12.62
12.62,12.62,12.62
12.62,12.62,12.62
12.62,12.62,12.62
13.82,12.62,12.62
17.35,12.62,12.62
20.83,12.62,12.62
23.98,12.62,12.62
22.82,12.62,12.62
25.99,12.62,12.62
24.84,12.62,12.62
24.65,12.62,12.62
25.47,12.62,12.62
23.73,12.62,12.62
26.52,12.62,12.62
20.59,12.62,12.62
14.81,12.62,12.62
12.62,12.62,12.62
12.62,12.62,12.62
12.62,12.62,12.62
12.62,12.62,12.62
12.62,12.62,12.62
12.62,12.62,12.62
12.62,12.62,12.62
12.62,12.62,12.62
12.62,12.62,12.62
12.62,12.62,12.62
12.62,12.62,12.62
13.82,12.62,12.62
16.42,12.62,12.62
21.14,12.62,12.62
20.68,12.62,12.62
23.63,12.62,12.62
24.14,12.62,12.62
24.03,12.62,12.62
25.89,12.62,12.62
24.55,12.62,12.62
24.76,12.62,12.62
25.02,12.62,12.62
20.2,12.62,12.62
12.95,12.62,12.62
12.62,12.62,12.62
12.62,12.62,12.62
12.62,12.62,12.62
12.62,12.62,12.62
12.62,12.62,12.62
12.62,12.62,12.62
12.62,12.62,12.62
12.62,12.62,12.62
12.62,12.62,12.62
12.62,12.62,12.62
12.62,12.62,12.62
15.55,12.62,12.62
19.42,12.62,12.62
21.4,12.62,12.62
21.58,12.62,12.62
23.66,12.62,12.62
24.33,12.62,12.62
25.16,12.62,12.62
25.39,12.62,12.62
25.4,12.62,12.62
25.69,12.62,12.62
26.69,12.62,12.62
28.93,12.62,12.62
18.11,12.62,12.62
12.62,12.62,12.62
12.62,12.62,12.62
12.62,12.62,12.62
12.62,12.62,12.62
12.62,12.62,12.62
12.62,12.62,12.62
12.62,12.62,12.62
12.62,12.62,12.62
12.62,12.62,12.62
24.09,12.62,12.62
24.09,12.62,12.62
24.09,12.62,12.62
21.98,12.62,12.62
50.78,12.62,12.62
43.41,12.62,12.62
40.34,12.62,12.62
119.15,12.62,12.62
146.06,12.62,12.62
133.25,12.62,12.62
112.55,12.62,12.62
123.15,12.62,12.62
95.11,12.62,12.62
29.39,12.62,12.62
17.0,12.62,12.62
12.62,12.62,12.62
12.62,12.62,12.62
12.62,12.62,12.62
12.62,12.62,12.62
12.62,12.62,12.62
12.62,12.62,12.62
12.62,12.62,12.62
12.62,12.62,12.62
12.62,12.62,12.62
12.62,12.62,12.62
12.69,12.62,12.62
21.16,12.62,12.62
22.78,12.62,12.62
25.62,12.62,12.62
26.38,12.62,12.62
23.46,12.62,12.62
24.95,12.62,12.62
24.98,12.62,12.62
24.49,12.62,12.62
25.53,12.62,12.62
24.28,12.62,12.62
26.1,12.62,12.62
21.82,12.62,12.62
12.62,12.62,12.62
12.62,12.62,12.62
12.62,12.62,12.62
12.62,12.62,12.62
12.62,12.62,12.62
12.62,12.62,12.62
12.62,12.62,12.62
12.62,12.62,12.62
12.62,12.62,12.62
12.62,12.62,12.62
12.62,12.62,12.62
12.62,12.62,12.62
18.44,12.62,12.62
22.68,12.62,12.62
25.83,12.62,12.62
26.3,12.62,12.62
24.52,12.62,12.62
24.2,12.62,12.62
24.86,12.62,12.62
25.53,12.62,12.62
25.83,12.62,12.62
27.67,12.62,12.62
27.2,12.62,12.62
200.83,12.62,12.62
225.69,12.62,12.62
223.93,12.62,12.62
221.23,12.62,12.62
219.76,12.62,12.62
12.62,12.62,12.62
12.62,12.62,12.62
12.62,12.62,12.62
12.62,12.62,12.62
12.62,12.62,12.62
12.62,12.62,12.62
12.62,12.62,12.62
12.62,12.62,12.62
27.07,12.62,12.62
26.98,12.62,12.62
27.07,12.62,12.62
27.09,12.62,12.62
26.89,12.62,12.62
24.42,12.62,12.62
24.93,12.62,12.62
24.55,12.62,12.62
26.57,12.62,12.62
26.9,12.62,12.62
26.0,12.62,12.62
22.73,12.62,12.62
12.62,12.62,12.62
12.62,12.62,12.62
12.62,12.62,12.62
12.62,12.62,12.62
12.62,12.62,12.62
12.62,12.62,12.62
12.62,12.62,12.62
12.62,12.62,12.62
12.62,12.62,12.62
12.62,12.62,12.62
12.62,12.62,12.62
12.62,12.62,12.62
13.05,12.62,12.62
14.42,12.62,12.62
16.97,12.62,12.62
17.85,12.62,12.62
19.1,12.62,12.62
19.74,12.62,12.62
20.43,12.62,12.62
19.25,12.62,12.62
17.61,12.62,12.62
24.38,12.62,12.62
72.04,12.62,12.62
79.71,12.62,12.62
79.98,12.62,12.62
69.26,12.62,12.62
61.03,12.62,12.62
60.0,12.62,12.62
12.62,12.62,12.62
12.62,12.62,12.62
12.62,12.62,12.62
12.62,12.62,12.62
12.62,12.62,12.62
12.62,12.62,12.62
12.62,12.62,12.62
12.62,12.62,12.62
13.09,12.62,12.62
14.49,12.62,12.62
15.67,12.62,12.62
16.11,12.62,12.62
17.17,12.62,12.62
16.85,12.62,12.62
16.89,12.62,12.62
16.57,12.62,12.62
16.08,12.62,12.62
15.16,12.62,12.62
13.9,12.62,12.62
13.0,12.62,12.62
12.62,12.62,12.62
12.62,12.62,12.62
12.62,12.62,12.62
12.62,12.62,12.62
12.62,12.62,12.62
12.62,12.62,12.62
12.62,12.62,12.62
12.62,12.62,12.62
12.62,12.62,12.62
12.62,12.62,12.62
12.62,12.62,12.62
12.62,12.62,12.62
16.23,12.62,12.62
28.17,12.62,12.62
25.24,12.62,12.62
26.73,12.62,12.62
25.23,12.62,12.62
27.23,12.62,12.62
26.04,12.62,12.62
26.5,12.62,12.62
27.36,12.62,12.62
27.07,12.62,12.62
24.78,12.62,12.62
17.41,12.62,12.62
12.62,12.62,12.62
12.62,12.62,12.62
12.62,12.62,12.62
12.62,12.62,12.62
12.62,12.62,12.62
12.62,12.62,12.62
12.62,12.62,12.62
12.62,12.62,12.62
12.62,12.62,12.62
12.62,12.62,12.62
12.62,12.62,12.62
12.62,12.62,12.62
21.93,12.62,12.62
23.69,12.62,12.62
22.61,12.62,12.62
100.39,12.62,12.62
107.56,12.62,12.62
88.98,12.62,12.62
88.81,12.62,12.62
88.53,12.62,12.62
103.66,12.62,12.62
114.41,12.62,12.62
137.4,12.62,12.62
212.59,12.62,12.62
227.36,12.62,12.62
222.5,12.62,12.62
12.62,12.62,12.62
12.62,12.62,12.62
12.62,12.62,12.62
12.62,12.62,12.62
12.62,12.62,12.62
12.62,12.62,12.62
12.62,12.62,12.62
12.62,12.62,12.62
12.62,12.62,12.62
12.62,12.62,12.62
15.4,12.62,12.62
18.28,12.62,12.62
20.91,12.62,12.62
22.56,12.62,12.62
23.18,12.62,12.62
21.8,12.62,12.62
21.27,12.62,12.62
21.11,12.62,12.62
21.78,12.62,12.62
21.94,12.62,12.62
19.32,12.62,12.62
13.27,12.62,12.62
12.62,12.62,12.62
12.62,12.62,12.62
12.62,12.62,12.62
12.62,12.62,12.62
12.62,12.62,12.62
12.62,12.62,12.62
12.62,12.62,12.62
12.62,12.62,12.62
12.62,12.62,12.62
12.62,12.62,12.62
12.62,12.62,12.62
12.62,12.62,12.62
13.16,12.62,12.62
14.48,12.62,12.62
15.06,12.62,12.62
16.47,12.62,12.62
22.28,12.62,12.62
21.55,12.62,12.62
19.59,12.62,12.62
14.95,12.62,12.62
13.8,12.62,12.62
24.74,12.62,12.62
63.28,12.62,12.62
78.52,12.62,12.62
85.58,12.62,12.62
68.34,12.62,12.62
61.88,12.62,12.62
65.37,12.62,12.62
64.05,12.62,12.62
51.66,12.62,12.62
12.62,12.62,12.62
12.62,12.62,12.62
12.62,12.62,12.62
12.62,12.62,12.62
12.62,12.62,12.62
12.62,12.62,12.62
12.8,12.62,12.62
13.95,12.62,12.62
13.58,12.62,12.62
15.98,12.62,12.62
16.2,12.62,12.62
15.21,12.62,12.62
16.08,12.62,12.62
18.19,12.62,12.62
18.2,12.62,12.62
17.58,12.62,12.62
15.2,12.62,12.62
13.19,12.62,12.62
12.62,12.62,12.62
12.62,12.62,12.62
12.62,12.62,12.62
12.62,12.62,12.62
12.62,12.62,12.62
12.62,12.62,12.62
12.62,12.62,12.62
12.62,12.62,12.62
12.62,12.62,12.62
12.62,12.62,12.62
12.62,12.62,12.62
12.62,12.62,12.62
12.92,12.62,12.62
14.82,12.62,12.62
17.76,12.62,12.62
18.12,12.62,12.62
20.25,12.62,12.62
21.55,12.62,12.62
20.79,12.62,12.62
22.51,12.62,12.62
20.34,12.62,12.62
18.94,12.62,12.62
16.51,12.62,12.62
46.49,12.62,12.62
73.32,12.62,12.62
59.94,12.62,12.62
12.62,12.62,12.62
12.62,12.62,12.62
12.62,12.62,12.62
12.62,12.62,12.62
12.62,12.62,12.62
12.62,12.62,12.62
12.62,12.62,12.62
23.07,12.62,12.62
24.99,12.62,12.62
26.77,12.62,12.62
27.94,12.62,12.62
29.02,12.62,12.62
29.26,12.62,12.62
28.47,12.62,12.62
27.76,12.62,12.62
26.75,12.62,12.62
25.07,12.62,12.62
25.63,12.62,12.62
25.54,12.62,12.62
36.18,12.62,12.62
89.83,12.62,12.62
89.39,12.62,12.62
97.6,12.62,12.62
104.84,12.62,12.62
36.77,12.62,12.62
16.54,12.62,12.62
18.0,12.62,12.62
16.28,12.62,12.62
12.74,12.62,12.62
16.29,12.62,12.62
15.88,12.62,12.62
17.24,12.62,12.62
16.91,12.62,12.62
19.08,12.62,12.62
19.19,12.62,12.62
18.55,12.62,12.62
17.64,12.62,12.62
18.17,12.62,12.62
18.06,12.62,12.62
21.14,12.62,12.62
20.0,12.62,12.62
19.93,12.62,12.62
18.74,12.62,12.62
17.0,12.62,12.62
15.68,12.62,12.62
16.35,12.62,12.62
18.41,12.62,12.62
16.6,12.62,12.62
12.66,12.62,12.62
13.03,12.62,12.62
12.62,12.62,12.62
12.62,12.62,12.62
12.62,12.62,12.62
12.62,12.62,12.62
12.62,12.62,12.62
12.62,12.62,12.62
12.62,12.62,12.62
12.62,12.62,12.62
12.72,12.62,12.62
13.25,12.62,12.62
14.54,12.62,12.62
16.58,12.62,12.62
17.2,12.62,12.62
18.16,12.62,12.62
18.2,12.62,12.62
18.77,12.62,12.62
18.05,12.62,12.62
17.02,12.62,12.62
15.06,12.62,12.62
13.06,12.62,12.62
12.62,12.62,12.62
12.62,12.62,12.62
12.62,12.62,12.62
12.62,12.62,12.62
12.62,12.62,12.62
12.62,12.62,12.62
12.62,12.62,12.62
12.62,12.62,12.62
12.62,12.62,12.62
13.65,12.62,12.62
14.09,12.62,12.62
14.48,12.62,12.62
15.33,12.62,12.62
16.38,12.62,12.62
23.05,12.62,12.62
52.04,12.62,12.62
54.35,12.62,12.62
53.88,12.62,12.62
55.35,12.62,12.62
59.22,12.62,12.62
42.42,12.62,12.62
19.37,12.62,12.62
18.9,12.62,12.62
16.73,12.62,12.62
15.92,12.62,12.62
15.92,12.62,12.62
14.19,12.62,12.62
13.46,12.62,12.62
13.06,12.62,12.62
12.87,12.62,12.62
13.44,12.62,12.62
12.63,12.62,12.62
12.62,12.62,12.62
12.62,12.62,12.62
12.62,12.62,12.62
13.83,12.62,12.62
13.75,12.62,12.62
13.97,12.62,12.62
15.0,12.62,12.62
16.15,12.62,12.62
15.45,12.62,12.62
15.55,12.62,12.62
17.59,12.62,12.62
18.87,12.62,12.62
15.55,12.62,12.62
15.28,12.62,12.62
14.83,12.62,12.62
13.39,12.62,12.62
13.27,12.62,12.62
13.05,12.62,12.62
12.78,12.62,12.62
12.64,12.62,12.62
12.62,12.62,12.62
12.62,12.62,12.62
12.62,12.62,12.62
12.62,12.62,12.62
12.7,12.62,12.62
12.72,12.62,12.62
12.95,12.62,12.62
14.92,12.62,12.62
16.77,12.62,12.62
18.42,12.62,12.62
20.82,12.62,12.62
51.88,12.62,12.62
83.64,12.62,12.62
83.76,12.62,12.62
82.55,12.62,12.62
80.79,12.62,12.62
89.0,12.62,12.62
96.06,12.62,12.62
93.58,12.62,12.62
56.95,12.62,12.62
32.33,12.62,12.62
22.33,12.62,12.62
20.49,12.62,12.62
19.4,12.62,12.62
18.58,12.62,12.62
19.44,12.62,12.62
18.73,12.62,12.62
16.93,12.62,12.62
13.41,12.62,12.62
15.92,12.62,12.62
14.29,12.62,12.62
15.12,12.62,12.62
15.19,12.62,12.62
48.63,12.62,12.62
150.63,12.62,12.62
144.19,12.62,12.62
152.74,12.62,12.62
52.12,12.62,12.62
19.46,12.62,12.62
18.19,12.62,12.62
17.86,12.62,12.62
16.16,12.62,12.62
17.34,12.62,12.62
18.08,12.62,12.62
18.54,12.62,12.62
15.69,12.62,12.62
14.12,12.62,12.62
13.44,12.62,12.62
12.62,12.62,12.62
12.62,12.62,12.62
12.62,12.62,12.62
12.62,12.62,12.62
12.62,12.62,12.62
12.62,12.62,12.62
12.62,12.62,12.62
13.12,12.62,12.62
14.17,12.62,12.62
25.35,12.62,12.62
51.09,12.62,12.62
53.48,12.62,12.62
55.44,12.62,12.62
55.33,12.62,12.62
54.07,12.62,12.62
55.56,12.62,12.62
36.66,12.62,12.62
15.86,12.62,12.62
14.92,12.62,12.62
15.36,12.62,12.62
15.23,12.62,12.62
17.78,12.62,12.62
15.78,12.62,12.62
14.55,12.62,12.62
15.94,12.62,12.62
17.65,12.62,12.62
18.41,12.62,12.62
19.22,12.62,12.62
20.03,12.62,12.62
20.85,12.62,12.62
21.83,12.62,12.62
24.38,12.62,12.62
25.83,12.62,12.62
26.61,12.62,12.62
27.68,12.62,12.62
27.39,12.62,12.62
27.7,12.62,12.62
28.62,12.62,12.62
28.09,12.62,12.62
26.14,12.62,12.62
26.18,12.62,12.62
25.47,12.62,12.62
24.86,12.62,12.62
25.52,12.62,12.62
25.52,12.62,12.62
25.05,12.62,12.62
24.58,12.62,12.62
22.98,12.62,12.62
21.61,12.62,12.62
21.62,12.62,12.62
20.92,12.62,12.62
18.93,12.62,12.62
19.33,12.62,12.62
20.12,12.62,12.62
20.78,12.62,12.62
22.92,12.62,12.62
23.75,12.62,12.62
39.59,12.62,12.62
70.57,12.62,12.62
82.01,12.62,12.62
79.17,12.62,12.62
82.71,12.62,12.62
80.28,12.62,12.62
82.87,12.62,12.62
88.8,12.62,12.62
92.82,12.62,12.62
59.47,12.62,12.62
24.17,12.62,12.62
24.11,12.62,12.62
23.56,12.62,12.62
23.33,12.62,12.62
22.54,12.62,12.62
21.15,12.62,12.62
21.77,12.62,12.62
23.21,12.62,12.62
23.63,12.62,12.62
24.1,12.62,12.62
25.09,12.62,12.62
26.24,12.62,12.62
28.09,12.62,12.62
28.65,12.62,12.62
28.96,12.62,12.62
49.98,12.62,12.62
86.33,12.62,12.62
85.19,12.62,12.62
84.82,12.62,12.62
88.23,12.62,12.62
87.22,12.62,12.62
27.11,12.62,12.62
27.84,12.62,12.62
27.73,12.62,12.62
27.06,12.62,12.62
25.59,12.62,12.62
23.64,12.62,12.62
21.55,12.62,12.62
19.76,12.62,12.62
19.03,12.62,12.62
18.15,12.62,12.62
18.5,12.62,12.62
18.91,12.62,12.62
17.57,12.62,12.62
17.3,12.62,12.62
17.01,12.62,12.62
17.34,12.62,12.62
17.32,12.62,12.62
18.8,12.62,12.62
19.74,12.62,12.62
20.63,12.62,12.62
20.57,12.62,12.62
22.54,12.62,12.62
27.24,12.62,12.62
27.38,12.62,12.62
26.35,12.62,12.62
22.95,12.62,12.62
27.35,12.62,12.62
25.07,12.62,12.62
20.41,12.62,12.62
19.26,12.62,12.62
18.09,12.62,12.62
16.71,12.62,12.62
16.05,12.62,12.62
14.15,12.62,12.62
12.62,12.62,12.62
12.62,12.62,12.62
12.64,12.62,12.62
13.02,12.62,12.62
15.49,12.62,12.62
17.19,12.62,12.62
17.76,12.62,12.62
18.68,12.62,12.62
17.58,12.62,12.62
17.05,12.62,12.62
18.09,12.62,12.62
19.6,12.62,12.62
19.75,12.62,12.62
19.08,12.62,12.62
18.33,12.62,12.62
16.97,12.62,12.62
62.11,12.62,12.62
68.39,12.62,12.62
73.58,12.62,12.62
69.56,12.62,12.62
33.69,12.62,12.62
12.62,12.62,12.62
13.2,12.62,12.62
15.2,12.62,12.62
20.1,12.62,12.62
20.81,12.62,12.62
19.21,12.62,12.62
20.8,12.62,12.62
22.35,12.62,12.62
30.01,12.62,12.62
28.83,12.62,12.62
26.81,12.62,12.62
54.39,12.62,12.62
80.13,12.62,12.62
79.69,12.62,12.62
83.98,12.62,12.62
80.11,12.62,12.62
79.51,12.62,12.62
82.32,12.62,12.62
81.31,12.62,12.62
77.84,12.62,12.62
75.76,12.62,12.62
51.25,12.62,12.62
19.53,12.62,12.62
22.64,12.62,12.62
20.95,12.62,12.62
14.96,12.62,12.62
15.14,12.62,12.62
15.42,12.62,12.62
15.05,12.62,12.62
17.14,12.62,12.62
18.11,12.62,12.62
17.68,12.62,12.62
18.13,12.62,12.62
21.46,12.62,12.62
23.26,12.62,12.62
23.59,12.62,12.62
27.47,12.62,12.62
24.72,12.62,12.62
19.68,12.62,12.62
20.47,12.62,12.62
24.27,12.62,12.62
19.96,12.62,12.62
21.25,12.62,12.62
75.76,12.62,12.62
71.14,12.62,12.62
47.73,12.62,12.62
15.37,12.62,12.62
14.28,12.62,12.62
12.62,12.62,12.62
12.62,12.62,12.62
12.62,12.62,12.62
12.85,12.62,12.62
15.24,12.62,12.62
16.81,12.62,12.62
17.04,12.62,12.62
19.94,12.62,12.62
23.98,12.62,12.62
31.38,12.62,12.62
37.22,12.62,12.62
25.75,12.62,12.62
24.15,12.62,12.62
24.17,12.62,12.62
31.54,12.62,12.62
28.92,12.62,12.62
27.92,12.62,12.62
50.71,12.62,12.62
82.54,12.62,12.62
90.83,12.62,12.62
91.19,12.62,12.62
95.46,12.62,12.62
100.63,12.62,12.62
62.53,12.62,12.62
27.91,12.62,12.62
26.53,12.62,12.62
25.2,12.62,12.62
25.53,12.62,12.62
25.64,12.62,12.62
25.75,12.62,12.62
27.55,12.62,12.62
29.89,12.62,12.62
34.02,12.62,12.62
36.28,12.62,12.62
46.6,12.62,12.62
47.85,12.62,12.62
42.42,12.62,12.62
41.81,12.62,12.62
40.96,12.62,12.62
30.27,12.62,12.62
46.8,12.62,12.62
78.5,12.62,12.62
89.26,12.62,12.62
88.37,12.62,12.62
89.96,12.62,12.62
87.33,12.62,12.62
88.4,12.62,12.62
51.14,12.62,12.62
15.1,12.62,12.62
15.05,12.62,12.62
15.14,12.62,12.62
14.95,12.62,12.62
16.17,12.62,12.62
15.44,12.62,12.62
15.37,12.62,12.62
17.37,12.62,12.62
20.16,12.62,12.62
25.15,12.62,12.62
30.88,12.62,12.62
31.96,12.62,12.62
27.69,12.62,12.62
36.74,12.62,12.62
78.89,12.62,12.62
88.97,12.62,12.62
90.3,12.62,12.62
89.47,12.62,12.62
93.23,12.62,12.62
87.68,12.62,12.62
87.57,12.62,12.62
93.37,12.62,12.62
98.35,12.62,12.62
54.45,12.62,12.62
28.05,12.62,12.62
28.07,12.62,12.62
24.96,12.62,12.62
25.66,12.62,12.62
25.6,12.62,12.62
25.67,12.62,12.62
24.91,12.62,12.62
25.41,12.62,12.62
28.94,12.62,12.62
30.93,12.62,12.62
31.68,12.62,12.62
32.47,12.62,12.62
32.98,12.62,12.62
32.85,12.62,12.62
35.02,12.62,12.62
35.71,12.62,12.62
34.05,12.62,12.62
34.63,12.62,12.62
63.93,12.62,12.62
89.94,12.62,12.62
91.62,12.62,12.62
99.1,12.62,12.62
103.89,12.62,12.62
54.58,12.62,12.62
26.18,12.62,12.62
26.78,12.62,12.62
32.78,12.62,12.62
25.5,12.62,12.62
28.59,12.62,12.62
31.52,12.62,12.62
32.42,12.62,12.62
24.46,12.62,12.62
16.99,12.62,12.62
25.51,12.62,12.62
32.1,12.62,12.62
35.36,12.62,12.62
32.78,12.62,12.62
34.72,12.62,12.62
34.29,12.62,12.62
34.79,12.62,12.62
33.1,12.62,12.62
35.01,12.62,12.62
59.56,12.62,12.62
104.69,12.62,12.62
103.35,12.62,12.62
107.74,12.62,12.62
114.02,12.62,12.62
59.91,12.62,12.62
30.41,12.62,12.62
26.36,12.62,12.62
22.66,12.62,12.62
20.33,12.62,12.62
17.55,12.62,12.62
26.87,12.62,12.62
18.19,12.62,12.62
22.76,12.62,12.62
25.24,12.62,12.62
37.87,12.62,12.62
35.68,12.62,12.62
36.5,12.62,12.62
25.98,12.62,12.62
31.06,12.62,12.62
23.69,12.62,12.62
25.36,12.62,12.62
25.58,12.62,12.62
25.76,12.62,12.62
50.98,12.62,12.62
82.24,12.62,12.62
83.46,12.62,12.62
89.24,12.62,12.62
89.31,12.62,12.62
16.51,12.62,12.62
15.4,12.62,12.62
14.83,12.62,12.62
17.03,12.62,12.62
14.21,12.62,12.62
15.1,12.62,12.62
16.73,12.62,12.62
17.86,12.62,12.62
18.97,12.62,12.62
19.14,12.62,12.62
21.42,12.62,12.62
21.54,12.62,12.62
21.87,12.62,12.62
20.61,12.62,12.62
17.97,12.62,12.62
17.23,12.62,12.62
16.89,12.62,12.62
16.84,12.62,12.62
15.83,12.62,12.62
15.87,12.62,12.62
24.95,12.62,12.62
73.1,12.62,12.62
81.12,12.62,12.62
93.15,12.62,12.62
53.81,12.62,12.62
15.6,12.62,12.62
14.78,12.62,12.62
13.61,12.62,12.62
14.43,12.62,12.62
16.35,12.62,12.62
18.36,12.62,12.62
18.84,12.62,12.62
20.08,12.62,12.62
22.79,12.62,12.62
25.24,12.62,12.62
26.27,12.62,12.62
25.27,12.62,12.62
24.47,12.62,12.62
24.39,12.62,12.62
25.27,12.62,12.62
70.75,12.62,12.62
84.98,12.62,12.62
90.23,12.62,12.62
100.44,12.62,12.62
95.96,12.62,12.62
90.79,12.62,12.62
99.31,12.62,12.62
110.02,12.62,12.62
60.89,12.62,12.62
23.88,12.62,12.62
21.46,12.62,12.62
20.97,12.62,12.62
21.13,12.62,12.62
20.66,12.62,12.62
24.59,12.62,12.62
21.46,12.62,12.62
22.29,12.62,12.62
22.18,12.62,12.62
22.49,12.62,12.62
22.73,12.62,12.62
57.99,12.62,12.62
122.29,12.62,12.62
167.39,12.62,12.62
189.21,12.62,12.62
136.25,12.62,12.62
39.81,12.62,12.62
24.34,12.62,12.62
63.02,12.62,12.62
83.33,12.62,12.62
91.91,12.62,12.62
69.18,12.62,12.62
71.27,12.62,12.62
22.13,12.62,12.62
29.08,12.62,12.62
23.89,12.62,12.62
18.61,12.62,12.62
16.87,12.62,12.62
13.97,12.62,12.62
15.1,12.62,12.62
13.42,12.62,12.62
17.26,12.62,12.62
21.89,12.62,12.62
23.66,12.62,12.62
23.58,12.62,12.62
23.64,12.62,12.62
23.6,12.62,12.62
25.53,12.62,12.62
24.03,12.62,12.62
30.62,12.62,12.62
31.56,12.62,12.62
26.73,12.62,12.62
73.94,12.62,12.62
90.88,12.62,12.62
89.02,12.62,12.62
95.99,12.62,12.62
66.76,12.62,12.62
21.59,12.62,12.62
18.65,12.62,12.62
18.17,12.62,12.62
18.66,12.62,12.62
17.12,12.62,12.62
13.51,12.62,12.62
12.62,12.62,12.62
12.62,12.62,12.62
12.62,12.62,12.62
12.62,12.62,12.62
20.27,12.62,12.62
17.02,12.62,12.62
15.99,12.62,12.62
16.2,12.62,12.62
42.19,12.62,12.62
57.84,12.62,12.62
62.13,12.62,12.62
68.14,12.62,12.62
72.56,12.62,12.62
83.57,12.62,12.62
86.18,12.62,12.62
38.64,12.62,12.62
17.31,12.62,12.62
17.49,12.62,12.62
17.1,12.62,12.62
18.53,12.62,12.62
20.42,12.62,12.62
22.3,12.62,12.62
31.35,12.62,12.62
49.18,12.62,12.62
48.43,12.62,12.62
59.83,12.62,12.62
63.19,12.62,12.62
65.66,12.62,12.62
73.32,12.62,12.62
78.93,12.62,12.62
83.03,12.62,12.62
80.54,12.62,12.62
68.17,12.62,12.62
59.09,12.62,12.62
59.88,12.62,12.62
58.74,12.62,12.62
118.74,12.62,12.62
130.17,12.62,12.62
136.36,12.62,12.62
95.3,12.62,12.62
81.92,12.62,12.62
56.36,12.62,12.62
61.65,12.62,12.62
70.73,12.62,12.62
74.17,12.62,12.62
70.26,12.62,12.62
25.7,12.62,12.62
25.46,12.62,12.62
25.8,12.62,12.62
26.16,12.62,12.62
26.29,12.62,12.62
26.84,12.62,12.62
27.27,12.62,12.62
32.85,12.62,12.62
33.47,12.62,12.62
34.26,12.62,12.62
32.45,12.62,12.62
30.33,12.62,12.62
27.7,12.62,12.62
27.0,12.62,12.62
27.81,12.62,12.62
28.55,12.62,12.62
72.06,12.62,12.62
88.83,12.62,12.62
93.61,12.62,12.62
100.46,12.62,12.62
104.94,12.62,12.62
62.62,12.62,12.62
26.68,12.62,12.62
25.47,12.62,12.62
26.18,12.62,12.62
27.43,12.62,12.62
26.44,12.62,12.62
24.38,12.62,12.62
22.49,12.62,12.62
21.21,12.62,12.62
21.71,12.62,12.62
23.54,12.62,12.62
22.95,12.62,12.62
20.6,12.62,12.62
21.79,12.62,12.62
23.71,12.62,12.62
31.43,12.62,12.62
24.39,12.62,12.62
24.33,12.62,12.62
25.23,12.62,12.62
25.52,12.62,12.62
59.22,12.62,12.62
84.56,12.62,12.62
93.23,12.62,12.62
92.03,12.62,12.62
59.88,12.62,12.62
24.51,12.62,12.62
23.6,12.62,12.62
22.93,12.62,12.62
24.22,12.62,12.62
22.61,12.62,12.62
37.53,12.62,12.62
22.67,12.62,12.62
21.95,12.62,12.62
22.91,12.62,12.62
22.03,12.62,12.62
21.3,12.62,12.62
22.35,12.62,12.62
22.11,12.62,12.62
23.18,12.62,12.62
19.53,12.62,12.62
17.26,12.62,12.62
17.14,12.62,12.62
14.08,12.62,12.62
13.4,12.62,12.62
48.26,12.62,12.62
61.48,12.62,12.62
67.42,12.62,12.62
47.9,12.62,12.62
12.62,12.62,12.62
12.62,12.62,12.62
12.62,12.62,12.62
13.53,12.62,12.62
15.47,12.62,12.62
18.91,12.62,12.62
22.62,12.62,12.62
23.8,12.62,12.62
21.89,12.62,12.62
21.13,12.62,12.62
19.63,12.62,12.62
21.07,12.62,12.62
16.6,12.62,12.62
33.0,12.62,12.62
50.88,12.62,12.62
19.77,12.62,12.62
49.69,12.62,12.62
79.56,12.62,12.62
86.62,12.62,12.62
84.02,12.62,12.62
76.83,12.62,12.62
74.74,12.62,12.62
31.48,12.62,12.62
12.62,12.62,12.62
13.4,12.62,12.62
13.75,12.62,12.62
13.21,12.62,12.62
13.71,12.62,12.62
13.72,12.62,12.62
14.97,12.62,12.62
15.21,12.62,12.62
14.89,12.62,12.62
16.27,12.62,12.62
18.85,12.62,12.62
21.06,12.62,12.62
23.0,12.62,12.62
60.15,12.62,12.62
84.12,12.62,12.62
81.96,12.62,12.62
86.06,12.62,12.62
89.02,12.62,12.62
92.24,12.62,12.62
100.07,12.62,12.62
90.09,12.62,12.62
86.08,12.62,12.62
90.67,12.62,12.62
97.13,12.62,12.62
103.31,12.62,12.62
66.06,12.62,12.62
22.05,12.62,12.62
20.33,12.62,12.62
19.08,12.62,12.62
18.01,12.62,12.62
18.21,12.62,12.62
17.45,12.62,12.62
17.42,12.62,12.62
18.44,12.62,12.62
18.93,12.62,12.62
19.16,12.62,12.62
89.04,12.62,12.62
102.14,12.62,12.62
94.57,12.62,12.62
85.28,12.62,12.62
83.14,12.62,12.62
73.46,12.62,12.62
76.37,12.62,12.62
82.72,12.62,12.62
88.9,12.62,12.62
85.43,12.62,12.62
86.3,12.62,12.62
81.68,12.62,12.62
96.27,12.62,12.62
54.24,12.62,12.62
13.89,12.62,12.62
16.38,12.62,12.62
13.97,12.62,12.62
16.28,12.62,12.62
16.1,12.62,12.62
16.7,12.62,12.62
14.29,12.62,12.62
15.11,12.62,12.62
12.63,12.62,12.62
12.79,12.62,12.62
14.2,12.62,12.62
57.54,12.62,12.62
63.13,12.62,12.62
67.77,12.62,12.62
71.57,12.62,12.62
70.14,12.62,12.62
75.89,12.62,12.62
76.13,12.62,12.62
78.82,12.62,12.62
84.29,12.62,12.62
81.57,12.62,12.62
83.28,12.62,12.62
74.15,12.62,12.62
42.88,12.62,12.62
12.62,12.62,12.62
12.62,12.62,12.62
12.62,12.62,12.62
12.62,12.62,12.62
12.62,12.62,12.62
12.62,12.62,12.62
12.62,12.62,12.62
12.62,12.62,12.62
15.14,12.62,12.62
36.65,12.62,12.62
84.33,12.62,12.62
82.17,12.62,12.62
63.97,12.62,12.62
61.18,12.62,12.62
65.25,12.62,12.62
77.02,12.62,12.62
76.68,12.62,12.62
79.52,12.62,12.62
76.63,12.62,12.62
78.15,12.62,12.62
77.81,12.62,12.62
76.53,12.62,12.62
81.23,12.62,12.62
84.84,12.62,12.62
86.52,12.62,12.62
42.65,12.62,12.62
12.73,12.62,12.62
12.97,12.62,12.62
12.72,12.62,12.62
12.7,12.62,12.62
14.02,12.62,12.62
16.6,12.62,12.62
17.43,12.62,12.62
19.34,12.62,12.62
21.58,12.62,12.62
55.76,12.62,12.62
84.36,12.62,12.62
81.67,12.62,12.62
99.62,12.62,12.62
137.47,12.62,12.62
87.74,12.62,12.62
90.25,12.62,12.62
82.03,12.62,12.62
75.92,12.62,12.62
72.3,12.62,12.62
71.04,12.62,12.62
71.26,12.62,12.62
75.77,12.62,12.62
80.88,12.62,12.62
48.66,12.62,12.62
14.41,12.62,12.62
13.53,12.62,12.62
16.92,12.62,12.62
16.85,12.62,12.62
17.66,12.62,12.62
17.79,12.62,12.62
16.54,12.62,12.62
17.6,12.62,12.62
18.06,12.62,12.62
46.22,12.62,12.62
78.7,12.62,12.62
79.98,12.62,12.62
80.48,12.62,12.62
85.1,12.62,12.62
84.74,12.62,12.62
85.23,12.62,12.62
87.14,12.62,12.62
83.71,12.62,12.62
87.83,12.62,12.62
95.3,12.62,12.62
92.13,12.62,12.62
101.08,12.62,12.62
109.17,12.62,12.62
52.94,12.62,12.62
14.65,12.62,12.62
12.62,12.62,12.62
12.67,12.62,12.62
13.08,12.62,12.62
12.7,12.62,12.62
12.73,12.62,12.62
14.04,12.62,12.62
17.06,12.62,12.62
22.27,12.62,12.62
17.49,12.62,12.62
16.18,12.62,12.62
41.42,12.62,12.62
53.18,12.62,12.62
56.72,12.62,12.62
67.11,12.62,12.62
64.43,12.62,12.62
66.34,12.62,12.62
67.25,12.62,12.62
45.13,12.62,12.62
13.21,12.62,12.62
13.14,12.62,12.62
13.08,12.62,12.62
13.24,12.62,12.62
13.02,12.62,12.62
12.62,12.62,12.62
12.62,12.62,12.62
12.62,12.62,12.62
12.62,12.62,12.62
12.62,12.62,12.62
12.62,12.62,12.62
13.19,12.62,12.62
13.68,12.62,12.62
14.2,12.62,12.62
14.64,12.62,12.62
14.81,12.62,12.62
20.63,12.62,12.62
13.49,12.62,12.62
13.42,12.62,12.62
12.94,12.62,12.62
12.72,12.62,12.62
12.66,12.62,12.62
12.64,12.62,12.62
12.62,12.62,12.62
12.62,12.62,12.62
12.62,12.62,12.62
12.62,12.62,12.62
12.62,12.62,12.62
12.62,12.62,12.62
12.62,12.62,12.62
12.62,12.62,12.62
12.62,12.62,12.62
12.62,12.62,12.62
12.62,12.62,12.62
12.62,12.62,12.62
12.63,12.62,12.62
13.54,12.62,12.62
65.28,12.62,12.62
92.31,12.62,12.62
91.95,12.62,12.62
98.42,12.62,12.62
103.81,12.62,12.62
105.23,12.62,12.62
104.85,12.62,12.62
106.0,12.62,12.62
91.01,12.62,12.62
91.74,12.62,12.62
93.39,12.62,12.62
103.51,12.62,12.62
105.69,12.62,12.62
60.78,12.62,12.62
20.86,12.62,12.62
21.18,12.62,12.62
20.7,12.62,12.62
20.54,12.62,12.62
21.07,12.62,12.62
21.17,12.62,12.62
21.46,12.62,12.62
21.71,12.62,12.62
21.88,12.62,12.62
22.59,12.62,12.62
23.12,12.62,12.62
24.13,12.62,12.62
25.04,12.62,12.62
25.73,12.62,12.62
25.54,12.62,12.62
76.92,12.62,12.62
103.02,12.62,12.62
101.69,12.62,12.62
97.46,12.62,12.62
91.55,12.62,12.62
95.09,12.62,12.62
103.63,12.62,12.62
109.06,12.62,12.62
66.75,12.62,12.62
23.32,12.62,12.62
21.68,12.62,12.62
22.05,12.62,12.62
21.6,12.62,12.62
23.01,12.62,12.62
22.64,12.62,12.62
23.57,12.62,12.62
25.85,12.62,12.62
27.01,12.62,12.62
29.25,12.62,12.62
40.91,12.62,12.62
30.24,12.62,12.62
42.65,12.62,12.62
83.84,12.62,12.62
87.27,12.62,12.62
89.87,12.62,12.62
91.51,12.62,12.62
95.97,12.62,12.62
104.61,12.62,12.62
103.0,12.62,12.62
112.02,12.62,12.62
117.66,12.62,12.62
118.94,12.62,12.62
125.18,12.62,12.62
133.75,12.62,12.62
87.41,12.62,12.62
25.38,12.62,12.62
24.72,12.62,12.62
24.77,12.62,12.62
24.88,12.62,12.62
25.31,12.62,12.62
25.7,12.62,12.62
26.74,12.62,12.62
26.7,12.62,12.62
64.48,12.62,12.62
92.51,12.62,12.62
91.81,12.62,12.62
93.45,12.62,12.62
97.06,12.62,12.62
95.08,12.62,12.62
95.75,12.62,12.62
98.08,12.62,12.62
97.11,12.62,12.62
92.67,12.62,12.62
99.76,12.62,12.62
114.29,12.62,12.62
70.97,12.62,12.62
19.67,12.62,12.62
21.4,12.62,12.62
17.96,12.62,12.62
15.43,12.62,12.62
13.04,12.62,12.62
12.62,12.62,12.62
12.62,12.62,12.62
14.96,12.62,12.62
16.86,12.62,12.62
12.99,12.62,12.62
16.16,12.62,12.62
16.01,12.62,12.62
52.51,12.62,12.62
76.86,12.62,12.62
75.34,12.62,12.62
75.19,12.62,12.62
77.72,12.62,12.62
79.36,12.62,12.62
82.14,12.62,12.62
86.56,12.62,12.62
88.7,12.62,12.62
82.21,12.62,12.62
83.23,12.62,12.62
85.44,12.62,12.62
84.16,12.62,12.62
84.97,12.62,12.62
52.68,12.62,12.62
12.62,12.62,12.62
12.62,12.62,12.62
12.62,12.62,12.62
12.62,12.62,12.62
12.62,12.62,12.62
12.62,12.62,12.62
13.22,12.62,12.62
16.97,12.62,12.62
64.65,12.62,12.62
81.58,12.62,12.62
80.81,12.62,12.62
74.81,12.62,12.62
77.79,12.62,12.62
84.06,12.62,12.62
85.25,12.62,12.62
88.31,12.62,12.62
83.81,12.62,12.62
84.01,12.62,12.62
83.87,12.62,12.62
86.74,12.62,12.62
86.82,12.62,12.62
100.77,12.62,12.62
45.65,12.62,12.62
16.53,12.62,12.62
17.63,12.62,12.62
14.49,12.62,12.62
12.65,12.62,12.62
12.83,12.62,12.62
13.78,12.62,12.62
18.95,12.62,12.62
21.34,12.62,12.62
22.24,12.62,12.62
18.45,12.62,12.62
60.7,12.62,12.62
89.12,12.62,12.62
83.32,12.62,12.62
73.55,12.62,12.62
83.4,12.62,12.62
89.2,12.62,12.62
85.94,12.62,12.62
93.82,12.62,12.62
100.27,12.62,12.62
95.64,12.62,12.62
103.39,12.62,12.62
132.11,12.62,12.62
153.68,12.62,12.62
161.97,12.62,12.62
65.68,12.62,12.62
12.62,12.62,12.62
12.62,12.62,12.62
12.62,12.62,12.62
12.62,12.62,12.62
12.62,12.62,12.62
12.62,12.62,12.62
12.62,12.62,12.62
15.51,15.51,15.51
55.15,26.27,26.27
86.47,26.27,26.27
94.7,26.27,26.27
90.02,26.27,26.27
87.89,26.27,26.27
93.62,26.27,26.27
91.4,26.27,26.27
90.36,26.27,26.27
92.45,26.27,26.27
92.46,26.27,26.27
86.19,26.27,26.27
90.55,26.27,26.27
93.31,26.27,26.27
97.51,26.27,26.27
98.47,26.27,26.27
103.27,26.27,26.27
107.9,26.27,26.27
170.1,26.27,26.27
155.72,26.27,26.27
146.65,26.27,26.27
157.94,26.27,26.27
107.26,26.27,26.27
78.56,26.27,26.27
32.15,26.27,26.27
72.37,26.27,26.27
58.58,26.27,26.27
57.05,26.27,26.27
61.53,26.27,26.27
81.35,26.27,26.27
109.03,26.27,26.27
114.2,26.27,26.27
119.46,26.27,26.27
109.04,26.27,26.27
113.2,26.27,26.27
102.5,26.27,26.27
103.31,26.27,26.27
98.45,26.27,26.27
98.97,26.27,26.27
98.14,26.27,26.27
110.56,26.27,26.27
175.05,26.27,26.27
174.47,26.27,26.27
173.97,26.27,26.27
180.19,26.27,26.27
178.14,26.27,26.27
111.28,26.27,26.27
101.2,26.27,26.27
100.37,26.27,26.27
105.07,26.27,26.27
104.55,26.27,26.27
87.7,26.27,26.27
113.47,26.27,26.27
122.16,26.27,26.27
116.29,26.27,26.27
100.62,26.27,26.27
97.43,26.27,26.27
95.48,26.27,26.27
90.27,26.27,26.27
108.06,26.27,26.27
99.3,26.27,26.27
99.88,26.27,26.27
97.02,26.27,26.27
97.01,26.27,26.27
108.72,26.27,26.27
125.41,26.27,26.27
109.54,26.27,26.27
120.63,26.27,26.27
125.61,26.27,26.27
139.46,26.27,26.27
129.06,26.27,26.27
96.27,26.27,26.27
95.92,26.27,26.27
91.16,26.27,26.27
48.04,26.27,26.27
45.62,26.27,26.27
43.29,26.27,26.27
33.57,26.27,26.27
27.09,26.27,26.27
26.35,26.27,26.27
47.65,26.27,26.27
92.45,26.27,26.27
91.1,26.27,26.27
89.4,26.27,26.27
88.98,26.27,26.27
97.21,26.27,26.27
101.01,26.27,26.27
103.59,26.27,26.27
110.17,26.27,26.27
108.73,26.27,26.27
113.59,26.27,26.27
122.0,26.27,26.27
136.94,26.27,26.27
113.59,26.27,26.27
103.2,26.27,26.27
94.04,26.27,26.27
64.08,26.27,26.27
43.94,26.27,26.27
43.75,26.27,26.27
34.33,26.27,26.27
43.05,26.27,26.27
39.33,26.27,26.27
58.56,26.27,26.27
89.48,26.27,26.27
89.43,26.27,26.27
98.11,26.27,26.27
97.56,26.27,26.27
100.95,26.27,26.27
106.24,26.27,26.27
104.78,26.27,26.27
113.89,26.27,26.27
121.16,26.27,26.27
125.63,26.27,26.27
126.12,26.27,26.27
130.23,26.27,26.27
137.37,26.27,26.27
76.48,26.27,26.27
38.69,26.27,26.27
33.59,26.27,26.27
35.95,26.27,26.27
38.6,26.27,26.27
62.17,26.27,26.27
93.28,26.27,26.27
92.4,26.27,26.27
94.14,26.27,26.27
95.65,26.27,26.27
95.74,26.27,26.27
98.76,26.27,26.27
100.69,26.27,26.27
99.36,26.27,26.27
97.03,26.27,26.27
103.74,26.27,26.27
103.66,26.27,26.27
104.25,26.27,26.27
106.37,26.27,26.27
110.06,26.27,26.27
115.12,26.27,26.27
124.05,26.27,26.27
124.82,26.27,26.27
67.71,26.27,26.27
44.82,26.27,26.27
47.01,26.27,26.27
44.53,26.27,26.27
43.14,26.27,26.27
40.96,26.27,26.27
40.95,26.27,26.27
39.95,26.27,26.27
47.83,26.27,26.27
96.3,26.27,26.27
96.32,26.27,26.27
98.0,26.27,26.27
100.9,26.27,26.27
102.1,26.27,26.27
99.34,26.27,26.27
96.29,26.27,26.27
99.28,26.27,26.27
105.84,26.27,26.27
108.45,26.27,26.27
111.25,26.27,26.27
116.24,26.27,26.27
120.21,26.27,26.27
87.21,26.27,26.27
40.09,26.27,26.27
40.56,26.27,26.27
40.6,26.27,26.27
40.79,26.27,26.27
40.45,26.27,26.27
40.13,26.27,26.27
40.73,26.27,26.27
69.16,26.27,26.27
103.14,26.27,26.27
104.99,26.27,26.27
106.18,26.27,26.27
112.25,26.27,26.27
108.83,26.27,26.27
110.55,26.27,26.27
103.87,26.27,26.27
96.5,26.27,26.27
94.97,26.27,26.27
97.63,26.27,26.27
100.71,26.27,26.27
103.72,26.27,26.27
105.67,26.27,26.27
108.94,26.27,26.27
111.17,26.27,26.27
72.33,26.27,26.27
35.92,26.27,26.27
36.65,26.27,26.27
38.12,26.27,26.27
37.58,26.27,26.27
36.97,26.27,26.27
35.24,26.27,26.27
33.9,26.27,26.27
33.64,26.27,26.27
32.41,26.27,26.27
31.92,26.27,26.27
81.22,26.27,26.27
107.31,26.27,26.27
106.97,26.27,26.27
110.18,26.27,26.27
108.14,26.27,26.27
105.4,26.27,26.27
101.64,26.27,26.27
116.97,26.27,26.27
117.26,26.27,26.27
126.69,26.27,26.27
118.71,26.27,26.27
125.7,26.27,26.27
132.64,26.27,26.27
135.7,26.27,26.27
139.03,26.27,26.27
82.52,26.27,26.27
40.0,26.27,26.27
41.27,26.27,26.27
37.5,26.27,26.27
34.86,26.27,26.27
32.29,26.27,26.27
31.52,26.27,26.27
29.69,26.27,26.27
27.49,26.27,26.27
31.01,24.53,24.53
64.07,18.82,18.82
85.98,18.82,18.82
89.47,18.82,18.82
96.01,18.82,18.82
96.31,18.82,18.82
90.9,18.82,18.82
95.78,18.82,18.82
103.79,18.82,18.82
105.16,18.82,18.82
113.07,18.82,18.82
113.64,18.82,18.82
120.4,18.82,18.82
85.07,18.82,18.82
29.17,18.82,18.82
26.27,18.82,18.82
30.51,18.82,18.82
32.6,18.82,18.82
32.28,18.82,18.82
32.84,18.82,18.82
33.93,18.82,18.82
33.29,18.82,18.82
90.45,18.82,18.82
94.73,18.82,18.82
93.61,18.82,18.82
95.59,18.82,18.82
94.55,18.82,18.82
96.0,18.82,18.82
98.17,18.82,18.82
96.55,18.82,18.82
95.71,18.82,18.82
98.59,18.82,18.82
103.38,18.82,18.82
106.2,18.82,18.82
111.84,18.82,18.82
118.22,18.82,18.82
125.55,18.82,18.82
92.33,18.82,18.82
38.27,18.82,18.82
37.53,18.82,18.82
35.47,18.82,18.82
36.86,18.82,18.82
44.62,18.82,18.82
98.76,18.82,18.82
95.55,18.82,18.82
92.4,18.82,18.82
93.4,18.82,18.82
92.52,18.82,18.82
92.65,18.82,18.82
93.88,18.82,18.82
95.08,18.82,18.82
96.79,18.82,18.82
96.07,18.82,18.82
98.73,18.82,18.82
97.43,18.82,18.82
99.05,18.82,18.82
102.79,18.82,18.82
107.45,18.82,18.82
111.55,18.82,18.82
116.54,18.82,18.82
122.4,18.82,18.82
80.04,18.82,18.82
40.67,18.82,18.82
40.85,18.82,18.82
40.97,18.82,18.82
41.34,18.82,18.82
40.54,18.82,18.82
38.67,18.82,18.82
37.94,18.82,18.82
57.99,18.82,18.82
97.14,18.82,18.82
100.0,18.82,18.82
99.4,18.82,18.82
102.28,18.82,18.82
102.03,18.82,18.82
99.44,18.82,18.82
97.9,18.82,18.82
98.36,18.82,18.82
96.83,18.82,18.82
102.88,18.82,18.82
108.57,18.82,18.82
117.46,18.82,18.82
118.16,18.82,18.82
123.2,18.82,18.82
130.1,18.82,18.82
88.46,18.82,18.82
39.94,18.82,18.82
41.19,18.82,18.82
41.35,18.82,18.82
42.71,18.82,18.82
41.24,18.82,18.82
40.98,18.82,18.82
41.38,18.82,18.82
76.72,18.82,18.82
102.87,18.82,18.82
104.63,18.82,18.82
105.95,18.82,18.82
107.52,18.82,18.82
110.16,18.82,18.82
108.47,18.82,18.82
114.12,18.82,18.82
108.59,18.82,18.82
100.36,18.82,18.82
110.9,18.82,18.82
112.77,18.82,18.82
117.37,18.82,18.82
106.63,18.82,18.82
67.1,18.82,18.82
34.68,18.82,18.82
33.21,18.82,18.82
52.86,12.62,12.62
50.72,12.62,12.62
31.37,12.62,12.62
27.14,12.62,12.62
101.19,12.62,12.62
107.12,12.62,12.62
108.75,12.62,12.62
115.27,12.62,12.62
117.37,12.62,12.62
115.75,12.62,12.62
115.42,12.62,12.62
113.25,12.62,12.62
109.87,12.62,12.62
104.14,12.62,12.62
110.62,12.62,12.62
105.37,12.62,12.62
103.18,12.62,12.62
106.9,12.62,12.62
115.43,12.62,12.62
121.9,12.62,12.62
79.89,12.62,12.62
47.21,12.62,12.62
40.74,12.62,12.62
49.06,12.62,12.62
74.77,12.62,12.62
70.87,12.62,12.62
94.74,12.62,12.62
115.69,12.62,12.62
112.51,12.62,12.62
105.26,12.62,12.62
64.7,12.62,12.62
38.93,12.62,12.62
51.87,12.62,12.62
92.84,12.62,12.62
101.79,12.62,12.62
105.15,12.62,12.62
98.89,12.62,12.62
107.41,12.62,12.62
108.66,12.62,12.62
95.64,12.62,12.62
90.94,12.62,12.62
84.88,12.62,12.62
91.71,12.62,12.62
98.9,12.62,12.62
97.75,12.62,12.62
106.38,12.62,12.62
110.64,12.62,12.62
110.35,12.62,12.62
97.65,12.62,12.62
111.35,12.62,12.62
123.43,12.62,12.62
129.53,12.62,12.62
114.79,12.62,12.62
115.73,12.62,12.62
105.69,12.62,12.62
100.74,12.62,12.62
99.86,12.62,12.62
97.3,12.62,12.62
97.1,12.62,12.62
97.59,12.62,12.62
99.06,12.62,12.62
100.26,12.62,12.62
105.14,12.62,12.62
104.78,12.62,12.62
103.69,12.62,12.62
107.69,12.62,12.62
112.06,12.62,12.62
115.28,12.62,12.62
79.57,12.62,12.62
46.14,12.62,12.62
41.86,12.62,12.62
40.63,12.62,12.62
39.97,12.62,12.62
38.93,12.62,12.62
38.49,12.62,12.62
39.18,12.62,12.62
41.91,12.62,12.62
45.57,12.62,12.62
46.47,12.62,12.62
46.49,12.62,12.62
70.23,12.62,12.62
104.1,12.62,12.62
102.43,12.62,12.62
104.0,12.62,12.62
105.42,12.62,12.62
107.14,12.62,12.62
114.29,12.62,12.62
107.78,12.62,12.62
118.13,12.62,12.62
109.26,12.62,12.62
116.25,12.62,12.62
118.84,12.62,12.62
119.65,12.62,12.62
123.31,12.62,12.62
80.89,12.62,12.62
74.01,12.62,12.62
189.2,12.62,12.62
182.09,12.62,12.62
214.63,12.62,12.62
191.48,12.62,12.62
52.82,12.62,12.62
94.87,12.62,12.62
83.38,12.62,12.62
135.11,12.62,12.62
123.06,12.62,12.62
135.91,12.62,12.62
136.82,12.62,12.62
129.71,12.62,12.62
148.76,12.62,12.62
135.17,12.62,12.62
123.52,12.62,12.62
120.1,12.62,12.62
115.92,12.62,12.62
107.2,12.62,12.62
119.66,12.62,12.62
133.44,12.62,12.62
132.46,12.62,12.62
162.37,12.62,12.62
170.36,12.62,12.62
180.28,12.62,12.62
196.86,12.62,12.62
215.59,12.62,12.62
214.52,12.62,12.62
180.47,12.62,12.62
117.29,12.62,12.62
113.84,12.62,12.62
107.18,12.62,12.62
105.04,12.62,12.62
129.77,12.62,12.62
100.25,12.62,12.62
100.22,12.62,12.62
107.63,12.62,12.62
100.18,12.62,12.62
102.99,12.62,12.62
108.89,12.62,12.62
118.8,12.62,12.62
118.36,12.62,12.62
119.48,12.62,12.62
107.95,12.62,12.62
115.95,12.62,12.62
107.18,12.62,12.62
111.35,12.62,12.62
123.92,12.62,12.62
115.71,12.62,12.62
76.55,12.62,12.62
144.01,12.62,12.62
147.81,12.62,12.62
144.45,12.62,12.62
40.73,12.62,12.62
39.77,12.62,12.62
48.17,12.62,12.62
75.97,12.62,12.62
106.28,12.62,12.62
96.55,12.62,12.62
98.61,12.62,12.62
99.11,12.62,12.62
101.86,12.62,12.62
104.07,12.62,12.62
104.54,12.62,12.62
146.32,12.62,12.62
107.55,12.62,12.62
145.98,12.62,12.62
113.11,12.62,12.62
115.28,12.62,12.62
119.42,12.62,12.62
182.33,12.62,12.62
113.11,12.62,12.62
184.32,12.62,12.62
194.25,12.62,12.62
193.87,12.62,12.62
194.72,12.62,12.62
194.27,12.62,12.62
191.32,12.62,12.62
164.17,12.62,12.62
194.58,12.62,12.62
195.4,12.62,12.62
192.0,12.62,12.62
98.79,12.62,12.62
104.9,12.62,12.62
105.85,12.62,12.62
107.6,12.62,12.62
112.41,12.62,12.62
124.03,12.62,12.62
120.34,12.62,12.62
124.29,12.62,12.62
132.98,12.62,12.62
226.52,12.62,12.62
224.43,12.62,12.62
116.31,12.62,12.62
121.7,12.62,12.62
143.41,12.62,12.62
168.29,12.62,12.62
164.58,12.62,12.62
132.45,12.62,12.62
125.21,12.62,12.62
111.88,12.62,12.62
105.62,12.62,12.62
103.7,12.62,12.62
105.68,12.62,12.62
160.97,12.62,12.62
156.66,12.62,12.62
114.22,12.62,12.62
104.64,12.62,12.62
145.87,12.62,12.62
135.57,12.62,12.62
152.26,12.62,12.62
145.31,12.62,12.62
133.58,12.62,12.62
101.61,12.62,12.62
113.5,12.62,12.62
119.72,12.62,12.62
112.74,12.62,12.62
110.74,12.62,12.62
115.7,12.62,12.62
123.8,12.62,12.62
140.25,12.62,12.62
166.9,12.62,12.62
159.41,12.62,12.62
157.86,12.62,12.62
144.92,12.62,12.62
109.52,12.62,12.62
64.73,12.62,12.62
40.82,12.62,12.62
129.04,12.62,12.62
114.92,12.62,12.62
61.38,12.62,12.62
63.36,12.62,12.62
41.6,12.62,12.62
58.53,12.62,12.62
96.67,12.62,12.62
105.49,12.62,12.62
112.4,12.62,12.62
108.21,12.62,12.62
118.56,12.62,12.62
128.77,12.62,12.62
139.19,12.62,12.62
116.63,12.62,12.62
125.69,12.62,12.62
129.45,12.62,12.62
125.88,12.62,12.62
141.66,12.62,12.62
142.31,12.62,12.62
154.24,12.62,12.62
132.82,12.62,12.62
118.7,12.62,12.62
105.64,12.62,12.62
98.34,12.62,12.62
109.38,12.62,12.62
106.04,12.62,12.62
98.01,12.62,12.62
121.96,12.62,12.62
124.03,12.62,12.62
118.49,12.62,12.62
164.23,12.62,12.62
184.55,12.62,12.62
180.33,12.62,12.62
93.54,12.62,12.62
133.98,12.62,12.62
147.29,12.62,12.62
153.47,12.62,12.62
124.76,12.62,12.62
102.41,12.62,12.62
88.2,12.62,12.62
85.55,12.62,12.62
88.59,12.62,12.62
86.62,12.62,12.62
90.35,12.62,12.62
94.66,12.62,12.62
91.85,12.62,12.62
94.59,12.62,12.62
96.79,12.62,12.62
90.04,12.62,12.62
90.3,12.62,12.62
93.82,12.62,12.62
91.81,12.62,12.62
89.99,12.62,12.62
93.24,12.62,12.62
84.13,12.62,12.62
125.95,12.62,12.62
175.25,12.62,12.62
168.47,12.62,12.62
163.57,12.62,12.62
172.99,12.62,12.62
168.18,12.62,12.62
184.86,12.62,12.62
185.61,12.62,12.62
201.62,12.62,12.62
183.7,12.62,12.62
184.06,12.62,12.62
181.12,12.62,12.62
183.47,12.62,12.62
119.49,12.62,12.62
148.76,12.62,12.62
156.38,12.62,12.62
144.91,12.62,12.62
138.25,12.62,12.62
115.65,12.62,12.62
136.56,12.62,12.62
128.83,12.62,12.62
124.56,12.62,12.62
162.35,12.62,12.62
145.86,12.62,12.62
175.41,12.62,12.62
231.2,12.62,12.62
148.38,12.62,12.62
209.74,12.62,12.62
135.87,12.62,12.62
133.95,12.62,12.62
141.78,12.62,12.62
119.63,12.62,12.62
124.4,12.62,12.62
123.44,12.62,12.62
127.44,12.62,12.62
130.73,12.62,12.62
127.99,12.62,12.62
120.59,12.62,12.62
148.52,12.62,12.62
139.62,12.62,12.62
241.91,12.62,12.62
242.53,12.62,12.62
173.74,12.62,12.62
179.76,12.62,12.62
141.44,12.62,12.62
156.41,12.62,12.62
142.83,12.62,12.62
158.38,12.62,12.62
167.94,12.62,12.62
115.05,12.62,12.62
115.78,12.62,12.62
111.68,12.62,12.62
142.77,12.62,12.62
141.5,12.62,12.62
135.67,12.62,12.62
126.01,12.62,12.62
202.17,12.62,12.62
185.68,12.62,12.62
157.51,12.62,12.62
183.8,12.62,12.62
184.07,12.62,12.62
175.54,12.62,12.62
113.6,12.62,12.62
127.84,12.62,12.62
92.29,12.62,12.62
92.47,12.62,12.62
101.67,12.62,12.62
97.08,12.62,12.62
97.96,12.62,12.62
99.26,12.62,12.62
101.38,12.62,12.62
101.32,12.62,12.62
101.56,12.62,12.62
101.01,12.62,12.62
97.74,12.62,12.62
99.86,12.62,12.62
103.66,12.62,12.62
112.86,12.62,12.62
111.0,12.62,12.62
98.77,12.62,12.62
97.07,12.62,12.62
93.02,12.62,12.62
98.06,12.62,12.62
93.42,12.62,12.62
93.04,12.62,12.62
90.05,12.62,12.62
90.28,12.62,12.62
89.06,12.62,12.62
87.45,12.62,12.62
87.93,12.62,12.62
87.3,12.62,12.62
88.88,12.62,12.62
24.53,12.62,12.62
18.82,12.62,12.62
40.81,12.62,12.62
86.04,12.62,12.62
92.23,12.62,12.62
94.66,12.62,12.62
94.05,12.62,12.62
97.3,12.62,12.62
99.2,12.62,12.62
103.03,12.62,12.62
103.54,12.62,12.62
103.39,12.62,12.62
107.94,12.62,12.62
106.43,12.62,12.62
91.58,12.62,12.62
91.83,12.62,12.62
91.58,12.62,12.62
88.1,12.62,12.62
90.21,12.62,12.62
91.32,12.62,12.62
88.51,12.62,12.62
82.12,12.62,12.62
85.0,12.62,12.62
87.06,12.62,12.62
84.99,12.62,12.62
84.46,12.62,12.62
105.35,12.62,12.62
89.01,12.62,12.62
87.01,12.62,12.62
86.01,12.62,12.62
87.04,12.62,12.62
88.83,12.62,12.62
97.02,12.62,12.62
95.11,12.62,12.62
95.88,12.62,12.62
95.07,12.62,12.62
103.63,12.62,12.62
104.16,12.62,12.62
104.64,12.62,12.62
81.77,12.62,12.62
72.08,12.62,12.62
61.4,12.62,12.62
64.0,12.62,12.62
47.55,12.62,12.62
55.89,12.62,12.62
103.47,12.62,12.62
100.5,12.62,12.62
98.46,12.62,12.62
127.55,12.62,12.62
105.49,12.62,12.62
91.72,12.62,12.62
99.38,12.62,12.62
99.33,12.62,12.62
96.23,12.62,12.62
95.96,12.62,12.62
96.4,12.62,12.62
104.54,12.62,12.62
104.56,12.62,12.62
103.53,12.62,12.62
115.07,12.62,12.62
115.93,12.62,12.62
118.4,12.62,12.62
47.91,12.62,12.62
25.14,12.62,12.62
29.06,12.62,12.62
30.24,12.62,12.62
30.39,12.62,12.62
33.26,12.62,12.62
32.56,12.62,12.62
59.54,12.62,12.62
107.82,12.62,12.62
164.08,12.62,12.62
198.7,12.62,12.62
119.59,12.62,12.62
89.91,12.62,12.62
92.48,12.62,12.62
93.44,12.62,12.62
94.49,12.62,12.62
93.37,12.62,12.62
95.69,12.62,12.62
99.74,12.62,12.62
109.49,12.62,12.62
105.35,12.62,12.62
111.34,12.62,12.62
114.3,12.62,12.62
105.71,12.62,12.62
114.72,12.62,12.62
80.06,12.62,12.62
82.83,12.62,12.62
78.03,12.62,12.62
74.66,12.62,12.62
69.16,12.62,12.62
65.66,12.62,12.62
83.76,12.62,12.62
93.99,12.62,12.62
87.27,12.62,12.62
90.9,12.62,12.62
89.23,12.62,12.62
91.25,12.62,12.62
102.2,12.62,12.62
106.95,12.62,12.62
112.09,12.62,12.62
104.56,12.62,12.62
97.55,12.62,12.62
100.57,12.62,12.62
108.1,12.62,12.62
107.98,12.62,12.62
100.16,12.62,12.62
102.63,12.62,12.62
59.25,12.62,12.62
12.62,12.62,12.62
12.62,12.62,12.62
13.81,12.62,12.62
15.0,12.62,12.62
18.13,12.62,12.62
20.07,12.62,12.62
23.63,12.62,12.62
33.24,12.62,12.62
89.39,12.62,12.62
101.34,12.62,12.62
103.46,12.62,12.62
99.38,12.62,12.62
101.02,12.62,12.62
103.79,12.62,12.62
100.96,12.62,12.62
100.59,12.62,12.62
101.25,12.62,12.62
102.66,12.62,12.62
114.29,12.62,12.62
120.45,12.62,12.62
136.52,12.62,12.62
129.93,12.62,12.62
130.24,12.62,12.62
111.26,12.62,12.62
49.86,12.62,12.62
50.89,12.62,12.62
84.19,12.62,12.62
68.82,12.62,12.62
62.49,12.62,12.62
55.33,12.62,12.62
142.89,12.62,12.62
72.44,12.62,12.62
103.92,12.62,12.62
126.99,12.62,12.62
130.86,12.62,12.62
117.88,12.62,12.62
132.47,12.62,12.62
123.6,12.62,12.62
126.84,12.62,12.62
109.86,12.62,12.62
101.89,12.62,12.62
199.0,12.62,12.62
164.74,12.62,12.62
118.43,12.62,12.62
120.98,12.62,12.62
121.78,12.62,12.62
123.62,12.62,12.62
137.35,12.62,12.62
101.12,12.62,12.62
50.71,12.62,12.62
39.25,12.62,12.62
41.07,12.62,12.62
48.86,12.62,12.62
40.95,12.62,12.62
46.76,12.62,12.62
38.3,12.62,12.62
51.71,12.62,12.62
102.77,12.62,12.62
111.25,12.62,12.62
117.21,12.62,12.62
116.13,12.62,12.62
116.0,12.62,12.62
116.99,12.62,12.62
118.04,12.62,12.62
110.45,12.62,12.62
112.09,12.62,12.62
122.43,12.62,12.62
126.88,12.62,12.62
131.05,12.62,12.62
134.57,12.62,12.62
136.4,12.62,12.62
138.14,12.62,12.62
107.76,12.62,12.62
12.62,12.62,12.62
14.34,12.62,12.62
44.1,12.62,12.62
80.9,12.62,12.62
113.01,12.62,12.62
70.06,12.62,12.62
33.93,12.62,12.62
33.2,12.62,12.62
29.7,12.62,12.62
28.37,12.62,12.62
31.2,12.62,12.62
33.16,12.62,12.62
22.96,12.62,12.62
19.34,12.62,12.62
24.11,12.62,12.62
21.07,12.62,12.62
12.62,12.62,12.62
12.62,12.62,12.62
12.62,12.62,12.62
12.62,12.62,12.62
12.62,12.62,12.62
12.62,12.62,12.62
12.62,12.62,12.62
12.62,12.62,12.62
12.62,12.62,12.62
12.62,12.62,12.62
12.62,12.62,12.62
12.62,12.62,12.62
12.62,12.62,12.62
15.79,12.62,12.62
52.18,12.62,12.62
74.12,12.62,12.62
78.73,12.62,12.62
75.99,12.62,12.62
76.74,12.62,12.62
77.62,12.62,12.62
82.82,12.62,12.62
86.42,12.62,12.62
84.1,12.62,12.62
88.35,12.62,12.62
89.99,12.62,12.62
90.73,12.62,12.62
89.66,12.62,12.62
88.59,12.62,12.62
88.91,12.62,12.62
88.51,12.62,12.62
63.67,12.62,12.62
53.38,12.62,12.62
69.92,12.62,12.62
73.45,12.62,12.62
47.68,12.62,12.62
28.51,12.62,12.62
12.87,12.62,12.62
27.92,12.62,12.62
90.08,12.62,12.62
94.2,12.62,12.62
86.63,12.62,12.62
81.13,12.62,12.62
83.35,12.62,12.62
83.48,12.62,12.62
82.51,12.62,12.62
85.72,12.62,12.62
87.04,12.62,12.62
92.24,12.62,12.62
94.54,12.62,12.62
112.11,12.62,12.62
121.82,12.62,12.62
125.72,12.62,12.62
88.62,12.62,12.62
91.45,12.62,12.62
76.15,12.62,12.62
12.89,12.62,12.62
12.62,12.62,12.62
12.62,12.62,12.62
12.62,12.62,12.62
12.62,12.62,12.62
13.26,12.62,12.62
15.43,12.62,12.62
34.79,12.62,12.62
40.62,12.62,12.62
29.34,12.62,12.62
22.65,12.62,12.62
29.53,12.62,12.62
19.19,12.62,12.62
17.64,12.62,12.62
16.87,12.62,12.62
16.06,12.62,12.62
14.09,12.62,12.62
12.73,12.62,12.62
13.52,12.62,12.62
12.92,12.62,12.62
12.62,12.62,12.62
14.5,12.62,12.62
15.02,12.62,12.62
12.86,12.62,12.62
13.23,12.62,12.62
14.04,12.62,12.62
12.62,12.62,12.62
12.62,12.62,12.62
12.62,12.62,12.62
12.62,12.62,12.62
12.62,12.62,12.62
12.66,12.62,12.62
13.51,12.62,12.62
15.14,12.62,12.62
15.82,12.62,12.62
41.94,12.62,12.62
23.28,12.62,12.62
41.84,12.62,12.62
48.51,12.62,12.62
51.94,12.62,12.62
32.75,12.62,12.62
27.27,12.62,12.62
28.38,12.62,12.62
26.57,12.62,12.62
12.68,12.62,12.62
12.62,12.62,12.62
12.62,12.62,12.62
12.62,12.62,12.62
12.62,12.62,12.62
12.62,12.62,12.62
12.62,12.62,12.62
12.62,12.62,12.62
12.62,12.62,12.62
12.62,12.62,12.62
12.62,12.62,12.62
15.96,12.62,12.62
23.95,12.62,12.62
28.66,12.62,12.62
27.92,12.62,12.62
33.68,12.62,12.62
31.3,12.62,12.62
27.96,12.62,12.62
21.54,12.62,12.62
25.85,12.62,12.62
13.97,12.62,12.62
13.26,12.62,12.62
12.62,12.62,12.62
14.06,12.62,12.62
12.62,12.62,12.62
14.08,14.08,14.08
29.33,14.18,14.18
