slack_0,non_interrupt,interrupt
1556.45,1039.88,1013.6
1539.81,1039.88,1013.6
1529.2,1039.88,1014.95
1500.34,1039.88,1014.95
1468.53,1039.88,1014.95
1430.96,1039.88,1014.5
1392.66,1039.88,1011.31
1358.76,1039.88,1009.53
1320.22,1039.88,1006.91
1275.32,1039.88,1000.69
1236.6,1039.88,997.44
1199.28,1039.88,989.49
1164.83,1039.88,978.33
1134.91,1039.88,967.21
1102.2,1039.88,955.72
1072.69,1039.88,947.89
1053.79,1039.88,939.46
1046.0,1039.88,929.84
1045.51,1039.88,920.27
1039.88,1039.88,909.69
1043.33,1043.33,900.93
1053.22,1053.22,898.35
1067.33,1048.07,898.35
1080.08,1032.66,898.35
1101.25,1017.88,898.35
1115.88,1013.99,901.59
1127.84,1013.99,906.15
1138.5,1013.99,909.4
1150.6,1013.99,914.06
1164.63,1013.99,916.14
1177.15,1001.34,909.18
1185.93,981.23,897.85
1193.3,962.1,886.09
1196.79,948.11,875.59
1199.31,931.44,861.44
1194.87,919.73,845.29
1185.43,911.32,829.4
1173.97,903.3,813.68
1166.27,896.11,798.79
1156.34,886.24,784.45
1145.17,877.99,770.53
1138.14,871.27,756.78
1129.06,865.66,744.31
1118.48,861.44,733.78
1094.6200000000001,858.32,726.03
1070.52,852.29,722.25
1048.07,849.56,722.25
1032.66,849.3,722.25
1017.88,849.3,722.25
1013.99,849.3,722.25
1015.28,849.3,722.25
1027.84,849.3,722.25
1032.77,849.3,722.25
1020.82,849.3,722.25
1001.34,849.3,722.25
981.23,849.3,722.25
962.1,849.3,722.25
948.11,849.3,722.25
931.44,849.3,722.25
919.73,849.3,722.25
911.32,849.3,723.86
903.3,849.3,726.56
896.11,849.3,731.68
886.24,849.3,734.74
877.99,849.3,738.94
871.27,849.3,736.29
865.66,849.3,736.48
861.44,849.3,738.86
858.32,849.3,748.09
852.29,849.3,751.63
849.56,849.3,752.73
849.3,849.3,752.73
857.06,857.06,752.73
869.44,869.44,752.73
882.98,882.98,752.73
891.5,891.5,752.73
908.11,908.11,740.96
933.45,933.45,730.03
955.09,955.09,730.07
980.67,980.67,730.67
1010.49,1010.49,731.62
1038.4,992.35,732.51
1061.75,969.77,733.28
1086.97,945.46,734.19
1110.99,922.5,735.25
1132.54,901.54,735.84
1153.4,881.06,736.22
1177.14,857.31,736.21
1189.59,844.99,736.34
1193.66,841.04,736.46
1199.46,835.36,736.58
1206.06,827.57,735.39
1218.41,812.06,732.23
1229.08,795.03,725.87
1235.5,775.35,712.61
1229.64,762.37,704.12
1218.1200000000001,762.37,704.12
1208.19,762.37,704.12
1196.59,762.37,704.12
1170.99,762.37,704.12
1131.09,762.37,704.12
1094.82,762.37,704.12
1073.22,762.37,704.12
1048.24,762.37,695.53
1019.37,762.37,691.86
992.35,762.37,689.71
969.77,762.37,684.8
945.46,762.37,678.86
922.5,762.37,673.3
901.54,762.37,668.57
881.0600000000001,762.37,664.12
857.3100000000001,762.37,659.84
844.99,762.37,658.22
841.04,762.37,656.99
835.36,762.37,656.0
827.57,762.37,655.1
812.0600000000001,762.37,654.42
795.03,762.37,653.82
775.35,762.37,653.46
762.37,762.37,653.46
769.54,768.57,653.46
768.57,768.57,653.46
777.14,769.16,653.46
789.44,740.26,653.46
813.1800000000001,713.19,653.46
835.07,693.33,653.92
847.37,682.6,654.25
850.8100000000001,679.71,654.61
854.37,675.94,654.4
858.51,671.51,654.15
858.61,671.03,654.02
856.99,671.03,653.91
855.14,671.03,653.71
853.75,671.03,653.62
852.75,671.03,653.53
852.0,671.03,653.62
851.5,671.03,653.93
851.25,671.03,654.02
851.03,671.03,653.85
850.91,671.03,654.2
850.96,671.03,654.56
851.07,671.03,655.02
851.35,671.03,655.54
844.77,671.03,655.54
821.82,671.03,655.54
801.13,671.03,655.54
769.16,671.03,655.54
740.26,671.03,655.54
713.19,671.03,655.54
693.33,671.03,655.54
682.6,671.03,655.54
679.71,671.03,655.54
675.94,671.03,655.54
671.51,671.03,655.54
671.03,671.03,655.54
672.06,672.06,655.63
672.99,672.99,656.0
673.86,673.86,656.64
674.66,674.66,657.07
675.52,675.52,657.66
676.34,676.34,658.27
676.68,676.68,658.71
676.73,676.73,659.12
683.23,683.23,659.54
699.74,699.74,659.81
718.1,718.1,659.94
737.95,737.95,660.02
755.68,755.68,659.93
771.37,771.37,659.92
793.01,793.01,659.92
820.64,820.64,659.92
850.52,850.52,659.92
886.78,846.24,659.92
928.95,802.83,659.92
971.26,759.21,659.92
1010.84,719.1,659.84
1043.48,686.18,659.56
1059.48,670.06,659.52
1064.96,664.57,659.51
1064.02,664.57,659.36
1063.46,664.57,659.31
1063.23,664.57,659.19
1062.86,664.57,659.01
1062.59,664.57,658.64
1062.38,664.57,658.0
1062.48,664.57,657.67
1062.84,664.57,657.64
1056.76,664.26,657.04
1040.52,663.83,656.61
1022.29,663.57,656.25
1002.52,663.43,656.09
984.7,663.16,655.87
967.55,663.03,655.87
943.55,662.48,655.87
913.83,662.0,655.87
883.02,661.17,655.87
846.24,660.16,655.87
802.83,659.44,655.64
759.21,658.83,655.3
719.1,658.31,654.92
686.1800000000001,658.1,654.59
670.0600000000001,657.56,654.19
664.57,657.23,654.01
665.36,657.05,654.62
665.87,656.91,654.99
665.98,656.68,654.87
666.17,656.52,654.9
666.07,656.43,654.71
665.63,656.43,654.59
665.2,656.43,654.58
664.81,656.43,654.58
664.26,656.43,654.58
663.83,656.43,654.58
663.57,656.43,654.58
663.43,656.43,654.58
663.16,656.43,654.58
663.03,656.43,654.58
662.48,656.43,654.58
662.0,656.43,654.44
661.17,656.43,654.4
660.16,656.43,654.4
659.44,656.43,654.4
658.83,656.43,654.27
658.3100000000001,656.43,653.74
658.1,656.43,653.22
657.5600000000001,656.43,652.58
657.23,656.43,652.04
657.05,656.43,651.29
656.91,656.06,650.42
656.68,655.2,649.47
656.52,654.62,648.79
656.43,654.62,648.81
656.74,654.62,649.1
657.16,654.62,648.84
657.52,654.62,649.04
658.0,654.62,649.32
658.37,654.62,649.48
658.84,654.62,649.57
659.36,654.62,649.57
660.04,654.62,649.56
660.15,654.62,648.5
659.98,654.59,647.25
659.41,652.95,645.58
658.97,651.22,643.91
658.77,649.41,642.28
659.0,648.81,641.96
659.07,648.81,642.08
658.79,648.81,642.25
658.48,648.81,642.41
658.12,648.81,642.66
657.66,648.81,642.73
656.96,648.81,642.78
656.0600000000001,648.81,642.81
655.2,648.81,643.02
654.62,648.81,643.28
655.89,648.81,643.57
657.1800000000001,648.81,643.73
656.5,648.81,643.84
656.35,648.81,643.92
656.96,648.81,643.97
657.58,648.81,644.12
658.1800000000001,648.81,644.12
658.1,648.81,643.5
657.38,648.81,642.1
655.96,648.81,639.91
654.59,648.81,637.06
652.95,648.81,633.63
651.22,648.81,630.17
649.41,648.81,627.33
648.81,648.81,625.82
650.22,650.22,625.9
653.36,653.36,626.39
656.88,656.88,627.42
659.66,659.66,628.84
661.67,661.67,630.21
664.04,664.04,631.94
666.21,666.21,633.95
669.2,669.2,636.21
671.65,669.83,638.21
672.85,669.83,638.28
673.79,669.83,638.31
676.55,669.83,639.97
678.24,669.83,640.36
679.16,669.83,639.33
679.79,669.62,638.16
680.11,667.99,636.85
679.32,667.61,635.68
678.16,667.61,634.89
677.16,667.61,635.03
675.68,667.61,635.4
673.89,667.61,636.45
672.16,667.61,637.69
670.99,667.61,639.27
669.83,667.61,639.77
670.51,667.61,638.72
671.8199999999999,667.61,637.65
673.14,667.61,636.66
673.99,667.61,635.67
675.16,666.12,635.46
675.79,663.91,635.26
676.89,661.47,634.99
677.23,659.04,634.7
677.81,656.57,634.37
676.68,655.07,633.92
675.77,653.47,633.55
674.67,652.14,633.23
673.37,651.57,633.1
671.42,651.57,633.1
669.62,651.57,633.1
667.99,651.57,633.1
667.61,651.57,633.18
667.98,651.57,633.8
669.12,651.57,635.13
670.97,651.57,636.63
673.81,651.57,638.53
676.78,651.57,640.49
679.53,650.5,641.88
681.19,648.74,641.78
679.44,647.28,640.66
675.69,646.08,639.76
671.54,644.7,638.74
668.6,643.67,637.95
666.12,643.67,637.95
663.91,643.67,637.95
661.47,643.67,637.95
659.04,643.67,637.95
656.5699999999999,643.67,637.95
655.0699999999999,643.67,637.95
653.47,643.67,637.95
652.14,643.67,637.95
651.5699999999999,643.67,637.95
651.92,643.67,638.01
652.54,643.67,638.18
653.26,643.67,638.37
653.72,643.67,638.91
653.97,643.67,639.61
654.16,643.67,640.46
653.81,643.67,641.39
652.87,643.67,642.09
651.86,643.67,642.66
650.5,643.67,642.89
648.74,643.67,642.91
647.28,643.67,642.91
646.08,643.67,642.91
644.7,643.67,642.91
643.67,643.67,643.01
643.8,643.8,643.13
644.07,644.0,643.38
644.0,644.0,643.76
644.63,644.63,644.25
647.95,647.95,644.95
649.91,649.91,646.19
652.33,652.33,647.48
654.13,654.13,648.87
656.27,656.27,648.86
657.88,657.88,648.76
658.58,658.34,648.99
658.34,658.34,650.12
659.44,659.44,651.94
663.35,663.35,654.21
671.8,671.8,655.43
679.3,679.3,657.0
684.73,684.73,659.04
688.37,688.37,661.14
691.84,691.84,662.94
697.77,697.77,664.57
707.65,707.65,665.65
715.3,703.98,666.37
721.2,698.97,667.26
731.02,689.94,668.05
734.48,685.97,667.54
737.36,682.57,667.02
740.52,679.18,666.79
743.67,675.03,665.79
744.41,670.78,663.71
746.18,667.02,661.72
746.59,664.16,659.86
746.18,662.72,658.42
744.03,662.72,657.96
742.3199999999999,662.72,657.96
741.85,662.72,657.96
743.77,662.72,658.92
744.72,662.72,659.46
743.77,662.72,659.27
736.54,662.72,657.95
730.61,662.72,656.87
727.22,662.72,656.43
725.68,662.72,656.43
724.01,662.72,656.43
719.71,662.72,656.43
710.91,662.72,656.43
703.98,662.72,656.43
698.97,662.72,656.43
689.94,662.72,656.43
685.97,662.72,656.43
682.57,662.72,656.43
679.18,662.72,656.43
675.03,662.72,656.43
670.78,662.72,656.43
667.02,662.72,656.43
664.16,662.72,656.43
662.72,662.72,656.43
663.45,663.45,657.27
665.49,664.36,657.92
667.25,664.36,658.33
667.02,664.36,658.33
666.61,664.36,658.33
665.47,664.36,658.33
664.9300000000001,664.36,659.11
664.63,664.36,660.08
664.36,664.36,661.08
664.39,664.39,662.12
664.97,664.97,663.52
666.8100000000001,666.81,665.36
668.25,668.25,667.34
671.03,671.03,669.53
675.63,675.63,671.82
680.49,680.49,674.05
685.27,685.27,676.38
689.0600000000001,689.06,678.86
691.42,691.42,681.62
694.0,694.0,684.5
696.1,696.1,687.36
698.86,698.86,691.29
701.59,701.59,695.93
703.59,703.59,700.82
704.98,704.98,704.98
708.57,708.57,708.19
718.44,718.44,710.4
725.76,725.76,712.76
732.67,732.67,715.94
739.8,739.8,720.01
747.53,747.53,725.61
755.58,755.58,731.22
760.94,760.94,736.85
771.98,771.98,742.13
781.66,781.66,747.46
791.58,791.58,752.17
807.86,807.86,757.55
817.75,817.75,761.03
819.39,819.39,758.28
820.05,820.05,752.72
824.02,824.02,747.19
828.86,828.86,742.44
839.17,839.17,739.52
851.85,841.4,736.75
861.24,829.75,734.49
864.65,823.35,731.5
869.79,815.15,728.44
874.8,808.0,726.3
879.14,801.43,724.07
878.76,795.97,718.23
871.1,791.8,711.86
866.14,788.75,706.46
862.41,785.91,702.01
860.56,785.0,701.67
868.12,774.65,700.62
877.99,762.87,700.62
891.63,749.9,701.01
902.05,728.0,695.29
914.94,704.18,689.14
915.69,691.6,683.43
906.19,683.99,678.56
899.78,677.96,673.25
895.39,676.19,668.14
889.17,676.19,663.18
879.67,676.19,658.58
870.08,676.19,654.27
856.85,676.19,652.29
841.4,676.19,650.61
829.75,676.19,649.21
823.35,676.19,648.52
815.15,676.19,648.0
808.0,676.19,647.66
801.43,676.19,647.66
795.97,676.19,647.66
791.8,676.19,647.66
788.75,676.19,647.66
785.91,676.19,647.66
785.0,673.96,647.66
774.65,669.33,647.66
762.87,663.32,647.66
749.9,657.37,647.66
728.0,657.35,647.66
704.18,657.35,647.66
691.6,657.35,647.66
683.99,657.35,647.66
677.96,657.35,647.66
676.19,657.35,647.66
676.75,657.35,648.57
677.6,657.35,649.59
678.66,657.35,650.84
679.41,657.35,651.88
679.94,657.35,652.68
680.21,657.35,653.36
680.57,657.35,654.11
681.03,657.35,654.84
681.38,657.35,655.45
681.75,657.35,655.96
681.98,657.35,656.35
681.8100000000001,657.35,656.35
680.74,657.35,656.35
679.22,657.35,655.69
673.96,657.35,654.51
669.33,657.35,653.3
663.32,657.35,652.24
657.37,657.35,651.54
657.35,657.35,650.16
658.1,656.37,649.15
658.48,655.14,648.3
658.7,654.82,648.3
659.49,653.58,647.85
660.38,652.11,647.27
661.05,650.86,646.69
661.41,650.01,646.2
661.63,649.42,645.83
662.0,648.76,645.54
662.3,648.27,645.35
662.95,647.51,645.24
663.45,646.95,645.18
663.72,646.5,645.0
663.98,645.83,644.59
664.12,645.19,644.09
664.49,645.19,644.2
664.6899999999999,645.19,644.2
664.88,645.05,643.69
664.13,645.05,643.29
662.76,645.05,643.29
661.46,645.05,642.5
660.4,645.05,642.16
659.5699999999999,645.05,642.16
658.13,645.05,642.16
656.37,645.05,642.16
655.14,645.05,642.16
654.8199999999999,645.05,642.16
653.58,645.05,642.16
652.11,645.05,642.16
650.86,645.05,642.16
650.01,645.05,642.16
649.42,645.05,642.16
648.76,645.05,642.16
648.27,645.05,642.16
647.51,645.05,642.16
646.95,645.05,642.16
646.5,645.05,642.16
645.83,645.05,642.16
645.19,645.05,642.16
645.5,645.05,642.16
645.75,645.05,641.84
645.05,645.05,641.54
645.26,645.26,641.47
646.44,646.44,642.18
646.8,646.8,642.96
647.42,647.42,643.36
647.93,647.93,643.05
649.12,649.12,643.23
650.3,650.3,643.49
651.47,651.46,643.81
651.46,651.46,643.81
651.84,651.84,644.15
652.53,652.53,644.83
653.55,653.55,645.61
654.41,654.41,646.11
655.46,655.46,646.54
656.51,655.92,646.96
657.28,655.92,647.36
658.1,655.92,647.84
658.71,655.92,648.29
659.5,655.92,648.87
660.34,655.92,649.6
661.0,655.92,650.26
660.37,655.92,650.26
659.2,655.92,650.26
659.05,655.92,650.94
658.77,655.92,651.45
659.18,655.92,651.57
659.74,655.92,652.18
659.52,655.92,652.65
658.7,655.92,652.76
657.69,655.92,652.95
656.77,655.92,653.22
655.92,655.92,653.17
655.99,655.99,653.15
656.28,656.28,653.58
656.59,656.59,654.02
657.68,657.68,654.3
659.76,659.76,654.48
661.54,661.54,654.48
663.06,663.06,654.48
664.22,664.22,654.48
665.24,665.24,654.48
666.23,666.23,654.61
667.21,667.21,654.81
667.36,667.36,655.17
668.02,668.02,655.83
670.15,670.15,656.88
672.34,672.34,658.63
674.6,674.6,660.3
676.31,676.31,660.94
676.38,676.38,659.3
676.43,676.43,655.86
677.12,675.31,651.97
678.05,670.64,648.23
679.25,665.85,644.64
680.44,661.86,641.84
681.24,659.44,640.22
681.1,659.32,639.96
682.06,659.05,640.65
683.98,656.83,640.35
684.95,654.38,638.91
684.57,652.4,637.75
684.72,650.07,636.83
684.56,648.28,636.11
685.08,646.27,635.37
685.15,644.68,634.66
685.39,643.03,634.11
685.57,641.27,633.62
686.72,639.17,632.93
687.33,637.18,632.23
686.7,634.95,631.41
686.75,632.18,630.13
686.16,629.9,628.79
685.09,627.9,626.75
683.38,626.96,624.65
679.89,626.96,622.88
675.31,626.96,622.83
670.64,626.96,622.88
665.85,626.96,622.88
661.86,626.96,622.89
659.44,626.96,622.89
659.32,626.96,622.89
659.05,626.96,622.89
656.83,626.96,622.89
654.38,626.96,622.89
652.4,626.96,622.89
650.07,626.96,622.89
648.28,626.96,622.89
646.27,626.96,622.89
644.68,626.96,622.89
643.03,626.96,622.89
641.27,626.96,621.49
639.17,626.96,621.49
637.18,626.96,621.49
634.95,626.96,621.49
632.18,626.96,621.49
629.9,626.96,620.02
627.9,626.96,617.9
626.96,626.96,616.31
628.68,628.68,619.36
633.13,633.13,620.36
639.95,639.95,622.99
646.1,646.1,624.99
651.75,651.75,626.18
659.31,659.31,625.53
670.73,670.73,623.24
683.41,683.41,623.24
698.76,698.76,623.31
717.09,717.09,623.64
732.94,703.81,623.79
744.64,693.59,623.79
755.93,684.51,623.79
766.91,675.77,624.03
779.76,665.0,624.91
788.17,658.81,626.45
787.09,658.81,628.11
789.15,658.81,630.1
793.99,658.81,632.18
797.51,658.81,634.48
799.46,658.81,636.47
799.28,658.81,637.8
799.12,658.81,639.88
798.47,658.81,642.17
799.8,658.81,644.22
796.35,658.81,645.24
792.16,658.81,645.24
788.01,658.81,645.51
783.55,658.81,645.52
775.34,658.81,645.42
761.43,658.81,643.87
748.25,658.81,642.04
734.45,658.81,642.04
717.85,658.81,642.04
703.81,658.81,642.04
693.59,658.81,642.04
684.51,658.81,642.04
675.77,658.81,642.04
665.0,658.81,642.04
658.81,658.81,642.04
665.25,665.25,644.97
675.84,675.84,643.78
684.43,684.43,641.66
684.98,684.98,639.64
685.02,685.02,638.45
686.53,686.53,639.67
688.77,688.77,641.52
691.71,691.71,644.27
692.43,692.43,645.38
696.9,696.9,649.78
704.4,704.4,652.88
724.26,706.63,656.73
736.19,698.21,660.24
740.74,696.86,663.44
743.1899999999999,696.35,665.38
742.65,696.02,664.51
744.57,692.09,662.5
747.96,686.52,660.58
750.49,681.37,658.62
755.2,674.03,656.56
758.94,668.71,656.33
761.19,668.71,656.33
760.84,668.71,656.33
760.46,668.71,656.33
757.97,668.71,656.33
746.19,668.71,656.33
732.8,668.71,656.33
728.82,668.71,656.33
727.59,668.71,656.46
727.3,668.71,657.4
726.91,668.71,658.34
726.72,668.71,659.23
727.11,668.71,660.7
727.04,668.71,661.31
722.64,668.71,661.31
706.63,668.71,661.31
698.21,668.71,661.31
696.86,668.71,661.38
696.35,668.71,663.92
696.02,668.71,667.47
692.09,668.71,668.41
686.52,668.71,668.41
681.37,668.71,668.71
674.03,668.71,668.71
668.71,668.71,668.71
674.39,674.39,672.62
687.11,687.11,678.43
703.98,703.98,677.78
721.24,721.24,675.1
745.61,745.61,674.75
766.9,766.9,675.13
789.39,789.39,675.58
808.23,808.23,675.91
825.37,825.37,676.16
845.8,845.8,676.79
868.05,868.05,677.64
885.13,885.13,677.85
901.6,901.6,677.42
923.41,881.44,676.99
944.67,859.81,676.62
968.2,836.31,676.65
991.23,813.41,676.78
1018.7,786.4,677.24
1039.44,766.17,677.75
1048.52,757.61,678.27
1062.71,744.05,678.9
1081.88,725.54,679.56
1101.23,706.95,680.32
1118.03,689.09,679.26
1126.09,670.25,670.25
1119.18,662.28,662.28
1101.66,660.77,660.77
1081.72,660.3,659.32
1057.0,659.83,658.03
1036.09,659.31,656.59
1014.05,658.82,655.18
995.54,657.91,653.56
978.65,657.05,652.22
958.85,655.87,651.0
937.45,654.13,649.81
920.58,654.13,649.81
903.68,654.13,649.81
881.4399999999999,654.13,649.81
859.81,654.13,649.81
836.31,654.13,649.81
813.41,654.13,649.81
786.4,654.13,649.81
766.17,654.13,649.81
757.61,654.13,649.81
744.05,654.13,649.81
725.54,654.13,649.81
706.95,654.13,649.81
689.09,654.13,649.81
670.25,654.13,649.81
662.28,654.13,649.81
660.77,654.13,649.81
660.3,654.13,650.21
659.83,654.13,650.59
659.31,654.13,651.07
658.82,654.13,651.6
657.91,654.13,652.08
657.05,654.13,652.56
655.87,654.13,652.83
654.13,654.13,652.83
654.57,654.57,652.83
656.76,656.46,653.08
656.46,656.46,653.24
657.28,656.84,653.55
656.84,656.84,653.95
657.52,657.52,655.14
662.14,662.14,656.96
669.66,669.66,659.19
676.15,676.15,661.89
678.47,678.47,664.75
684.63,684.63,667.91
689.09,689.09,671.13
691.27,691.27,674.87
700.38,700.38,679.4
716.71,716.71,683.95
738.42,738.42,688.49
751.37,751.37,693.21
754.79,754.79,697.18
755.79,755.79,700.91
760.43,760.43,706.08
773.51,773.51,709.83
789.58,789.58,712.98
802.01,790.47,718.35
809.87,790.04,723.73
812.75,788.23,724.8
814.55,788.23,726.73
816.82,788.23,731.97
820.8,788.23,736.05
823.39,788.23,741.62
825.71,788.23,746.83
828.82,788.23,748.58
828.23,788.23,748.58
828.94,788.23,748.79
830.79,788.23,752.3
831.84,788.23,752.38
834.9300000000001,788.23,752.13
841.64,788.23,755.43
843.72,788.23,751.52
837.62,788.23,751.52
822.6700000000001,788.23,751.52
814.8100000000001,788.23,751.52
815.36,788.23,754.95
818.09,788.23,761.22
818.66,788.23,764.11
809.33,788.23,764.11
796.41,788.23,764.11
790.47,788.23,761.48
790.04,788.23,761.48
788.23,788.23,764.28
791.08,791.08,766.74
798.91,798.91,771.24
809.76,809.76,772.94
825.55,825.55,777.36
839.71,839.71,781.56
856.31,854.68,781.46
867.16,854.68,778.51
872.04,854.68,773.9
873.7,854.68,773.08
872.73,854.68,768.21
869.39,853.39,763.45
865.98,853.04,760.74
858.03,853.04,756.95
854.6800000000001,850.71,753.49
857.59,845.54,751.23
866.82,836.2,751.12
876.15,827.45,751.7
883.48,818.96,750.54
889.55,810.4,748.05
895.29,803.42,746.81
900.56,796.99,745.65
899.13,793.1,740.33
904.08,782.48,734.91
914.38,770.85,733.58
919.96,758.61,728.28
921.78,747.91,724.15
916.53,741.02,723.29
910.41,736.53,723.29
901.33,729.07,719.52
884.48,723.17,716.68
870.6800000000001,721.99,715.14
861.19,721.69,713.09
858.71,721.36,711.91
854.8100000000001,721.36,711.37
853.39,721.36,710.11
853.04,720.43,708.5
853.92,720.25,709.2
850.71,719.09,707.61
845.54,715.83,704.89
836.2,711.38,701.49
827.45,706.29,697.25
818.96,703.13,692.85
810.4,699.85,688.76
803.42,696.93,684.62
796.99,694.17,680.36
793.1,691.98,676.01
782.48,689.63,672.1
770.85,687.84,668.93
758.61,687.51,667.11
747.91,684.94,663.99
741.02,682.68,663.95
736.53,675.09,662.46
729.07,674.9,661.31
723.17,672.83,658.94
721.99,669.83,657.08
721.69,667.57,655.46
721.36,665.77,655.01
722.75,664.4,655.01
722.91,663.87,655.01
720.43,663.87,655.01
720.25,662.97,655.01
719.09,662.97,655.01
715.83,662.97,655.01
711.38,662.97,654.05
706.29,662.97,653.76
703.13,662.97,652.13
699.85,662.97,650.92
696.93,662.97,649.58
694.17,662.97,647.51
691.98,662.97,645.61
689.63,662.97,643.05
687.84,662.97,640.16
687.51,662.97,637.68
684.94,662.97,635.86
682.6800000000001,661.08,633.86
675.09,659.21,632.31
674.9,657.72,631.66
672.83,657.72,631.66
669.83,657.72,631.4
667.57,657.59,631.1
665.77,656.39,631.1
664.4,654.27,631.1
663.87,652.24,631.1
664.24,649.88,631.1
662.97,647.98,631.1
662.97,646.27,631.1
663.51,645.13,631.1
663.73,645.13,631.1
665.55,644.84,631.88
666.2,644.84,633.01
667.14,644.84,634.16
668.13,644.84,635.52
668.48,644.84,636.49
668.77,644.84,637.7
668.41,644.84,638.46
667.15,644.84,638.62
665.0,644.84,638.01
664.73,644.84,638.46
661.08,644.84,638.12
659.21,644.84,637.78
657.72,644.84,637.78
658.15,644.84,638.12
658.08,644.84,638.15
657.59,644.84,637.9
656.39,644.84,637.71
654.27,644.84,637.54
652.24,644.84,637.54
649.88,644.84,637.54
647.98,644.84,637.54
646.27,644.84,637.54
645.13,644.84,637.54
645.3,644.84,637.54
644.84,644.84,637.38
645.63,645.63,637.52
645.94,645.94,637.52
646.56,646.56,637.6
647.18,647.18,638.05
648.1,648.1,638.91
649.22,649.22,639.97
650.64,650.64,640.7
651.77,651.77,640.93
652.49,652.49,640.49
653.71,653.71,640.38
654.58,654.58,640.13
655.39,655.31,638.74
655.77,655.31,637.48
655.87,655.31,636.39
656.05,655.31,635.84
655.76,655.31,635.47
655.31,655.31,635.47
660.05,660.05,635.47
671.85,655.79,635.47
677.9399999999999,655.79,635.47
679.91,655.79,635.47
679.96,655.79,635.47
679.29,655.79,635.47
678.48,655.79,635.47
677.83,655.79,635.46
677.51,655.79,635.46
677.15,655.79,635.46
676.98,655.79,635.66
676.92,655.79,635.1
676.86,655.79,632.81
676.17,655.79,633.1
675.27,655.79,633.37
674.11,655.79,631.59
672.78,655.79,630.05
671.66,655.79,627.93
669.46,655.79,627.93
667.53,655.79,627.93
666.29,655.79,627.93
665.56,655.79,628.02
665.2,655.79,628.15
665.53,655.79,628.45
662.43,655.79,628.45
655.79,655.79,628.45
663.87,663.87,628.45
668.19,668.19,628.45
671.97,671.97,628.45
674.76,674.76,628.62
676.26,676.26,629.04
676.3,676.3,629.45
676.94,676.47,630.09
677.89,676.47,630.75
679.2,676.47,632.06
678.7,676.47,633.55
676.47,676.47,635.28
677.79,677.45,638.42
679.28,677.45,642.47
678.66,677.45,648.2
678.45,677.45,655.42
677.45,677.45,663.57
680.01,680.01,672.41
691.71,691.71,681.69
705.97,705.97,690.85
720.79,720.79,700.03
732.97,732.97,708.98
747.29,747.29,717.49
753.71,753.71,724.18
756.3,755.41,728.81
755.41,755.41,728.81
762.82,762.82,732.23
773.13,773.13,730.88
790.26,790.26,730.71
800.91,800.91,731.8
808.13,808.13,734.36
822.56,822.56,736.78
842.3,842.3,738.09
857.51,857.51,739.04
872.53,872.53,741.06
892.86,876.92,742.74
903.95,863.2,740.11
911.7,852.6,737.26
922.49,841.52,736.97
932.83,830.1,735.89
947.87,814.28,735.11
965.39,795.18,733.53
968.39,782.77,724.12
963.29,775.89,714.95
959.7,768.48,709.22
965.04,754.79,703.88
971.17,737.72,698.97
984.01,719.44,693.63
996.29,701.16,688.01
1000.44,685.31,682.12
996.45,677.57,677.57
984.79,676.7,676.09
967.49,675.91,674.58
957.93,675.86,673.86
953.27,675.27,672.67
941.26,673.64,671.1
922.83,672.38,669.3
908.57,672.38,669.3
895.57,672.38,669.3
876.92,672.38,669.3
863.2,672.38,669.3
852.6,672.38,669.3
841.52,672.38,668.08
830.1,672.38,661.33
814.28,672.38,656.71
795.18,672.38,655.02
782.77,672.38,652.73
775.89,672.38,650.46
768.48,672.38,648.33
754.79,672.38,647.2
737.72,672.38,647.2
719.44,672.38,647.2
701.16,672.38,647.2
685.31,672.38,647.2
677.57,672.38,647.2
676.7,672.38,647.2
675.91,672.38,647.2
675.86,672.38,647.2
675.27,672.38,647.2
673.64,672.38,647.2
672.38,672.38,647.2
679.23,679.23,647.53
685.73,685.73,648.75
699.24,699.24,652.09
712.8,712.8,657.03
727.92,725.22,662.65
731.67,725.22,668.02
730.19,725.22,674.04
731.07,725.22,680.46
732.5600000000001,725.22,684.76
731.67,725.22,687.32
730.66,725.22,690.12
727.87,725.22,691.34
725.49,725.22,692.23
725.22,725.22,693.11
725.72,725.72,695.0
727.79,727.79,698.16
730.61,730.61,701.92
736.64,736.64,705.77
741.24,741.24,710.24
745.79,745.79,715.08
749.99,749.99,720.05
752.38,752.38,720.33
755.18,755.18,725.3
759.89,759.89,731.78
760.65,760.65,731.78
762.35,762.35,732.72
764.56,764.56,732.72
768.67,768.67,730.46
770.71,770.71,727.77
778.28,778.28,728.13
808.66,808.66,734.3
836.73,836.73,734.33
858.81,858.81,732.85
869.99,869.99,732.88
873.8,873.8,733.45
879.11,873.26,734.39
891.37,862.45,735.84
900.72,851.37,734.11
910.72,839.36,732.1
925.73,821.09,728.84
947.8,797.12,726.94
963.33,780.74,726.94
971.73,776.06,727.58
979.27,768.6,727.66
980.04,763.87,723.7
977.93,763.87,721.72
980.1,759.44,719.33
987.57,748.13,715.49
992.54,735.18,709.57
996.64,723.39,704.74
993.92,716.02,702.99
984.96,716.02,702.99
975.04,716.02,702.99
967.83,716.02,702.99
943.62,716.02,702.99
915.58,716.02,702.99
892.02,716.02,702.99
880.87,716.02,702.99
877.63,716.02,700.4
873.26,716.02,697.3
862.45,716.02,696.74
851.37,716.02,696.74
839.36,716.02,696.74
821.09,716.02,696.74
797.12,716.02,692.23
780.74,716.02,692.23
776.06,716.02,689.85
768.6,716.02,687.78
763.87,716.02,686.44
764.0,716.02,685.26
759.4399999999999,716.02,683.61
748.13,716.02,682.12
735.18,716.02,681.45
723.39,716.02,681.45
716.02,716.02,681.45
716.69,716.69,679.03
722.72,722.72,677.28
734.04,734.04,677.79
746.54,746.54,678.25
771.5699999999999,771.57,682.84
789.74,780.86,686.06
797.91,780.86,688.48
798.56,780.86,690.4
799.83,780.86,692.26
803.16,780.86,693.44
812.13,780.86,696.54
822.55,780.86,699.85
830.37,780.86,701.53
828.59,780.86,701.33
825.78,780.86,699.15
817.66,780.86,696.4
813.75,780.86,693.52
812.84,780.86,693.25
811.53,780.86,692.71
810.62,780.86,690.88
809.67,780.86,688.58
810.03,780.86,686.86
811.99,780.86,684.88
809.79,780.86,682.03
802.8100000000001,780.86,679.16
792.68,780.86,679.16
785.56,780.86,679.16
780.86,780.86,679.16
788.66,788.66,679.16
806.34,806.34,679.16
840.69,840.69,679.16
883.49,845.21,680.66
920.93,812.74,681.09
938.92,798.64,681.09
941.89,796.35,681.09
934.78,796.35,681.09
928.64,796.35,681.09
930.22,796.35,683.31
927.96,796.35,682.76
927.59,796.35,682.45
925.75,796.35,681.15
926.39,796.35,680.34
927.16,796.35,680.08
926.24,796.35,680.67
924.89,796.35,682.58
922.81,796.35,684.28
918.87,796.35,684.28
916.42,796.35,686.65
916.37,796.35,692.62
925.32,796.35,698.9
928.59,796.35,700.12
932.0,796.35,700.12
923.35,796.35,699.16
909.62,796.35,696.23
882.52,796.35,690.99
845.21,792.34,686.33
812.74,785.17,682.68
798.64,775.7,679.39
796.35,764.61,676.53
804.59,751.56,673.64
808.92,744.44,670.85
809.56,742.25,669.3
809.82,739.51,666.82
809.88,737.28,664.65
810.42,735.98,663.89
808.97,735.08,661.54
807.94,734.25,659.68
809.45,732.56,659.5
812.71,732.56,662.69
822.2,732.56,665.99
830.56,732.56,669.79
841.85,732.56,673.66
853.59,732.56,677.76
853.05,730.57,677.76
852.19,728.89,677.76
846.82,728.89,677.76
831.03,728.89,677.76
813.5500000000001,728.89,677.76
798.98,728.89,675.12
792.34,728.89,671.24
785.1700000000001,728.89,667.69
775.7,728.89,664.54
764.61,728.89,664.54
751.5600000000001,728.89,664.54
744.44,728.89,664.54
742.25,728.89,664.54
739.51,728.89,664.61
737.28,728.89,665.49
735.98,728.89,664.44
735.08,728.89,663.59
734.25,728.89,663.57
732.5600000000001,728.89,663.01
733.63,728.89,661.01
736.47,728.89,659.48
737.75,728.89,659.13
738.17,728.89,657.07
733.1,728.89,654.61
730.57,728.89,651.5
728.89,728.89,647.91
730.85,730.85,643.95
734.6,723.69,641.37
736.69,716.35,639.34
737.11,714.99,639.16
736.9399999999999,714.99,639.22
736.62,714.99,639.65
736.28,714.99,640.0
740.24,714.16,640.61
750.42,707.45,641.41
769.95,697.11,642.26
791.74,690.12,642.26
802.7,690.12,643.06
805.81,690.12,644.3
806.06,690.12,645.4
806.11,690.12,645.82
806.92,690.12,646.41
808.05,690.12,647.34
804.98,690.12,647.34
794.29,690.12,647.34
786.05,690.12,647.34
773.59,690.12,647.34
765.78,690.12,647.34
757.32,690.12,647.34
748.02,690.12,647.34
735.28,690.12,647.34
723.69,690.12,647.34
716.35,690.12,647.34
714.99,690.12,647.34
715.8100000000001,690.12,648.54
716.63,690.12,649.95
717.32,690.12,652.97
714.16,690.12,652.97
707.45,690.12,652.97
697.11,690.12,652.97
690.12,690.12,652.97
694.53,694.53,652.97
698.09,698.09,653.32
699.08,699.03,656.6
699.45,699.03,658.69
699.23,699.03,659.07
699.03,699.03,659.32
701.25,701.25,659.56
707.19,707.19,659.71
716.9300000000001,716.93,659.95
735.36,735.36,661.73
752.46,752.46,664.21
768.56,768.56,667.87
784.19,784.19,672.19
799.72,799.72,677.06
815.73,815.73,680.49
829.88,829.88,683.7
840.28,840.28,685.05
846.91,840.35,685.29
860.12,827.15,685.3
880.19,807.07,685.29
899.44,787.47,684.94
915.15,769.07,682.25
923.61,752.53,680.23
927.19,734.17,679.41
935.05,712.19,678.94
950.44,691.51,678.22
959.49,682.26,678.02
961.21,680.96,678.44
961.8100000000001,680.96,679.08
962.26,680.96,679.59
960.28,680.96,679.15
954.49,680.96,678.88
944.99,680.96,678.78
928.34,680.96,678.59
913.72,680.96,678.59
901.28,680.96,678.59
889.97,680.96,678.59
879.3100000000001,680.96,678.59
866.73,680.89,678.49
855.79,680.42,678.41
846.74,680.3,678.27
840.35,680.3,678.1
827.15,680.3,678.02
807.07,680.3,677.92
787.47,680.3,677.92
769.07,680.3,677.92
752.53,680.3,677.92
734.17,680.3,677.92
712.19,680.3,677.92
691.51,680.3,677.57
682.26,680.3,677.57
680.96,680.3,677.57
681.0,680.3,677.9
681.06,680.3,678.05
681.22,680.3,678.21
681.2,680.3,678.21
681.41,680.3,678.31
681.69,680.3,678.69
682.09,680.3,678.8
681.95,680.3,678.39
681.71,680.3,678.13
681.34,680.3,678.04
680.89,680.3,678.04
680.42,680.3,678.04
680.3,680.3,677.67
680.47,680.47,677.04
681.03,681.03,676.71
681.79,681.79,676.66
682.68,682.68,676.56
686.43,686.43,677.02
697.6,691.69,677.08
704.3199999999999,685.09,677.17
707.69,681.03,676.52
707.59,681.03,676.49
708.17,680.44,676.41
709.03,679.45,676.28
709.49,678.48,675.77
709.69,677.63,675.12
709.98,676.39,674.18
710.28,674.89,673.06
710.52,673.92,672.52
710.94,673.92,672.52
710.65,673.92,672.52
710.19,673.92,672.29
709.85,673.92,671.05
709.64,672.96,669.52
709.73,670.48,667.23
709.85,668.77,665.75
709.58,668.11,664.86
708.78,668.11,664.12
707.89,668.11,663.49
707.08,668.11,662.93
706.09,668.11,662.61
702.8,668.1,662.32
691.69,667.59,662.04
685.09,667.04,661.89
681.03,667.04,661.88
681.1,667.04,661.88
680.4399999999999,666.91,661.69
679.45,666.73,661.33
678.48,666.65,661.04
677.63,666.65,661.03
676.39,666.65,661.03
674.89,666.65,661.03
673.92,666.65,661.03
674.38,666.65,661.03
675.53,664.41,660.42
675.6,663.39,659.75
674.52,663.39,659.24
672.96,663.39,658.65
670.48,663.39,658.18
668.77,663.39,658.18
668.11,663.39,658.17
668.17,663.39,658.19
668.27,663.39,658.16
668.34,663.39,658.35
668.63,663.39,658.56
668.1,663.39,658.56
667.59,663.39,658.56
667.04,663.39,658.56
667.22,663.39,658.56
667.11,663.39,658.56
666.91,663.39,658.56
666.73,663.39,658.6
666.65,663.39,658.75
666.77,663.39,658.85
667.29,663.39,659.15
668.02,663.39,659.65
668.2,663.39,659.65
666.8199999999999,663.39,659.65
664.41,663.39,659.65
663.39,663.39,659.65
663.55,663.55,660.35
663.9399999999999,663.94,661.39
665.21,665.21,663.23
666.15,666.15,664.31
666.47,666.3,664.82
666.43,666.3,665.15
666.3,666.3,665.27
666.42,666.42,665.35
666.61,666.61,665.45
666.95,666.95,665.61
667.29,667.29,665.78
667.88,667.88,665.83
669.77,669.77,665.83
669.86,669.86,665.83
670.35,670.35,666.02
670.84,670.84,666.46
671.26,671.26,666.89
671.71,671.71,667.09
671.87,671.87,667.09
672.01,671.99,667.09
671.99,671.99,667.09
672.07,672.07,667.22
672.82,672.82,668.07
673.62,673.62,669.01
674.19,674.19,669.8
674.96,674.96,670.7
675.66,675.66,671.52
675.98,675.98,671.87
676.49,676.27,671.97
676.86,676.27,671.87
677.11,676.27,671.71
677.07,676.27,671.26
676.98,676.27,670.78
677.37,676.27,670.35
677.85,676.27,670.24
677.89,676.27,670.24
676.4,676.27,670.24
676.51,676.27,670.24
676.44,676.27,670.24
676.45,676.27,669.92
676.46,676.27,669.42
676.27,676.19,669.03
676.33,675.66,668.66
676.58,674.99,668.36
676.91,674.69,668.39
677.59,674.34,668.49
678.16,674.11,668.61
678.84,673.68,668.79
679.59,673.2,669.06
680.29,672.68,669.24
680.88,672.18,669.33
681.08,672.01,669.36
680.67,672.01,669.12
680.2,672.01,669.09
679.79,672.01,669.32
679.38,672.01,669.64
678.99,672.01,669.87
678.17,672.01,669.87
677.58,672.01,669.87
677.27,672.01,669.87
677.21,672.01,669.87
677.26,672.01,669.87
677.39,672.01,669.87
677.0600000000001,672.01,669.98
676.55,672.01,670.18
676.19,672.01,670.32
675.66,672.01,670.28
674.99,672.01,670.05
674.69,672.01,669.85
674.34,672.01,669.61
674.11,672.01,669.06
673.6800000000001,672.01,668.27
673.2,672.01,667.37
672.68,672.01,666.47
672.18,672.01,665.75
672.01,672.01,665.29
672.09,672.09,664.87
672.53,672.35,664.91
673.17,672.0,665.2
673.9,671.66,665.59
674.55,671.34,665.92
675.13,670.9,666.06
675.47,670.62,666.06
675.58,669.96,665.76
675.6,668.95,665.11
675.76,667.61,664.27
675.84,666.45,663.59
676.41,666.0,663.71
677.15,665.89,664.17
677.74,665.34,664.21
678.21,664.86,664.2
678.4,664.5,664.03
678.34,664.08,663.65
677.98,663.59,663.17
677.29,663.11,662.38
676.46,662.61,661.36
675.56,662.17,660.29
674.61,661.78,659.25
673.82,661.49,658.43
673.25,661.49,658.4
672.75,661.49,658.4
672.35,661.49,658.4
672.0,661.49,658.4
671.66,661.49,658.4
671.34,661.49,658.4
670.9,661.49,658.4
670.62,661.49,658.4
669.96,661.49,658.4
668.95,661.49,658.4
667.61,661.49,658.4
666.45,661.49,658.4
666.0,661.49,658.4
665.89,661.49,658.4
665.34,661.49,658.4
664.86,661.49,658.4
664.5,661.49,658.4
664.08,661.49,658.4
663.59,661.49,658.4
663.11,661.49,658.21
662.61,661.49,658.58
662.17,661.49,659.11
661.78,661.49,659.69
661.49,661.49,660.16
661.65,661.65,660.39
662.35,662.35,660.8
662.75,662.75,661.18
662.97,662.97,661.43
663.32,663.32,661.62
663.49,663.49,661.62
663.77,663.77,661.63
663.89,663.89,661.63
664.62,664.62,661.79
665.3,665.3,662.33
666.53,666.53,663.16
667.51,667.45,663.86
667.72,667.45,663.98
667.45,667.45,663.95
667.64,667.64,664.01
667.92,667.92,664.17
668.39,668.39,664.43
668.94,668.94,664.79
669.53,669.53,665.32
669.82,669.82,666.18
670.69,670.69,667.34
671.69,671.69,668.56
672.7,672.7,669.75
673.46,673.46,670.76
673.78,673.53,671.07
673.53,673.53,670.61
673.66,673.64,670.07
673.69,673.64,669.58
673.64,673.64,668.84
673.72,673.72,668.26
674.83,674.83,667.99
677.9,675.07,667.99
678.96,673.8,667.99
679.2,673.8,667.99
679.23,673.8,667.99
679.3,673.8,667.99
679.43,673.8,667.99
679.54,673.77,667.91
679.41,673.77,667.83
679.29,673.77,667.79
679.08,673.77,667.66
678.89,673.77,667.66
678.86,673.18,666.78
679.65,671.82,666.21
680.24,669.76,664.74
680.75,667.76,663.25
681.38,665.46,661.58
681.96,663.65,660.35
682.28,662.84,659.95
681.99,662.84,659.79
681.32,662.84,659.5
680.8,662.84,659.25
680.11,662.84,658.84
679.45,662.84,658.22
677.95,662.84,658.22
675.07,662.84,658.22
673.8,662.84,658.22
673.91,662.84,658.22
673.98,662.84,658.22
674.01,662.84,658.22
673.96,662.84,657.55
673.77,662.84,656.95
673.82,662.84,656.16
673.9,662.84,656.17
673.92,662.84,656.19
674.08,662.84,656.19
673.18,662.84,656.19
671.82,662.84,656.19
669.76,662.84,656.19
667.76,662.84,656.19
665.46,662.84,656.19
663.65,662.84,656.19
662.84,662.84,656.19
662.97,662.97,656.55
663.31,663.31,657.31
663.58,663.58,658.14
663.84,663.68,659.02
663.68,663.68,659.78
667.18,667.18,660.38
684.17,684.17,660.38
709.49,709.49,660.52
724.34,724.34,660.61
732.11,729.64,660.78
731.91,729.64,663.68
730.97,729.64,671.75
730.48,729.64,680.56
729.64,729.64,695.9
730.3199999999999,730.32,711.64
739.01,739.01,727.29
754.61,754.61,739.8
771.73,771.73,752.46
790.36,790.36,769.84
811.1899999999999,811.19,787.97
834.3199999999999,834.32,807.06
859.65,859.65,826.38
892.79,892.79,845.44
918.56,918.56,864.44
946.73,946.73,883.54
972.49,972.49,902.96
994.53,994.53,921.0
1014.25,1014.25,939.99
1033.76,1033.76,958.26
1054.8899999999999,1054.89,971.78
1060.21,1057.24,968.61
1057.24,1057.24,967.74
1065.66,1065.66,971.29
1081.8,1081.8,976.14
1103.32,1103.32,979.01
1128.6,1088.14,979.66
1152.51,1063.28,978.71
1172.04,1042.68,977.64
1187.8,1027.2,977.92
1194.76,1019.81,977.49
1191.67,1010.48,965.07
1187.21,1010.48,963.64
1187.35,1010.48,965.24
1189.97,1010.48,965.41
1188.95,1010.48,965.41
1189.16,1010.48,965.41
1178.61,1010.48,965.41
1178.76,1010.48,965.41
1177.24,1010.48,965.41
1174.01,1010.48,965.41
1170.01,1010.48,965.41
1169.28,1010.48,966.57
1168.04,1010.48,968.91
1160.43,1010.48,968.91
1151.94,1010.48,965.9
1147.58,1010.48,959.61
1142.71,1010.48,956.97
1131.42,1010.48,953.99
1112.77,1010.48,950.92
1088.14,1010.48,936.42
1063.28,1010.48,917.26
1042.68,1010.48,900.93
1027.2,1010.48,887.31
1019.8100000000001,1010.48,881.96
1010.48,1010.48,870.22
1013.51,1013.51,858.41
1020.98,1020.98,840.04
1033.85,1033.85,822.4
1063.72,1063.72,805.03
1089.67,1072.7,788.67
1116.54,1023.07,771.48
1141.42,971.85,755.17
1163.51,923.07,740.04
1181.52,882.31,725.26
1193.92,851.68,710.53
1206.42,820.23,697.03
1219.7,789.4,686.87
1227.33,765.19,678.91
1231.25,747.35,675.5
1227.16,733.42,672.43
1224.52,717.53,669.65
1227.03,702.26,667.2
1239.47,687.08,666.18
1243.32,683.78,666.73
1243.98,683.78,668.72
1247.31,683.78,671.12
1249.17,681.79,670.59
1251.21,671.89,670.02
1248.8,671.28,669.85
1233.96,671.28,669.49
1208.12,671.28,668.64
1173.48,671.28,668.3
1122.59,671.28,668.2
1072.7,671.28,668.2
1023.07,671.28,668.2
971.85,671.28,668.2
923.07,671.28,668.09
882.31,671.28,667.64
851.68,671.28,667.11
820.23,671.28,666.82
789.4,671.28,666.82
765.1899999999999,671.28,666.82
747.35,671.28,666.82
733.42,671.28,666.82
717.53,671.28,666.82
702.26,671.28,666.82
687.08,671.28,666.75
683.78,671.28,666.62
685.11,671.28,667.6
684.18,671.28,667.47
681.79,671.28,667.47
671.89,671.28,667.44
671.28,671.28,667.44
671.33,671.33,667.67
671.59,671.59,668.41
671.63,671.63,668.49
672.45,672.45,669.2
673.29,673.29,669.63
675.64,675.64,671.28
677.17,677.17,672.33
677.69,677.59,672.87
678.08,677.59,673.33
678.43,677.59,673.62
678.81,677.28,673.6
679.13,676.45,673.09
679.36,675.54,672.41
679.38,675.32,672.3
679.63,674.06,671.29
679.76,673.04,670.44
679.73,672.26,669.75
679.62,671.6,669.09
679.29,671.41,668.82
678.94,671.41,668.68
678.64,670.99,668.22
678.61,669.78,667.27
678.49,668.61,666.2
678.49,668.61,666.2
678.74,668.61,666.25
679.22,668.61,666.82
679.26,668.61,666.95
679.15,668.61,666.95
678.74,668.61,666.95
678.04,668.61,666.95
677.59,668.61,666.95
677.67,668.61,666.95
677.74,668.61,667.22
677.68,668.61,667.64
677.28,668.61,667.85
676.45,668.61,667.85
675.54,668.61,667.85
675.32,668.61,667.85
674.06,668.61,667.85
673.04,668.61,666.9
672.26,668.61,666.21
671.6,668.61,665.05
671.41,668.61,662.83
671.41,668.61,661.16
670.99,668.61,659.54
669.78,668.61,657.8
668.61,668.61,656.29
671.03,671.03,654.85
689.45,689.45,652.96
698.51,698.51,650.25
712.11,712.11,646.61
728.14,698.33,642.86
744.71,678.08,639.69
752.22,667.57,637.09
753.98,663.95,635.9
756.57,660.52,635.82
760.16,656.4,635.69
763.37,652.96,635.64
767.12,649.13,635.61
770.34,646.33,635.61
773.95,643.07,635.61
776.95,639.32,635.49
778.99,637.35,635.56
778.86,637.17,635.25
778.83,636.99,635.07
778.27,636.99,635.07
776.24,636.99,635.07
774.57,636.99,635.07
773.37,636.99,635.07
772.6,636.99,635.41
772.14,636.99,635.89
768.05,636.99,635.89
747.47,636.99,635.76
735.67,636.99,635.2
718.32,636.99,633.37
698.33,636.99,631.94
678.08,636.99,630.61
667.57,636.99,629.24
663.95,636.99,627.87
660.52,636.99,626.62
656.4,636.99,625.62
652.96,636.99,625.62
649.13,636.99,625.62
646.33,636.99,625.62
643.07,636.99,625.62
639.32,636.99,625.62
637.35,636.99,625.62
637.17,636.99,625.66
636.99,636.99,625.66
637.7,637.7,626.01
639.98,639.98,627.49
641.68,641.68,628.55
642.91,642.91,629.48
644.33,644.33,630.55
645.47,645.47,631.47
646.39,646.39,632.37
647.63,647.63,633.76
649.29,649.29,636.16
650.65,650.65,639.57
652.51,652.08,643.1
654.04,652.08,646.37
654.98,652.08,649.18
654.59,652.08,650.75
653.2,652.08,651.31
652.08,652.08,652.08
659.26,659.26,659.26
685.75,685.75,680.05
721.46,721.46,700.63
748.46,748.46,719.41
777.05,777.05,732.54
807.28,807.28,745.14
837.82,837.82,754.58
870.63,870.63,763.79
901.72,901.72,770.5
931.57,931.57,787.3
951.84,951.84,805.01
976.01,976.01,814.44
1000.72,1000.72,831.55
1028.51,1028.51,847.74
1056.19,1056.19,868.64
1090.48,1090.48,886.68
1120.68,1106.44,900.6
1143.95,1098.44,915.87
1172.62,1093.53,938.76
1197.81,1093.53,961.65
1224.54,1082.72,977.01
1253.5,1058.87,982.12
1282.28,1032.84,984.87
1308.85,1007.27,985.87
1325.85,983.01,978.61
1320.4,963.03,958.21
1305.69,947.7,942.92
1297.47,938.2,931.54
1282.01,932.15,917.58
1264.38,923.46,900.48
1243.28,915.59,882.45
1219.68,907.85,865.51
1195.3,902.71,849.35
1182.25,887.14,833.78
1179.69,870.36,817.81
1164.95,862.09,802.78
1157.35,846.17,790.41
1145.75,831.06,778.27
1138.97,811.37,766.14
1122.72,794.57,754.24
1106.44,781.95,742.6
1098.44,769.59,734.0
1093.53,748.39,725.46
1094.09,725.22,717.58
1082.72,712.62,709.85
1058.87,710.53,704.41
1032.84,710.52,698.83
1007.27,710.52,693.49
983.01,710.52,690.49
963.03,710.52,688.11
947.7,707.77,687.62
938.2,701.4,687.62
932.15,696.5,687.62
923.46,694.37,687.43
915.59,694.37,687.38
907.85,694.37,687.38
902.71,694.37,687.33
887.14,693.83,686.83
870.36,693.43,686.38
862.09,692.77,685.61
846.17,691.67,684.56
831.06,690.85,683.61
811.37,689.91,682.54
794.57,688.79,681.21
781.95,687.81,679.66
769.59,686.17,677.79
748.39,684.5,675.93
725.22,682.8,674.11
712.62,681.27,672.62
710.53,680.45,672.09
710.52,679.91,671.71
711.53,679.47,672.28
712.3199999999999,679.42,673.02
712.49,679.42,673.11
707.77,679.36,672.73
701.4,679.06,672.73
696.5,679.06,672.73
694.37,679.06,672.73
694.75,679.06,672.75
695.0,679.06,672.12
694.72,679.06,671.62
693.83,679.06,671.21
693.43,679.06,670.71
692.77,679.06,670.07
691.67,679.06,669.32
690.85,679.06,668.77
689.91,679.06,667.56
688.79,679.06,665.91
687.81,679.06,663.61
686.17,679.06,662.03
684.5,678.93,660.16
682.8,678.22,658.21
681.27,677.93,656.98
680.45,677.81,656.92
679.91,677.42,656.69
679.47,677.42,656.46
679.42,677.15,656.27
680.0,675.99,656.27
679.36,675.99,656.27
679.06,673.75,656.27
683.19,670.69,656.27
686.36,666.29,656.08
686.09,665.51,656.08
685.0699999999999,665.22,655.85
684.21,664.67,655.5
683.88,664.14,655.25
683.39,663.4,654.69
683.1,662.74,654.07
682.96,662.14,653.38
682.74,661.45,652.58
682.01,660.88,651.28
681.14,660.44,649.97
679.8199999999999,660.44,648.72
679.52,659.8,647.71
678.93,659.27,646.59
678.22,658.78,645.39
677.93,657.45,643.77
677.81,655.67,642.24
677.42,654.08,640.77
677.42,652.81,639.61
677.15,651.6,638.54
675.99,650.42,637.86
676.09,648.87,637.12
673.75,646.96,636.04
670.69,644.52,636.04
666.29,644.52,636.04
665.51,643.29,634.77
665.22,640.91,632.96
664.67,639.19,631.74
664.14,637.18,630.33
663.4,635.51,629.01
662.74,634.18,627.98
662.14,632.65,626.79
661.45,631.08,625.61
660.88,629.76,624.16
660.44,627.29,621.25
660.51,622.61,616.64
659.8,617.35,610.71
659.27,612.63,605.46
658.78,608.15,600.49
657.45,604.34,595.81
655.67,600.84,592.31
654.08,598.38,589.85
652.8100000000001,598.38,589.85
651.6,598.38,589.85
650.42,598.38,589.85
648.87,598.38,589.85
646.96,598.38,589.85
644.52,598.38,589.85
645.27,598.38,589.85
643.29,598.38,589.85
640.91,598.38,589.85
639.19,598.38,589.47
637.1800000000001,598.38,589.47
635.51,598.38,589.47
634.18,598.38,589.47
632.65,598.38,589.47
631.08,598.38,589.47
629.76,598.38,589.47
627.29,598.38,589.53
622.61,598.38,589.81
617.35,598.38,590.2
612.63,598.38,590.98
608.15,598.38,591.89
604.34,598.38,593.08
600.84,598.38,593.6
598.38,598.38,593.73
600.02,600.02,593.56
617.31,617.31,593.6
642.24,642.24,592.1
671.72,671.72,591.46
699.32,699.32,592.03
725.03,725.03,592.03
756.05,754.13,592.03
782.51,743.62,592.98
794.22,740.72,594.79
794.24,738.82,592.91
796.61,735.93,592.39
799.45,733.45,592.75
801.81,730.73,592.39
804.49,727.68,592.02
807.44,723.45,590.74
810.71,718.9,589.46
815.42,713.19,588.46
822.32,707.72,589.89
829.37,702.31,591.53
835.86,697.11,592.82
841.75,692.96,594.56
846.75,690.61,597.21
850.88,689.55,600.28
853.47,689.45,602.77
851.66,689.34,601.91
834.41,688.69,601.03
807.83,688.69,599.75
777.7,687.22,597.54
766.43,668.92,595.39
763.76,645.63,595.39
754.13,627.23,595.39
743.62,617.21,595.39
740.72,607.47,593.4
738.82,607.35,591.38
735.93,607.35,590.75
733.45,607.35,590.75
730.73,607.35,590.75
727.68,607.35,590.75
723.45,607.35,590.75
718.9,607.35,590.75
713.19,607.35,589.51
707.72,607.35,588.8
702.3100000000001,607.35,588.02
697.11,607.35,588.01
692.96,607.35,588.01
690.61,607.35,588.01
689.55,607.35,588.01
689.45,607.35,588.01
689.34,607.35,588.01
688.69,607.35,588.01
688.9,607.35,588.7
687.22,607.35,588.7
668.92,607.35,588.7
645.63,607.35,588.7
627.23,607.35,588.7
617.21,607.35,588.7
607.47,607.35,588.7
607.35,607.35,590.79
607.92,607.92,591.97
608.68,608.68,592.28
609.66,609.66,593.09
610.77,610.77,594.27
613.01,613.01,596.61
615.71,615.71,599.31
618.06,618.06,603.37
620.76,620.76,607.44
623.74,623.74,612.73
627.37,627.37,617.96
631.19,631.19,622.64
634.33,634.33,625.88
636.55,636.55,627.61
638.08,638.08,628.81
639.36,639.36,630.02
641.03,641.03,631.69
643.36,643.36,633.91
646.88,646.88,637.25
651.1899999999999,649.05,640.82
652.84,649.05,640.82
651.13,649.05,640.82
649.05,649.05,640.82
654.91,654.91,644.14
658.76,658.76,648.15
660.77,660.77,650.32
661.84,661.84,651.34
663.28,663.28,652.59
665.1899999999999,665.19,654.09
667.24,667.24,655.56
669.04,669.04,656.89
672.43,672.43,659.25
675.33,672.99,661.25
678.09,672.99,663.93
679.84,672.99,665.91
680.93,672.99,667.06
681.45,672.99,666.6
680.96,672.99,666.0
680.63,672.99,665.51
680.56,672.99,665.39
680.67,672.99,665.2
681.18,672.99,664.95
681.62,672.99,664.51
681.89,672.99,664.51
681.8,672.99,664.51
680.02,672.99,664.51
678.06,672.99,664.51
675.52,672.99,664.51
675.78,672.99,664.8
676.06,672.99,665.08
676.01,672.99,664.65
675.82,672.99,664.7
675.45,672.99,664.7
675.05,672.99,664.7
674.92,672.99,664.7
673.89,672.99,664.7
672.99,672.99,664.7
672.99,672.99,664.7
684.19,684.19,665.03
691.39,688.0,665.2
690.41,688.0,665.2
690.19,688.0,665.86
690.03,688.0,666.62
689.98,688.0,667.48
689.68,688.0,667.58
688.92,688.0,667.66
688.01,688.0,668.05
688.0,688.0,668.05
690.94,690.94,668.05
695.66,695.66,668.85
700.75,700.75,673.42
711.24,711.24,678.48
717.92,717.84,683.49
718.22,717.84,688.48
717.84,717.84,688.56
729.13,729.13,694.42
749.17,749.17,701.14
766.73,766.73,708.17
781.42,781.42,715.58
794.7,794.7,724.14
803.41,803.41,732.85
811.05,811.05,741.9
814.42,814.42,741.63
820.99,820.99,743.59
843.13,843.13,754.68
857.44,857.44,765.64
868.47,868.47,776.67
869.89,869.89,783.54
870.29,870.29,792.84
875.65,875.65,804.31
887.19,887.19,815.85
902.05,902.05,826.16
913.0,913.0,832.9
921.89,921.89,840.32
932.97,932.97,847.88
938.9,933.28,847.93
949.6800000000001,933.28,842.15
957.38,933.28,841.31
957.84,933.28,842.14
952.41,933.28,831.54
949.54,922.39,819.67
947.76,907.22,808.15
949.5,891.49,797.93
949.32,880.18,787.99
950.23,872.27,780.99
953.71,862.54,774.74
948.2,855.21,765.14
944.85,846.44,756.32
934.75,836.62,747.34
933.28,825.32,737.98
939.1600000000001,810.05,729.9
944.61,804.69,729.99
953.51,796.88,731.08
965.39,781.59,727.67
970.11,768.11,721.16
970.63,753.85,714.31
972.2,740.74,710.18
975.09,726.48,706.17
974.6,716.39,705.98
968.72,715.3,705.98
952.1600000000001,715.3,705.98
943.62,715.3,704.67
943.99,715.3,706.98
938.82,715.3,705.28
922.39,715.3,704.75
907.22,715.3,704.75
891.49,715.3,704.75
880.1800000000001,715.3,704.75
872.27,715.3,704.75
862.54,715.3,704.75
855.21,715.3,704.75
846.44,715.3,704.75
836.62,715.3,704.75
825.32,715.3,704.75
810.05,715.3,704.75
804.69,715.3,704.75
796.88,715.3,704.75
781.59,715.3,704.75
768.11,715.3,704.75
753.85,715.3,704.75
740.74,715.3,704.75
726.48,715.3,704.75
716.39,715.3,704.75
715.3,715.3,704.75
719.98,719.98,707.75
724.69,724.69,712.46
726.63,726.63,717.54
728.6,728.6,722.48
731.27,731.27,727.29
735.89,735.89,732.12
744.12,744.12,736.86
756.7,756.7,740.35
780.17,780.17,745.33
804.85,804.85,750.17
830.24,830.24,754.8
857.33,857.33,759.76
889.24,889.24,764.99
908.71,889.93,770.8
925.74,873.47,771.37
942.4,855.1,769.66
955.2,840.68,768.04
966.31,828.28,766.75
973.35,818.92,764.43
979.9,809.46,761.52
984.48,800.74,757.38
988.42,794.44,755.02
989.9,788.6,750.66
987.44,780.46,742.52
988.78,772.51,735.91
991.55,765.43,731.6
995.9,759.06,729.58
998.87,754.0,727.49
1001.25,748.58,724.45
1002.52,741.86,719.0
1000.38,741.86,719.0
991.29,741.86,719.0
972.8,741.86,719.0
954.24,741.86,719.0
933.48,741.86,719.0
915.02,741.86,719.0
896.81,741.86,719.0
889.93,741.86,719.0
873.47,741.86,719.0
855.1,741.86,719.0
840.68,741.86,719.0
828.28,741.86,719.0
818.92,741.86,719.0
809.46,741.86,719.0
800.74,741.86,719.0
794.44,741.86,719.47
788.6,741.86,719.47
780.46,741.86,719.61
772.51,741.86,719.66
765.4300000000001,741.86,719.79
759.0600000000001,741.86,720.05
754.0,741.86,722.17
748.58,741.86,724.99
741.86,741.86,727.23
743.6800000000001,743.68,729.05
760.61,760.61,734.05
789.69,789.69,737.69
813.59,813.59,740.35
831.12,831.12,744.99
843.52,843.52,745.68
849.01,849.01,745.68
853.73,853.73,745.68
864.29,864.29,756.24
873.86,873.86,769.2
889.63,889.63,782.91
912.11,912.11,794.13
931.01,931.01,806.94
945.07,945.07,816.97
956.11,956.11,830.98
964.67,964.67,842.94
973.27,973.27,853.89
984.47,984.47,863.18
996.44,996.44,872.34
1008.82,1008.82,881.62
1015.45,1015.45,892.8
1032.12,1032.12,899.5
1051.92,1051.92,906.32
1072.72,1043.05,910.89
1087.64,1026.14,908.9
1092.77,1008.26,904.06
1084.17,991.63,900.95
1074.94,979.92,898.64
1073.69,969.36,898.25
1074.21,957.41,897.29
1082.21,938.62,895.0
1086.24,928.56,895.0
1090.04,923.73,894.18
1097.8,915.29,893.5
1098.16,907.51,889.42
1086.9,904.72,886.63
1080.81,898.33,881.71
1076.78,892.8,874.09
1079.75,882.62,866.88
1083.15,874.87,862.53
1085.5,868.04,858.05
1083.59,864.11,852.21
1080.78,859.63,844.92
1077.68,852.16,835.47
1082.23,842.02,829.88
1072.26,834.16,818.58
1059.28,826.93,808.45
1043.05,820.87,797.07
1026.14,812.46,786.42
1008.26,805.38,779.14
991.63,799.29,774.17
979.92,788.58,765.26
969.36,777.26,757.62
957.41,767.21,750.66
938.62,758.63,743.96
928.56,746.05,735.83
923.73,738.6,732.38
915.29,735.5,730.37
907.51,731.45,727.19
904.72,728.31,726.33
898.33,728.31,726.33
892.8,728.31,726.33
882.62,728.31,726.33
874.87,728.31,726.33
868.04,728.31,726.33
864.11,728.31,726.33
859.63,728.31,725.72
852.16,728.31,724.53
842.02,728.31,724.2
834.16,728.31,723.34
826.93,728.31,722.04
820.87,728.31,720.18
812.46,728.31,718.82
805.38,728.31,717.51
799.29,728.31,716.25
788.58,728.31,715.1
777.26,728.31,714.37
767.21,728.31,714.11
758.63,728.31,712.14
746.05,728.31,710.29
738.6,728.31,709.21
735.5,728.31,706.29
731.45,728.31,703.48
728.31,728.31,703.48
729.19,729.19,703.48
733.4,733.4,703.48
735.75,735.75,703.48
738.77,738.77,703.48
740.27,740.27,703.48
743.42,743.42,703.48
744.77,744.77,702.75
747.15,747.15,698.3
750.67,750.67,694.95
755.5600000000001,755.56,694.85
759.11,753.9,693.3
763.3100000000001,749.18,692.78
767.65,743.31,691.25
768.63,738.34,687.26
767.49,734.8,683.31
770.5,731.17,682.69
773.17,726.72,680.91
775.49,722.51,679.02
775.99,720.21,677.22
778.12,718.39,677.53
776.94,715.79,674.59
772.51,715.38,672.0
769.44,715.38,670.03
767.85,711.74,667.41
768.85,703.28,664.56
768.45,699.14,664.56
770.7,699.14,664.56
772.57,699.14,664.56
776.93,699.14,664.56
779.95,698.83,661.63
777.69,696.41,659.43
770.86,696.41,658.09
763.99,696.41,656.75
759.0,696.41,656.12
753.9,696.41,655.92
749.18,696.41,655.75
743.31,696.41,655.75
738.34,696.41,655.75
734.8,696.41,655.75
731.17,696.41,655.75
726.72,696.41,655.75
722.51,696.41,655.71
720.21,696.41,655.7
718.39,696.41,655.31
715.79,696.41,654.88
715.38,696.41,654.1
715.56,696.41,653.55
711.74,696.41,653.55
703.28,696.41,653.55
699.14,696.41,653.55
705.04,696.41,653.55
714.76,696.41,653.55
709.3,696.41,653.55
698.83,696.41,653.55
696.41,696.41,653.55
699.62,699.62,656.69
702.11,702.11,659.14
703.19,703.19,660.37
705.3,705.3,662.39
707.89,707.89,664.94
711.55,711.55,668.41
714.4300000000001,714.43,671.02
716.0,716.0,672.22
723.12,723.12,673.5
734.08,734.08,675.27
735.26,734.91,676.64
736.3,734.91,677.46
736.4,734.91,677.53
736.51,734.91,677.33
735.9300000000001,734.91,676.96
734.91,734.91,676.83
738.59,738.59,677.28
754.48,754.48,678.13
775.86,775.86,677.92
784.74,768.24,677.72
788.15,746.44,677.61
805.86,723.56,677.58
823.3100000000001,707.04,678.41
828.77,702.04,678.64
828.86,702.04,678.81
828.82,702.04,679.07
828.97,702.04,679.58
828.88,702.04,679.85
830.49,702.04,680.13
832.78,701.6,680.3
836.94,698.18,680.41
840.42,695.42,680.49
839.6,691.74,680.49
832.16,690.98,680.49
832.64,690.98,680.97
832.42,690.98,681.44
832.39,690.98,682.36
832.08,690.98,683.34
832.29,690.98,684.8
832.97,690.98,685.98
829.84,690.98,685.98
814.88,690.98,685.98
790.76,690.98,685.98
768.24,690.98,685.98
746.44,690.98,685.78
723.56,690.98,685.78
707.04,690.98,685.78
702.04,690.98,685.78
702.42,690.98,686.28
703.08,690.98,687.02
703.64,690.98,687.78
704.25,690.98,688.54
703.28,690.98,688.54
701.6,690.98,688.3
698.1800000000001,690.98,688.3
695.42,690.98,688.21
691.74,690.98,687.99
690.98,690.98,687.06
691.58,691.58,687.17
692.67,692.67,688.01
693.77,693.77,688.51
695.34,695.34,689.93
696.63,696.63,691.19
697.13,697.13,691.67
697.58,697.58,692.08
698.12,698.12,692.44
698.82,698.82,693.11
700.46,700.45,693.86
700.96,700.45,694.63
701.51,700.45,695.36
701.97,700.45,695.99
702.55,700.45,696.49
703.12,700.45,694.96
703.49,700.45,695.24
704.03,700.45,695.6
704.44,700.45,695.94
704.58,700.45,696.16
704.23,700.45,696.2
703.91,700.45,695.31
703.39,700.45,695.31
702.42,700.45,695.31
701.0,700.45,695.31
701.18,700.45,695.31
701.05,700.45,695.33
700.45,700.45,695.54
700.46,700.46,695.63
700.48,700.46,695.86
700.46,700.46,696.26
701.6800000000001,701.68,696.54
706.82,706.82,696.68
723.75,723.75,697.17
752.1,752.1,697.17
776.87,776.87,697.97
798.27,798.27,698.69
805.73,805.73,699.4
808.95,806.85,699.85
806.85,806.85,700.77
806.89,806.89,702.52
807.15,807.15,700.23
807.54,807.54,701.43
808.03,807.73,704.73
808.42,807.73,710.32
807.73,807.73,717.71
809.81,809.81,726.53
823.96,823.96,737.86
844.71,844.71,751.32
870.77,870.77,763.38
881.76,881.76,777.19
891.08,891.08,791.71
891.59,891.59,808.57
904.17,904.17,828.24
942.16,942.16,849.69
984.22,984.22,872.98
1022.0,1022.0,894.26
1056.71,1056.71,906.54
1073.69,1073.69,915.09
1102.67,1102.67,933.66
1137.84,1137.84,955.69
1193.07,1193.07,993.34
1257.22,1257.22,1036.18
1304.02,1304.02,1085.72
1317.67,1315.12,1118.03
1315.1200000000001,1315.12,1123.71
1315.93,1315.93,1132.8
1327.74,1327.74,1168.41
1375.38,1375.38,1217.24
1437.56,1437.56,1269.64
1514.8,1514.8,1321.2
1590.28,1590.28,1361.78
1659.77,1659.77,1396.74
1730.77,1730.77,1425.22
1813.6100000000001,1813.61,1469.39
1895.31,1895.31,1517.14
1995.94,1995.94,1574.56
2074.92,2074.92,1621.52
2112.33,2112.33,1645.18
2123.45,2123.45,1658.87
2129.3,2129.3,1667.16
2132.26,2132.26,1669.34
2141.1,2141.1,1683.76
2145.64,2145.64,1692.85
2148.76,2148.76,1699.5
2156.55,2156.55,1700.97
2164.65,2158.08,1670.92
2185.51,2093.79,1627.49
2204.17,2059.81,1612.17
2212.4,2053.36,1613.95
2220.68,2043.96,1612.83
2244.48,2008.34,1601.01
2251.91,1953.53,1553.63
2273.06,1873.74,1494.99
2274.44,1799.89,1438.62
2266.93,1728.03,1387.91
2264.08,1659.33,1345.98
2258.18,1580.79,1301.09
2252.56,1499.17,1250.72
2242.95,1419.95,1197.09
2210.44,1350.85,1141.66
2181.95,1287.82,1087.07
2170.8,1224.26,1033.16
2173.37,1167.56,979.58
2175.81,1117.71,932.17
2175.0299999999997,1071.07,888.01
2180.61,1021.45,862.85
2191.84,971.16,847.82
2203.82,915.14,830.79
2199.71,857.7,820.64
2158.08,823.84,803.17
2093.79,822.23,787.63
2059.81,822.23,774.56
2053.36,822.23,768.47
2043.96,822.23,758.89
2008.34,822.23,746.93
1953.53,822.05,736.98
1873.74,816.44,725.36
1799.8899999999999,813.61,722.02
1728.03,806.69,718.33
1659.33,790.68,713.33
1580.79,782.08,713.33
1499.17,777.61,711.59
1419.95,776.92,709.43
1350.85,776.92,707.15
1287.82,776.92,705.64
1224.26,776.92,704.46
1167.56,776.92,702.59
1117.71,775.43,700.24
1071.07,772.18,700.24
1021.4499999999999,772.18,700.24
971.16,765.48,700.24
915.14,756.43,700.24
857.7,752.92,700.24
823.84,751.76,697.7
822.23,751.76,697.17
823.75,751.76,698.92
824.11,751.76,699.41
823.93,751.76,698.76
822.43,751.76,697.69
822.05,751.51,696.38
816.44,751.51,694.09
813.61,745.86,690.65
806.69,738.64,685.95
790.68,732.67,681.16
782.08,723.76,676.47
777.61,717.37,671.91
776.92,715.06,670.18
777.8199999999999,714.02,670.04
778.4,713.43,670.03
778.33,712.86,669.62
777.76,712.11,668.43
775.43,710.87,666.25
772.1800000000001,703.31,662.54
774.17,688.69,660.86
765.48,677.6,660.02
756.43,671.76,660.02
752.92,669.4,660.02
751.76,667.55,657.17
752.12,666.34,656.32
752.35,665.06,655.49
752.48,663.55,654.54
752.01,661.87,652.86
752.44,659.27,650.69
751.51,655.25,646.23
752.64,650.73,642.84
745.86,647.52,637.23
738.64,645.42,631.73
732.67,643.51,626.26
723.76,641.54,620.81
717.37,639.76,615.72
715.06,635.94,611.42
714.02,632.7,608.69
713.43,629.67,606.74
712.86,626.68,604.85
712.11,625.22,603.8
710.87,625.22,603.8
703.31,625.22,603.8
688.6899999999999,625.22,603.8
677.6,625.22,603.8
671.76,625.22,603.8
669.4,625.22,603.8
667.55,625.22,603.8
666.34,625.22,601.78
665.06,625.22,598.09
663.55,625.22,595.58
661.87,625.22,593.36
659.27,625.22,591.73
655.25,625.22,591.73
650.73,625.22,591.73
647.52,625.22,591.62
645.42,625.22,591.35
643.51,625.22,590.48
641.54,625.22,589.77
639.76,625.22,590.0
635.94,625.22,590.0
632.7,625.22,590.0
629.67,625.22,590.0
626.68,625.22,590.0
625.22,625.22,590.0
626.97,626.97,590.0
637.75,637.75,591.09
657.56,657.56,591.09
675.75,675.75,591.09
691.93,689.1,591.09
698.9,689.1,591.09
702.78,689.1,591.49
700.04,689.1,591.49
695.66,689.1,591.49
692.36,689.1,591.49
690.13,689.1,591.49
689.1,689.1,592.28
691.6,691.6,594.83
695.47,695.47,596.87
698.57,698.57,597.27
700.4,700.4,598.09
701.44,701.44,598.7
702.7,702.7,599.99
704.71,704.71,599.96
712.2,712.2,600.62
722.95,722.95,598.84
726.46,726.46,599.72
736.33,727.11,601.12
747.44,727.11,602.77
750.94,727.11,602.77
745.8,727.11,602.08
736.88,727.11,602.08
727.11,726.09,602.08
730.6,706.83,602.08
734.53,693.28,602.08
745.78,693.28,602.08
755.35,693.28,604.85
758.59,693.28,607.56
761.4,693.28,609.54
769.81,693.28,610.76
773.09,693.15,611.75
773.14,693.15,612.51
771.31,693.15,611.06
768.61,693.15,609.79
767.6,693.15,610.16
767.17,693.15,611.18
767.2,693.15,612.21
765.16,693.15,612.33
758.33,693.15,609.51
745.8,693.15,606.99
745.99,693.15,605.04
744.51,690.62,602.95
737.62,685.06,601.22
736.0,679.67,599.83
732.41,677.4,598.58
729.0,667.81,597.51
726.09,660.25,597.51
706.83,655.31,596.64
693.28,650.34,595.12
704.6,622.26,594.28
703.99,612.62,593.65
703.46,611.04,593.14
702.63,609.41,592.71
695.44,608.15,592.21
693.15,606.75,591.48
693.86,603.98,590.83
694.24,603.05,590.28
695.67,602.57,591.23
697.05,601.96,592.0
698.5,601.96,593.84
699.5,601.96,594.52
701.66,601.96,596.77
702.6,601.96,597.58
704.06,601.96,599.15
699.7,601.96,598.89
690.62,601.96,598.89
685.06,601.96,598.88
679.67,601.96,598.88
677.4,601.96,598.68
667.81,601.96,598.56
660.25,601.96,598.22
655.31,601.96,598.08
650.34,601.96,597.82
622.26,601.96,597.58
612.62,601.96,597.31
611.04,601.96,597.11
609.41,601.96,596.94
608.15,601.96,596.8
606.75,601.96,596.65
603.98,601.96,596.61
603.05,601.96,596.61
602.57,601.96,596.83
601.96,601.96,596.87
602.84,602.21,597.04
602.52,602.21,597.04
602.94,602.21,597.04
604.32,602.21,597.04
604.43,602.21,597.08
604.02,602.21,597.08
604.11,602.21,597.08
604.13,602.21,597.08
604.11,602.21,596.72
603.9,602.21,596.72
603.67,602.21,596.55
602.34,602.21,596.55
602.21,602.21,596.35
602.7,602.7,596.95
603.01,603.01,597.4
603.09,603.07,597.27
603.09,603.07,596.93
603.07,603.07,596.43
603.19,603.19,596.01
603.52,603.52,595.78
603.89,603.89,595.46
606.33,606.33,595.16
611.74,611.74,595.15
619.64,619.64,595.84
629.99,624.5,595.84
636.23,618.87,596.25
638.54,616.16,596.25
640.66,612.78,596.25
641.88,610.59,595.28
644.51,607.26,594.58
646.44,604.3,593.84
651.05,598.64,593.01
650.49,598.27,592.36
650.61,598.27,592.36
650.34,598.27,592.36
650.67,598.27,592.44
650.45,598.27,592.44
651.94,598.27,592.14
652.19,598.27,591.5
651.98,598.27,590.95
651.64,598.27,590.5
651.16,598.27,590.02
650.62,598.27,589.41
650.0600000000001,598.27,588.98
649.37,598.27,588.46
646.63,598.27,588.06
641.21,598.27,588.06
634.51,598.27,588.06
624.5,598.27,588.06
618.87,598.27,588.06
616.16,598.27,588.06
612.78,598.27,588.06
610.59,598.27,587.96
607.26,598.27,587.96
604.3,598.27,587.96
598.64,598.27,587.96
598.27,598.27,588.03
600.91,600.91,588.03
607.41,605.01,588.03
607.55,605.01,588.03
608.21,605.01,588.03
606.42,605.01,588.03
605.53,605.01,588.03
605.19,605.01,588.24
605.08,605.01,588.8
605.08,605.01,589.59
605.01,605.01,590.28
605.14,605.14,591.15
605.31,605.31,592.06
605.69,605.69,593.18
612.17,612.17,594.11
617.77,617.77,594.11
620.4,620.4,594.11
624.29,624.29,594.11
626.16,626.16,594.28
629.71,629.71,594.28
630.27,630.27,595.6
631.47,631.47,596.8
634.37,634.37,599.55
642.68,638.73,602.56
643.12,638.73,605.88
640.38,638.73,605.88
638.73,638.73,605.88
653.0699999999999,653.07,609.02
664.92,664.92,612.26
668.8199999999999,668.82,616.48
669.42,669.42,621.3
670.3199999999999,670.32,626.21
671.09,671.09,627.25
671.9399999999999,671.94,628.42
672.7,672.7,629.76
673.4399999999999,673.44,631.73
676.63,676.63,635.88
680.99,680.99,641.13
691.88,691.88,641.13
706.61,706.61,641.13
727.73,727.73,642.13
747.14,747.14,644.88
767.51,767.51,650.33
781.49,781.49,656.06
798.84,798.84,666.68
812.61,812.61,677.08
821.34,821.34,685.81
836.03,836.03,689.52
863.91,863.91,702.08
904.04,904.04,714.69
956.48,956.48,723.68
999.7,999.7,723.68
1038.78,1038.78,725.64
1070.05,1041.41,738.81
1083.9,1041.41,752.42
1088.41,1041.41,752.15
1088.68,1041.41,751.8
1089.0,1041.41,751.48
1089.58,1041.41,751.02
1090.81,1041.41,750.4
1091.77,1041.41,747.87
1094.91,1041.41,750.76
1089.46,1041.41,748.69
1081.25,1041.41,748.69
1067.33,1041.41,746.03
1054.04,1041.41,746.03
1041.41,1041.41,742.25
1045.46,1045.46,735.35
1050.03,1050.03,729.76
1055.41,1055.41,723.55
1066.42,1066.42,718.08
1079.54,1079.54,708.79
1110.28,1035.51,708.79
1132.84,993.74,708.79
1133.72,952.14,708.79
1144.73,901.63,708.79
1157.58,853.08,708.79
1167.56,806.76,696.0
1167.32,792.94,684.73
1162.54,792.05,679.06
1161.92,791.51,677.9
1161.28,790.94,676.69
1160.24,790.72,675.43
1158.39,790.18,673.04
1154.9,790.18,669.88
1154.65,790.18,671.5
1158.03,790.18,671.5
1161.69,790.18,671.5
1162.72,790.18,671.5
1171.81,789.93,671.68
1172.51,789.93,672.4
1157.21,789.93,672.4
1143.45,789.93,665.75
1130.26,783.73,655.01
1113.78,777.88,644.13
1081.11,776.19,636.51
1035.51,764.06,629.29
993.74,755.39,629.29
952.14,744.77,628.3
901.63,733.35,628.3
853.08,724.59,628.3
806.76,724.59,625.63
792.94,724.59,618.94
792.05,724.59,618.97
791.51,724.59,619.18
790.94,724.59,619.23
790.72,724.59,620.72
790.18,724.59,621.98
790.51,724.59,622.58
792.38,724.59,622.58
798.4,724.59,622.58
795.31,724.59,622.58
793.88,724.59,622.58
789.93,724.59,622.58
789.95,724.59,622.58
794.4300000000001,724.59,622.58
790.43,724.59,621.4
783.73,724.59,617.2
777.88,724.59,612.59
776.19,724.59,612.86
764.06,724.59,612.86
755.39,724.59,612.86
744.77,724.59,612.86
733.35,724.59,612.86
724.59,724.59,612.86
730.2,730.2,619.06
730.34,730.34,625.23
731.26,731.26,626.13
732.01,732.01,626.65
732.63,732.63,627.16
734.34,734.34,627.44
736.14,734.78,628.23
736.41,734.78,628.97
735.96,734.78,627.36
734.78,734.78,627.36
744.03,744.03,627.36
751.06,748.04,627.36
752.46,748.04,627.36
752.48,748.04,627.36
748.04,748.04,627.36
748.8,748.8,628.14
750.3,750.3,630.22
750.6999999999999,750.7,629.94
752.66,752.66,628.33
766.63,766.63,630.76
773.99,768.76,630.76
783.25,762.77,630.76
794.72,760.89,630.76
805.98,760.16,630.76
825.43,751.76,632.69
832.8299999999999,745.59,633.92
832.81,745.59,633.91
832.58,745.49,633.57
832.47,745.49,633.88
831.04,745.49,632.77
830.03,745.49,632.22
830.5,745.49,634.23
826.57,745.49,631.21
817.91,741.6,631.21
809.81,734.91,631.21
806.92,730.4,631.21
800.74,726.66,631.21
797.57,723.72,630.99
795.38,723.72,630.99
797.6800000000001,723.06,631.01
798.26,723.06,635.06
797.58,723.06,639.58
794.01,723.06,642.06
782.47,723.06,642.06
768.76,723.06,642.06
762.77,723.06,642.06
760.89,723.06,642.06
760.16,723.06,642.06
751.76,723.06,642.06
745.59,723.06,641.12
745.6,723.06,640.33
745.49,723.06,639.15
745.91,723.06,637.79
746.23,723.06,636.84
746.69,723.06,634.96
748.23,720.15,632.78
746.98,715.34,626.72
741.6,708.27,619.73
734.91,699.11,613.63
730.4,691.22,611.34
726.66,683.61,606.22
723.72,679.1,601.71
724.39,674.4,599.25
723.06,667.06,594.56
727.31,662.17,593.92
732.51,662.17,597.53
739.47,661.85,601.26
744.47,654.26,598.67
744.1,649.93,596.99
742.24,645.05,596.61
734.22,641.78,596.61
729.42,637.54,596.61
727.68,634.34,596.61
731.13,634.02,598.32
730.33,634.02,598.26
729.26,634.02,597.61
727.48,634.02,596.41
726.21,634.02,595.68
723.87,634.02,595.67
720.15,634.02,595.9
715.34,634.02,593.35
708.27,634.02,589.94
699.11,634.02,587.69
691.22,634.02,587.69
683.61,634.02,587.69
679.1,634.02,587.69
674.4,634.02,587.69
667.06,634.02,587.69
662.17,634.02,587.69
664.5699999999999,634.02,587.69
661.85,634.02,587.69
654.26,634.02,587.69
649.93,634.02,587.69
645.05,634.02,587.69
641.78,634.02,587.69
637.54,634.02,587.69
634.34,634.02,587.69
634.02,634.02,587.69
634.76,634.76,590.33
635.1800000000001,635.18,592.42
635.76,635.76,594.25
636.3,636.3,595.67
638.63,638.63,597.68
643.85,643.85,599.21
646.11,646.11,601.77
646.71,646.71,605.41
648.16,647.97,608.92
647.97,647.97,606.2
650.42,650.42,606.43
653.32,653.32,607.37
654.67,654.67,608.81
660.15,660.15,612.89
664.51,664.51,614.09
683.09,683.09,614.09
706.55,706.55,614.09
734.0,734.0,616.42
765.41,765.41,618.09
794.4300000000001,778.94,619.45
819.2,760.28,619.45
842.21,735.27,619.45
857.63,712.13,618.18
876.56,690.41,616.59
884.6,684.16,618.38
886.27,684.16,622.28
887.52,684.16,626.39
888.4,684.16,629.05
888.08,684.16,629.67
884.39,684.16,625.68
884.6899999999999,684.16,622.82
888.17,682.59,621.17
891.11,678.1,619.62
888.39,677.37,616.17
886.17,675.93,612.51
884.21,673.99,608.61
885.9399999999999,672.3,608.65
886.39,669.68,607.28
885.5699999999999,663.41,603.33
864.33,658.35,600.14
845.5,652.68,600.14
827.55,652.19,600.14
803.45,652.19,600.14
778.94,652.19,600.14
760.28,652.19,600.14
735.27,652.19,600.14
712.13,652.19,600.14
690.41,652.19,600.14
684.16,652.19,597.91
686.64,652.19,596.17
689.5,652.19,594.82
691.28,652.19,594.04
692.22,652.19,593.41
690.88,652.19,591.4
687.72,652.19,588.4
682.59,652.19,584.59
678.1,652.19,582.08
677.37,652.19,582.99
675.93,652.19,583.79
673.99,652.19,583.08
672.3,652.19,583.08
669.68,652.19,583.08
663.41,652.19,580.68
658.35,652.19,580.49
652.68,652.19,580.49
652.19,652.19,580.49
662.64,662.64,580.49
670.76,670.76,580.49
674.26,674.26,580.49
685.33,679.77,580.49
693.74,679.77,580.49
694.9,679.77,580.49
693.0,679.77,580.49
688.78,679.77,578.52
684.57,679.77,576.78
682.01,679.77,575.66
680.44,679.77,574.65
679.77,679.77,574.71
679.93,679.93,576.38
680.73,680.73,577.81
681.45,681.45,579.25
683.09,683.09,580.33
685.33,685.33,580.88
686.56,686.56,579.9
686.62,686.62,578.45
687.48,687.48,577.25
688.17,688.17,577.24
690.11,690.11,577.18
702.53,702.53,577.18
712.88,700.32,577.18
709.8,687.82,577.18
711.75,672.32,577.18
714.57,656.37,577.18
716.02,643.37,577.18
721.05,628.11,577.18
737.45,611.4,577.18
741.0600000000001,607.75,577.14
741.28,607.17,576.78
741.44,607.17,577.7
741.36,607.17,578.42
741.3,607.17,577.15
742.03,606.72,576.26
743.54,605.13,576.18
744.17,604.42,576.1
744.89,602.55,574.95
744.33,600.95,572.99
742.64,600.44,571.27
740.4300000000001,600.44,569.97
737.0600000000001,600.44,569.97
733.32,600.44,569.97
732.62,600.44,570.27
730.62,600.44,569.79
718.2,600.44,569.79
700.32,600.44,569.79
687.82,600.44,569.79
672.32,600.44,569.79
656.37,600.44,569.79
643.37,600.44,569.79
628.11,600.44,569.79
611.4,600.44,569.79
607.75,600.44,569.79
607.17,600.44,570.29
608.75,600.44,569.64
609.55,600.44,568.07
608.34,600.44,566.55
606.72,600.44,564.63
605.13,600.44,562.83
604.42,600.44,561.43
602.55,600.44,559.33
600.95,600.44,556.67
600.44,600.44,554.38
600.94,600.94,552.59
602.34,602.34,550.39
604.86,603.27,548.42
605.86,603.27,546.92
605.91,603.27,544.59
603.27,603.27,542.43
603.7,601.94,541.87
609.0,592.34,541.87
615.08,582.88,541.43
619.8199999999999,580.52,541.43
619.96,579.6,541.43
625.26,576.86,541.43
629.9,566.72,539.69
631.49,562.47,538.6
634.01,558.88,538.05
631.78,558.24,537.84
629.41,558.24,537.84
629.1,558.24,537.76
628.8,558.24,537.84
628.59,558.24,538.01
627.9,558.24,537.65
627.47,558.24,537.28
626.19,558.24,536.42
624.41,558.24,535.57
622.12,558.24,535.05
618.52,558.24,534.92
614.03,558.24,534.56
611.53,558.24,534.56
609.15,558.24,534.56
606.29,558.24,534.56
601.94,558.24,534.56
592.34,558.24,534.56
582.88,558.24,534.56
580.52,558.24,534.56
579.6,558.24,534.56
576.86,558.24,534.56
566.72,558.24,534.56
562.47,558.24,534.56
558.88,558.24,534.56
558.24,558.24,534.56
558.61,558.61,534.6
558.84,558.84,534.67
559.22,559.22,535.18
559.6,559.6,535.72
559.9300000000001,559.93,536.45
559.99,559.99,536.91
560.36,560.36,538.15
561.07,561.07,540.1
562.24,562.24,542.5
563.4,563.4,544.69
564.04,564.04,546.95
566.34,566.34,549.13
570.3100000000001,570.31,551.57
584.26,584.26,553.84
596.03,596.03,555.29
601.89,601.89,555.76
611.35,611.35,557.44
614.34,614.03,557.44
615.88,614.03,557.44
614.03,614.03,557.44
619.18,619.18,560.57
621.93,621.93,563.7
625.29,625.29,566.19
627.0699999999999,627.07,568.82
628.74,628.74,571.39
629.77,629.77,573.75
630.75,630.75,576.72
631.3,631.3,578.65
632.21,632.21,580.17
634.0600000000001,634.06,581.9
636.2,636.2,583.73
639.31,639.31,585.59
643.03,640.69,588.08
647.88,640.69,591.22
653.23,640.69,594.76
658.48,640.69,596.53
663.12,639.39,595.96
656.86,635.4,595.67
649.89,635.4,595.67
648.84,635.4,595.67
646.91,634.08,595.67
644.23,632.92,595.67
640.6899999999999,632.68,595.67
644.24,629.9,595.67
644.76,628.59,595.67
645.55,628.59,596.88
644.68,628.59,597.04
645.53,628.59,598.33
647.78,628.59,598.7
649.11,628.59,600.07
651.1,628.59,600.77
652.48,628.12,601.07
653.09,627.64,601.2
652.97,626.4,599.84
652.66,625.5,598.63
651.41,624.18,596.06
650.18,623.03,593.68
648.96,621.74,592.62
647.4399999999999,621.74,592.62
644.6,621.74,592.62
639.39,621.74,592.62
635.4,621.74,592.62
635.4,621.74,592.62
635.81,621.74,592.62
634.08,621.74,592.62
632.92,621.74,592.62
632.68,621.74,591.71
629.9,621.74,590.67
628.59,621.74,590.17
629.5,621.74,589.76
631.89,621.74,589.83
632.33,621.74,589.75
630.45,621.74,589.75
630.49,621.74,589.87
629.2,621.74,589.82
628.12,621.74,590.52
627.64,621.74,590.95
626.4,621.74,591.18
625.5,621.74,592.11
624.1800000000001,621.74,593.09
623.03,621.74,593.45
621.74,621.74,593.45
623.72,623.72,593.45
626.5600000000001,625.93,593.45
630.29,625.93,593.65
633.64,625.93,593.65
636.57,625.93,593.65
638.6,625.93,593.65
637.74,625.93,593.65
636.28,625.93,593.65
633.35,625.93,593.65
630.97,625.93,593.65
630.09,625.93,593.65
628.77,625.93,593.65
626.45,625.93,593.65
625.93,625.93,593.65
626.27,626.27,594.07
626.43,626.43,594.28
627.42,627.42,594.62
629.2,629.2,595.12
630.11,630.11,595.6
631.58,631.58,596.58
633.41,633.41,598.12
635.71,635.71,600.6
637.22,636.88,602.03
639.18,636.88,602.51
640.2,636.88,602.51
640.18,636.88,602.51
640.46,636.88,602.51
640.8199999999999,636.51,602.51
638.9,633.19,602.49
636.88,630.74,602.49
639.27,628.58,602.49
639.98,628.58,602.49
643.04,628.58,603.05
644.97,628.58,603.96
646.0699999999999,627.98,603.96
646.72,627.27,603.9
647.51,626.52,603.94
647.68,625.95,603.54
647.9,625.01,602.82
648.01,624.16,602.08
647.36,624.01,601.28
646.08,624.01,600.55
645.65,624.01,600.19
645.16,623.77,598.84
644.87,623.77,599.13
645.05,623.77,599.84
644.97,623.77,600.37
643.49,623.77,600.37
640.2,623.77,600.37
638.87,623.77,600.37
638.31,622.84,600.37
636.51,621.58,600.37
633.19,621.58,600.37
630.74,620.6,599.67
628.58,618.35,599.67
629.88,615.03,599.56
629.3,613.89,599.56
629.08,613.52,599.56
627.98,613.52,599.28
627.27,613.52,598.83
626.52,613.29,598.08
625.95,613.29,597.65
625.01,613.29,597.29
624.16,613.29,597.21
624.01,613.29,597.56
624.56,613.29,598.55
624.63,613.29,599.52
623.77,613.29,600.53
624.35,613.29,600.87
624.93,613.29,600.94
625.57,613.29,601.19
626.34,613.29,601.19
626.64,613.29,601.07
625.0,613.29,601.03
622.84,613.29,601.03
621.58,613.29,601.03
622.53,613.29,601.03
620.6,613.29,601.03
618.35,613.29,601.03
615.03,613.29,601.03
613.89,613.29,601.03
613.52,613.29,601.03
613.68,613.29,600.7
613.64,613.29,600.81
613.29,613.29,601.01
613.41,613.41,601.54
613.82,613.82,602.16
614.31,614.09,602.63
614.81,614.09,602.92
615.25,614.09,603.16
616.15,614.09,603.23
618.02,614.09,604.5
617.78,614.09,604.36
617.27,614.09,603.9
617.08,614.09,603.54
616.38,614.09,603.05
615.4,614.09,602.65
614.09,614.09,602.01
615.98,615.98,600.81
618.73,618.73,599.35
622.06,621.19,597.68
625.35,617.4,597.18
630.81,610.56,596.63
639.91,600.73,596.31
639.95,598.78,595.61
640.08,596.88,594.77
639.59,596.57,594.2
640.03,595.67,593.74
640.76,594.82,593.62
641.2,593.76,593.02
641.41,592.33,591.84
641.39,592.19,591.84
641.18,592.19,591.84
640.98,592.19,591.82
640.15,592.19,591.82
639.55,592.19,591.82
639.65,592.19,591.71
639.52,592.19,591.3
638.96,592.19,590.94
638.25,592.19,590.74
637.89,592.19,590.74
637.27,592.19,590.0
632.88,592.19,589.27
627.49,592.19,588.21
621.19,592.19,586.84
617.4,592.19,585.73
610.56,592.19,585.55
600.73,592.19,585.55
598.78,592.19,585.16
596.88,591.41,583.98
596.57,591.22,583.68
595.67,590.37,582.85
594.82,590.05,582.57
593.76,590.05,582.57
592.33,590.05,582.46
592.19,590.05,582.17
592.44,588.61,581.27
592.55,587.23,580.39
593.72,585.82,580.15
594.4,584.5,579.51
594.1899999999999,583.97,579.35
593.76,583.88,579.35
593.4,583.88,579.35
593.29,583.88,579.35
593.36,583.88,579.35
592.9,583.88,579.35
593.02,583.88,579.84
593.06,583.88,580.62
593.02,583.88,581.64
592.25,583.88,581.72
592.3,583.88,581.76
592.29,583.88,581.76
592.2,583.88,581.96
591.41,583.88,582.31
591.22,583.88,582.42
590.37,583.88,582.44
590.05,583.88,582.44
590.23,583.88,582.65
590.84,583.88,583.48
590.05,583.88,583.48
588.61,583.88,583.34
587.23,583.88,583.01
585.82,583.88,583.01
584.5,583.88,583.01
583.97,583.88,582.97
583.88,583.88,583.01
584.01,584.01,583.09
584.04,584.04,583.09
584.64,584.64,583.09
585.66,585.66,583.7
586.28,586.28,584.31
587.18,587.18,585.27
589.41,589.41,586.55
591.35,591.35,587.58
591.47,591.47,587.75
591.54,591.54,587.82
592.37,592.37,588.47
593.87,593.87,589.99
594.81,594.81,589.53
597.1,597.1,588.79
598.1899999999999,598.19,587.77
598.83,598.83,587.12
599.64,599.64,586.75
600.42,600.42,586.65
601.33,601.33,587.36
602.04,602.04,587.84
602.74,602.74,588.7
603.86,603.86,589.9
604.14,604.14,590.71
604.99,604.99,591.34
605.97,605.97,591.82
606.68,606.57,592.35
606.57,606.57,591.94
606.84,606.84,591.7
607.89,607.89,592.09
612.27,612.27,592.68
618.57,612.03,592.68
621.79,607.68,591.93
625.28,605.31,592.47
628.82,602.25,592.91
630.86,600.34,593.04
631.94,598.75,592.53
630.54,598.24,590.62
627.51,598.18,588.31
625.4,598.17,586.33
624.11,597.72,584.67
622.93,597.22,583.16
622.05,596.79,581.85
621.85,595.69,580.55
621.62,594.73,579.36
621.78,592.3,577.09
622.0,589.95,574.96
622.9300000000001,587.36,573.3
622.96,584.53,570.97
623.07,581.54,568.9
623.32,578.29,566.49
622.78,575.85,564.39
622.27,573.78,562.76
621.61,573.78,562.76
618.25,573.78,562.76
612.03,573.78,562.76
607.68,573.78,562.76
605.31,573.78,562.76
602.25,573.78,562.76
600.34,573.78,562.76
598.75,573.78,561.5
598.24,573.78,560.04
598.18,573.78,559.49
598.17,573.78,559.67
597.72,573.78,559.78
597.22,573.78,559.75
596.79,573.78,559.62
595.69,573.78,559.38
594.73,573.78,559.17
592.3,573.78,559.17
589.95,573.78,559.12
587.36,573.78,559.12
584.53,573.78,559.12
581.54,573.78,559.12
578.29,573.78,559.12
575.85,573.78,559.12
573.78,573.78,559.12
578.39,578.39,559.12
580.37,580.37,559.12
584.43,584.43,559.12
591.54,591.54,559.12
597.25,590.82,559.12
600.28,588.45,559.12
600.12,588.2,559.12
598.77,588.2,559.12
597.82,588.2,559.85
597.33,588.2,560.98
597.52,588.2,561.9
598.08,588.2,562.6
598.55,588.2,563.28
598.85,588.2,563.98
599.46,588.2,564.73
600.2,588.2,565.72
601.98,588.2,566.81
603.16,588.2,567.12
604.43,588.2,567.52
606.16,588.2,568.27
608.0699999999999,588.2,568.88
610.52,588.2,570.39
613.08,588.2,572.05
615.05,588.2,573.33
610.66,588.2,572.83
608.34,588.2,572.42
603.66,588.2,572.07
596.67,588.2,572.05
590.82,588.2,572.05
588.45,587.0,572.05
588.2,586.84,572.05
589.55,586.84,573.16
592.55,586.55,575.0
595.88,585.48,576.81
597.94,584.79,577.69
599.43,584.25,578.04
600.43,583.88,578.43
601.25,583.57,578.94
601.39,583.57,579.37
601.64,583.57,579.67
600.95,583.57,579.77
600.08,583.57,579.9
599.21,583.57,579.79
598.23,583.57,579.78
596.93,583.57,579.78
595.99,583.57,579.78
595.09,583.57,579.78
594.4,583.57,579.78
593.01,583.57,579.78
591.54,583.57,579.78
590.29,583.57,579.78
589.85,583.57,579.78
588.51,583.57,579.78
587.0,583.57,579.78
586.84,583.57,579.78
587.14,583.57,579.89
586.55,583.57,579.89
585.48,583.57,579.89
584.79,583.57,579.89
584.25,583.57,579.89
583.88,583.57,579.89
583.57,583.57,579.89
583.86,583.86,580.3
583.91,583.91,580.5
584.7,584.7,581.12
585.7,585.7,582.23
586.46,586.46,583.16
587.43,587.43,584.42
588.75,588.75,585.62
589.8,589.8,586.33
591.02,591.02,586.95
591.96,591.96,587.55
592.9,592.9,588.3
594.02,594.02,589.13
595.06,595.06,589.98
595.65,595.65,590.54
595.92,595.82,590.93
596.14,595.82,591.24
596.0,595.82,591.32
595.8199999999999,595.82,591.37
595.85,595.85,591.37
595.89,595.89,591.38
596.0699999999999,595.94,591.05
595.9399999999999,595.94,591.04
596.03,596.03,591.08
596.13,596.13,591.25
596.25,596.23,591.73
596.4,596.23,592.34
596.23,596.23,592.8
596.34,596.34,593.48
596.51,596.51,594.22
596.93,596.93,594.8
597.27,597.27,594.94
597.78,597.78,594.94
598.12,598.12,594.94
598.48,598.48,594.75
598.98,598.98,594.7
599.34,599.34,594.7
599.95,599.95,594.7
600.51,600.51,594.78
600.68,600.68,595.07
600.85,600.85,595.3
601.13,601.13,595.68
601.67,601.2,596.08
601.99,601.2,596.22
601.96,601.2,596.46
601.4,601.2,596.25
601.25,601.2,596.35
601.2,601.2,596.57
601.27,601.27,596.93
601.77,601.77,597.57
602.45,602.45,598.1
603.61,602.8,598.9
604.36,602.8,599.24
605.03,602.8,599.58
605.35,602.8,599.67
605.62,602.8,599.67
605.42,602.8,599.67
604.77,602.8,599.67
604.07,602.8,599.59
603.49,602.8,599.49
603.1,602.8,599.49
602.8,602.8,599.49
603.64,603.64,599.49
604.37,604.37,599.71
604.72,604.72,599.8
604.99,604.99,599.63
605.24,605.24,599.27
605.6800000000001,605.68,599.17
606.09,606.09,598.96
606.4300000000001,606.43,599.01
606.99,606.6,598.94
607.6,606.6,598.88
607.9300000000001,606.6,598.98
608.13,606.6,598.82
607.98,606.6,598.58
607.62,606.56,597.84
607.21,605.78,596.69
606.88,604.91,595.49
606.65,603.73,594.13
606.6,602.37,593.11
606.62,601.76,592.88
606.82,601.48,592.86
607.1,601.28,592.94
607.21,600.9,592.67
608.53,599.42,592.56
609.03,597.85,591.83
610.13,597.01,591.83
612.26,597.01,591.83
612.0,597.01,591.83
611.5600000000001,597.01,590.72
610.86,597.01,589.76
610.1800000000001,597.01,589.28
609.5600000000001,597.01,588.8
609.27,597.01,588.37
608.64,597.01,587.84
607.97,596.92,587.31
607.74,596.52,586.98
607.38,596.04,586.54
607.29,594.95,585.53
606.5600000000001,593.83,583.96
605.78,592.8,582.15
604.91,591.69,580.17
603.73,590.61,578.03
602.37,589.37,576.08
601.76,586.99,573.88
601.48,584.99,572.24
601.28,583.36,570.87
600.9,582.19,569.81
599.42,580.68,568.75
597.85,579.7,567.61
597.01,576.76,566.78
598.89,570.93,566.21
600.47,568.24,565.8
599.5600000000001,568.24,565.65
598.77,568.24,565.62
598.1800000000001,568.24,565.62
597.97,568.24,565.62
597.8100000000001,568.24,565.62
597.36,568.24,565.62
596.92,568.24,565.62
596.52,568.24,565.62
596.04,568.24,565.11
594.95,568.24,564.1
593.83,568.24,562.74
592.8,568.24,561.2
591.69,568.24,559.66
590.61,568.24,558.58
589.37,568.24,557.76
586.99,568.24,557.14
584.99,568.24,556.95
583.36,568.24,556.66
582.19,568.24,556.66
580.68,568.24,556.66
579.7,568.24,556.66
576.76,568.24,556.66
570.93,568.24,556.66
568.24,568.24,556.66
568.58,568.58,556.66
568.92,568.92,556.63
569.04,569.04,556.63
569.7,569.7,556.63
570.71,570.71,556.63
571.98,571.32,556.63
573.13,571.32,556.5
573.75,571.32,555.99
573.17,571.32,555.35
572.64,571.32,554.98
572.26,571.32,555.05
571.75,571.32,555.26
571.32,571.32,556.01
571.32,571.32,557.13
571.74,571.74,558.1
572.65,572.65,559.46
573.4,573.4,560.27
573.72,573.72,560.96
574.57,574.57,561.47
575.55,575.55,562.07
576.6,576.6,562.82
591.46,591.46,563.38
604.5600000000001,587.67,563.77
610.86,582.28,564.07
611.23,582.28,564.18
610.7,582.28,564.19
610.3100000000001,582.28,564.19
609.63,582.28,564.19
608.16,582.28,564.19
606.58,582.28,564.19
604.75,582.28,564.19
602.88,582.28,564.19
602.22,582.28,564.73
602.34,582.28,565.85
602.79,582.28,567.42
603.51,582.28,569.27
604.69,582.28,571.08
606.04,582.28,572.47
607.05,582.28,573.31
609.27,582.28,574.4
610.95,582.28,575.15
612.21,582.28,576.15
612.68,582.28,576.43
613.08,582.28,576.67
613.42,582.28,576.95
599.83,582.28,576.95
587.67,582.28,576.9
582.28,582.28,576.7
582.33,582.33,576.71
583.17,583.17,577.49
583.86,583.86,577.95
584.12,584.12,578.16
584.85,584.85,578.78
585.8,585.8,579.36
587.13,587.13,580.25
588.88,588.88,581.6
590.97,590.02,583.1
592.09,590.02,584.36
593.24,590.02,585.73
594.37,590.02,587.04
595.0,590.02,587.51
595.04,590.02,587.52
594.87,590.02,587.72
594.05,590.02,587.72
593.33,590.02,587.65
593.14,590.02,587.54
592.95,590.02,587.33
592.79,590.02,587.25
592.73,590.02,586.95
592.5,590.02,586.87
592.32,590.02,586.83
591.89,590.02,586.73
591.85,590.02,586.72
591.79,590.02,586.72
591.69,590.02,586.72
591.8100000000001,590.02,586.72
591.74,590.02,586.71
591.42,590.02,586.71
590.98,590.02,586.71
590.58,590.02,586.71
590.02,590.02,586.69
590.46,589.82,586.23
590.76,588.68,585.39
590.94,587.49,584.38
590.78,586.9,583.63
590.75,586.73,583.43
591.12,586.29,583.36
591.32,586.14,583.36
591.2,586.14,583.36
591.09,586.14,583.36
590.92,586.14,583.36
590.85,586.14,583.36
590.55,586.14,583.36
590.45,586.14,583.3
590.46,586.14,582.59
590.56,585.47,581.66
590.5699999999999,584.15,580.35
590.71,582.97,579.31
590.58,582.52,578.9
590.43,582.06,578.51
590.35,581.19,577.66
590.33,580.13,576.7
590.55,579.95,576.7
590.8199999999999,579.64,576.7
590.72,579.57,576.66
589.82,579.57,576.38
588.68,579.57,575.9
587.49,579.57,575.45
586.9,579.57,575.53
586.73,579.57,575.34
586.29,579.57,574.98
586.14,579.57,574.98
586.44,579.57,574.98
586.53,579.57,574.98
586.76,579.57,575.07
586.85,579.57,575.07
587.24,579.57,575.29
587.22,579.57,575.3
586.5,579.57,575.3
585.47,579.57,574.78
584.15,579.57,574.4
582.97,579.57,574.0
582.52,579.57,573.8
582.0600000000001,579.57,573.8
581.19,579.57,573.8
580.13,579.57,573.8
579.95,579.57,573.8
579.64,579.57,573.8
579.57,579.57,573.39
579.78,579.78,573.45
580.22,580.22,573.97
580.96,580.96,575.04
581.63,581.17,576.14
581.61,581.17,576.82
581.69,581.17,577.34
581.48,581.17,577.34
581.17,581.17,577.3
581.18,581.18,577.3
581.27,581.27,576.79
581.48,581.48,576.19
581.75,581.75,576.19
581.78,581.78,576.19
582.51,582.51,576.79
583.02,583.02,577.66
583.92,583.92,578.63
584.52,584.52,579.13
584.65,584.65,578.32
585.08,585.08,578.62
586.02,586.02,579.41
587.23,586.53,580.34
587.4300000000001,586.53,580.34
587.4,586.53,580.34
586.79,586.53,580.36
586.64,586.53,580.37
586.72,586.53,580.85
587.21,586.53,581.4
587.7,586.53,581.92
588.51,586.53,582.6
589.16,586.53,583.08
589.4300000000001,586.53,583.08
589.33,586.53,583.08
589.22,586.53,583.07
588.46,586.53,583.01
587.49,586.53,582.83
587.22,586.53,582.62
587.36,586.53,582.47
587.23,586.53,581.99
587.59,586.53,581.57
587.66,586.53,581.07
587.5600000000001,586.53,580.22
586.62,586.53,579.9
586.53,586.53,579.42
586.69,586.69,579.19
586.74,586.23,579.02
586.86,585.6,578.83
587.16,585.0,578.63
587.79,584.8,579.06
587.95,584.8,579.22
588.54,583.99,579.0
588.9,582.42,577.79
589.0,581.64,577.26
588.87,581.03,576.76
589.34,580.18,576.75
589.32,579.83,576.75
589.4,579.83,576.75
589.43,579.83,576.75
589.93,579.83,577.12
590.42,579.83,577.61
590.02,579.83,577.61
589.7,579.83,577.61
589.28,579.83,577.61
588.5,579.83,577.62
587.93,579.83,577.86
587.18,579.83,578.33
587.8,579.83,579.46
587.32,579.83,579.46
586.77,579.83,579.46
586.23,579.83,579.46
585.6,579.83,579.46
585.0,579.83,579.46
584.8,579.83,579.46
584.8,579.83,579.59
583.99,579.83,579.59
582.42,579.83,579.59
581.64,579.83,579.59
581.03,579.83,579.62
580.18,579.83,579.62
579.83,579.83,579.62
579.83,579.83,579.62
579.89,579.89,579.62
580.08,580.08,579.66
580.28,580.28,579.82
580.65,580.65,580.06
581.3,581.3,580.25
582.15,582.15,580.77
583.36,583.36,581.76
584.5,584.5,582.67
586.02,586.02,584.0
586.69,586.69,584.63
587.25,587.25,585.24
587.57,587.57,585.66
587.79,587.79,586.03
588.06,588.06,586.53
588.35,588.35,587.06
588.56,588.56,587.53
588.69,588.69,587.72
589.3,589.3,588.18
590.85,590.85,589.36
591.87,591.87,589.85
593.08,593.08,590.06
593.73,593.73,590.51
594.13,594.13,590.83
594.44,594.44,591.1
594.62,594.62,591.26
594.85,594.85,590.94
595.2,595.2,590.3
595.39,594.8,589.22
595.29,593.71,588.22
595.33,593.71,588.22
595.37,593.71,588.26
595.41,593.71,587.37
595.64,593.71,586.15
596.0,593.54,585.74
596.4,593.29,585.89
596.88,593.0,586.08
597.55,592.53,586.28
598.24,591.94,586.38
598.95,591.41,586.56
599.51,591.18,586.87
599.57,591.18,587.16
599.42,591.18,587.23
599.05,591.18,587.06
598.52,591.18,586.94
597.52,591.18,586.6
597.42,591.18,586.6
597.66,591.18,586.6
597.63,591.18,586.55
597.61,591.18,586.44
597.06,591.18,586.33
596.07,591.18,586.07
594.8,591.18,585.8
593.71,591.18,585.68
595.26,591.18,585.53
596.6899999999999,590.64,584.9
595.76,590.64,584.44
594.31,590.64,583.79
593.54,590.64,582.92
593.29,589.92,582.0
593.0,589.03,581.25
592.53,587.51,579.85
591.94,585.98,578.4
591.41,584.54,577.11
591.18,582.84,575.78
591.41,580.53,573.7
591.63,577.89,571.28
591.83,574.98,568.57
592.22,572.14,566.12
592.63,569.37,563.76
592.73,566.14,561.04
592.41,563.85,559.09
592.31,562.26,557.88
592.2,561.39,557.43
592.5,560.52,557.0
593.06,559.56,556.6
593.93,557.85,555.76
594.71,557.85,556.15
592.81,557.85,556.15
590.64,557.85,555.31
590.94,555.58,553.25
591.38,554.34,552.45
590.93,553.55,551.36
589.92,552.92,550.46
589.03,551.99,549.53
587.51,551.75,548.71
585.98,551.59,547.89
584.54,551.14,546.94
582.84,550.57,545.79
580.53,550.57,545.09
577.89,550.57,544.65
574.98,550.57,543.98
572.14,550.57,542.91
569.37,550.57,541.45
566.14,550.57,540.31
563.85,550.57,539.74
562.26,550.57,539.74
561.39,550.57,539.74
560.52,550.57,539.74
559.56,550.57,539.74
557.85,550.57,539.74
557.93,550.57,539.74
558.65,550.57,539.74
557.9399999999999,550.57,539.74
555.58,550.57,539.74
554.34,550.57,539.74
553.55,550.57,539.74
552.92,550.57,539.74
551.99,550.57,539.74
551.75,550.57,539.74
551.59,550.57,539.74
551.14,550.57,539.74
550.57,550.57,539.74
551.03,551.03,540.52
552.03,552.03,541.96
552.93,552.93,543.77
553.19,553.17,545.68
553.17,553.17,547.75
553.41,553.41,550.64
553.45,553.45,552.81
555.43,555.43,554.37
558.6,558.6,555.21
562.0,562.0,556.04
565.44,565.44,557.16
569.6,569.6,559.07
571.7,571.7,559.12
573.45,573.45,559.12
576.92,576.92,560.5
580.46,580.46,563.45
582.43,582.43,565.49
584.66,584.66,567.31
586.6,586.6,569.03
588.53,588.53,570.92
590.37,590.37,572.72
592.21,592.21,574.36
594.13,594.13,575.83
596.2,596.2,577.51
598.55,595.62,578.98
600.32,595.16,580.29
602.56,594.65,582.02
605.37,594.23,584.41
608.71,593.6,587.12
611.77,593.09,589.67
614.21,592.56,591.58
613.92,592.26,591.28
611.59,592.17,590.99
609.02,592.17,590.95
606.7,592.17,590.95
604.45,592.17,590.95
602.49,592.17,590.95
600.26,592.17,590.95
598.36,592.17,590.95
597.91,592.17,590.95
598.01,592.17,591.03
597.72,592.17,591.03
597.51,592.17,591.03
597.58,592.17,591.03
597.54,592.17,591.05
597.34,592.17,591.08
596.89,592.17,591.16
596.5,592.17,591.34
595.62,592.17,591.13
595.16,592.17,591.26
594.65,592.17,591.25
594.23,592.17,590.82
593.6,592.17,590.15
593.09,592.17,590.15
592.56,592.17,590.15
592.26,592.17,590.15
592.17,592.17,590.36
592.33,592.33,590.58
592.62,592.62,590.86
592.91,592.91,591.13
593.09,593.09,591.24
593.38,593.38,591.37
593.66,593.66,591.37
593.9,593.9,591.37
594.08,594.08,591.49
594.23,594.23,591.41
594.49,594.49,591.22
594.62,594.62,590.8
594.92,594.92,590.55
595.56,595.56,590.23
596.63,596.63,590.09
597.4399999999999,596.9,589.78
597.77,596.62,589.83
598.54,596.29,590.27
599.02,596.05,590.51
598.9,595.54,589.88
598.66,595.14,589.24
599.29,593.99,588.72
600.09,592.75,588.28
600.72,591.73,587.89
601.11,591.13,587.68
601.45,590.47,587.36
601.6,589.8,586.84
601.81,589.17,586.42
602.04,588.56,586.12
602.12,588.0,585.89
602.04,587.57,585.78
601.95,587.3,585.78
601.97,587.01,585.78
601.74,586.62,585.53
601.29,586.27,585.14
600.74,586.02,584.77
600.1899999999999,585.7,584.34
599.23,585.65,583.95
598.02,585.65,583.52
596.9,585.65,583.22
596.62,585.65,582.96
596.29,585.53,582.71
596.05,585.34,582.59
595.54,585.34,582.7
595.14,585.34,583.06
593.99,585.34,583.06
592.75,585.34,583.06
591.73,585.34,583.06
591.13,585.34,583.06
590.47,585.34,583.06
589.8,585.34,583.06
589.17,585.34,583.06
588.56,585.34,583.06
588.0,585.34,583.06
587.5699999999999,585.34,583.06
587.3,585.34,583.06
587.01,585.34,583.06
586.62,585.34,583.06
586.27,585.34,583.06
586.02,585.34,583.07
585.7,585.34,583.14
585.65,585.34,583.48
585.68,585.34,583.94
586.01,585.34,584.67
585.9399999999999,585.34,585.04
585.53,585.34,584.87
585.34,585.34,584.76
586.34,586.34,585.36
588.12,588.12,586.05
589.75,589.75,586.74
591.68,591.68,587.46
593.45,593.45,588.14
594.62,594.62,588.71
595.67,595.67,589.35
596.65,596.65,590.09
597.5699999999999,597.57,590.78
598.64,598.64,591.4
599.4,599.4,592.03
600.09,600.09,592.7
600.52,600.52,593.27
601.1899999999999,601.19,593.93
602.35,602.35,594.88
603.67,603.67,596.02
605.04,605.04,597.2
606.7,606.7,598.48
608.22,608.04,599.74
609.18,608.04,601.04
610.12,608.04,602.26
610.57,608.04,603.02
610.81,608.04,603.39
610.89,608.04,603.6
610.49,608.04,603.15
609.4,608.04,602.27
608.83,608.04,601.76
608.12,608.04,601.76
608.04,608.04,601.76
608.39,608.39,601.76
608.52,608.5,601.25
608.62,608.5,601.35
608.69,608.5,601.39
608.5,608.5,601.39
608.59,608.59,601.51
608.62,608.62,600.44
608.98,608.98,599.85
609.12,609.12,599.45
609.24,609.24,599.26
609.37,609.09,599.21
609.3,608.67,598.87
609.3100000000001,607.8,598.39
609.45,606.8,597.84
610.19,605.61,597.39
610.47,604.88,596.94
610.78,604.88,597.32
610.91,604.88,597.96
611.04,604.88,598.93
610.99,604.88,599.91
611.16,604.88,600.94
611.05,604.88,601.34
611.3,604.88,601.25
611.35,604.88,601.05
611.58,604.88,600.58
610.93,604.88,600.09
611.13,604.88,599.45
611.44,604.88,598.79
611.97,603.94,598.42
612.41,603.06,598.16
611.31,603.06,597.99
610.36,603.06,597.52
609.82,603.06,597.19
609.39,602.98,596.84
609.09,602.25,596.52
608.67,601.71,596.1
607.8,601.54,595.91
606.8,601.51,595.76
605.61,601.51,595.76
604.88,601.51,595.76
604.95,601.51,595.76
605.46,601.51,596.13
606.34,601.51,596.54
607.43,601.51,597.13
608.39,600.52,596.74
608.97,599.49,596.29
608.63,599.49,596.29
608.04,599.49,596.29
606.98,599.49,595.98
606.98,599.33,595.72
606.09,599.2,595.38
605.03,598.84,594.78
603.94,598.27,594.16
603.06,597.7,593.64
603.71,597.3,593.89
603.73,597.02,593.63
603.54,596.52,592.97
602.98,596.52,592.89
602.25,596.52,592.82
601.71,596.52,592.82
601.54,596.52,592.82
601.51,596.52,592.82
602.05,596.52,593.01
602.52,596.52,592.99
602.46,596.08,592.59
602.43,595.39,592.16
602.33,594.5,591.79
601.87,593.77,591.31
600.52,593.77,590.97
599.49,593.77,590.97
599.79,593.77,590.97
599.88,593.77,590.97
599.59,593.77,590.97
599.33,593.77,590.95
599.2,593.77,590.92
598.84,593.77,590.9
598.27,593.77,590.9
597.7,593.77,590.9
597.3,593.77,590.89
597.02,593.77,590.95
596.52,593.77,590.95
596.63,593.77,591.0
596.74,593.77,591.1
597.02,593.77,591.31
597.33,593.77,591.31
597.45,593.77,591.31
597.12,593.77,591.31
596.63,593.77,591.31
596.08,593.77,591.31
595.39,593.77,591.31
594.5,593.77,591.31
593.77,593.77,591.31
594.02,594.02,591.92
594.61,594.35,592.25
594.49,594.35,592.25
594.35,594.35,592.25
594.47,594.47,592.28
594.55,594.55,592.33
594.65,594.65,592.37
594.99,594.99,592.83
595.49,595.49,593.33
595.84,595.84,593.62
596.05,596.05,593.76
596.39,596.39,594.07
597.09,597.09,594.64
597.39,597.39,594.67
597.54,597.54,594.76
597.67,597.67,594.78
597.76,597.76,594.78
597.99,597.99,594.78
598.48,598.48,594.8
599.3,599.3,594.98
600.17,600.17,595.46
601.66,601.66,596.01
602.68,601.64,596.53
603.55,601.64,597.21
604.14,601.64,597.75
604.13,601.64,597.75
603.69,601.64,597.71
603.43,601.64,597.66
603.34,601.64,597.41
603.31,601.64,597.03
603.25,601.44,596.66
603.43,600.79,596.19
603.43,600.24,595.64
603.37,599.79,595.13
603.3,599.48,594.75
603.27,599.1,594.34
603.18,598.72,593.88
603.0699999999999,598.48,593.71
603.01,598.19,593.36
603.0,597.66,592.86
603.04,597.17,592.66
603.11,596.75,592.59
603.01,596.0,592.21
602.78,594.25,590.89
602.5699999999999,593.02,589.92
601.84,591.39,588.61
601.64,589.11,586.78
601.8,586.55,584.78
602.04,584.04,582.81
602.18,581.68,580.93
602.27,579.79,579.27
602.26,579.25,578.95
602.1,579.14,578.71
601.75,578.12,577.4
601.4399999999999,576.38,575.35
600.79,575.27,573.9
600.24,574.14,572.5
599.79,572.88,570.99
599.48,571.34,569.31
599.1,569.36,567.18
598.72,567.45,565.34
598.48,565.0,563.27
598.19,563.6,562.07
597.66,563.6,562.07
597.17,563.55,562.07
596.75,563.37,562.07
596.0,563.37,562.07
594.25,563.37,562.07
593.02,563.37,561.87
591.39,563.37,561.32
589.11,563.37,560.44
586.55,563.37,559.46
584.04,563.37,558.47
581.68,563.37,557.42
579.79,563.37,557.21
579.25,563.37,557.18
579.14,563.37,557.18
578.12,563.37,556.94
576.38,563.37,556.83
575.27,563.37,556.83
574.14,563.37,556.83
572.88,563.37,556.83
571.34,563.37,556.83
569.36,563.37,556.68
567.45,563.37,556.68
565.0,563.37,556.68
563.6,563.37,556.68
563.69,563.37,556.68
563.55,563.37,556.68
563.37,563.37,556.68
563.42,563.42,556.68
564.26,564.26,556.94
564.55,564.55,556.94
564.84,564.84,557.35
565.26,565.26,558.32
565.79,565.79,559.63
566.3,566.3,561.04
566.64,566.64,562.53
567.55,566.73,563.86
567.09,566.73,563.86
566.73,566.73,563.86
567.06,567.06,564.89
568.21,568.21,566.7
570.21,570.21,568.1
572.02,572.02,569.51
573.88,573.88,571.07
575.62,575.62,572.81
576.97,576.97,575.09
579.05,579.05,577.12
581.36,581.36,579.44
582.98,582.98,580.94
583.45,583.45,581.21
583.95,583.95,581.48
584.41,584.41,581.8
585.15,585.15,582.24
586.11,586.11,582.94
586.5,586.5,583.43
587.03,587.03,584.68
588.0,588.0,586.36
589.13,589.13,588.16
591.0,591.0,590.02
593.28,593.28,591.97
594.8,594.8,593.24
596.35,596.35,594.61
597.5,597.5,595.88
599.63,599.63,597.57
601.61,601.61,599.24
602.08,602.08,599.58
602.95,602.95,600.1
604.04,604.04,600.04
605.5,605.5,600.03
607.99,607.99,600.87
609.99,609.99,600.25
612.0,612.0,600.26
614.34,614.34,599.96
616.26,616.26,599.39
617.72,616.99,598.94
618.12,616.02,598.37
617.91,615.48,597.62
618.0,613.9,596.13
618.1,611.52,593.85
618.82,608.56,591.61
620.08,605.15,589.46
621.03,602.25,587.51
621.86,599.61,585.7
623.11,596.52,583.86
625.18,593.58,582.99
627.36,590.83,582.46
629.37,588.13,581.77
630.86,585.36,580.93
632.01,582.79,580.17
632.68,580.85,579.44
632.92,579.14,578.89
631.77,578.84,578.59
630.3,578.61,578.26
628.65,578.47,577.98
626.03,578.47,577.44
624.03,577.75,576.71
621.39,576.35,575.25
618.9,574.64,573.42
616.99,573.35,572.23
616.02,571.78,570.65
615.48,569.99,568.88
613.9,568.76,567.01
611.52,568.76,565.04
608.56,568.76,563.51
605.15,568.76,562.56
602.25,568.76,561.59
599.61,568.76,560.52
596.52,568.76,559.66
593.58,568.76,559.66
590.83,568.76,559.66
588.13,568.76,559.48
585.36,568.76,559.27
582.79,568.76,559.27
580.85,568.76,559.11
579.14,568.76,559.11
578.84,568.76,559.1
578.61,568.76,559.02
578.47,568.47,558.65
578.51,567.42,557.64
577.75,567.42,557.64
576.35,567.42,557.23
574.64,567.42,557.23
573.35,567.42,557.23
571.78,567.42,557.23
569.99,567.42,557.23
568.76,567.42,556.63
569.01,567.42,556.92
569.88,567.42,557.18
571.13,567.42,557.16
572.04,567.42,556.69
572.0,567.42,556.06
571.84,567.42,555.93
571.67,567.42,555.93
571.32,567.42,555.93
570.93,567.42,555.93
570.51,567.42,555.93
570.37,567.42,555.93
570.03,567.42,555.93
569.79,567.42,555.71
569.4,567.42,555.43
569.1,567.42,554.77
568.47,567.42,554.29
567.42,567.42,554.2
567.62,567.62,554.2
568.14,567.73,554.72
569.55,567.73,555.73
570.29,567.73,556.15
571.79,567.73,557.14
573.15,567.73,558.37
573.78,567.73,559.77
573.8199999999999,567.73,561.32
573.21,567.73,562.44
571.9399999999999,567.73,563.05
570.56,567.73,563.31
569.97,567.73,563.53
570.0,567.73,563.08
569.66,567.73,561.84
569.43,567.73,560.01
569.6,567.73,558.16
569.74,567.73,556.17
569.82,567.73,554.63
569.99,567.02,553.61
569.64,566.42,553.01
569.13,565.93,552.39
568.21,565.93,552.39
567.73,565.93,552.39
568.21,565.93,553.11
568.43,565.93,552.82
568.76,565.93,552.84
568.9,565.93,552.84
569.33,565.78,552.84
569.28,564.5,552.32
569.3100000000001,563.42,551.75
570.2,562.06,551.28
571.97,560.01,551.0
573.85,558.16,551.03
575.73,556.13,550.88
577.37,554.54,550.93
578.1800000000001,552.65,549.85
577.7,550.96,547.68
576.45,549.88,545.85
574.38,549.88,544.71
572.29,549.88,543.9
570.07,549.88,543.9
568.25,549.88,543.9
567.02,549.88,543.9
566.42,549.88,543.9
565.9300000000001,549.88,543.9
566.85,549.88,544.3
568.01,549.88,544.58
568.28,549.88,544.69
567.46,549.88,544.47
567.15,549.88,544.47
566.63,549.88,544.47
565.78,549.88,544.47
564.5,549.88,544.47
563.42,549.88,544.47
562.06,549.88,544.47
560.01,549.88,544.47
558.16,549.88,544.47
556.13,549.88,544.41
554.54,549.88,544.41
552.65,549.88,544.41
550.96,549.88,544.95
549.88,549.88,545.74
550.01,550.01,547.15
550.48,550.48,548.64
552.29,552.29,550.32
554.31,554.31,551.62
555.82,555.82,552.49
557.59,557.59,553.14
559.26,559.26,553.86
560.14,560.14,553.86
560.77,560.63,553.86
560.69,560.63,553.91
560.63,560.63,554.34
560.81,560.81,554.64
561.75,561.75,555.25
563.13,563.13,556.02
564.66,564.66,557.36
565.95,565.95,558.93
567.1,567.1,560.8
568.64,568.64,563.2
569.81,569.81,565.59
571.2,571.2,568.33
572.86,572.86,571.1
575.15,575.15,574.32
578.46,578.46,577.67
582.36,582.36,580.41
585.46,585.46,582.62
587.87,587.87,584.31
588.82,588.82,584.83
589.22,589.22,584.8
589.62,589.62,584.9
589.75,589.75,584.49
590.15,590.15,584.3
590.23,590.15,583.97
590.15,590.15,583.95
591.43,591.43,585.02
593.21,593.21,586.4
594.55,594.55,587.38
594.99,594.85,587.36
594.85,594.85,587.36
595.19,594.76,586.75
595.82,593.37,585.99
596.83,591.86,585.49
597.83,590.43,585.06
599.14,589.53,585.47
600.64,588.59,586.03
601.97,587.75,586.52
602.96,587.0,586.76
603.0,586.95,586.75
601.84,586.95,586.75
600.95,586.95,586.75
600.23,586.95,586.75
599.8,586.95,586.76
599.37,586.95,586.76
599.07,586.95,586.71
598.43,586.95,585.65
597.84,586.95,583.92
597.35,585.53,581.64
597.17,582.99,579.12
596.96,580.13,576.37
596.57,577.41,573.79
596.21,574.75,571.3
595.75,572.2,568.82
595.71,569.43,566.33
594.76,567.94,564.35
593.37,567.25,562.75
591.86,566.16,560.6
590.43,564.08,557.48
589.53,561.38,554.32
588.59,558.43,550.99
587.75,555.13,547.53
587.0,551.99,544.33
586.95,549.16,541.98
587.46,546.78,540.57
588.0699999999999,544.7,539.69
588.52,543.15,539.01
589.05,541.6,538.62
589.53,540.22,538.56
589.75,538.96,538.52
589.06,538.6,538.4
587.53,538.6,538.29
585.53,538.6,537.67
582.99,538.6,536.28
580.13,538.52,534.48
577.41,538.26,532.98
574.75,538.26,532.09
572.2,538.26,531.95
569.43,538.26,531.93
567.94,538.26,531.1
567.25,538.26,529.74
566.16,537.4,527.88
564.08,536.14,525.16
561.38,534.73,522.38
558.43,533.5,519.65
555.13,532.41,516.97
551.99,531.15,514.32
549.16,529.32,511.94
546.78,528.11,511.13
544.7,527.73,511.13
543.15,527.32,511.13
541.6,526.79,511.13
540.22,526.12,511.13
538.96,525.62,511.13
538.6,525.08,511.13
538.87,524.69,511.13
539.15,524.69,511.13
538.9,524.69,511.13
538.52,524.69,511.55
538.26,524.69,511.86
538.52,524.69,512.28
539.39,524.69,512.8
540.33,524.69,513.45
539.98,524.69,513.67
538.7,524.69,513.67
537.4,524.69,514.12
536.14,524.69,515.62
534.73,524.69,516.76
533.5,524.69,517.29
532.41,524.69,518.22
531.15,524.69,519.05
529.32,524.69,518.8
528.11,524.69,517.45
527.73,524.69,516.15
527.32,524.69,514.01
526.79,524.69,512.65
526.12,524.69,512.19
525.62,524.69,512.19
525.08,524.69,512.19
524.69,524.69,512.19
524.8100000000001,524.81,512.19
525.62,525.62,512.95
527.15,527.15,514.2
529.39,529.39,514.9
531.54,531.54,515.31
532.99,532.99,515.31
534.55,534.55,515.31
536.82,536.82,515.92
539.11,539.11,517.13
541.43,541.43,518.95
544.45,544.45,521.77
547.0,547.0,524.81
548.76,548.76,527.92
550.78,548.88,531.1
552.87,548.88,534.43
554.45,548.88,537.54
554.31,548.88,539.22
553.08,548.88,539.77
550.86,548.88,540.26
549.46,548.88,540.92
548.88,548.88,541.57
549.18,549.18,542.17
551.06,551.06,542.97
553.54,552.57,543.71
556.29,552.57,544.54
558.74,552.57,544.55
558.77,552.57,544.81
557.23,552.57,544.81
555.49,552.57,544.81
554.65,552.57,544.81
553.57,552.57,544.81
552.57,552.57,544.81
552.67,552.67,544.81
552.94,552.94,545.31
553.59,553.59,546.19
554.86,554.86,547.43
557.14,557.14,549.31
559.31,559.31,550.87
561.47,561.47,552.38
564.28,564.28,554.52
567.88,567.88,557.23
571.7,571.7,559.71
576.25,576.25,563.06
579.6,579.6,565.66
581.73,581.73,567.39
583.41,582.18,568.12
584.56,582.18,568.12
585.23,582.18,568.12
584.62,582.18,568.12
582.18,582.18,568.12
582.41,582.41,569.02
584.08,582.79,570.53
585.83,582.79,571.85
586.26,582.79,572.41
586.74,582.79,573.09
587.77,582.79,573.97
587.77,582.79,573.7
588.17,582.79,573.16
588.4,582.79,572.08
588.37,582.79,571.35
587.97,582.75,570.78
587.36,582.75,570.25
586.71,582.75,569.63
586.04,582.75,569.14
585.53,582.75,569.14
585.39,582.75,569.14
585.32,582.75,569.14
585.49,582.75,569.14
585.82,582.75,569.14
585.61,582.75,569.14
584.73,582.75,569.14
583.33,582.75,569.14
582.79,582.75,569.14
584.14,582.75,570.57
584.81,582.75,571.61
584.74,582.75,571.8
584.57,582.75,571.8
585.25,582.75,572.27
586.05,582.75,572.78
586.14,582.75,572.87
585.87,582.75,573.54
584.93,582.75,574.21
583.62,582.75,574.21
582.92,582.75,574.43
582.75,582.75,575.1
582.83,582.83,575.2
582.86,582.86,575.69
583.04,582.9,576.19
582.9,582.9,576.32
583.42,583.42,576.22
583.72,583.72,576.22
584.21,584.21,576.22
584.92,584.92,576.22
585.58,585.58,576.22
585.92,585.92,576.22
586.29,586.29,576.22
586.84,586.84,576.42
587.99,587.99,576.96
589.75,589.75,577.66
591.28,591.28,578.32
592.0,592.0,578.73
592.46,592.46,578.76
593.07,593.07,578.78
593.7,593.7,579.04
595.11,594.18,580.16
597.29,594.18,581.93
598.6,594.18,584.07
599.52,594.18,586.02
600.36,594.18,587.64
600.38,594.18,589.21
600.84,594.18,590.89
601.16,594.18,592.08
601.43,594.18,592.91
600.32,594.18,592.91
599.58,594.18,592.91
598.85,594.18,592.91
598.18,594.18,592.81
597.65,594.18,592.81
597.14,594.18,592.65
596.77,594.18,592.53
596.59,594.18,592.54
596.15,594.18,592.51
595.24,594.18,592.51
594.8,594.18,592.51
594.61,594.18,592.51
594.18,594.18,592.51
594.24,594.24,592.51
594.64,594.39,592.51
594.61,594.39,592.51
594.39,594.39,592.48
595.22,595.22,592.51
596.42,596.42,592.57
597.73,597.73,592.06
599.8,599.8,592.03
601.73,600.34,591.85
603.17,598.57,591.52
604.52,597.04,591.34
605.58,595.93,591.29
605.98,595.67,591.43
606.37,595.62,591.76
606.55,595.58,591.9
606.72,595.45,591.94
606.8,595.45,592.16
607.05,595.45,592.52
607.3100000000001,595.45,592.53
607.47,595.45,592.71
607.66,595.45,592.91
607.77,595.45,592.91
607.91,595.45,593.05
608.3,595.45,593.38
608.23,595.45,593.38
607.97,595.45,593.02
608.37,595.43,592.4
608.3100000000001,594.66,591.57
607.51,594.66,590.78
606.37,594.66,589.73
604.55,594.66,588.48
602.45,594.66,587.14
600.34,594.66,585.77
598.57,594.66,584.61
597.04,594.66,583.69
595.93,594.66,583.69
595.67,594.66,583.69
595.62,594.66,583.69
595.58,594.66,583.69
595.45,594.66,583.69
595.68,594.66,583.79
595.79,594.66,583.88
595.54,594.66,583.88
595.69,594.66,583.89
596.24,594.66,583.89
596.76,594.66,583.89
597.4,594.66,583.89
597.48,594.66,583.89
597.18,594.66,583.89
596.52,594.66,583.89
595.43,594.66,583.67
594.66,594.66,582.74
594.67,594.67,583.4
594.74,594.74,583.99
594.91,594.84,584.61
595.14,594.84,585.24
595.14,594.84,585.83
595.12,594.84,586.61
594.84,594.84,587.1
595.32,595.32,586.96
596.13,596.13,586.71
597.51,597.51,585.65
598.98,598.98,584.73
600.46,600.46,584.73
601.51,601.51,584.73
602.69,602.55,584.73
604.08,601.38,584.87
605.1,598.98,583.65
605.51,595.3,581.16
605.62,592.87,579.87
605.72,591.17,579.26
606.43,588.83,578.19
606.75,586.85,576.99
607.6,584.49,575.6
607.98,582.34,573.83
607.82,580.56,571.89
608.47,578.33,570.31
608.99,575.84,568.34
609.44,574.2,567.15
609.84,572.65,566.0
610.43,570.61,564.55
611.23,568.01,562.75
612.0,566.09,561.6
611.38,565.72,561.13
610.32,565.6,561.13
607.78,565.6,561.13
605.39,565.6,561.13
603.99,565.6,561.13
603.33,565.6,561.13
602.55,565.38,561.13
601.38,564.6,561.03
598.98,564.6,560.86
595.3,564.6,560.38
592.87,564.6,560.08
591.17,564.6,559.79
588.83,564.6,559.02
586.85,564.6,557.99
584.49,564.6,557.6
582.34,564.6,557.15
580.56,564.6,556.3
578.33,564.6,555.15
575.84,564.6,554.32
574.2,564.6,553.7
572.65,564.6,553.5
570.61,564.6,553.5
568.01,564.6,553.08
566.09,564.6,552.88
565.72,564.6,552.88
565.6,564.6,552.88
566.51,564.6,552.88
567.42,564.6,552.88
567.12,564.6,552.1
566.21,564.6,551.26
565.38,564.6,549.97
564.6,563.95,548.59
564.95,561.41,546.72
566.39,559.05,545.8
566.81,556.94,544.2
566.57,555.0,542.77
566.32,554.06,541.83
565.95,553.46,541.06
566.43,552.0,540.08
567.36,550.67,539.68
568.23,549.72,539.6
568.61,548.13,538.39
569.63,546.05,537.33
570.26,543.6,535.51
571.31,540.77,533.73
573.06,537.45,532.16
574.37,535.12,531.14
574.95,533.89,530.49
574.93,532.28,529.75
574.24,531.0,529.18
573.37,529.95,529.0
572.2,529.24,529.0
570.3,529.24,529.0
568.45,529.24,529.0
566.12,529.24,529.0
563.95,529.24,529.0
561.41,529.24,529.0
559.05,529.24,529.0
556.94,529.24,529.0
555.0,529.24,529.0
554.06,529.24,529.0
553.46,529.24,529.0
552.0,529.24,529.0
550.67,529.24,529.0
549.72,529.24,529.0
548.13,529.24,529.16
546.05,529.24,529.16
543.6,529.24,529.16
540.77,529.24,529.16
537.45,529.24,529.16
535.12,529.24,529.16
533.89,529.24,529.16
532.28,529.24,529.16
531.0,529.24,529.16
529.95,529.24,529.16
529.24,529.24,529.16
529.38,529.38,529.38
530.11,530.11,530.0
531.25,531.25,531.14
532.76,532.76,532.48
534.82,534.82,534.45
537.36,537.36,536.7
540.12,540.12,538.52
542.87,542.87,540.27
544.63,544.63,541.56
546.48,546.48,542.86
548.29,548.29,544.49
549.79,549.79,546.17
551.16,551.16,547.93
553.63,553.63,550.75
556.04,556.04,553.85
558.91,558.91,557.19
561.99,561.99,560.57
565.32,565.32,564.12
568.4300000000001,568.43,567.42
570.99,570.99,569.51
573.64,573.64,571.69
576.36,576.36,573.86
579.08,579.08,575.8
581.42,581.42,577.77
583.51,583.51,579.73
585.03,585.03,581.29
585.94,585.94,582.93
586.47,586.47,584.34
586.87,586.87,585.77
588.47,588.47,586.93
589.96,589.96,587.54
591.08,591.08,588.09
592.73,592.73,589.16
594.5,594.5,590.17
596.69,596.69,591.1
599.1,599.1,591.94
601.1,601.1,592.72
602.52,602.52,593.64
604.66,604.66,594.99
606.4,606.4,596.14
607.88,607.88,596.99
609.13,608.55,597.61
610.44,607.6,597.97
611.39,606.23,597.55
612.35,604.97,597.25
612.68,604.31,596.92
612.5,603.97,596.66
612.19,603.86,596.4
612.06,603.86,596.39
612.26,603.78,596.39
613.03,603.55,596.93
614.3,602.68,597.33
615.74,601.66,597.75
616.03,600.69,597.41
616.13,599.52,597.32
616.2,598.69,597.25
615.98,598.14,597.21
615.74,596.85,596.7
614.48,596.46,596.23
612.91,596.21,595.56
611.69,596.09,594.77
611.19,595.13,593.39
610.4,594.28,592.26
609.81,593.37,591.2
609.18,592.65,590.22
608.55,592.09,589.33
607.6,591.61,588.45
606.23,591.23,587.58
604.97,591.15,587.4
604.31,591.15,587.4
603.97,591.1,587.4
603.86,590.78,587.23
603.98,590.33,587.05
603.78,589.93,586.93
603.55,589.18,586.36
602.68,587.46,584.54
601.66,586.4,583.33
600.69,585.45,582.64
599.52,584.92,582.52
598.69,584.77,582.52
598.14,584.56,582.52
596.85,584.56,582.52
596.46,584.56,582.52
596.21,584.56,582.48
596.09,584.56,582.18
595.13,584.56,582.0
594.28,584.56,581.91
593.37,584.56,581.91
592.65,584.56,581.91
592.09,584.56,581.91
591.61,584.56,582.01
591.23,584.56,582.21
591.15,584.56,582.21
591.2,584.56,582.21
591.1,584.56,582.21
590.78,584.56,582.21
590.33,584.56,582.21
589.93,584.56,582.21
589.18,584.56,582.13
587.46,584.56,581.91
586.4,584.56,580.58
585.45,584.56,579.18
584.92,584.56,578.26
584.77,584.56,577.74
584.56,584.56,577.48
584.62,584.62,577.21
584.98,584.98,577.21
585.18,585.0,576.95
585.0,585.0,575.86
585.77,585.77,575.39
586.39,585.92,575.0
587.16,583.43,573.28
587.77,580.44,570.9
588.38,577.47,568.54
589.19,575.15,567.03
589.77,575.03,567.49
589.91,575.03,567.49
590.08,574.76,567.49
590.16,574.39,567.49
590.6,573.77,567.45
590.92,573.0,567.1
591.58,570.88,565.78
591.96,569.99,565.27
593.46,569.0,565.78
593.19,568.64,565.15
592.46,567.85,563.63
591.62,567.85,563.24
590.78,567.85,563.03
590.26,567.85,562.63
589.88,566.61,561.08
589.54,563.91,558.73
589.08,561.17,555.89
588.17,558.98,552.79
586.93,557.48,550.32
585.92,555.47,547.7
583.43,554.91,545.25
580.44,554.61,542.51
577.47,554.61,540.36
575.15,553.69,538.14
575.03,551.51,536.81
575.21,549.59,536.41
574.76,548.28,536.38
574.39,546.94,536.37
573.77,544.71,535.26
573.0,543.07,534.57
570.88,542.62,534.1
569.99,540.92,532.86
569.0,538.52,530.69
568.64,537.25,529.07
567.85,537.14,528.27
568.27,536.48,528.27
568.43,535.74,528.27
568.1,535.24,528.27
566.61,535.24,528.27
563.91,535.24,528.27
561.17,535.24,528.27
558.98,535.24,527.85
557.48,535.24,526.62
555.47,535.24,525.07
554.91,535.24,524.51
554.61,535.24,525.09
554.76,535.24,525.42
553.69,535.24,524.9
551.51,535.24,524.9
549.59,535.24,524.9
548.28,535.24,524.9
546.94,535.24,524.9
544.71,535.24,524.9
543.07,535.24,524.9
542.62,535.24,524.9
540.92,535.24,524.9
538.52,535.24,524.9
537.25,535.24,524.9
537.14,535.24,525.2
536.48,535.24,525.2
535.74,535.24,525.2
535.24,535.24,525.2
536.59,536.59,525.2
538.82,538.82,526.18
540.33,540.33,527.38
541.75,541.27,528.41
541.6,541.27,529.25
541.27,541.27,530.73
541.27,541.27,532.08
542.15,542.15,533.87
542.33,542.33,535.39
542.88,542.88,537.31
544.11,544.11,538.37
545.59,545.59,538.69
547.56,547.56,538.8
549.57,549.57,538.93
552.65,552.65,540.22
555.17,555.17,541.37
556.89,556.89,542.38
558.89,558.89,544.2
561.73,561.73,547.02
564.0,564.0,549.31
565.68,565.68,550.94
566.74,566.74,551.5
568.49,567.73,552.06
569.95,567.73,552.69
569.59,567.73,552.71
568.43,567.73,553.01
568.12,567.73,554.27
567.73,567.73,554.95
568.72,568.72,555.44
570.54,570.54,555.67
572.27,572.27,555.38
573.74,573.74,554.05
575.45,575.45,552.4
577.49,577.49,550.99
578.66,577.64,548.69
579.86,573.35,545.75
580.17,569.16,543.06
580.37,564.68,540.11
580.38,559.86,536.64
580.48,555.45,533.43
581.12,551.24,530.46
582.37,546.61,527.2
583.88,541.57,523.75
585.47,536.43,520.29
587.03,531.24,516.98
588.12,526.01,513.96
588.25,522.18,512.41
588.75,518.46,511.15
590.41,514.81,509.94
592.19,512.27,509.58
593.76,509.97,508.9
594.83,508.33,508.33
594.33,507.67,507.48
592.74,507.22,506.4
590.72,506.15,504.83
587.92,505.73,503.51
584.56,505.73,502.66
581.11,505.73,501.75
577.64,505.73,501.74
573.35,505.73,501.74
569.16,505.73,501.74
564.68,505.73,501.74
559.86,505.73,501.74
555.45,505.73,501.74
551.24,505.73,501.74
546.61,505.73,501.74
541.57,505.73,501.74
536.43,505.73,501.74
531.24,505.73,501.74
526.01,505.73,501.74
522.18,505.73,501.74
518.46,505.73,501.74
514.81,505.73,501.74
512.27,505.73,501.74
509.97,505.73,501.74
508.33,505.73,501.74
507.67,505.73,501.74
507.22,505.73,501.84
506.15,505.73,502.02
505.73,505.73,502.88
506.24,506.24,504.28
506.27,506.27,505.54
506.52,506.52,506.52
508.34000000000003,508.34,508.34
512.9,512.9,510.26
518.67,518.67,513.19
524.68,524.68,517.02
529.89,529.89,520.82
534.95,534.95,524.67
539.62,539.62,528.86
544.7,544.7,533.35
550.17,550.17,537.96
555.12,555.12,542.58
558.15,558.15,547.27
560.97,560.97,550.82
564.39,564.39,554.19
568.01,568.01,557.54
571.28,571.28,560.24
573.96,573.96,563.23
576.54,576.54,566.12
579.97,579.97,569.2
583.74,583.74,572.62
588.21,588.21,576.45
592.86,592.86,580.21
597.3,597.3,583.72
601.85,600.61,588.1
605.82,600.41,591.74
607.63,600.38,593.52
606.65,600.3,593.35
604.67,600.3,593.2
603.12,600.3,593.11
602.26,600.3,593.1
601.63,600.25,593.1
601.96,598.96,592.28
601.93,598.15,591.75
601.49,597.8,591.66
601.45,597.58,591.66
603.19,597.58,593.32
604.1,597.34,593.96
604.15,597.17,593.95
603.89,597.17,593.95
603.32,597.17,593.89
603.63,596.33,593.3
603.94,595.82,593.1
603.59,595.58,592.51
603.24,595.29,591.87
602.6,595.29,591.88
601.71,595.29,591.53
600.78,595.29,590.92
600.61,595.29,590.01
600.41,594.79,589.61
600.38,594.31,589.26
600.3,593.93,588.87
600.39,593.65,588.68
600.42,593.52,588.6
600.43,593.32,588.54
600.25,593.19,588.54
598.96,593.19,588.37
598.15,593.19,588.3
597.8,593.19,588.06
597.58,593.19,587.97
597.61,592.86,587.83
597.34,592.46,587.66
597.17,592.22,587.66
597.18,591.78,587.61
597.23,591.5,587.55
596.33,591.5,586.97
595.82,591.36,586.14
595.58,590.4,584.94
595.29,589.8,584.05
595.9399999999999,588.37,583.27
596.39,587.28,582.63
596.39,586.17,581.52
595.47,585.89,580.63
594.79,585.67,580.3
594.31,585.54,580.11
593.93,585.39,579.88
593.65,585.14,579.68
593.52,584.73,579.53
593.3199999999999,584.37,579.47
593.1899999999999,584.08,579.47
593.67,584.08,579.79
593.9399999999999,584.08,579.86
593.63,584.08,579.86
593.33,584.08,579.86
592.86,584.08,579.86
592.46,584.08,579.86
592.22,584.08,579.86
591.78,584.08,579.86
591.5,584.08,579.86
591.68,584.08,580.56
591.36,584.08,581.4
590.4,584.08,581.74
589.8,584.08,582.34
588.37,584.08,582.18
587.28,584.08,582.2
586.17,584.08,582.5
585.89,584.08,583.11
585.67,584.08,583.23
585.54,584.08,583.31
585.39,584.08,583.48
585.14,584.08,583.54
584.73,584.08,583.54
584.37,584.08,583.54
584.08,584.08,583.54
584.13,584.1,583.57
584.1,584.1,583.57
584.24,584.24,583.62
584.41,584.41,583.66
584.61,584.61,583.77
584.91,584.91,583.98
585.12,585.12,584.0
585.66,585.66,584.12
586.09,586.09,584.27
586.9399999999999,586.94,585.03
588.58,588.58,585.46
589.88,589.88,586.74
591.22,591.22,587.75
592.41,592.41,588.62
593.65,593.65,589.51
595.32,595.32,591.01
596.63,596.63,591.78
597.57,596.85,591.99
598.01,596.85,592.39
598.55,596.85,592.88
599.06,596.85,593.37
599.55,596.85,593.84
599.86,596.85,594.25
600.1,596.85,594.5
600.29,596.85,594.65
600.47,596.85,594.82
600.38,596.85,595.01
600.4,596.85,595.06
600.56,596.85,595.15
600.81,596.85,595.24
600.83,596.85,595.24
600.64,596.85,595.24
600.5,596.85,595.24
600.52,596.85,595.26
599.3100000000001,596.85,595.26
599.29,596.85,595.7
598.96,596.85,595.88
598.64,596.85,596.38
598.29,596.85,596.61
598.12,596.85,596.71
597.58,596.85,596.71
596.85,596.85,596.36
597.3,597.3,596.48
597.89,597.89,596.57
598.62,598.62,596.68
599.22,599.22,596.86
599.84,599.84,596.42
600.08,600.08,596.5
600.31,600.31,596.4
600.34,600.34,596.58
600.71,600.71,597.05
601.06,601.06,597.16
601.91,601.91,597.3
602.69,602.69,597.38
603.57,603.57,597.59
604.43,604.43,597.81
605.19,605.19,597.97
606.06,606.06,597.63
608.12,608.12,597.94
609.74,609.21,598.7
611.28,609.21,599.52
613.13,609.21,600.66
614.52,609.21,601.58
615.73,609.21,602.25
616.22,609.21,603.14
616.35,609.21,604.13
616.12,609.21,604.31
615.87,609.21,604.38
615.53,609.21,604.38
615.13,609.21,604.51
614.07,609.21,604.79
613.91,609.21,605.45
613.58,609.21,606.08
613.85,609.21,606.94
614.02,609.21,607.77
613.78,609.21,608.38
613.52,609.21,608.4
613.44,609.21,608.4
613.23,609.21,608.49
612.77,609.21,608.57
612.17,609.21,608.86
610.96,609.21,609.05
609.21,609.21,608.12
611.08,611.08,606.98
612.86,612.86,606.38
614.44,614.44,605.9
616.83,616.83,605.44
619.59,619.59,605.44
623.36,623.36,606.59
627.65,627.65,608.25
630.57,630.57,610.01
633.72,633.72,611.81
636.76,636.76,614.1
639.97,639.97,616.69
643.68,643.68,620.1
646.56,646.56,622.96
649.63,649.63,625.58
652.6,652.6,627.34
655.64,654.94,628.97
658.34,654.31,631.04
661.42,653.04,632.85
664.29,652.15,634.83
667.14,651.69,637.04
670.01,650.53,638.75
672.93,649.42,640.56
674.64,648.38,641.23
675.46,648.03,641.7
672.35,648.03,639.15
669.97,648.03,636.51
667.85,648.02,634.2
665.0,648.02,631.94
662.46,648.02,630.31
660.54,648.02,629.37
658.66,648.02,628.87
659.18,647.45,628.87
658.75,647.39,628.87
658.42,647.03,628.87
658.07,646.56,628.87
658.03,646.22,628.87
658.01,646.22,628.87
657.56,646.22,628.87
656.35,646.22,628.87
654.94,646.22,628.87
654.31,646.22,628.87
653.04,646.22,628.87
652.15,646.22,628.87
651.69,646.22,628.87
650.53,646.22,628.85
649.42,646.22,628.7
648.38,646.22,629.52
648.03,646.22,631.84
648.47,646.22,634.35
648.21,646.22,636.36
648.02,646.22,638.36
648.25,646.22,640.44
648.23,646.22,641.05
648.13,646.22,640.78
648.03,646.22,641.06
647.45,646.22,641.06
647.39,646.22,641.06
647.03,646.22,641.06
646.56,646.22,641.06
646.22,646.22,641.06
646.6,646.6,641.06
647.65,647.65,641.1
648.93,648.93,641.62
650.45,650.45,642.32
651.72,651.72,642.87
652.35,651.8,643.1
652.33,651.8,643.1
651.8,651.8,643.1
652.06,652.06,643.62
652.38,652.38,644.36
654.24,654.24,646.73
656.91,656.91,649.68
659.46,659.46,651.55
662.74,662.74,654.07
664.98,664.98,656.46
666.83,666.24,658.57
667.46,666.24,660.11
667.29,666.24,661.08
667.67,666.24,661.87
668.06,666.24,661.87
667.76,666.24,661.87
667.8,666.24,662.06
667.93,666.24,662.41
667.87,666.24,662.51
667.3,666.24,662.4
666.66,666.24,662.4
666.42,666.24,662.4
666.24,666.24,662.4
666.37,666.37,662.4
666.83,666.81,662.4
666.81,666.81,662.5
666.95,666.95,662.87
667.62,667.62,663.37
668.44,668.04,664.02
669.18,668.04,664.79
669.46,668.04,665.39
668.78,668.04,665.49
668.04,668.04,665.49
668.84,668.84,666.0
669.95,669.95,666.6
671.74,671.74,667.65
673.74,673.74,668.38
675.18,675.18,668.22
675.23,675.23,667.66
675.44,675.44,668.06
675.71,675.71,668.42
676.01,675.75,668.83
676.17,675.75,669.31
676.27,675.75,669.39
676.27,675.75,668.56
676.27,675.75,666.25
676.02,675.75,664.44
675.75,675.75,663.6
675.86,675.86,663.6
676.54,676.54,663.91
677.22,677.22,664.37
678.2,677.2,664.43
679.28,676.47,664.59
680.38,675.16,664.38
681.16,674.47,664.47
682.34,673.35,664.53
683.82,671.34,664.0
683.61,670.12,662.68
683.83,668.11,661.32
683.09,667.17,660.1
681.8199999999999,666.45,658.68
680.22,665.47,656.93
679.28,665.35,656.34
680.6899999999999,663.11,655.51
682.01,660.35,654.12
683.11,657.49,652.42
684.06,654.57,650.45
684.04,653.08,648.94
683.21,652.45,647.53
680.9,652.45,646.61
679.29,652.45,645.52
678.29,652.45,645.52
677.8,652.45,645.52
677.78,652.45,645.52
677.85,652.45,645.52
677.2,652.45,645.52
676.47,652.45,645.52
675.16,652.45,645.12
674.47,652.45,644.25
673.35,651.09,642.22
671.34,649.04,639.98
670.12,647.84,638.4
668.11,647.03,637.1
667.17,646.7,636.45
666.45,646.7,636.24
665.47,646.7,636.24
665.35,646.7,636.24
663.11,646.7,636.24
660.35,646.7,636.24
657.49,646.7,636.24
654.57,646.7,636.24
653.08,646.7,636.24
652.45,646.7,636.4
653.54,646.7,637.67
653.86,646.7,637.79
654.99,646.7,636.36
654.9,646.7,634.24
654.61,646.7,632.35
654.65,645.09,630.7
654.98,641.52,628.86
654.52,638.61,627.0
654.12,635.93,624.7
653.01,633.08,621.64
651.09,631.8,618.93
649.04,630.72,616.32
647.84,629.21,613.89
647.03,627.76,611.78
646.7,625.44,609.46
647.0699999999999,623.22,607.7
648.7,621.44,607.55
648.99,619.41,606.74
649.57,616.82,605.32
650.49,614.61,604.31
651.85,612.3,603.36
653.64,610.16,603.01
655.32,607.69,602.4
656.76,605.19,601.82
656.94,603.49,601.33
656.74,602.22,600.79
654.18,601.84,600.58
651.18,601.84,600.58
648.1899999999999,601.84,600.58
645.09,601.84,600.58
641.52,601.84,600.58
638.61,601.84,600.58
635.93,601.84,600.58
633.08,601.84,600.58
631.8,601.84,600.82
630.72,601.84,601.31
629.21,601.84,601.02
627.76,601.84,600.63
625.44,601.84,600.52
623.22,601.84,600.52
621.44,601.84,600.52
619.41,601.84,600.52
616.82,601.84,600.4
614.61,601.84,600.14
612.3,601.84,600.14
610.16,601.84,600.14
607.69,601.84,600.14
605.19,601.84,600.14
603.49,601.84,600.14
602.22,601.84,600.14
601.84,601.84,600.14
602.77,602.77,600.52
603.29,603.29,600.8
603.57,603.57,600.89
604.44,604.44,601.2
605.28,605.28,601.64
606.57,606.57,601.68
608.9,608.9,602.41
610.42,610.42,603.1
611.99,611.99,603.8
613.1,613.1,603.97
613.78,612.91,603.7
614.9,611.91,603.82
615.8,611.19,604.0
615.82,610.79,604.0
616.1,610.43,604.0
616.43,610.17,604.07
616.34,610.17,604.01
616.54,609.85,603.86
616.65,609.67,603.79
616.87,609.37,603.71
617.2,608.83,603.5
617.31,608.54,603.32
617.89,607.93,603.29
618.47,607.35,603.29
618.86,606.76,603.29
619.2,606.47,603.29
619.59,606.0,603.29
619.63,605.53,603.29
619.35,604.88,602.8
618.1,603.64,600.79
616.5,602.51,598.74
615.67,601.24,596.8
614.8,600.35,595.25
613.86,599.99,593.95
612.91,599.24,592.25
611.91,598.43,590.44
611.19,597.24,588.86
610.79,596.08,588.21
610.43,596.08,588.21
610.17,596.08,588.12
610.2,595.86,587.92
609.85,595.77,587.79
609.67,595.7,587.79
609.37,595.7,587.79
608.83,595.7,587.79
608.54,595.7,587.79
607.93,595.7,587.79
607.35,595.7,587.79
606.76,595.7,587.79
606.47,595.7,587.79
606.0,595.7,587.79
605.53,595.7,587.79
604.88,595.7,587.79
603.64,595.7,587.78
602.51,595.7,587.43
601.24,595.7,586.32
600.35,595.7,585.21
599.99,595.7,584.73
599.24,595.7,584.5
598.43,595.7,584.22
597.24,595.7,583.67
596.08,595.7,583.2
596.1,595.7,583.03
596.09,595.7,583.04
595.86,595.7,583.04
595.77,595.7,583.07
595.7,595.7,583.07
595.9,595.9,583.07
596.3,596.3,582.75
596.78,596.77,582.18
596.84,596.77,582.05
596.77,596.77,581.45
596.95,596.95,581.42
597.14,597.14,581.38
597.4,596.5,581.23
597.4300000000001,595.91,581.23
597.62,595.91,581.23
598.85,595.91,582.72
599.63,595.91,583.98
599.79,595.91,584.53
599.57,595.91,585.32
599.45,595.91,585.32
599.97,595.91,585.55
600.5,595.91,585.72
601.14,595.91,585.58
601.26,595.91,584.64
600.62,594.97,583.64
600.95,593.69,582.88
601.55,592.12,581.99
602.22,590.14,580.88
602.74,588.53,580.36
602.74,587.96,580.36
601.98,587.96,580.36
600.88,587.96,580.36
600.56,587.96,580.36
599.57,587.96,579.73
598.55,586.96,578.28
597.54,586.45,578.03
596.5,586.26,577.99
595.91,584.99,577.17
596.23,582.99,576.13
596.49,581.48,575.11
596.97,579.63,573.74
597.36,578.42,572.92
598.37,575.76,571.27
598.49,573.06,568.69
598.2,570.76,566.1
597.84,568.67,563.65
597.0600000000001,566.49,560.72
596.0,565.89,559.36
594.97,565.89,559.36
593.69,565.89,559.36
592.12,565.89,559.36
590.14,565.89,559.36
588.53,565.89,558.82
587.96,565.89,558.82
588.56,565.89,558.82
589.05,565.89,558.82
589.03,565.89,558.22
588.7,565.89,558.22
586.96,565.89,558.22
586.45,565.89,558.22
586.26,565.89,558.22
584.99,565.89,558.22
582.99,565.89,558.22
581.48,565.89,558.22
579.63,565.89,557.93
578.42,565.89,556.66
575.76,565.89,554.83
573.0600000000001,565.89,552.63
570.76,565.89,550.04
568.67,565.89,548.26
566.49,565.89,548.26
565.89,565.89,548.65
566.73,566.73,548.78
567.97,567.97,548.78
568.85,568.17,548.93
569.46,568.17,549.45
568.92,568.17,549.45
568.86,568.17,549.45
569.55,568.17,549.45
569.5,568.17,549.45
568.17,568.17,549.45
568.36,568.36,549.73
570.16,570.16,550.85
570.69,570.69,550.85
571.12,571.12,550.85
571.99,571.99,551.4
572.83,572.83,552.57
573.58,573.58,552.66
574.54,574.48,554.62
574.48,574.48,556.67
574.69,574.69,559.61
575.17,574.88,563.25
574.88,574.88,566.79
575.19,575.19,570.11
577.37,577.37,571.74
578.69,578.69,573.16
579.67,579.67,573.41
579.8,579.8,573.41
579.99,579.99,573.56
583.03,583.03,574.31
588.24,588.24,575.88
592.0,592.0,576.38
594.42,594.42,576.38
597.76,597.76,576.93
601.53,601.53,578.92
603.13,603.13,579.14
603.96,603.96,579.71
604.66,604.66,580.41
605.16,605.16,580.93
606.59,606.59,581.89
607.25,606.59,581.93
606.59,606.59,583.51
612.08,612.08,584.6
618.26,618.26,587.66
625.0,625.0,591.3
630.55,630.55,595.41
637.28,637.28,600.35
642.14,641.22,604.71
641.59,641.22,604.3
641.69,641.22,605.64
641.4300000000001,641.22,605.96
641.22,641.22,605.97
641.72,641.72,606.81
646.48,643.87,606.81
643.87,643.87,606.81
659.59,659.59,606.81
679.28,676.7,606.81
678.8,676.7,606.81
678.08,676.7,606.81
676.7,676.7,607.57
680.3,679.52,608.57
680.59,679.52,609.3
680.61,679.52,609.45
680.14,679.52,609.4
679.52,679.52,610.29
687.53,683.13,610.55
683.13,683.13,610.55
683.41,683.41,610.55
684.68,684.68,610.55
687.55,687.55,610.55
689.93,689.93,610.55
691.88,691.88,611.54
692.02,692.02,616.68
693.26,693.26,616.19
693.84,693.84,619.1
694.06,694.06,620.85
694.4,694.34,624.06
694.34,694.34,624.06
713.19,696.6,626.66
709.1,696.6,626.66
696.6,696.6,626.66
697.71,697.71,628.07
699.35,699.35,630.77
705.01,705.01,635.75
710.54,705.29,636.16
710.98,705.29,636.17
711.11,705.29,634.62
711.53,705.29,634.21
713.04,705.29,636.61
705.29,705.29,634.09
708.83,708.83,639.09
711.51,711.51,635.99
713.82,713.82,631.86
716.41,716.41,628.41
719.58,719.58,625.67
723.9300000000001,723.93,623.19
731.08,729.35,627.42
729.35,729.35,628.26
733.61,733.61,629.36
735.14,735.14,630.92
738.52,738.52,632.03
741.59,741.59,630.09
756.35,756.35,627.91
788.17,734.27,626.65
821.62,690.93,625.16
845.2,664.03,623.62
846.81,660.78,623.13
857.14,660.78,623.13
852.72,656.94,622.19
852.29,656.73,621.55
850.61,656.73,621.39
849.78,656.73,621.02
850.67,656.73,621.72
854.24,656.73,624.85
862.19,648.23,624.31
856.41,648.23,624.16
849.61,648.23,623.94
842.64,648.23,622.68
835.41,648.23,621.35
828.58,648.16,620.88
825.66,647.21,620.85
828.23,647.21,623.45
825.07,647.21,623.45
825.1,646.79,623.1
822.83,645.88,622.7
814.14,645.88,622.7
780.25,645.88,622.7
734.27,645.88,622.7
690.9300000000001,645.88,622.7
664.03,645.88,622.7
660.78,645.88,622.7
661.37,645.88,622.7
656.94,645.88,622.7
656.73,645.88,623.29
658.25,645.88,624.86
658.71,645.88,625.0
658.52,645.88,624.42
658.08,645.88,623.97
648.23,645.88,623.97
648.83,645.88,624.35
649.66,645.88,625.15
649.29,645.88,625.01
648.36,645.88,625.36
648.16,645.88,624.24
647.21,645.88,623.27
647.89,645.88,623.3
647.68,645.88,623.3
646.79,645.88,623.3
645.88,645.88,623.3
654.23,654.23,623.43
666.89,666.89,623.97
683.6,683.6,624.37
686.11,686.11,625.15
694.37,694.37,626.16
707.11,704.86,626.3
704.86,704.86,626.3
715.81,714.97,626.93
716.7,714.97,628.1
716.75,714.97,629.48
716.4300000000001,714.97,629.1
715.79,714.97,629.08
714.97,714.97,629.14
715.39,715.2,629.85
715.4,715.2,630.99
715.47,715.2,632.79
715.7,715.2,636.17
717.06,715.2,640.06
716.14,715.2,643.29
715.2,715.2,646.34
715.88,715.88,648.72
725.55,718.07,652.23
730.47,718.07,656.7
733.21,718.07,658.54
737.81,718.07,658.54
731.41,718.07,658.54
718.07,718.07,658.54
725.68,725.68,660.91
736.87,731.82,660.91
737.91,731.82,660.91
738.43,731.82,660.91
731.82,731.82,660.91
735.99,735.99,665.06
739.98,739.92,670.26
739.92,739.92,675.7
740.54,740.54,680.61
748.02,748.02,685.66
751.78,751.78,689.66
754.19,754.19,690.04
756.91,756.91,692.4
761.96,761.96,696.12
766.6,766.6,698.35
773.7,773.7,701.52
793.5699999999999,793.57,707.21
811.26,809.31,711.14
812.46,808.97,711.14
818.89,808.43,712.05
817.99,808.43,715.48
809.31,808.43,715.48
818.69,808.43,712.88
832.57,808.43,715.59
837.66,802.8,715.59
831.58,796.73,715.59
831.51,796.73,715.59
824.01,796.73,715.59
824.4,796.73,717.42
829.69,796.73,713.01
833.25,796.73,709.56
838.75,793.12,710.19
848.23,782.48,709.03
848.3,774.06,701.94
848.54,774.06,703.56
846.51,773.89,696.6
846.15,766.99,689.34
844.82,759.73,680.75
842.41,753.93,672.54
838.48,749.26,663.94
827.85,738.37,655.58
814.31,738.37,655.58
808.97,738.37,655.58
808.4300000000001,738.37,655.58
823.19,738.37,659.91
831.24,738.31,660.88
819.23,738.31,660.88
811.56,738.31,660.88
802.8,738.31,660.88
796.73,738.31,660.88
803.84,728.57,660.88
810.01,725.08,661.39
814.7,721.63,662.63
805.0,721.63,657.98
797.99,721.63,651.2
793.12,721.63,646.0
782.48,721.63,642.46
774.06,721.63,642.46
778.8199999999999,721.63,642.19
773.89,721.63,638.57
766.99,721.63,633.65
759.73,721.63,628.2
753.93,721.63,622.58
749.26,721.63,617.5
738.37,721.63,609.05
744.05,721.63,607.28
748.93,719.99,607.28
749.71,719.99,607.28
745.39,718.63,607.28
738.31,718.63,607.28
745.78,708.9,601.7
742.3199999999999,705.75,600.24
743.49,703.01,600.24
743.67,703.01,600.24
728.57,703.01,600.24
725.08,703.01,600.24
721.63,703.01,598.36
722.93,703.01,601.91
722.32,703.01,601.68
721.99,703.01,602.91
725.14,703.01,608.15
732.02,703.01,613.64
726.99,703.01,613.43
728.3,703.01,620.63
730.28,703.01,629.24
732.09,703.01,637.79
732.27,703.01,645.94
731.86,703.01,653.94
731.51,703.01,662.09
723.72,703.01,662.09
719.99,703.01,656.14
721.77,703.01,650.6
718.63,703.01,647.51
721.95,703.01,647.51
708.9,703.01,647.51
705.75,703.01,647.51
703.01,703.01,647.51
703.96,703.96,647.51
709.8,706.2,647.51
710.25,706.2,646.75
706.2,706.2,643.94
709.74,709.74,642.81
710.12,710.12,644.46
711.6800000000001,711.68,645.25
713.82,713.82,641.97
717.9,717.74,638.59
717.74,717.74,638.59
723.63,723.63,645.77
735.49,735.49,650.6
747.41,733.62,655.35
760.19,725.39,659.9
772.5600000000001,717.85,664.73
785.01,713.22,671.87
789.73,709.64,673.01
782.23,709.64,672.28
768.8100000000001,709.64,672.28
761.6700000000001,709.64,672.28
759.48,709.64,672.28
768.9,709.64,679.23
772.47,709.64,681.26
774.4,709.64,681.91
773.74,709.64,681.91
768.24,709.64,681.91
763.26,709.64,681.91
763.1,709.64,685.25
758.43,709.64,684.33
759.7,709.64,684.24
758.93,709.64,687.28
753.51,709.64,682.57
744.61,709.64,679.86
745.85,709.64,680.76
747.8199999999999,709.64,682.76
740.79,709.64,682.76
733.62,709.64,682.76
725.39,709.64,682.76
717.85,709.64,682.76
713.22,709.64,679.81
709.64,709.64,678.62
713.84,713.84,683.87
719.07,719.07,686.93
723.94,722.52,683.92
722.52,722.52,679.8
726.45,726.45,673.86
734.44,734.44,671.73
745.01,745.01,669.18
758.09,736.9,664.97
766.67,722.34,661.46
782.0,701.22,655.67
785.54,694.23,652.22
789.29,688.54,650.28
787.93,686.66,647.04
791.74,679.67,643.86
792.45,676.46,641.36
793.86,669.27,635.58
794.01,657.66,625.65
795.87,645.34,617.35
799.87,633.43,609.44
803.79,621.59,601.52
807.84,613.14,597.12
811.16,603.91,591.21
808.21,596.31,583.13
807.34,588.12,576.46
810.76,576.99,570.63
808.59,570.81,565.88
800.71,569.7,562.62
796.5699999999999,567.32,560.82
784.54,567.08,559.93
772.73,566.9,559.93
757.29,566.9,559.93
736.9,566.9,559.93
722.34,566.9,559.93
701.22,566.9,558.53
694.23,566.9,557.68
688.54,566.9,557.01
686.66,566.9,556.56
679.67,566.9,556.18
676.46,566.9,555.98
669.27,566.9,555.54
657.66,566.9,554.36
645.34,566.9,552.48
633.43,566.9,550.26
621.59,566.9,547.85
613.14,566.9,544.96
603.91,566.9,541.93
596.31,566.9,540.18
588.12,566.9,540.18
576.99,566.9,540.18
570.81,566.9,540.18
569.7,566.9,540.18
567.32,566.9,540.18
567.08,566.9,540.18
566.9,566.9,540.18
580.8,580.8,540.18
593.53,584.01,540.0
595.98,579.54,540.0
596.39,579.25,540.12
596.91,579.25,540.12
597.0699999999999,579.25,540.12
597.89,579.25,540.64
599.42,579.25,541.9
601.4,579.25,543.7
604.36,579.25,546.47
607.68,579.25,550.79
609.64,579.25,554.54
611.18,579.25,558.29
612.6899999999999,579.25,562.22
611.01,579.25,563.58
610.36,579.25,565.58
612.2,579.25,567.47
614.66,579.25,569.8
616.86,579.25,571.94
618.61,579.25,573.69
619.6,579.25,574.5
619.68,579.25,574.5
619.59,579.25,574.5
615.68,579.25,574.5
598.5699999999999,579.25,574.5
584.01,579.25,573.87
579.54,579.25,573.3
579.25,579.25,572.7
579.9,579.9,571.81
580.98,580.98,570.91
582.04,582.04,570.27
583.2,583.2,569.12
583.72,583.53,567.89
583.53,583.53,566.38
584.76,584.76,564.66
587.79,584.45,562.64
591.04,579.65,561.09
594.16,574.37,558.93
597.6899999999999,569.2,557.29
600.34,565.56,556.3
600.39,563.96,554.75
600.26,563.96,554.66
600.7,562.26,553.61
600.76,561.24,553.06
600.58,560.89,553.06
601.38,559.16,552.76
601.28,557.87,552.18
603.24,554.62,551.48
604.17,552.36,550.47
604.1,551.48,549.56
603.65,550.44,548.53
603.34,550.44,548.53
601.61,550.44,548.53
599.62,550.44,548.53
597.92,550.44,548.53
595.61,550.44,548.53
593.77,550.44,548.53
592.45,550.44,548.21
589.5,550.44,545.91
584.45,550.44,543.15
579.65,550.44,540.23
574.37,550.44,537.17
569.2,550.44,533.82
565.56,550.44,530.92
563.96,550.44,529.09
564.0,550.44,526.2
562.26,550.44,523.78
561.24,550.44,522.51
560.89,550.08,521.64
559.16,548.65,520.72
557.87,548.05,520.4
554.62,547.32,519.92
552.36,547.32,519.92
551.48,547.3,519.92
550.4399999999999,546.74,519.29
550.6899999999999,544.51,518.12
551.11,543.94,518.12
552.77,541.8,518.12
553.53,540.04,518.11
554.73,538.42,518.11
556.41,536.58,518.11
557.34,535.39,517.85
557.28,535.39,518.03
557.7,535.39,518.92
557.79,535.39,519.76
558.44,535.39,521.18
558.88,535.39,522.81
559.27,535.39,524.01
559.04,535.39,524.49
555.6,535.39,523.02
553.37,535.39,522.0
551.86,535.39,521.87
550.08,535.39,521.87
548.65,535.39,521.87
548.05,535.39,521.87
547.32,535.39,521.87
547.34,535.39,521.87
547.3,535.39,521.87
546.74,535.39,521.87
544.51,535.39,521.87
543.94,535.39,521.87
541.8,535.39,521.87
540.04,535.39,521.87
538.42,535.39,521.87
536.58,535.39,521.87
535.39,535.39,521.87
535.63,535.63,522.52
536.1,536.1,523.26
536.85,536.85,524.16
537.62,537.62,525.63
538.8100000000001,538.81,527.7
539.62,539.62,529.43
540.33,540.33,530.59
541.03,541.03,532.3
541.54,541.54,533.7
541.78,541.78,534.2
542.16,542.16,534.34
542.61,542.61,534.57
542.87,542.87,534.57
543.71,543.48,534.67
543.82,543.48,534.67
543.48,543.48,534.67
543.56,543.56,535.11
544.37,543.81,536.17
543.91,543.81,536.17
544.08,543.81,536.17
543.81,543.81,536.17
544.09,544.09,536.17
544.38,544.38,536.17
545.46,545.46,536.76
545.87,545.87,538.02
546.14,546.14,539.65
546.29,546.29,541.21
546.99,546.99,543.07
547.87,547.87,544.5
549.41,549.41,544.57
549.86,549.86,546.31
550.87,550.87,548.19
554.1,554.1,549.93
560.59,560.59,550.94
580.3199999999999,580.32,551.54
612.64,612.64,552.22
647.17,647.17,552.59
688.26,688.26,552.68
719.79,719.79,553.45
746.46,737.51,554.84
764.72,737.51,556.68
781.59,737.51,558.72
793.21,736.23,560.49
795.22,736.23,562.5
796.12,736.23,565.85
796.1899999999999,736.23,568.47
796.77,736.23,571.18
799.2,736.23,573.73
801.28,736.23,577.85
803.01,736.23,582.82
805.36,736.23,588.08
810.9,736.23,593.3
811.4499999999999,736.23,597.35
809.98,736.23,601.87
811.27,736.23,608.84
822.79,736.23,615.68
828.27,736.23,621.16
824.08,736.23,625.0
807.56,736.23,625.0
788.34,736.23,625.0
775.53,736.23,625.0
748.84,736.23,625.0
737.51,736.23,625.0
738.02,736.23,625.0
743.43,736.23,625.0
744.13,736.23,625.0
736.23,736.23,622.33
737.25,737.25,627.75
739.8199999999999,739.82,635.01
742.37,742.37,640.89
745.73,745.73,647.49
746.77,746.77,649.14
758.1800000000001,758.18,655.32
796.06,796.06,659.42
808.16,808.16,662.66
809.82,809.82,661.21
813.32,813.32,663.58
824.37,824.37,666.94
850.24,850.24,669.03
853.51,853.51,663.62
857.55,857.55,660.32
870.17,870.17,666.46
885.39,885.39,672.94
901.24,901.24,672.94
926.65,915.28,672.94
959.3199999999999,915.28,672.94
990.31,911.99,672.94
1000.8,901.0,672.94
1007.84,881.74,672.94
1011.49,862.57,665.05
1014.72,857.38,663.09
1019.12,851.69,661.8
1023.81,845.97,660.77
1027.14,841.54,659.67
1030.38,835.69,657.06
1030.99,832.33,654.31
1025.76,825.77,647.47
991.98,821.58,640.15
983.12,817.35,632.73
980.01,814.46,626.73
978.88,812.48,623.62
971.1899999999999,811.21,616.83
947.41,810.24,611.1
935.56,809.56,606.61
928.22,807.62,604.04
923.5,799.86,601.2
917.2,789.76,598.74
919.93,760.01,596.51
915.28,721.63,596.51
918.3,680.07,596.51
911.99,644.86,596.51
901.0,623.32,596.51
881.74,614.04,595.0
862.57,614.04,594.73
857.38,614.04,594.73
851.69,614.04,594.66
845.97,614.04,594.38
841.54,614.04,593.87
835.69,614.04,593.47
832.33,614.04,592.97
825.77,614.04,592.66
821.58,614.04,592.66
817.35,614.04,592.6
814.46,614.04,592.18
812.48,614.04,591.29
811.21,614.04,590.26
810.24,614.04,589.54
809.5600000000001,614.04,589.38
807.62,614.04,589.38
799.86,614.04,589.38
789.76,614.04,589.38
760.01,614.04,589.38
721.63,614.04,589.38
680.07,614.04,589.38
644.86,614.04,589.38
623.32,614.04,589.38
614.04,614.04,589.38
614.49,614.49,589.54
615.07,615.07,589.61
615.22,615.08,589.61
615.12,615.08,589.61
615.08,615.08,589.82
615.1,615.1,590.14
615.41,615.41,590.94
616.22,616.22,591.73
617.9,617.9,592.63
619.79,619.79,594.58
621.1,621.1,596.41
621.88,621.88,598.22
622.1,621.95,599.65
621.99,621.95,600.6
621.95,621.95,601.17
622.03,622.03,601.38
622.56,622.56,601.91
623.35,623.35,602.42
624.52,623.81,603.06
623.81,623.81,603.06
632.72,632.72,603.06
652.04,652.04,603.06
674.21,674.21,603.06
690.0699999999999,690.07,603.85
690.38,690.38,604.25
690.69,690.69,603.46
690.91,690.91,602.47
691.22,691.22,601.52
691.5699999999999,691.57,600.6
692.37,692.26,599.37
693.06,692.26,597.79
693.04,692.26,595.51
692.26,692.26,591.83
699.58,699.58,588.29
713.22,713.22,585.44
716.97,716.97,583.34
736.72,736.72,581.64
771.27,771.27,580.04
806.11,806.11,578.94
845.91,845.91,578.11
921.66,914.28,578.47
967.27,869.34,578.48
1016.75,817.14,576.02
1057.29,773.35,573.82
1077.78,736.22,572.63
1104.21,681.63,571.21
1130.17,628.65,568.94
1163.76,577.34,566.47
1171.33,567.13,564.18
1170.23,564.85,561.77
1169.02,562.69,559.24
1167.76,560.41,556.63
1166.49,557.82,553.52
1164.46,555.23,550.15
1162.19,552.7,546.38
1159.93,550.13,542.27
1157.03,548.13,537.72
1146.17,546.84,534.1
1129.68,545.71,531.15
1123.83,544.2,528.16
1102.3799999999999,542.35,525.24
1066.23,540.17,522.4
1030.29,538.57,521.35
989.66,536.72,520.82
914.28,533.32,520.31
869.34,529.62,520.18
817.14,529.13,520.18
773.35,528.8,520.18
736.22,527.06,520.05
681.63,526.77,520.05
628.65,526.77,520.05
577.34,526.77,520.05
567.13,526.77,520.05
564.85,526.77,520.05
562.69,526.77,520.05
560.41,526.77,520.05
557.82,526.77,520.05
555.23,526.77,520.05
552.7,526.77,520.0
550.13,526.77,519.74
548.13,526.77,519.9
546.84,526.77,519.98
545.71,526.77,519.62
544.2,526.77,518.93
542.35,526.77,517.98
540.17,526.77,517.07
538.57,526.77,517.07
536.72,526.77,517.07
533.32,526.77,517.07
529.62,526.77,517.07
529.13,526.77,517.07
528.8,526.77,517.07
527.06,526.77,517.07
526.77,526.77,517.07
528.35,528.35,517.07
529.46,529.46,517.07
529.5600000000001,529.56,517.07
530.55,530.55,517.26
531.83,531.83,517.72
533.5600000000001,533.56,518.57
535.47,535.47,519.6
537.44,537.44,520.73
539.49,539.49,521.88
541.8,541.8,523.38
543.96,542.59,525.21
545.33,542.36,526.35
546.1,542.36,527.53
546.92,542.36,529.06
547.82,542.36,530.11
549.04,542.36,531.53
549.62,542.36,532.22
549.94,542.36,532.4
550.39,542.36,532.83
550.46,542.36,532.91
550.93,542.36,532.91
550.68,542.36,532.91
550.75,542.36,533.13
549.96,542.36,533.13
548.81,542.36,533.13
547.89,542.36,533.13
547.86,542.36,533.13
547.74,542.36,533.13
547.17,542.36,533.13
546.35,542.36,533.13
545.47,542.36,533.13
544.63,542.36,533.13
543.73,542.36,533.4
542.92,542.36,533.97
542.59,542.36,535.21
542.36,542.36,536.55
542.77,542.77,538.09
543.48,543.48,539.77
543.63,543.63,541.68
543.83,543.83,543.28
544.18,544.18,544.16
544.81,544.81,544.81
545.92,545.92,545.92
547.39,547.39,547.39
548.51,548.51,548.51
550.24,550.24,550.24
552.31,552.31,552.31
554.39,554.39,554.07
555.71,555.71,555.37
557.56,557.56,557.0
559.61,559.61,558.49
561.68,561.68,559.49
564.03,564.03,560.49
566.63,566.63,561.19
569.38,569.38,561.98
572.47,572.47,562.74
575.87,575.87,563.52
579.51,579.51,564.33
582.91,582.91,564.79
586.39,586.39,565.4
589.34,585.01,565.8
592.07,583.36,566.88
595.39,583.36,570.19
598.64,583.36,573.14
601.39,583.36,571.8
603.52,582.23,570.02
604.81,578.84,567.92
605.82,575.81,565.9
606.71,573.0,563.98
607.6,570.22,562.09
608.11,567.8,560.18
608.07,565.21,557.79
608.21,565.21,557.79
607.99,565.21,557.79
607.43,565.21,557.79
606.36,565.21,556.32
605.01,565.21,554.0
603.11,565.21,551.39
601.15,565.21,548.73
598.8199999999999,565.21,546.39
596.2,565.21,544.49
593.37,565.21,543.17
590.43,565.21,542.53
587.56,565.21,541.32
585.01,565.21,541.1
583.36,565.21,541.1
588.17,565.21,541.1
590.23,564.6,541.1
586.14,564.6,541.1
582.23,564.6,540.89
578.84,564.6,540.89
575.81,564.6,540.89
573.0,564.6,540.89
570.22,564.6,540.89
567.8,564.6,540.89
565.21,564.6,540.89
567.5,564.6,540.89
572.02,564.6,540.89
576.58,562.19,540.89
575.66,562.19,540.89
574.29,562.19,540.89
573.01,562.19,540.89
571.94,562.19,540.89
571.16,562.19,541.09
571.06,562.19,541.79
571.31,562.19,542.75
572.28,562.19,544.2
572.42,562.19,545.49
573.11,562.19,546.57
573.84,562.19,546.75
568.45,562.19,546.75
564.6,562.19,546.75
566.27,562.19,548.67
567.45,562.19,550.51
568.89,562.19,552.38
570.19,562.19,553.85
570.76,562.19,555.22
571.37,562.19,556.43
572.94,562.19,557.51
575.19,562.19,559.09
571.48,562.19,559.09
566.44,562.19,559.09
562.19,562.19,559.09
563.71,563.71,559.77
566.1,566.1,561.42
569.17,569.17,563.45
572.08,572.08,565.67
574.15,574.15,567.85
575.81,575.81,569.85
576.98,576.98,571.7
578.22,578.22,573.38
579.93,579.93,575.72
580.67,580.62,577.38
580.62,580.62,578.13
580.62,580.62,578.57
582.18,582.18,579.94
583.5,583.5,581.37
584.98,584.98,583.23
586.47,586.47,584.73
587.87,587.87,585.99
589.98,589.98,587.58
597.63,597.63,588.87
613.23,613.23,588.91
629.69,613.0,588.86
641.61,601.81,589.59
642.2,600.91,589.28
642.19,599.97,588.33
642.24,599.18,587.66
642.36,598.17,586.89
642.17,596.95,585.94
642.03,595.46,584.54
642.54,593.69,583.28
642.97,591.48,581.5
643.74,588.92,579.71
644.52,585.5,577.07
645.72,581.6,574.37
647.1,577.6,571.75
648.4300000000001,573.52,569.0
649.46,569.56,566.07
650.04,566.18,563.52
650.98,563.38,561.66
651.78,561.32,560.4
651.99,559.7,559.1
651.95,558.63,558.29
651.4300000000001,558.1,557.86
645.07,558.1,557.86
629.51,557.86,557.41
613.0,557.86,557.41
601.8100000000001,557.86,557.41
600.91,557.86,556.49
599.97,557.86,554.84
599.1800000000001,557.86,553.47
598.17,557.86,551.59
596.95,557.86,548.87
595.46,557.86,545.29
593.69,557.86,541.97
591.48,557.86,538.68
588.92,557.86,536.15
585.5,557.55,533.18
581.6,557.55,530.82
577.6,557.55,529.04
573.52,557.55,526.87
569.5600000000001,557.55,524.4
566.18,556.96,522.26
563.38,555.26,520.4
561.32,553.3,518.67
559.7,550.97,516.9
558.63,548.47,515.48
558.1,545.31,514.18
558.26,541.46,512.78
557.86,538.67,511.92
565.26,527.72,511.09
572.15,517.63,510.41
571.83,515.09,510.0
570.84,513.26,509.56
569.62,511.15,508.98
567.88,509.7,508.45
565.47,508.99,507.81
562.61,508.77,506.74
560.4,508.32,505.72
558.72,507.99,504.79
558.1,507.28,504.23
557.55,507.28,503.98
557.81,506.07,503.01
558.5,504.41,502.04
558.57,503.27,500.98
558.09,502.12,499.59
556.96,501.04,498.43
555.26,500.05,497.48
553.3,499.28,496.86
550.97,498.91,496.53
548.47,498.34,496.34
545.31,498.22,496.22
541.46,498.09,496.04
538.67,497.42,495.76
527.72,496.67,495.26
517.63,496.18,495.02
515.09,496.18,495.02
513.26,496.18,495.02
511.15,496.18,495.02
509.7,496.18,494.91
508.99,496.18,494.79
508.77,496.18,494.82
508.32,496.18,494.44
507.99,496.18,494.37
507.28,496.18,494.37
507.35,496.18,494.37
506.07,496.18,494.37
504.41,496.18,494.37
503.27,496.18,494.37
502.12,496.18,494.37
501.04,496.18,494.37
500.05,496.18,494.37
499.28,496.18,494.37
498.91,496.18,494.37
498.34,496.18,494.37
498.22,496.18,494.37
498.09,496.18,494.37
497.42,496.18,494.37
496.67,496.18,494.36
496.18,496.18,494.36
496.37,496.37,494.36
496.56,496.56,494.36
496.64,496.56,494.36
496.56,496.56,494.36
496.56,496.56,494.51
496.81,496.81,495.16
496.88,496.88,495.84
497.14,497.14,496.57
497.52,497.52,496.95
497.98,497.98,497.14
499.05,499.05,498.15
500.24,500.24,499.19
501.46,501.46,500.35
503.41,503.41,501.86
504.82,504.82,503.18
506.32,506.32,504.37
507.03000000000003,507.03,505.26
507.66,507.66,505.91
508.72,508.72,506.45
509.67,509.67,506.98
510.57,510.57,507.69
511.21000000000004,511.21,508.57
511.66,511.66,509.79
512.21,511.99,510.76
511.99,511.99,511.15
512.62,512.62,511.63
514.14,514.14,512.38
515.55,515.55,513.3
516.45,516.45,514.39
517.53,517.53,515.69
518.67,518.67,517.22
519.62,519.62,518.54
520.28,520.28,519.2
520.74,520.74,518.7
521.5600000000001,521.56,518.35
522.4300000000001,522.43,518.11
523.57,523.57,517.84
524.37,524.37,517.08
525.43,525.43,516.52
526.57,526.57,516.19
528.37,528.37,516.35
530.16,530.16,516.99
531.54,531.54,517.19
533.02,533.02,517.54
534.4,533.62,518.08
535.97,532.92,518.95
537.75,532.72,520.36
539.01,532.61,521.47
540.29,532.33,522.47
541.51,531.5,522.86
542.24,530.5,522.74
543.36,529.45,522.81
544.93,528.57,523.48
546.11,527.73,523.82
547.02,527.14,524.14
547.77,526.59,524.34
547.77,526.18,523.93
546.81,526.18,523.9
545.64,526.18,523.82
544.53,526.18,523.7
543.12,526.18,523.56
541.56,526.18,523.2
539.94,526.18,523.2
538.47,526.18,523.2
536.83,526.18,523.2
535.68,526.18,523.2
534.94,526.18,523.2
534.2,526.18,523.2
533.62,526.18,523.2
532.92,526.18,523.2
532.72,526.18,523.2
532.61,526.18,523.2
532.33,526.18,523.2
531.5,526.18,523.2
530.5,526.18,523.2
529.45,526.18,523.2
528.57,526.18,523.2
527.73,526.18,523.2
527.14,526.18,523.2
526.59,526.18,522.86
526.18,526.18,523.4
527.11,527.11,524.74
528.2,528.2,526.11
529.19,529.19,527.33
530.32,530.32,528.63
531.28,531.28,530.04
532.76,532.76,531.63
533.93,533.93,532.76
535.17,535.17,533.88
535.54,535.54,534.37
535.6,535.6,534.37
535.68,535.68,534.37
536.05,536.05,534.37
536.33,536.33,534.77
536.6,536.6,534.89
536.94,536.94,535.12
538.04,538.04,535.7
539.08,539.08,536.11
540.76,540.76,536.58
542.01,542.01,537.01
542.59,542.59,537.37
543.26,543.26,538.11
543.84,543.84,539.15
544.05,544.05,540.32
545.0,545.0,541.95
545.69,545.69,542.95
546.38,546.38,543.87
546.89,546.89,544.69
547.6,547.6,545.47
548.84,548.84,546.44
550.44,550.44,547.14
552.81,552.81,547.69
555.33,555.33,548.24
557.71,557.71,549.03
559.94,559.94,549.59
562.2,562.2,550.19
564.5600000000001,564.56,550.71
567.33,567.33,551.7
569.63,569.63,552.51
571.53,570.7,553.42
572.99,570.7,553.92
574.22,570.7,554.33
574.49,570.7,554.33
574.97,570.7,554.6
575.69,570.7,555.57
576.47,570.7,556.87
577.45,570.7,558.47
578.51,570.7,560.57
579.2,570.7,562.41
579.51,570.7,564.01
579.77,570.7,565.46
580.08,570.7,566.99
580.21,570.7,568.4
579.94,570.7,569.55
579.16,570.7,570.05
577.93,570.7,570.05
576.64,570.7,570.05
575.59,570.7,570.05
574.71,570.7,570.05
573.81,570.7,570.05
572.89,570.7,570.05
571.77,570.7,570.05
570.91,570.7,570.05
570.7,570.7,569.96
570.84,570.84,569.96
571.26,571.26,569.96
572.28,572.28,570.2
573.17,573.17,570.53
574.09,574.09,571.01
574.97,574.97,571.83
575.74,575.74,572.34
577.3,577.3,572.99
579.09,579.09,573.51
581.26,581.26,573.69
583.35,583.35,573.65
585.47,585.47,573.75
587.08,584.67,572.94
588.67,582.14,572.0
590.25,579.4,570.84
592.03,577.11,570.33
593.46,575.06,569.71
594.59,573.8,569.58
595.59,572.74,569.52
596.56,572.08,569.83
597.16,571.56,569.91
597.89,571.25,570.22
598.13,571.25,570.47
598.04,571.25,570.55
597.95,571.25,570.55
597.5,571.25,570.55
596.73,571.25,570.55
596.17,571.25,570.55
595.73,571.25,570.55
595.67,571.25,569.91
595.41,571.25,568.14
594.5,571.25,565.65
593.23,571.25,563.64
591.24,571.25,562.61
589.11,571.25,559.1
587.09,571.25,555.91
584.67,571.25,552.73
582.14,571.25,550.76
579.4,571.25,548.81
577.11,571.25,546.53
575.06,571.25,544.34
573.8,571.25,542.02
572.74,571.25,540.64
572.08,571.25,539.57
571.56,571.25,539.57
571.25,571.25,539.57
571.83,571.42,539.57
572.84,571.42,539.57
573.49,571.42,539.57
582.75,563.23,538.41
585.04,561.13,538.41
587.31,559.97,538.41
588.93,558.67,538.41
588.35,558.67,538.41
586.84,558.67,538.41
585.18,558.67,538.41
584.12,558.67,538.51
584.4399999999999,558.67,537.93
582.39,558.67,537.64
580.51,558.67,537.13
579.45,558.67,536.41
579.84,558.67,536.26
580.18,558.67,536.57
578.92,558.67,536.74
577.45,558.67,537.23
575.46,558.67,537.39
573.86,558.67,537.39
572.09,558.67,537.39
571.42,558.67,537.39
572.83,558.67,537.39
574.05,558.67,537.39
575.4,558.67,537.39
574.57,558.67,537.39
563.23,558.67,537.39
561.13,558.67,537.39
559.97,558.67,537.39
558.67,558.67,537.39
559.65,559.65,537.5
561.88,561.88,538.93
563.73,563.73,540.78
565.11,564.21,542.41
564.21,564.21,542.85
565.97,565.97,545.56
567.34,567.11,548.46
567.68,567.11,551.21
567.14,567.11,552.35
567.11,567.11,553.95
568.54,568.54,556.17
571.15,571.15,558.57
574.26,572.15,561.24
576.77,572.15,563.27
578.26,572.15,565.14
578.78,572.15,565.87
577.54,572.15,565.87
575.37,572.15,565.66
572.52,572.15,564.88
572.15,572.15,563.92
575.06,575.06,564.66
576.04,575.88,564.0
575.88,575.88,562.94
576.24,576.24,561.77
576.31,576.31,560.79
576.76,576.76,560.17
577.56,577.56,559.04
578.56,576.25,557.09
579.9,573.42,555.6
580.85,570.71,553.84
582.38,567.77,552.43
584.79,565.02,552.09
586.47,562.78,551.53
588.1,560.99,551.37
589.27,559.79,551.34
590.28,558.81,551.34
590.94,558.81,551.34
591.44,558.81,551.34
592.17,558.81,551.34
593.18,558.81,551.34
593.23,558.81,551.34
593.44,558.81,551.37
593.29,558.81,551.66
592.54,558.81,551.79
590.37,558.81,551.79
588.37,558.81,551.79
586.26,558.81,551.79
584.39,558.81,551.79
582.76,558.81,551.75
581.13,558.81,551.75
579.2,558.81,551.75
576.25,558.81,551.75
573.42,558.81,552.16
570.71,558.81,552.81
567.77,558.81,551.83
565.02,558.81,552.2
562.78,558.81,553.01
560.99,558.81,553.46
559.79,558.81,553.46
558.81,558.81,553.46
560.05,560.05,553.46
565.99,565.99,553.46
575.47,575.47,553.46
585.14,585.14,553.46
595.79,595.79,553.46
608.78,608.78,554.26
618.8199999999999,618.82,555.66
627.61,627.61,557.52
629.51,629.51,559.68
631.23,631.23,561.5
633.45,633.45,564.0
635.58,635.58,566.76
636.6899999999999,636.69,569.5
637.54,637.54,572.06
639.05,639.05,574.27
641.5,641.5,576.92
646.2,646.2,580.61
655.21,655.21,584.12
657.17,657.17,587.47
661.23,657.57,590.65
667.3,657.57,593.86
678.98,650.03,596.8
691.23,639.98,599.0
699.3100000000001,635.07,600.78
704.74,628.96,600.55
703.82,624.91,600.55
696.0600000000001,624.91,600.55
688.44,624.91,600.55
680.7,624.91,600.55
670.9300000000001,624.91,600.55
663.59,624.91,600.55
657.57,624.91,600.55
660.48,624.91,601.64
661.65,624.91,602.61
662.25,624.91,603.58
662.88,624.91,604.23
664.51,624.91,605.77
666.73,624.91,607.29
667.4300000000001,624.91,608.69
667.63,624.91,609.81
666.62,624.91,609.01
661.12,624.91,607.61
662.51,624.91,608.82
661.63,624.91,607.09
658.77,624.91,604.46
650.03,624.91,602.3
639.98,624.91,602.29
635.0699999999999,624.91,602.29
628.96,624.91,602.29
624.91,624.91,602.29
625.31,625.31,602.29
626.03,625.85,602.29
626.68,625.85,602.29
625.85,625.85,602.29
626.98,626.98,602.29
629.79,628.42,602.29
628.63,628.42,602.29
629.3,628.42,602.29
629.7,628.42,602.29
629.72,628.42,602.26
629.63,628.42,602.05
628.93,628.42,602.05
629.63,628.42,601.83
630.55,628.42,601.58
630.76,628.42,602.92
631.34,628.42,602.35
631.16,628.42,603.24
630.3100000000001,628.42,605.17
629.5,628.42,607.12
628.42,628.42,608.7
628.96,628.96,609.99
630.12,630.12,609.99
639.26,639.26,610.88
659.24,659.24,611.53
681.46,681.46,611.75
705.38,705.38,611.75
716.15,716.15,611.75
727.02,727.02,612.62
739.88,739.88,612.71
745.2,745.2,612.71
753.01,753.01,614.4
759.23,758.67,615.94
758.84,758.67,618.74
758.79,758.67,622.9
758.6700000000001,758.67,627.86
766.39,764.3,635.41
765.47,764.3,643.32
764.3,764.3,644.17
767.01,765.86,644.71
765.86,765.86,646.47
766.9300000000001,766.93,647.83
770.18,770.18,650.34
775.02,775.02,654.68
780.25,780.25,657.2
784.14,783.32,664.05
786.16,783.32,668.44
785.95,783.32,668.44
783.3199999999999,783.32,668.44
789.08,786.98,668.44
786.98,786.98,668.44
791.85,791.85,668.44
794.63,794.63,668.44
805.36,805.36,668.44
821.9399999999999,821.94,668.44
836.8199999999999,836.82,667.1
854.9399999999999,854.94,666.62
871.86,860.54,671.4
881.66,853.51,674.17
891.6,841.96,672.56
895.76,828.18,663.4
905.59,817.66,662.71
907.61,814.55,661.62
905.4399999999999,811.69,656.59
908.35,807.64,655.45
908.64,804.55,652.65
907.9,801.06,648.42
907.4,795.51,642.37
904.6899999999999,791.63,635.78
907.65,781.82,628.93
910.02,773.57,623.05
915.14,758.69,615.24
921.28,733.95,607.42
919.85,709.7,604.45
921.33,688.6,603.88
926.55,672.51,603.88
930.98,657.63,603.49
920.3,650.06,603.49
908.57,648.6,603.49
891.28,645.14,602.39
872.6800000000001,637.73,598.64
860.54,632.23,595.2
853.51,629.3,592.27
841.96,629.3,589.85
828.1800000000001,629.3,588.85
817.66,629.3,588.85
814.55,629.3,588.38
811.69,629.3,589.69
807.64,629.3,588.25
804.55,629.3,587.88
801.0600000000001,629.3,587.19
795.51,629.3,586.17
791.63,629.3,586.17
781.82,629.3,586.17
773.57,629.3,586.17
758.69,629.3,586.17
733.95,629.3,586.17
709.7,629.3,586.17
688.6,629.3,586.17
672.51,629.3,586.17
657.63,629.3,586.17
650.06,629.3,586.17
648.6,629.3,586.17
645.14,629.3,586.17
637.73,629.3,586.17
632.23,629.3,586.17
629.3,629.3,586.17
630.85,630.85,588.04
632.67,632.67,590.79
636.27,636.27,594.33
638.91,638.91,598.8
643.9,643.9,599.25
646.51,646.51,598.76
649.23,649.23,598.28
652.03,652.03,597.69
655.07,655.07,597.11
658.34,658.34,596.36
661.97,661.97,595.27
666.73,666.73,592.85
672.61,672.61,590.17
682.73,682.73,587.57
690.05,690.05,584.11
695.7,685.01,580.76
696.44,675.48,578.37
702.14,663.99,576.53
706.0,651.54,575.0
700.44,643.96,573.78
703.12,636.75,572.42
710.68,628.07,571.3
719.51,618.19,570.25
729.13,607.23,568.91
734.95,599.59,567.18
746.26,586.19,565.51
757.18,571.15,563.71
764.12,561.49,561.49
759.58,561.49,560.07
756.48,561.49,558.74
753.28,561.49,557.11
749.89,561.49,555.78
746.27,561.49,554.6
742.25,561.49,553.7
737.53,561.49,553.38
730.35,561.49,553.38
721.79,561.49,553.28
709.0699999999999,561.49,553.28
696.68,561.49,553.28
685.01,561.49,553.28
675.48,561.49,553.28
663.99,561.49,553.28
651.54,561.49,553.28
643.96,561.49,553.28
636.75,561.49,553.28
628.07,561.49,553.28
618.19,561.49,553.28
607.23,561.49,553.28
599.59,561.49,553.28
586.19,561.49,553.28
571.15,561.49,552.96
561.49,561.49,552.13
561.57,561.57,551.65
562.4,562.4,551.58
562.96,562.96,551.46
563.96,563.96,551.12
565.17,565.17,550.4
566.61,566.61,549.04
568.55,568.55,547.97
570.37,568.63,546.47
572.05,565.88,545.4
574.13,563.09,544.69
574.67,560.12,542.37
575.34,556.84,540.08
576.13,553.67,538.14
577.26,550.45,536.35
578.0,547.68,534.93
578.35,545.21,533.83
579.0600000000001,543.25,533.48
579.8,541.75,533.48
580.34,540.72,533.48
580.54,540.04,533.48
581.59,538.91,533.48
582.65,538.13,533.48
582.99,538.1,533.48
583.17,538.1,533.72
582.61,538.1,534.22
581.71,538.1,534.86
581.03,538.1,535.91
579.69,538.1,536.74
577.76,538.1,537.48
574.96,538.1,538.01
571.95,538.1,538.01
568.63,538.1,538.01
565.88,538.1,538.01
563.09,538.1,538.01
560.12,538.1,538.01
556.84,538.1,538.01
553.67,538.1,538.01
550.45,538.1,538.01
547.68,538.1,538.01
545.21,538.1,538.01
543.25,538.1,538.01
541.75,538.1,538.01
540.72,538.1,538.01
540.04,538.1,538.01
538.91,538.1,538.01
538.13,538.1,538.01
538.1,538.1,538.1
538.93,538.93,538.93
540.89,540.89,540.89
543.7,543.7,543.35
546.32,546.32,546.2
549.55,549.55,549.55
553.51,553.51,553.51
558.46,558.46,558.34
563.4,563.4,562.65
568.61,568.61,566.84
573.27,573.27,570.51
577.4399999999999,577.44,573.52
582.41,582.41,576.56
588.36,588.36,579.78
594.39,594.39,582.68
601.35,601.35,585.57
605.47,605.47,588.51
609.17,609.17,591.22
611.97,609.99,593.33
613.92,609.38,594.67
615.6,608.99,595.96
617.37,608.72,597.46
619.23,608.54,599.14
620.68,608.54,600.59
622.43,608.23,602.0
624.24,607.43,603.01
625.79,606.3,603.43
626.36,605.15,602.85
627.15,604.12,602.61
628.03,602.61,601.98
628.63,600.73,600.7
628.51,599.2,599.13
627.88,598.54,598.31
626.86,598.54,598.31
625.87,598.54,598.31
624.71,598.54,598.31
622.78,598.54,598.31
620.05,598.54,598.31
616.92,598.54,598.31
612.85,598.54,598.31
611.67,598.54,598.31
610.68,598.54,598.31
609.99,598.54,598.31
609.38,598.54,597.27
608.99,598.54,596.18
608.72,598.54,595.25
608.54,598.54,593.81
608.57,598.54,592.58
608.23,598.54,591.4
607.4300000000001,598.54,589.74
606.3,598.54,587.46
605.15,598.54,585.11
604.12,598.54,583.26
602.61,598.54,581.66
600.73,598.54,580.17
599.2,598.54,578.3
598.54,598.54,576.87
604.46,604.46,575.61
623.83,623.83,574.3
644.85,644.85,572.98
663.11,656.99,571.88
675.64,643.22,570.93
689.53,632.02,570.93
707.26,615.26,570.93
724.52,597.07,570.81
741.02,579.07,570.07
743.46,576.0,570.07
742.82,576.0,570.07
741.9,576.0,570.07
740.97,576.0,570.07
739.37,576.0,570.07
737.9,576.0,570.07
736.61,576.0,570.02
734.96,576.0,569.75
732.85,576.0,569.25
731.21,576.0,568.39
730.06,576.0,567.68
729.27,576.0,566.39
728.9,576.0,565.34
728.14,576.0,564.37
727.03,576.0,563.41
719.57,576.0,562.57
698.6899999999999,576.0,561.61
676.35,576.0,560.67
656.99,576.0,559.91
643.22,576.0,559.4
632.02,573.59,559.34
615.26,571.29,559.28
597.07,570.65,559.28
579.07,570.65,559.28
576.0,570.39,559.28
577.39,568.85,559.28
577.79,568.7,559.28
578.0,568.49,559.28
578.76,568.23,559.28
579.28,567.7,559.28
579.6,567.02,559.28
580.16,566.43,559.25
581.1,565.94,559.7
581.76,565.75,560.17
582.04,565.49,560.19
581.48,565.49,559.94
580.8,565.49,559.62
580.59,565.49,559.87
580.21,565.49,560.02
579.75,565.49,560.04
579.23,565.49,560.15
578.63,565.49,560.35
577.95,565.49,560.35
577.53,565.49,560.4
573.59,565.49,560.4
571.29,565.49,560.4
570.65,565.49,560.39
570.79,565.49,560.31
570.39,565.49,560.21
568.85,565.49,560.1
568.7,565.49,560.03
568.49,565.49,560.0
568.23,565.49,560.0
567.7,565.49,559.92
567.02,565.49,559.74
566.4300000000001,565.49,559.42
565.94,565.49,559.19
565.75,565.49,559.04
565.49,565.49,558.89
565.8,565.8,559.24
566.16,566.16,559.62
566.62,566.62,560.14
567.21,567.21,560.45
568.05,567.0,560.72
568.97,566.49,561.13
569.94,566.32,561.84
570.8,566.32,562.37
571.43,566.32,562.73
571.78,566.32,562.73
572.04,566.32,562.74
572.06,566.32,562.74
571.84,566.32,562.74
571.32,566.32,562.74
570.66,566.32,562.74
569.78,566.32,562.74
569.03,566.32,562.74
568.47,566.32,562.74
567.99,566.32,562.74
567.76,566.32,562.74
567.55,566.32,562.94
567.58,566.32,563.3
567.62,566.32,563.74
567.73,566.32,564.18
567.77,566.32,564.45
567.79,566.32,564.85
567.85,566.32,565.13
567.5699999999999,566.32,565.19
567.0,566.32,565.19
566.49,566.32,564.54
566.3199999999999,566.32,563.96
566.56,566.56,563.83
567.11,567.11,563.83
567.95,567.95,563.83
568.98,568.98,563.83
569.95,569.95,563.83
571.47,571.47,563.96
572.98,572.98,564.13
574.92,574.92,564.34
576.55,576.55,564.55
577.76,577.76,564.81
578.33,578.33,564.99
579.12,579.12,565.5
579.94,579.23,566.17
580.87,579.23,567.0
581.95,579.23,567.51
582.43,579.23,568.37
582.76,579.23,569.17
582.99,579.23,570.14
583.37,579.23,571.2
583.59,579.23,572.08
584.11,579.23,572.75
584.44,579.23,573.49
584.1,579.23,574.3
583.57,579.23,574.94
582.97,579.23,575.11
582.59,579.23,575.11
581.63,579.23,575.11
580.83,579.23,575.11
580.49,579.23,575.11
579.79,579.23,575.11
579.31,579.23,575.11
579.23,579.23,575.11
579.36,579.36,575.11
579.52,579.52,575.11
580.11,580.11,575.14
580.6899999999999,580.4,575.12
581.0699999999999,580.4,575.04
580.97,580.4,574.91
580.4,580.4,574.56
580.9,580.9,574.99
591.28,591.28,575.49
601.03,601.03,576.15
611.58,595.6,576.91
621.43,586.96,577.64
621.58,586.96,578.08
621.99,586.96,578.73
623.14,586.96,580.04
624.72,586.96,581.35
625.7,586.96,582.3
626.4,586.96,582.78
627.22,586.96,583.29
627.83,586.96,583.44
628.23,586.96,583.41
628.33,586.96,583.29
628.0699999999999,586.96,583.08
627.03,586.96,582.88
626.12,586.78,582.58
625.62,586.05,581.89
625.08,585.38,581.22
624.48,584.67,580.42
624.02,584.29,579.83
623.99,583.64,579.15
624.13,583.03,578.68
624.06,582.36,577.94
614.18,581.61,577.06
605.09,580.96,576.25
595.6,579.81,575.46
586.96,578.51,574.72
587.65,577.54,574.44
588.37,576.7,574.32
588.98,575.54,573.77
588.76,574.66,573.11
588.81,573.81,572.56
588.59,573.07,572.1
588.28,572.52,571.68
587.82,572.04,571.22
587.39,571.7,571.01
587.17,571.41,570.87
587.11,571.18,570.79
587.04,570.97,570.79
586.78,570.97,570.79
586.05,570.97,570.79
585.38,570.97,570.79
584.67,570.97,570.79
584.29,570.97,570.79
583.64,570.97,570.77
583.03,570.97,570.84
582.36,570.97,570.84
581.61,570.97,570.84
580.96,570.97,570.84
579.81,570.97,570.75
578.51,570.97,570.69
577.54,570.97,570.66
576.7,570.97,570.66
575.54,570.97,570.66
574.66,570.97,570.66
573.81,570.97,570.66
573.07,570.97,570.66
572.52,570.97,570.51
572.04,570.97,570.25
571.7,570.97,569.8
571.41,570.97,569.18
571.18,570.97,568.58
570.97,570.97,567.99
570.97,570.97,567.45
571.36,571.36,567.2
571.73,571.73,566.93
572.29,572.29,566.33
572.61,572.61,565.61
573.24,571.15,564.5
574.06,569.08,563.25
574.8,567.05,561.96
575.51,564.32,559.94
576.21,561.11,557.43
576.69,558.04,554.84
577.14,554.91,552.16
577.36,551.84,549.31
577.5,550.03,547.89
578.22,548.91,547.49
578.67,548.14,547.17
579.12,547.33,546.81
579.49,546.56,546.41
579.58,546.13,546.11
579.6,545.51,545.51
579.21,544.64,544.64
578.59,544.31,544.22
577.91,544.31,544.18
577.17,544.31,544.18
576.37,544.31,544.18
575.73,544.31,544.18
575.09,544.31,544.18
573.93,544.31,544.13
572.89,544.31,544.08
571.15,544.31,542.55
569.08,544.15,540.44
567.05,543.9,539.05
564.32,543.9,538.01
561.11,543.9,537.16
558.04,543.9,536.49
554.91,543.9,535.5
551.84,543.9,534.33
550.03,543.9,533.23
548.91,543.9,532.02
548.14,543.9,531.09
547.33,543.9,530.47
546.5600000000001,543.9,530.47
546.13,543.9,530.47
545.51,543.9,530.47
544.64,543.9,530.47
544.31,543.9,530.47
544.35,543.9,530.47
544.5,543.9,530.47
544.6,543.9,530.47
544.63,543.9,530.47
544.73,543.9,530.47
545.14,543.9,530.55
545.47,543.9,530.59
545.02,543.9,531.43
544.15,543.9,532.59
543.9,543.9,533.65
544.78,544.78,535.56
546.32,546.32,537.95
548.1,547.12,540.41
549.59,547.12,542.92
550.82,547.12,545.39
550.64,547.12,546.46
549.43,547.12,546.62
548.34,547.12,546.82
547.4,547.12,546.95
547.12,547.12,547.12
547.2,547.2,547.2
547.8,547.8,547.8
549.27,549.27,549.27
550.5,550.5,550.5
551.58,551.58,551.58
552.69,552.69,552.69
553.94,553.94,553.94
555.22,555.22,555.22
556.65,556.65,556.65
558.28,558.28,558.28
559.97,559.97,559.95
563.16,563.16,563.16
567.0,567.0,567.0
570.41,570.41,570.16
573.48,573.48,573.09
576.47,576.47,575.89
579.37,579.37,578.55
582.54,582.54,581.54
585.9300000000001,585.93,584.71
589.28,589.28,587.88
592.54,592.54,591.19
595.59,595.59,594.38
598.57,598.57,597.36
600.84,600.84,599.72
602.62,602.62,601.62
604.03,604.03,603.28
605.23,605.23,604.58
606.32,606.32,605.78
607.27,607.27,606.76
608.5,608.5,607.65
609.75,609.75,608.46
610.8,610.8,609.19
611.61,611.61,609.76
612.15,612.15,610.29
612.6,612.6,610.65
613.0,613.0,611.13
613.33,613.33,611.52
613.59,613.59,611.32
613.84,613.84,610.82
613.99,613.76,609.8
614.08,612.49,608.67
614.31,610.98,607.39
614.57,609.55,606.27
614.87,608.2,605.26
615.28,607.16,604.63
615.66,605.96,603.81
615.85,605.03,603.07
616.05,604.32,602.56
616.21,603.71,602.11
616.46,602.94,601.59
616.59,602.09,600.87
616.84,601.18,600.21
616.89,600.41,599.49
616.59,599.66,598.78
616.1899999999999,599.02,598.19
616.03,598.23,597.59
615.97,597.5,597.09
616.09,596.66,596.48
616.0,596.11,595.91
616.08,595.55,595.45
616.14,594.93,594.93
615.68,594.66,594.66
614.93,594.6,594.52
613.76,594.6,594.38
612.49,594.6,594.29
610.98,594.6,594.26
609.55,594.6,594.2
608.2,594.6,594.06
607.16,594.6,594.06
605.96,594.6,594.06
605.03,594.6,594.06
604.32,594.6,594.06
603.71,594.6,594.06
602.94,594.6,594.06
602.09,594.6,594.06
601.18,594.6,594.06
600.41,594.6,594.06
599.66,594.6,594.06
599.02,594.6,594.06
598.23,594.6,594.06
597.5,594.6,594.06
596.66,594.6,594.05
596.11,594.6,594.05
595.55,594.6,593.9
594.93,594.6,593.9
594.66,594.6,593.89
594.6,594.6,593.89
594.93,594.93,594.27
595.36,595.36,594.74
595.99,595.99,595.37
596.43,596.43,595.85
596.67,596.67,595.92
596.87,596.87,595.9
597.51,597.51,596.23
597.81,597.81,596.4
597.91,597.91,596.44
598.19,598.19,596.44
598.46,598.46,596.65
598.84,598.84,596.92
599.14,599.14,597.11
599.32,599.32,597.28
599.55,599.55,597.4
599.66,599.56,597.4
599.77,599.56,597.43
599.78,599.56,597.43
599.82,599.56,597.52
599.86,599.56,597.58
599.63,599.56,597.58
599.63,599.56,597.64
599.56,599.56,597.68
599.62,599.62,597.73
599.91,599.91,597.86
610.41,610.41,598.01
623.32,603.5,598.12
625.5,601.8,598.27
625.33,601.8,598.53
625.11,601.8,598.62
624.8,601.8,598.62
624.67,601.8,598.66
624.63,601.8,598.74
624.35,601.8,598.74
624.29,601.8,598.86
624.27,601.8,598.9
624.31,601.8,598.94
624.52,601.8,599.08
624.73,601.8,599.11
625.02,601.8,599.17
625.23,601.8,599.29
625.45,601.8,599.41
625.75,601.8,599.66
626.01,601.8,599.84
626.33,601.8,600.16
626.5,601.8,600.4
626.64,601.8,600.67
626.63,601.8,600.92
626.47,601.8,600.98
616.18,601.8,600.98
603.5,601.8,600.98
601.8,601.8,600.98
602.36,602.36,601.42
602.81,602.81,601.55
603.57,603.57,601.67
604.07,604.07,602.0
604.25,604.25,602.16
604.5,604.5,602.46
604.89,604.89,602.75
605.41,605.41,602.91
605.99,605.99,602.98
606.98,606.3,602.87
607.12,605.93,602.7
607.22,605.55,602.56
607.43,605.09,602.34
607.86,604.34,602.08
608.05,603.83,601.78
607.97,603.55,601.46
607.97,603.27,601.18
608.19,602.82,600.95
608.49,602.44,600.87
608.97,602.44,601.11
609.33,602.44,601.31
609.55,602.44,601.41
609.68,602.44,601.47
609.54,602.44,601.47
609.42,602.44,601.52
609.1,602.44,601.59
608.46,602.44,601.59
608.34,602.44,601.59
608.32,602.44,601.74
608.37,602.44,601.86
608.27,602.44,601.9
607.91,602.44,601.9
607.4,602.44,601.9
606.3,602.44,601.9
605.93,602.44,601.41
605.55,602.44,600.93
605.09,602.44,600.49
604.34,602.44,600.05
603.83,602.44,599.58
603.55,602.44,599.16
603.27,602.44,598.89
602.82,602.44,598.66
602.44,602.44,598.66
602.47,602.47,598.66
603.82,603.82,598.66
606.0,606.0,598.66
608.41,608.41,598.66
610.6,610.6,598.66
613.29,613.29,598.8
615.71,615.71,599.14
617.87,617.87,599.47
621.28,621.28,599.65
625.34,625.34,600.01
628.04,628.04,599.94
631.78,631.78,600.24
634.84,634.84,600.76
636.85,636.53,601.43
637.63,636.53,602.66
637.41,636.53,604.32
637.14,636.53,604.83
636.97,636.53,604.5
636.82,636.53,605.17
636.67,636.53,606.22
636.53,636.53,608.46
636.54,636.54,610.82
636.64,636.64,613.23
641.14,641.14,615.56
647.62,647.62,617.53
651.69,651.69,618.32
654.6800000000001,652.05,618.5
657.19,652.05,618.5
659.88,652.05,618.83
663.02,652.05,619.0
666.3100000000001,652.05,617.35
666.89,652.05,614.67
664.5,652.05,611.46
660.8,652.05,608.64
658.03,652.05,606.3
654.59,652.05,604.1
652.05,652.05,602.86
652.15,652.15,601.98
656.22,653.33,601.22
659.37,650.22,601.26
660.15,649.45,601.27
659.99,649.45,601.24
660.8100000000001,648.73,601.21
662.01,647.5,601.18
665.49,644.02,601.18
671.45,638.07,601.19
677.26,632.19,601.12
678.12,627.73,601.12
676.51,623.33,601.12
673.85,621.89,601.12
672.51,618.53,601.12
673.23,612.51,600.31
674.06,607.25,600.31
672.14,605.72,600.31
667.2,605.72,600.31
663.94,605.72,600.31
662.36,605.72,600.08
661.75,605.72,600.26
661.54,605.72,600.79
661.04,605.72,601.03
660.37,605.72,601.1
658.16,605.72,601.1
653.33,605.72,600.74
650.22,605.72,599.54
649.45,605.72,598.57
649.58,605.72,598.6
648.73,605.72,597.48
647.5,605.72,596.11
644.02,605.72,594.87
638.0699999999999,605.72,593.71
632.1899999999999,605.72,592.79
627.73,605.72,592.31
623.33,605.72,592.11
621.89,605.72,592.11
618.53,605.72,592.11
612.51,605.72,592.11
607.25,605.72,591.84
605.72,605.72,591.84
609.73,609.73,591.84
611.72,611.72,592.4
612.43,612.43,592.74
613.67,613.67,592.95
615.69,614.49,593.09
617.2,614.49,593.41
618.72,614.49,593.78
619.74,614.49,594.14
620.09,614.49,594.57
619.7,614.49,595.38
619.5,614.49,596.35
619.4,614.49,597.11
619.13,614.49,597.89
618.69,614.49,599.04
618.16,614.49,600.19
617.58,614.49,600.71
616.84,614.49,601.47
615.5600000000001,614.49,600.85
614.49,614.49,600.09
615.59,615.59,599.36
620.29,616.26,599.36
622.53,616.26,600.32
621.56,616.26,600.37
619.99,616.26,600.37
617.98,616.26,600.2
617.47,616.26,600.0
617.35,616.26,599.93
616.76,616.26,599.57
616.26,616.26,599.57
617.21,617.21,599.57
619.09,619.09,599.57
620.99,620.99,599.57
624.15,623.72,599.68
626.96,621.83,600.6
628.24,621.28,601.33
629.1,621.07,601.98
630.15,620.93,602.89
632.85,619.35,604.01
635.3,618.05,605.16
636.4,617.98,606.19
637.9,617.98,607.73
638.56,617.98,608.46
638.82,617.98,608.89
636.1,617.98,608.89
631.79,617.98,608.89
631.13,617.98,608.89
632.15,617.98,609.91
632.74,617.98,609.91
630.79,617.98,609.91
630.42,617.98,609.91
630.47,617.98,610.41
630.3,617.98,610.51
629.97,617.98,610.51
629.9,617.98,610.51
628.39,617.98,610.51
626.77,617.98,610.51
623.72,617.98,610.51
621.83,617.98,610.51
621.28,617.98,610.51
621.07,617.98,610.32
620.93,617.98,610.61
619.35,617.98,610.61
618.05,617.98,610.61
617.98,617.98,611.3
618.12,618.12,611.77
618.19,618.19,612.7
618.36,618.36,613.8
619.85,619.85,614.99
622.25,622.25,615.18
626.29,626.29,615.18
630.93,630.93,615.91
634.2,634.2,616.0
635.16,635.16,615.63
637.3,637.3,616.76
638.67,638.25,617.26
638.9399999999999,638.25,616.14
638.64,638.25,614.39
638.25,638.25,611.95
640.4399999999999,640.44,609.85
643.43,643.43,607.93
647.41,647.41,606.98
650.52,644.96,605.95
651.42,643.27,605.16
651.44,642.92,604.83
652.09,642.3,604.86
652.9,642.3,605.93
655.03,640.82,606.32
658.0,637.78,606.25
660.99,635.12,606.58
664.16,632.57,607.2
668.77,629.08,608.32
669.72,629.04,608.32
669.53,628.0,608.32
669.36,625.58,608.32
672.4300000000001,619.43,608.32
670.35,617.99,608.06
669.02,617.99,607.1
670.09,614.88,606.37
669.22,614.64,605.77
667.83,614.64,605.75
666.38,614.64,605.48
663.62,614.64,604.76
658.94,614.64,604.2
654.03,614.64,603.75
649.1,614.64,603.16
644.96,614.64,602.53
643.27,614.64,602.01
642.92,614.64,601.87
642.3,614.64,601.87
642.5600000000001,614.64,601.87
640.82,614.64,601.87
637.78,614.64,601.76
635.12,614.64,601.55
632.57,614.64,601.08
629.08,614.64,600.8
629.04,614.64,600.8
628.0,614.64,600.8
625.58,614.64,600.62
619.43,613.68,600.41
617.99,612.56,600.0
618.1,612.28,599.83
614.88,611.77,599.35
614.64,611.53,599.28
616.01,611.28,600.4
617.19,611.25,601.46
618.46,611.25,602.73
619.58,611.25,603.78
620.73,611.25,604.83
621.49,611.25,605.76
622.34,611.25,606.92
622.99,611.25,607.92
623.2,611.25,608.47
623.56,611.25,608.63
623.53,611.25,608.63
624.24,611.25,608.63
624.52,611.25,609.0
623.78,611.25,609.0
622.96,611.25,609.0
621.85,611.25,609.0
619.98,611.25,609.0
618.22,611.25,609.0
615.66,611.25,609.0
613.68,611.25,609.0
612.56,611.25,609.0
612.28,611.25,609.15
611.77,611.25,609.15
611.53,611.25,609.15
611.28,611.25,609.16
611.25,611.25,609.24
611.26,611.26,609.37
611.37,611.37,609.45
611.46,611.46,609.5
611.89,611.89,609.83
612.48,612.48,610.29
613.16,613.16,610.76
613.98,613.2,611.22
614.2,613.2,611.22
613.78,613.2,611.04
613.2,613.2,610.94
613.53,613.53,611.12
613.99,613.99,611.42
614.76,614.76,611.99
615.48,615.48,612.41
616.06,616.06,612.53
616.64,616.64,612.69
617.34,617.34,613.08
617.98,617.98,613.54
620.79,618.91,614.23
621.31,618.91,614.88
621.82,618.91,615.53
622.09,618.91,615.99
622.4,618.91,616.48
622.55,618.91,616.73
622.67,618.91,617.08
622.64,618.91,617.14
622.7,618.91,617.11
622.61,618.91,616.95
622.51,618.91,616.88
622.33,618.91,616.76
622.05,618.91,616.67
621.81,618.91,616.59
621.3,618.91,616.55
621.02,618.91,616.51
621.06,618.91,616.43
621.18,618.91,616.39
621.18,618.91,616.3
621.07,618.91,616.26
620.94,618.91,616.16
620.92,618.91,616.09
620.91,618.91,616.04
620.91,618.91,615.97
618.91,618.62,615.8
619.11,618.16,615.54
619.25,617.85,615.37
619.44,616.97,614.68
619.74,616.35,614.36
619.84,615.88,613.99
621.07,614.32,613.66
621.16,613.91,613.34
621.07,613.64,613.02
621.0,613.29,612.6
621.03,612.83,612.17
621.05,612.36,611.72
621.02,611.57,610.97
621.0,611.14,610.6
621.23,610.86,610.55
621.38,610.72,610.56
621.2,610.72,610.56
620.94,610.72,610.56
620.71,610.72,610.56
620.51,610.72,610.56
620.11,610.72,610.56
619.63,610.72,610.56
619.25,610.72,610.56
618.96,610.72,610.56
618.62,610.72,610.56
618.16,610.72,610.56
617.85,610.72,610.59
616.97,610.72,610.16
616.35,610.72,610.16
615.88,610.72,609.72
614.32,610.72,609.32
613.91,610.72,609.06
613.64,610.72,608.76
613.29,610.72,608.54
612.83,610.72,608.24
612.36,610.72,607.53
611.57,610.72,607.32
611.14,610.72,607.32
610.86,610.72,607.3
610.72,610.72,607.3
611.36,611.36,607.28
612.56,612.56,607.28
613.73,613.73,607.28
614.32,614.32,607.28
615.0,615.0,607.28
615.73,615.73,607.28
616.46,616.46,607.28
616.98,616.98,607.28
617.93,617.93,607.28
618.57,618.57,607.4
619.3,619.04,607.64
619.61,619.04,608.3
620.0,619.04,608.64
619.94,619.04,609.05
619.92,619.04,609.54
619.99,619.04,610.25
619.96,619.04,610.92
620.09,619.04,611.73
620.17,619.04,612.53
619.84,619.04,613.16
620.27,619.04,614.33
620.62,619.04,615.18
620.7,619.04,615.9
620.72,619.04,616.49
619.91,619.04,616.49
619.04,619.04,616.49
619.86,619.86,616.49
622.21,622.21,616.49
624.65,624.65,616.49
628.39,628.39,616.49
631.65,631.65,616.49
634.5600000000001,634.56,616.71
638.12,638.12,616.71
639.73,639.73,616.43
639.73,639.73,616.85
641.25,641.25,617.58
642.29,642.29,617.5
642.82,642.82,617.77
643.73,643.73,617.62
645.49,645.49,617.73
646.91,646.91,617.81
647.68,647.68,617.67
648.44,648.44,617.56
649.4,649.4,617.92
650.97,650.97,617.89
651.7,651.7,617.62
653.25,650.25,617.48
654.14,648.72,616.84
655.88,646.74,616.6
657.34,644.34,615.66
659.52,639.68,614.33
662.98,632.98,613.33
667.07,625.45,612.47
667.94,619.67,611.53
667.31,615.79,610.58
665.86,613.27,609.62
662.56,611.71,608.84
660.67,611.71,608.83
663.14,609.29,608.83
662.35,608.1,607.75
661.23,607.81,607.32
660.97,607.71,606.96
659.91,607.71,606.78
658.26,607.71,606.78
656.92,607.71,606.53
656.01,607.71,606.25
655.14,607.71,606.06
654.54,607.71,605.95
652.9399999999999,607.71,605.5
651.94,607.71,605.42
650.25,607.71,605.25
648.72,607.66,604.73
646.74,607.46,604.46
644.34,607.3,604.05
639.68,607.3,604.05
632.98,607.3,604.05
625.45,607.3,604.05
619.67,607.3,604.05
615.79,607.3,604.05
613.27,607.3,604.05
611.71,607.3,604.05
611.81,607.3,603.75
609.29,607.3,603.49
608.1,607.3,602.99
607.81,607.3,602.94
607.71,607.3,602.72
608.05,607.3,602.88
608.52,607.3,602.79
608.35,607.3,602.77
608.3199999999999,607.3,602.78
608.34,607.3,602.81
608.38,607.3,602.81
608.0,607.3,602.62
607.92,607.3,602.62
607.75,607.3,602.62
607.66,607.3,602.93
607.46,607.3,602.97
607.3,607.3,603.19
607.83,607.83,603.35
610.31,610.31,603.35
615.36,615.36,603.38
621.13,621.13,603.51
625.0,625.0,603.76
627.52,627.52,604.1
631.9399999999999,629.28,604.36
631.09,629.28,604.36
630.12,629.28,604.36
630.14,629.28,604.44
630.03,629.28,604.79
629.67,629.28,605.25
630.09,629.28,605.77
629.3,629.28,605.9
629.28,629.28,606.75
629.41,629.41,607.72
630.26,630.26,607.53
631.04,631.04,609.01
631.16,631.16,610.72
632.8,632.8,612.36
635.16,635.16,612.48
635.75,635.75,612.29
636.87,636.87,612.33
640.74,640.74,612.78
644.8,644.68,612.03
647.62,644.68,609.9
650.32,644.68,607.96
649.52,644.68,606.0
648.08,644.28,604.49
647.25,642.01,602.91
644.68,640.0,601.85
649.49,634.66,601.32
652.89,630.79,600.85
652.95,630.12,600.24
655.72,626.68,599.57
661.22,620.66,599.05
665.37,615.29,597.83
669.83,610.34,597.34
674.0,605.68,596.85
676.27,602.78,596.22
675.23,602.44,595.49
676.36,599.95,594.85
677.95,597.71,594.2
679.07,594.34,593.56
676.83,593.73,593.18
676.05,593.47,592.53
674.97,593.13,592.26
671.55,592.4,591.97
666.74,592.09,591.73
660.87,591.94,591.54
652.67,591.73,591.37
647.19,591.65,591.23
644.28,591.65,591.23
642.01,591.65,591.23
640.0,591.65,591.23
634.66,591.65,591.23
630.79,591.65,591.23
630.12,591.65,591.04
626.68,591.65,591.04
620.66,591.65,591.04
615.29,591.65,591.04
610.34,591.65,591.04
605.68,591.65,591.04
602.78,591.65,591.04
602.44,591.65,591.04
599.95,591.65,591.04
597.71,591.65,591.04
594.34,591.65,591.04
593.73,591.65,591.04
593.47,591.65,591.11
593.13,591.65,591.11
592.4,591.65,591.11
592.09,591.65,591.11
591.94,591.65,591.11
591.73,591.65,591.11
591.65,591.65,591.16
592.26,592.26,591.25
595.68,595.68,591.52
596.74,596.74,591.52
597.08,597.08,591.86
597.26,597.26,592.11
597.62,597.62,592.76
597.89,597.89,593.06
598.22,598.22,593.51
598.42,598.42,593.91
598.71,598.71,594.12
599.05,599.05,594.43
599.38,599.38,594.29
599.75,599.75,593.88
599.81,599.81,593.48
600.55,600.55,593.72
600.96,600.96,593.7
601.29,601.29,593.71
604.5,604.5,593.81
605.0,605.0,593.57
611.73,611.73,593.38
619.18,619.18,593.32
626.91,626.91,593.01
629.08,629.08,592.74
636.37,636.37,592.52
643.25,636.93,591.97
646.83,630.07,591.59
653.69,621.92,591.42
657.85,617.09,590.75
660.05,614.6,590.46
662.17,612.35,590.33
674.3,600.24,590.35
680.86,597.58,590.47
683.46,597.58,590.67
683.38,597.58,590.75
683.82,597.58,590.75
683.35,597.58,590.04
682.57,597.58,589.3
682.11,597.58,588.96
681.61,597.58,588.68
681.18,597.58,588.57
680.86,597.58,588.57
677.75,597.58,588.26
677.01,597.58,588.26
670.09,597.58,588.26
662.58,597.58,588.02
654.54,597.58,587.91
652.1,597.58,587.91
644.59,597.58,587.88
636.93,597.58,587.88
630.07,597.58,587.88
621.92,597.58,587.88
617.09,597.58,587.88
614.6,597.58,587.83
612.35,597.58,587.8
600.24,597.58,587.8
597.58,597.58,587.8
601.94,601.94,587.8
609.14,609.14,587.8
611.79,611.55,587.8
611.55,611.55,587.89
611.55,611.55,588.24
611.67,611.62,588.58
611.62,611.62,588.65
611.68,611.68,588.71
611.79,611.77,588.74
611.77,611.77,589.02
612.04,612.04,589.3
612.55,612.48,589.69
612.48,612.48,589.97
612.75,612.75,590.46
613.22,613.22,591.03
613.46,613.46,591.59
613.72,613.72,592.11
615.73,615.73,592.69
620.96,620.96,593.66
624.9,624.9,596.18
625.05,625.05,599.13
625.26,625.26,602.12
630.39,630.39,602.21
635.73,635.73,602.21
637.3199999999999,636.94,602.21
636.94,636.94,602.21
637.96,637.96,602.21
638.57,638.57,605.97
639.28,639.28,609.26
640.07,640.07,613.04
645.0,645.0,614.18
647.68,647.68,617.77
656.19,656.19,620.41
669.7,669.7,620.77
683.29,683.29,623.49
690.35,690.35,627.05
694.18,694.18,631.75
698.08,698.08,636.41
708.25,708.25,641.05
722.18,718.43,645.95
723.1899999999999,718.43,650.79
725.8,718.43,653.98
728.15,718.43,653.98
733.81,718.43,655.86
739.06,718.43,660.12
741.84,718.43,662.75
736.8,718.43,662.78
732.19,718.43,662.78
734.52,718.43,662.78
736.6,718.43,662.71
739.29,718.43,663.23
743.95,718.43,668.29
746.53,718.43,673.28
749.52,718.43,676.7
745.73,718.43,672.18
748.32,718.43,670.32
742.45,718.43,665.03
729.3,718.43,663.35
718.43,718.43,663.35
720.96,720.96,663.35
730.63,720.03,661.36
736.35,712.05,659.1
732.22,707.7,655.7
726.17,703.97,654.63
731.26,703.97,658.72
735.25,703.97,659.37
735.36,703.97,659.37
732.66,703.97,655.77
731.67,703.97,653.34
731.52,703.97,652.69
736.6,703.97,654.74
739.7,703.97,654.93
736.02,703.97,654.93
732.16,703.97,654.93
729.99,703.97,654.93
731.43,703.97,655.26
736.05,703.97,657.5
736.48,703.97,655.03
735.75,703.97,655.81
731.3,703.97,654.53
728.54,703.97,652.46
732.01,703.97,655.89
736.19,703.97,653.05
731.69,698.86,648.05
720.03,697.61,643.42
712.05,696.47,638.87
707.7,695.04,635.1
703.97,691.05,631.11
709.45,679.99,627.73
716.93,663.86,623.7
716.73,656.35,620.16
712.01,654.66,616.52
710.5699999999999,651.6,613.46
710.0699999999999,649.23,610.59
707.04,646.97,608.33
704.13,642.1,606.37
705.14,633.93,604.72
708.13,625.85,603.03
711.48,618.15,602.06
711.11,613.2,601.45
708.73,609.24,601.07
705.83,609.24,601.05
707.34,608.37,601.59
710.44,605.5,601.82
711.13,605.5,602.98
711.09,605.12,602.98
704.0699999999999,605.12,602.98
698.86,605.12,602.98
697.61,605.12,602.98
696.47,605.12,602.98
695.04,605.12,602.98
691.05,605.12,602.98
679.99,605.12,602.98
663.86,605.12,602.98
656.35,605.12,602.98
654.66,605.12,602.98
651.6,605.12,602.98
649.23,605.12,602.98
646.97,605.12,602.98
642.1,605.12,602.98
633.93,605.12,602.98
625.85,605.12,602.98
618.15,605.12,602.98
613.2,605.12,602.98
609.24,605.12,602.98
609.34,605.12,603.46
608.37,605.12,603.46
605.5,605.12,603.46
606.79,605.12,604.31
605.12,605.12,604.31
608.7,608.7,606.02
613.1899999999999,613.19,607.68
618.13,618.13,609.21
624.58,624.58,610.79
629.29,629.29,612.47
632.97,632.97,614.67
636.6,636.6,616.83
641.62,641.62,619.83
645.74,645.74,622.86
649.47,649.47,626.15
652.91,652.91,630.0
655.96,655.96,631.79
659.17,659.17,634.1
661.99,661.99,636.56
665.54,665.54,639.32
667.48,667.48,639.83
668.38,668.38,642.41
668.9,668.9,643.85
669.4,669.4,646.22
670.04,670.04,648.19
671.48,671.48,651.0
676.24,676.24,653.65
699.08,699.08,655.43
722.1800000000001,722.18,657.72
744.04,744.04,658.38
772.13,772.13,658.38
811.55,811.55,658.38
853.55,853.55,658.38
899.28,899.28,658.38
945.66,945.66,659.54
994.27,994.27,661.17
1042.61,995.58,662.21
1064.07,995.58,664.0
1066.3799999999999,995.58,666.61
1066.79,995.58,670.28
1065.53,995.58,673.22
1064.63,995.58,680.11
1064.27,995.58,683.59
1063.48,995.58,686.11
1062.05,995.58,691.46
1063.73,995.58,692.12
1064.65,995.58,692.58
1069.25,995.58,692.99
1070.58,995.58,693.76
1074.27,995.58,693.29
1079.09,995.58,689.31
1072.84,995.58,680.83
1073.89,982.27,674.77
1077.4,955.86,670.5
1086.67,916.3,666.53
1079.85,880.95,662.82
1062.46,852.33,659.43
1041.68,823.71,654.88
1026.11,792.09,651.87
1009.63,759.05,649.49
995.58,724.83,649.49
1005.77,691.69,648.68
1013.92,680.95,648.68
1017.18,677.68,648.68
1021.38,674.27,649.47
1029.17,666.58,649.57
1033.01,662.58,649.41
1036.32,658.74,648.88
1043.1,653.86,650.78
1042.08,652.46,648.36
1041.62,652.07,647.51
1037.43,652.07,647.51
1036.87,652.07,647.77
1032.71,652.07,647.77
1023.91,652.07,647.77
1006.96,652.07,647.77
982.27,652.07,647.77
955.86,652.07,647.77
916.3,652.07,647.77
880.95,652.07,647.77
852.33,652.07,647.77
823.71,652.07,647.77
792.09,652.07,647.77
759.05,652.07,647.77
724.83,652.07,647.77
691.69,652.07,647.1
680.95,652.07,644.61
677.68,652.07,642.2
674.27,652.07,640.21
666.58,652.07,638.19
662.58,652.07,637.48
658.74,652.07,637.48
653.86,652.07,637.48
652.46,652.07,637.38
652.07,652.07,636.11
654.23,654.23,634.86
655.09,655.09,634.11
656.88,656.88,633.79
660.46,660.46,634.64
663.83,663.83,635.06
670.92,670.92,636.41
678.16,678.16,636.76
692.35,692.35,637.3
696.31,696.31,638.03
703.67,703.67,638.52
715.94,715.94,640.47
735.75,730.29,640.93
754.03,730.29,641.14
760.77,730.29,641.14
760.78,730.29,639.94
758.2,730.29,638.97
755.25,730.29,637.66
753.85,730.29,635.62
752.12,730.29,633.63
751.72,730.29,631.77
753.82,730.29,630.12
754.62,730.29,630.05
755.92,730.29,632.72
755.04,730.29,634.73
751.63,730.29,634.73
750.02,730.29,635.54
747.91,730.29,635.37
747.48,730.29,632.5
744.53,730.29,632.5
740.31,730.29,632.5
736.0,730.29,632.5
730.29,730.29,632.5
748.99,748.99,632.5
758.52,758.52,632.5
765.53,765.53,632.5
772.1,772.1,632.5
777.43,776.79,632.5
781.73,776.79,632.5
780.52,776.79,634.02
782.13,776.79,637.72
783.77,776.79,642.17
783.13,776.79,646.44
782.87,776.79,651.18
781.41,776.79,656.12
777.66,776.79,658.59
776.79,776.79,666.15
778.16,778.16,680.08
784.41,784.41,693.47
790.51,790.51,698.71
793.83,792.13,703.05
795.77,792.13,713.62
792.13,792.13,726.82
808.28,808.28,744.51
842.44,842.44,760.99
891.51,891.51,780.78
940.03,940.03,796.78
963.05,963.05,800.9
996.57,996.57,811.57
1031.78,1031.78,826.95
1062.92,1062.92,836.0
1097.11,1097.11,853.32
1143.11,1143.11,882.59
1211.01,1211.01,927.4
1287.46,1287.46,973.23
1363.51,1363.51,1021.02
1414.8,1414.8,1071.88
1459.68,1459.68,1110.71
1509.1299999999999,1509.13,1138.29
1554.69,1554.69,1161.92
1596.44,1596.44,1188.23
1623.37,1623.37,1211.25
1630.51,1629.65,1242.53
1629.65,1629.65,1280.27
1630.67,1630.67,1316.93
1639.3,1639.3,1349.33
1674.03,1674.03,1381.97
1712.55,1712.55,1399.42
1738.33,1738.33,1404.98
1752.69,1752.69,1404.98
1765.05,1755.04,1401.13
1791.95,1755.04,1403.72
1820.67,1746.93,1403.72
1845.01,1721.85,1403.72
1860.84,1708.32,1403.72
1869.68,1697.96,1403.72
1875.73,1686.53,1403.72
1866.1,1675.75,1401.88
1850.3,1657.93,1397.14
1824.67,1647.54,1390.37
1824.24,1635.03,1381.71
1818.19,1631.98,1372.61
1796.32,1631.98,1360.17
1774.3899999999999,1631.98,1346.99
1758.95,1631.98,1329.26
1755.04,1631.98,1325.34
1779.18,1627.81,1334.17
1817.78,1603.31,1348.27
1853.42,1583.14,1363.74
1877.19,1562.2,1366.57
1875.1,1543.73,1346.01
1854.03,1527.74,1321.0
1833.81,1510.08,1303.34
1819.77,1481.65,1287.51
1795.22,1460.67,1271.97
1770.91,1441.31,1264.18
1746.93,1413.54,1255.84
1721.85,1387.26,1246.49
1708.32,1360.08,1245.88
1697.96,1337.34,1245.88
1686.53,1310.25,1239.61
1675.75,1282.46,1225.16
1657.93,1255.03,1207.37
1647.54,1231.35,1191.91
1635.03,1212.74,1178.0
1631.98,1195.9,1165.31
1637.74,1179.98,1155.15
1645.42,1164.28,1147.13
1643.1299999999999,1153.59,1134.15
1643.12,1147.63,1128.18
1627.81,1147.63,1122.92
1603.31,1147.63,1119.33
1583.14,1147.63,1109.59
1562.2,1147.63,1096.04
1543.73,1147.63,1086.21
1527.74,1147.63,1084.01
1510.08,1147.63,1084.01
1481.65,1147.63,1084.01
1460.67,1147.63,1084.01
1441.31,1147.63,1084.01
1413.54,1147.63,1084.01
1387.26,1147.63,1084.01
1360.08,1147.63,1084.01
1337.34,1147.63,1084.01
1310.25,1147.63,1084.01
1282.46,1147.63,1084.01
1255.03,1147.63,1084.01
1231.35,1147.63,1082.0
1212.74,1147.63,1079.24
1195.9,1147.63,1073.88
1179.98,1147.63,1066.37
1164.28,1147.63,1060.04
1153.59,1147.63,1055.57
1147.63,1147.63,1054.26
1150.9,1150.9,1055.61
1157.3700000000001,1155.58,1059.92
1155.58,1155.58,1063.57
1156.03,1156.03,1073.73
1157.31,1157.31,1083.03
1161.94,1161.94,1086.43
1165.54,1165.54,1085.76
1170.65,1170.65,1085.65
1172.09,1172.09,1085.65
1174.6200000000001,1174.62,1085.65
1179.69,1179.69,1085.65
1183.88,1181.36,1085.65
1184.16,1181.36,1085.65
1181.3600000000001,1181.36,1085.65
1184.54,1184.54,1085.65
1194.46,1193.9,1088.95
1203.14,1188.72,1092.45
1209.08,1185.76,1095.43
1212.75,1182.06,1095.4
1214.31,1182.06,1096.96
1215.1,1181.37,1097.06
1218.62,1177.6,1096.81
1222.83,1172.97,1096.39
1225.28,1166.21,1092.08
1225.36,1154.41,1081.62
1223.99,1143.55,1071.2
1232.26,1126.51,1062.43
1241.97,1112.97,1058.6
1249.99,1100.46,1054.11
1248.76,1087.16,1039.58
1243.47,1073.42,1025.84
1236.92,1059.31,1012.18
1238.25,1045.34,1002.75
1233.87,1034.72,998.12
1226.96,1025.22,993.95
1220.3799999999999,1016.98,989.24
1213.33,1009.37,988.94
1207.43,1003.34,988.94
1200.52,999.11,988.94
1193.9,998.0,988.94
1188.72,998.0,988.94
1185.76,998.0,988.94
1182.06,998.0,988.94
1182.06,998.0,989.53
1181.37,998.0,990.75
1177.6,998.0,989.32
1172.97,998.0,986.69
1166.21,998.0,982.32
1154.41,998.0,978.22
1143.55,998.0,972.47
1126.51,998.0,967.16
1112.97,998.0,960.93
1100.46,998.0,955.49
1087.16,998.0,951.03
1073.42,998.0,948.89
1059.31,998.0,948.89
1045.34,998.0,948.89
1034.72,998.0,948.89
1025.22,998.0,945.74
1016.98,998.0,938.63
1009.37,998.0,931.13
1003.34,998.0,924.0
999.11,998.0,915.95
998.0,998.0,905.27
1002.92,980.92,897.23
1005.76,968.47,892.92
1009.47,954.46,886.44
1010.86,941.44,880.12
1012.77,927.0,870.17
1015.11,915.66,861.9
1017.11,907.04,855.36
1018.04,897.72,848.14
1020.76,892.46,845.6
1021.82,888.84,843.04
1026.38,880.79,839.55
1028.59,877.28,838.25
1030.76,870.89,834.03
1035.54,863.72,831.64
1041.43,855.44,829.25
1049.43,844.58,826.39
1058.73,827.24,818.86
1061.03,824.62,818.86
1057.44,824.62,818.86
1050.33,824.62,818.86
1039.66,824.62,818.86
1027.81,824.62,818.86
1015.36,824.62,818.86
998.44,824.62,818.86
980.92,824.62,818.86
968.47,824.62,818.86
954.46,824.62,818.86
941.44,824.62,818.86
927.0,824.62,818.86
915.66,824.62,818.86
907.04,824.62,818.86
897.72,824.62,818.86
892.46,824.62,818.86
888.84,824.62,818.86
880.79,824.62,818.86
877.28,824.62,819.67
870.89,824.62,820.48
863.72,824.62,822.69
855.44,824.62,824.62
844.58,824.62,824.62
827.24,824.62,824.62
