0,20,40,60,80,100
67219.35,51935.65,36651.92,21368.15,7071.59,2069.04
67201.93,51918.22,36634.5,21350.72,7057.29,2069.42
67190.09,51906.39,36622.66,21338.89,7049.43,2069.88
67173.07,51889.37,36605.64,21321.86,7035.34,2070.3
67137.4,51853.7,36569.97,21286.19,7010.55,2071.27
67087.32,51964.85,36842.34,21719.78,7592.8099999999995,2697.11
67041.56,51919.08,36796.58,21674.01,7556.96,2698.33
67050.33,51927.85,36805.34,21682.78,7565.36,2698.51
67080.41,51957.92,36835.41,21712.85,7590.5,2698.41
67126.03,52003.54,36881.03,21758.47,7628.84,2698.5
67160.87,52038.39,36915.87,21793.31,7658.7,2698.51
67194.4,52071.91,36949.4,21826.83,7687.66,2698.8
67218.38,52095.89,36973.38,21850.81,7708.83,2699.31
67236.41,52275.14,37313.86,22352.510000000002,8365.34,3418.3500000000004
67226.32,52426.27,37626.22,22826.09,8991.92,4100.79
67203.62,52403.57,37603.53,22803.39,8977.02,4101.7300000000005
67210.0,52409.95,37609.91,22809.77,8985.41,4102.41
67220.22,52423.58,37626.94,22830.2,9009.39,4118.01
67233.52,52440.28,37647.04,22853.7,9034.63,4133.97
67274.91,52485.08,37695.23,22905.3,9082.5,4150.96
67320.92,52534.48,37748.04,22961.51,9133.91,4168.08
67367.09,52580.64,37794.21,23007.670000000002,9172.46,4169.21
67417.53,52631.09,37844.65,23058.11,9214.35,4170.38
67464.69,52681.65,37898.61,23115.47,9267.96,4187.24
67502.06,52719.01,37935.98,23152.83,9299.6,4188.36
67516.92,52733.87,37950.83,23167.69,9312.32,4189.11
67511.58,52889.76,38267.94,23646.02,9930.23,4815.9
67521.28,53060.68,38600.09,24139.39,10552.14,5437.81
67518.05,53218.68,38919.31,24619.84,11165.31,6050.9800000000005
67507.52,53369.37,39231.23,25092.98,11779.960000000001,6681.62
67476.81,53338.66,39200.52,25062.27,11755.61,6682.2300000000005
67486.53,53348.37,39210.24,25071.98,11763.4,6682.3
67494.22,53517.29,39540.38,25563.35,12411.78,7412.66
67513.97,53698.26,39882.57,26066.77,13069.23,8139.46
67542.68,53726.96,39911.27,26095.47,13092.300000000001,8139.16
67601.71,53786.0,39970.31,26154.510000000002,13143.41,8138.400000000001
67662.65,53846.94,40031.25,26215.45,13195.73,8137.63
67723.57,53907.87,40092.17,26276.38,13246.380000000001,8136.9800000000005
67748.28,53932.59,40116.88,26301.1,13267.24,8136.820000000001
67723.15,53910.87,40098.55,26286.18,13262.42,8151.16
67699.23,53886.95,40074.63,26262.26,13244.81,8151.280000000001
67691.31,53879.02,40066.71,26254.34,13238.64,8151.4400000000005
67691.58,53879.29,40066.97,26254.61,13238.14,8151.71
67699.13,53886.83,40074.52,26262.15,13244.39,8152.08
67698.1,53885.8,40073.49,26261.12,13243.960000000001,8152.34
67690.31,53878.01,40065.71,26253.33,13238.53,8152.360000000001
67693.12,53880.82,40068.52,26256.14,13241.66,8152.6
67694.09,53881.79,40069.49,26257.11,13244.65,8152.85
67671.08,53858.79,40046.48,26234.11,13227.78,8152.900000000001
67694.96,53886.06,40077.16,26268.19,13261.97,8168.030000000001
67698.64,54050.97,40403.29,26755.55,13887.89,8794.64
67721.39,54234.94,40748.48,27261.97,14516.51,9423.26
67724.81,54399.58,41074.35,27749.06,15142.99,10053.710000000001
67714.05,54550.05,41386.04,28221.98,15760.31,10693.92
67698.5,54695.73,41692.94,28690.1,16379.57,11362.01
67716.43,54874.88,42033.32,29191.7,17035.4,12079.4
67742.55,54900.99,42059.44,29217.81,17057.59,12079.03
67763.48,54918.53,42073.58,29228.54,17062.14,12063.11
67773.38,54925.03,42076.68,29228.24,17057.91,12047.33
67792.9,54941.15,42089.4,29237.56,17063.44,12031.300000000001
67815.99,54964.25,42112.49,29260.65,17084.94,12031.16
67830.05,54978.31,42126.55,29274.71,17094.65,12030.93
67823.16,54971.42,42119.65,29267.82,17079.65,12030.880000000001
67801.54,54949.81,42098.04,29246.21,17067.47,12030.25
67758.53,54906.8,42055.03,29203.2,17026.08,12029.29
67719.83,54868.11,42016.33,29164.5,16981.82,12028.25
67674.13,54822.41,41970.63,29118.8,16931.63,12026.83
67609.58,54757.86,41906.07,29054.25,16865.47,12025.720000000001
67539.89,54688.17,41836.39,28984.56,16795.79,12024.52
67472.01,54616.9,41761.71,28906.49,16714.32,12007.29
67411.81,54553.31,41694.71,28836.1,16640.43,11990.02
67339.64,54477.73,41615.74,28753.73,16554.66,11972.630000000001
67288.63,54423.31,41557.92,28692.510000000002,16486.14,11956.06
67243.47,54374.76,41505.96,28637.16,16441.94,11940.34
67173.65,54304.94,41436.14,28567.34,16421.65,11940.89
67108.72,54240.02,41371.21,28502.420000000002,16396.34,11941.390000000001
67059.6,54190.9,41322.09,28453.3,16379.31,11941.57
66985.06,54116.36,41247.55,28378.760000000002,16338.31,11942.18
66927.15,54058.44,41189.63,28320.85,16289.16,11942.41
66896.58,54027.87,41159.06,28290.28,16252.85,11942.390000000001
66864.09,53995.37,41126.57,28257.78,16214.41,11942.37
66827.2,53958.48,41089.69,28220.89,16172.01,11942.28
66815.7,53946.98,41078.2,28209.39,16154.99,11941.710000000001
66799.61,53930.89,41062.11,28193.31,16134.83,11941.27
66781.73,53913.01,41044.23,28175.43,16112.54,11940.92
66779.35,53910.63,41041.85,28173.05,16104.43,11940.79
66803.87,53935.16,41066.38,28197.58,16116.41,11940.32
66851.47,53982.76,41113.98,28245.18,16141.11,11939.75
66874.45,54002.33,41130.16,28257.95,16135.2,11925.09
66887.8,54012.27,41136.7,28261.1,16122.54,11910.31
66907.22,54031.69,41156.13,28280.52,16135.14,11910.6
66915.31,54036.38,41157.41,28278.41,16128.03,11895.12
66921.45,54039.12,41156.74,28274.35,16118.82,11879.53
66923.83,54038.11,41152.32,28266.54,16105.28,11863.83
66912.4,54023.27,41134.09,28244.91,16078.83,11848.01
66895.17,54002.63,41110.06,28217.47,16045.710000000001,11832.14
66894.87,54002.33,41109.76,28217.18,16039.47,11831.93
66914.98,54022.44,41129.87,28237.29,16044.62,11831.720000000001
66912.74,54020.19,41127.63,28235.05,16044.75,11831.85
66909.49,54016.94,41124.38,28231.8,16042.47,11832.08
66919.87,54027.32,41134.76,28242.18,16042.43,11832.04
66920.87,53867.1,40813.31,27759.510000000002,15417.98,11207.59
66931.42,53877.65,40823.86,27770.06,15413.77,11207.37
66931.63,53877.86,40824.07,27770.27,15405.65,11207.380000000001
66928.37,53874.61,40820.81,27767.02,15396.210000000001,11207.220000000001
66906.82,53853.05,40799.26,27745.46,15370.380000000001,11207.29
66877.86,53824.09,40770.31,27716.5,15338.81,11207.28
66843.45,53789.69,40735.91,27682.1,15302.59,11207.32
66828.4,53774.64,40720.86,27667.05,15283.12,11207.15
66805.76,53590.78,40375.77,27160.74,14615.59,10488.58
66789.35,53413.14,40036.91,26660.65,13957.0,9806.69
66799.42,53423.21,40046.97,26670.72,13951.06,9806.210000000001
66791.04,53414.84,40038.590000000004,26662.35,13929.61,9805.57
66776.68,53397.08,40017.43,26637.79,13889.91,9789.86
66767.16,53384.159999999996,40001.11,26618.07,13856.93,9774.09
66728.27,53341.86,39955.42,26568.97,13801.25,9757.27
66686.24,53296.43,39906.590000000004,26516.73,13744.31,9740.32
66643.17,53253.37,39863.53,26473.670000000002,13699.91,9739.36
66607.42,53217.62,39827.78,26437.920000000002,13662.85,9738.48
66578.93,53185.72,39792.48,26399.22,13617.78,9721.97
66550.91,53157.71,39764.46,26371.21,13585.7,9721.0
66524.65,53131.45,39738.2,26344.95,13555.53,9720.23
66502.4,52947.98,39393.5,25839.03,12929.42,9094.12
66488.32,52772.67,39056.97,25341.27,12307.7,8472.4
66471.49,52594.62,38717.7,24840.77,11694.83,7859.53
66452.75,52414.65,38376.51,24338.36,11064.69,7229.39
66436.92,52398.82,38360.68,24322.53,11039.460000000001,7229.5
66404.15,52366.05,38327.91,24289.76,11000.79,7230.02
66373.53,52174.21,37974.84,23775.47,10325.27,6500.09
66353.7,51993.159999999996,37632.56,23271.97,9660.54,5773.29
66343.37,51982.83,37622.23,23261.64,9648.68,5773.25
66319.6,51959.05,37598.45,23237.86,9624.9,5773.46
66295.6,51935.06,37574.45,23213.87,9600.9,5773.62
66252.86,51892.32,37531.72,23171.13,9558.16,5774.08
66226.92,51866.38,37505.78,23145.19,9523.960000000001,5774.34
66214.43,51853.89,37493.29,23132.7,9518.48,5773.75
66215.29,51854.75,37494.15,23133.56,9507.92,5773.19
66185.76,51825.22,37464.62,23104.03,9472.77,5772.49
66165.21,51804.67,37444.07,23083.48,9447.46,5771.74
66159.38,51798.84,37438.24,23077.65,9437.53,5770.89
66155.54,51794.99,37434.4,23073.81,9429.37,5770.16
66147.95,51787.39,37426.8,23066.21,9417.64,5769.47
66140.17,51779.61,37419.02,23058.43,9406.25,5768.8
66120.4,51759.84,37399.25,23038.65,9383.3,5767.9400000000005
66129.87,51769.31,37408.73,23048.12,9384.68,5767.49
66097.98,51734.02,37370.04,23006.03,9333.94,5752.34
66086.31,51564.53,37042.72,22520.89,8720.74,5139.14
66065.46,51382.46,36699.42,22016.37,8092.11,4510.51
66056.36,51212.13,36367.87,21523.59,7461.82,3880.22
66056.05,51050.59,36045.11,21039.6,6824.9,3240.27
66040.11,50873.43,35706.72,20539.99,6169.94,2572.79
66038.49,50710.58,35382.65,20054.7,5523.42,1855.31
66031.63,50703.73,35375.8,20047.85,5514.93,1855.51
66025.34,50697.44,35369.5,20041.56,5508.63,1855.58
66022.8,50694.9,35366.96,20039.02,5506.09,1855.36
66009.41,50681.51,35353.57,20025.63,5492.71,1855.44
66002.48,50674.58,35346.64,20018.7,5485.78,1855.55
66010.38,50682.48,35354.54,20026.6,5493.69,1855.58
66012.93,50685.02,35357.090000000004,20029.14,5496.15,1855.46
66027.95,50700.04,35372.1,20044.16,5496.21,1855.52
66061.57,50733.65,35405.72,20077.77,5518.34,1855.96
66099.94,50772.01,35444.090000000004,20116.13,5551.76,1856.24
66134.71,50806.78,35478.86,20150.9,5586.53,1856.75
66171.66,50843.73,35515.82,20187.85,5623.49,1857.31
66216.84,50888.9,35560.99,20233.02,5668.66,1858.1
66273.42,50945.48,35617.57,20289.6,5725.23,1858.95
66325.63,50997.69,35669.79,20341.81,5777.45,1860.01
66375.6,51047.66,35719.76,20391.77,5827.42,1860.84
66419.12,51091.18,35763.28,20435.29,5868.29,1861.56
66454.92,51126.97,35799.08,20471.08,5878.87,1862.38
66493.02,51165.07,35837.18,20509.18,5878.94,1862.45
66517.69,51189.74,35861.85,20533.85,5879.27,1862.78
66544.93,51216.98,35889.1,20561.09,5879.6,1863.11
66567.23,51239.28,35911.4,20583.39,5879.97,1863.48
66618.37,51290.42,35962.54,20634.53,5911.15,1863.47
66666.74,51338.8,36010.91,20682.91,5956.7,1863.59
66724.86,51396.92,36069.03,20741.04,6014.21,1863.51
66774.68,51446.73,36118.840000000004,20790.85,6064.01,1863.39
66808.82,51480.87,36152.97,20824.99,6098.14,1863.66
66833.26,51505.31,36177.41,20849.43,6122.58,1863.97
66854.73,51526.77,36198.88,20870.89,6144.04,1864.14
66853.22,51525.27,36197.37,20869.39,6142.53,1864.3
66826.65,51498.69,36170.79,20842.81,6115.95,1864.81
66779.97,51452.0,36124.11,20796.13,6078.29,1865.17
66746.14,51418.17,36090.28,20762.3,6048.95,1864.64
66742.96,51415.0,36087.1,20759.12,6045.77,1864.18
66747.84,51416.47,36085.17,20753.8,6037.04,1848.19
66739.4,51408.03,36076.73,20745.36,6028.59,1847.69
66733.5,51402.12,36070.83,20739.45,6022.69,1847.26
66730.63,51399.25,36067.96,20736.58,6019.82,1847.19
66737.35,51405.97,36074.68,20743.29,6026.54,1847.03
66737.71,51406.34,36075.04,20743.66,6026.9,1846.7
66741.81,51410.45,36079.14,20747.76,6031.0,1846.59
66705.59,51374.24,36042.92,20711.55,6001.23,1846.75
66720.83,51392.89,36064.97,20736.99,6014.65,1860.17
66729.57,51401.63,36073.71,20745.74,6014.5,1860.02
66744.73,51416.79,36088.87,20760.9,6020.6,1859.76
66773.95,51446.01,36118.09,20790.12,6035.59,1859.33
66780.87,51452.94,36125.01,20797.05,6041.5,1859.22
66798.74,51470.81,36142.88,20814.92,6059.37,1858.9
66823.31,51495.37,36167.45,20839.48,6083.94,1858.75
66859.12,51531.19,36203.26,20875.3,6119.76,1858.46
66888.47,51560.53,36232.6,20904.64,6149.1,1858.52
66924.36,51596.42,36268.49,20940.53,6184.99,1858.61
66983.66,51655.71,36327.78,20999.82,6244.28,1858.17
67011.3,51683.35,36355.43,21027.46,6271.92,1858.31
67041.74,51713.79,36385.87,21057.9,6299.64,1858.59
67061.63,51737.07,36412.56,21087.99,6330.76,1872.95
67067.2,51742.64,36418.13,21093.56,6337.61,1873.51
67083.81,51759.25,36434.73,21110.17,6354.22,1874.04
67133.38,51808.82,36484.3,21159.74,6403.79,1875.04
67175.78,51851.23,36526.71,21202.15,6446.2,1876.11
67216.15,51895.01,36573.89,21252.73,6500.18,1892.63
67261.77,51944.02,36626.3,21308.54,6559.39,1909.1
67312.61,51998.26,36683.94,21369.58,6623.83,1925.45
67357.28,52046.34,36735.42,21424.46,6682.11,1941.52
67386.59,52075.64,36764.73,21453.77,6711.41,1942.09
67432.15,52121.2,36810.3,21499.33,6743.84,1942.88
67480.44,52330.71,37181.04,22031.29,7395.99,2595.0299999999997
67512.5,52524.0,37535.55,22547.03,8035.6900000000005,3234.73
67553.79,52565.28,37576.83,22588.31,8036.55,3234.57
67615.85,52788.57,37961.34,23134.04,8710.01,3908.0299999999997
67653.53,52826.24,37999.02,23171.71,8740.76,3907.77
67694.8,52867.52,38040.29,23212.99,8782.03,3907.19
67731.27,52903.99,38076.76,23249.46,8818.51,3906.71
67770.32,52943.03,38115.81,23288.51,8857.56,3906.44
67791.58,52964.29,38137.07,23309.78,8878.82,3906.57
67808.8,52981.52,38154.29,23327.01,8896.05,3906.7799999999997
67840.07,53174.01,38508.01,23841.95,9572.22,4675.26
67889.62,53223.55,38557.55,23891.49,9621.76,4674.9
67918.98,53252.91,38586.909999999996,23920.85,9649.26,4674.71
67960.81,53294.73,38628.74,23962.68,9664.539999999999,4675.2699999999995
67970.97,53304.9,38638.9,23972.85,9670.61,4675.52
67967.99,53301.92,38635.92,23969.87,9668.01,4675.47
67969.08,53303.0,38637.01,23970.96,9669.09,4675.31
67944.18000000001,53278.11,38612.12,23946.07,9644.2,4674.9
67917.76,53251.7,38585.71,23919.65,9617.789999999999,4674.38
67884.09,53218.03,38552.04,23885.99,9584.99,4673.7
67853.31,53187.24,38521.26,23855.2,9554.21,4672.87
67814.21,53148.15,38482.16,23816.11,9518.19,4672.06
67771.33,53105.26,38439.27,23773.22,9478.59,4671.28
67750.79,53084.73,38418.73,23752.68,9469.44,4670.21
67750.52,53081.06,38411.659999999996,23742.21,9455.56,4656.33
67767.47,53098.0,38428.61,23759.15,9454.84,4655.61
67762.19,53092.72,38423.33,23753.87,9454.61,4655.38
67768.95,53099.48,38430.09,23760.63,9459.77,4655.0199999999995
67782.74,53113.27,38443.88,23774.420000000002,9470.26,4654.36
67747.62,53078.15,38408.76,23739.3,9435.14,4654.32
67707.96,53038.48,38369.09,23699.64,9395.47,4654.31
67672.52,53003.04,38333.65,23664.2,9360.03,4654.31
67636.75,52967.27,38297.87,23628.43,9324.25,4654.4
67600.63,52931.14,38261.75,23592.31,9288.119999999999,4654.33
67561.52,52892.03,38222.64,23553.2,9249.01,4654.28
67526.92,52857.42,38188.04,23518.59,9214.4,4654.22
67506.44,52836.95,38167.56,23498.12,9195.59,4654.38
67522.06,52852.56,38183.18,23513.73,9202.73,4654.57
67510.97,52841.48,38172.09,23502.65,9192.58,4654.2300000000005
67494.05,52824.56,38155.17,23485.73,9175.66,4653.8
67471.98,52802.5,38133.1,23463.670000000002,9153.59,4653.35
67464.26,52794.78,38125.37,23455.95,9145.869999999999,4653.23
67452.81,52783.34,38113.92,23444.51,9134.42,4652.96
67440.25,52770.78,38101.36,23431.95,9121.869999999999,4652.5
67426.9,52757.43,38088.0,23418.6,9108.51,4651.88
67418.26,52748.8,38079.36,23409.97,9099.88,4651.43
67414.96,52745.51,38076.06,23406.68,9096.59,4651.41
67425.77,52756.32,38086.87,23417.5,9104.92,4651.5
67414.2,52744.74,38075.3,23405.920000000002,9104.95,4651.53
67408.59,52739.12,38069.69,23400.3,9104.97,4651.55
67421.96,52752.49,38083.05,23413.670000000002,9104.7,4651.28
67464.78,52795.3,38125.87,23456.49,9124.05,4650.5
67477.44,52807.96,38138.53,23469.15,9135.289999999999,4650.27
67472.87,52806.79,38140.76,23474.78,9144.32,4665.51
67457.24,52791.16,38125.13,23459.14,9128.69,4665.82
67449.28,52783.21,38117.18,23451.19,9120.74,4666.24
67429.91,52763.84,38097.81,23431.82,9101.37,4666.73
67425.55,52759.49,38093.46,23427.46,9097.02,4667.1
67429.79000000001,52763.73,38097.7,23431.71,9101.26,4667.39
67427.47,52761.41,38095.38,23429.39,9098.94,4667.71
67436.08,52770.03,38104.0,23438.01,9107.56,4667.72
67442.41,52776.37,38110.33,23444.34,9112.539999999999,4667.96
67435.96,52769.92,38103.88,23437.89,9107.78,4668.25
67434.92,52768.88,38102.84,23436.85,9106.75,4668.4800000000005
67422.16,52756.13,38090.08,23424.09,9093.99,4668.9
67430.65,52764.62,38098.58,23432.58,9102.49,4669.25
67433.3,52767.28,38101.24,23435.24,9105.15,4669.48
67432.14,52766.12,38100.08,23434.08,9104.0,4669.5
67427.54000000001,52761.53,38095.48,23429.49,9099.4,4669.65
67437.75,52771.74,38105.7,23439.7,9109.619999999999,4670.11
67441.93000000001,52775.92,38109.88,23443.88,9113.8,4670.42
67467.34,52801.33,38135.29,23469.29,9133.3,4670.35
67449.25,52779.83,38110.39,23440.99,9120.039999999999,4657.09
67436.01,52766.59,38097.15,23427.74,9120.369999999999,4657.42
67420.53,52912.33,38404.12,23895.93,9741.19,5284.6
67405.57,53058.59,38711.61,24364.64,10365.91,5924.74
67407.07,53221.31,39035.56,24849.81,11011.0,6599.82
67388.88,53203.12,39017.37,24831.62,10992.81,6600.42
67380.2,53194.44,39008.69,24822.94,10984.13,6600.8
67381.16,53195.39,39009.65,24823.89,10985.08,6601.06
67394.39,53208.63,39022.88,24837.13,10998.32,6601.1
67425.69,53239.93,39054.18,24868.43,11029.62,6600.74
67408.14,53222.39,39036.64,24850.89,11012.08,6601.18
67403.94,53218.19,39032.43,24846.69,11007.869999999999,6601.39
67405.77,53220.02,39034.26,24848.52,11009.7,6601.43
67404.54000000001,53215.4,39026.23,24837.09,10992.01,6587.4
67413.43000000001,53224.28,39035.12,24845.97,10995.86,6587.3
67427.33,53241.58,39055.83,24870.07,11023.36,6602.33
67424.47,53242.13,39059.77,24877.420000000002,11034.1,6617.5
67421.97,53243.02,39064.06,24885.12,11045.19,6632.67
67426.45,53247.49,39068.53,24889.6,11049.66,6632.73
67428.95,53250.0,39071.03,24892.11,11052.17,6632.94
67417.45,53238.5,39059.53,24880.61,11040.68,6633.02
67409.08,53230.13,39051.15,24872.24,11032.31,6633.21
67407.67,53232.13,39056.55,24881.03,11044.51,6648.62
67386.51,53214.37,39042.18,24870.07,11041.57,6662.59
67342.18000000001,53170.04,38997.85,24825.74,10997.24,6618.26
67311.09,53138.95,38966.76,24794.65,10966.15,6587.17
67277.35,53105.21,38933.02,24760.91,10965.71,6587.75
67248.46,52915.1,38581.68,24248.35,10298.27,5914.07
67228.05,52894.69,38561.27,24227.94,10280.33,5914.41
67214.74,52881.37,38547.96,24214.62,10267.02,5914.71
67195.06,52861.69,38528.28,24194.94,10247.34,5915.04
67180.22,52846.86,38513.44,24180.1,10232.5,5915.27
67178.81,52845.45,38512.03,24178.68,10231.09,5915.27
67165.23,52831.86,38498.45,24165.09,10217.5,5915.53
67136.98,52642.39,38147.75,23653.17,9544.36,5147.59
67110.92,52616.33,38121.69,23627.12,9518.3,5148.17
67098.2,52764.83,38431.42,24098.07,10150.48,5835.84
67092.53,52762.57,38432.56,24102.6,10158.32,5849.78
67117.07,52790.51,38463.91,24137.34,10190.01,5864.29
67182.36,52859.21,38536.0,24212.83,10262.65,5879.7699999999995
67235.32,52915.58,38595.76,24275.99,10329.21,5896.02
67307.02,52987.27,38667.45,24347.68,10400.9,5897.08
67365.29,53045.54,38725.71,24405.95,10459.16,5898.13
67444.75,53128.41,38811.97,24495.61,10551.35,5915.45
67523.35,53210.42,38897.37,24584.42,10643.56,5932.83
67615.84,53306.3,38996.66,24687.1,10746.57,5950.17
67680.83,53374.7,39068.45,24762.3,10821.87,5966.76
67705.43000000001,53402.69,39099.85,24797.1,10847.56,5981.97
67695.38,53399.43,39103.4,24807.44,10874.5,6008.91
67684.63,53549.91,39415.1,25280.37,11489.2,6623.61
67668.88,53695.39,39721.8,25748.3,12089.59,7224.0
67638.97,53826.71,40014.34,26202.07,12697.89,7840.85
67646.91,53995.87,40344.73,26693.68,13348.15,8514.78
67688.58,54198.77,40708.85,27219.02,14034.72,9237.23
67735.33,54406.75,41078.05,27749.44,14726.37,9970.69
67767.72,54600.36,41432.89,28265.5,15403.66,10703.34
67799.53,54793.39,41787.15,28780.98,16080.37,11439.13
67832.56,54826.43,41820.18,28814.01,16113.41,11439.43
67863.35,54857.21,41850.97,28844.79,16144.19,11439.7
67890.8,54884.66,41878.42,28872.24,16171.64,11440.01
67910.4,54904.25,41898.02,28891.83,16189.57,11440.35
67882.1,54872.55,41862.92,28853.33,16169.69,11427.42
67873.44,54863.89,41854.27,28844.67,16162.51,11427.93
67881.75,54872.2,41862.58,28852.98,16170.82,11429.05
67891.07,54881.52,41871.9,28862.3,16180.15,11430.23
67919.14,54909.59,41899.97,28890.37,16208.210000000001,11431.22
67924.71,54915.15,41905.54,28895.93,16213.78,11432.23
67931.79,54922.22,41912.62,28903.01,16220.85,11433.12
67926.51,54916.94,41907.34,28897.73,16215.57,11433.93
67932.44,54922.87,41913.28,28903.66,16221.5,11434.99
67930.48,54920.91,41911.32,28901.7,16219.53,11435.74
67892.67,54883.1,41873.51,28863.88,16202.03,11436.24
67880.71,54874.55,41868.35,28862.13,16215.57,11449.78
67897.62,54894.87,41892.06,28889.25,16228.87,11463.08
67875.37,54872.62,41869.81,28867.0,16229.48,11463.69
67841.54,54838.8,41835.98,28833.17,16210.17,11464.51
67812.2,54809.47,41806.64,28803.83,16185.32,11465.13
67807.95,54801.82,41795.59,28789.38,16167.47,11450.1
67798.17,54792.05,41785.82,28779.61,16157.7,11450.06
67779.79,54773.66,41767.43,28761.22,16139.31,11449.98
67772.46,54766.32,41760.1,28753.88,16131.98,11449.81
67748.2,54742.05,41735.83,28729.61,16107.71,11449.72
67716.18,54710.03,41703.81,28697.579999999998,16075.69,11449.63
67674.74,54668.59,41662.37,28656.14,16035.38,11449.61
67615.5,54609.35,41603.13,28596.9,15987.73,11449.86
67559.6,54556.85,41554.03,28551.2,15994.63,11462.91
67522.64,54519.9,41517.07,28514.25,15984.08,11462.67
67491.37,54488.63,41485.8,28482.98,15954.26,11462.3
67427.77,54425.03,41422.2,28419.38,15892.7,11461.38
67372.34,54369.6,41366.77,28363.95,15837.27,11460.38
67345.55,54342.81,41339.97,28337.16,15810.47,11459.89
67343.58,54340.84,41338.0,28335.19,15808.49,11459.82
67344.19,54341.44,41338.61,28335.8,15809.1,11459.85
67346.73,54343.98,41341.15,28338.34,15811.64,11459.84
67326.93,54324.18,41321.35,28318.54,15791.84,11459.55
67276.81999999999,54274.06,41271.24,28268.43,15761.43,11459.23
67266.71,54263.95,41261.13,28258.33,15761.61,11459.41
67247.56999999999,54244.81,41241.99,28239.2,15761.88,11459.68
67230.53,54066.54,40902.5,27738.49,15135.35,10833.15
67211.98,53886.76,40561.5,27236.26,14495.94,10193.74
67198.82,53873.6,40548.34,27223.1,14482.78,10180.58
67199.51,54035.51,40871.48,27707.46,15128.37,10884.2
67184.98,54020.99,40856.95,27692.94,15113.85,10884.44
67166.8,54002.82,40838.77,27674.77,15095.67,10884.76
67151.65,54148.89,41146.07,28143.29,15725.41,11613.119999999999
67113.2,54271.66,41430.06,28588.51,16331.85,12342.25
67088.47,54408.15,41727.77,29047.45,16952.01,13065.65
67084.31,54565.21,42046.06,29526.96,17592.75,13780.51
67053.71,54695.84,42337.91,29980.04,18207.05,14447.34
67006.35,54655.27,42304.15,29953.07,18217.31,14474.23
66978.71,54627.64,42276.51,29925.44,18196.23,14474.07
66976.12,54621.65,42267.11,29912.65,18180.03,14459.15
66944.94,54587.06,42229.13,29871.26,18135.25,14443.63
66946.58,54585.31,42223.97,29862.7,18123.29,14428.3
66947.67,54583.01,42218.26,29853.59,18110.79,14412.46
66955.13,54587.07,42218.92,29850.85,18104.64,14396.44
66969.03,54597.56,42226.02,29854.55,18104.93,14380.78
66957.81,54582.94,42208.0,29833.13,18080.1,14364.81
66940.81,54562.53,42184.19,29805.920000000002,18049.49,14349.33
66928.33,54546.64,42164.91,29783.24,18024.89,14334.8
66902.65,54359.73,41816.78,29273.88,17417.18,13727.09
66888.68,54184.54,41480.36,28776.24,16808.44,13118.35
66871.41,54167.27,41463.09,28758.97,16807.81,13117.72
66815.27,54111.13,41406.95,28702.83,16801.63,13117.78
66776.38,54072.25,41368.06,28663.95,16781.24,13117.48
66707.68,54003.55,41299.36,28595.25,16719.53,13117.69
66642.64,53938.5,41234.32,28530.2,16659.11,13117.91
66573.23,53869.09,41164.91,28460.79,16591.92,13118.1
66496.92,53792.78,41088.6,28384.48,16516.18,13118.31
66425.14,53721.0,41016.82,28312.7,16444.4,13118.38
66353.32,53649.18,40945.0,28240.88,16372.81,13118.47
66280.27,53576.13,40871.95,28167.82,16301.36,13118.6
66228.21,53362.85,40497.45,27632.09,15613.98,12431.22
66175.07,53302.91,40430.71,27558.55,15577.56,12403.42
66124.67,53249.11,40373.5,27497.95,15539.03,12387.89
66040.37,53161.4,40282.4,27403.45,15457.95,12371.62
65963.72,53081.35,40198.95,27316.6,15369.3,12354.78
65877.98,52995.61,40113.21,27230.86,15283.8,12353.5
65810.58,52928.21,40045.81,27163.46,15216.41,12352.35
65735.58,52849.81,39964.01,27078.26,15127.81,12335.11
65654.49,52765.32,39876.13,26986.97,15033.12,12317.77
65572.86,52680.29,39787.7,26895.15,14937.89,12300.52
65522.61,52626.63,39730.65,26834.7,14874.04,12283.73
65493.39,52594.02,39694.63,26795.28,14848.39,12268.56
65475.84,52569.68,39663.49,26757.34,14821.95,12242.12
65453.08,52385.69,39318.28,26250.9,14207.87,11628.039999999999
65441.56,52212.94,38984.31,25755.7,13607.84,11028.01
65417.32,52030.88,38644.42,25257.99,13004.26,10424.43
65361.4,51817.14,38272.85,24728.6,12344.53,9764.7
65288.54,51586.45,37884.34,24182.27,11645.52,9056.52
65220.77,51360.85,37500.92,23641.03,10947.79,8337.56
65159.31,51138.16,37117.01,23095.89,10241.59,7605.21
65090.78,50908.4,36726.03,22543.68,9529.28,6869.79
65021.11,50838.72,36656.36,22474.0,9460.98,6869.93
64960.19,50777.81,36595.44,22413.09,9400.07,6869.98
64896.18,50713.8,36531.43,22349.08,9337.88,6870.22
64865.61,50683.24,36500.86,22318.52,9309.96,6870.02
64885.88,50703.51,36521.13,22338.8,9308.91,6868.97
64882.71,50700.33,36517.95,22335.62,9304.64,6868.0599999999995
64876.28,50693.91,36511.52,22329.2,9298.22,6867.21
64873.69,50691.32,36508.93,22326.61,9295.63,6866.54
64838.97,50656.6,36474.21,22291.89,9260.91,6865.91
64828.69,50646.32,36463.93,22281.62,9250.63,6865.4
64826.77,50644.41,36462.01,22279.7,9248.71,6865.05
64827.91,50645.55,36463.15,22280.84,9249.85,6864.86
64821.83,50639.47,36457.07,22274.76,9243.77,6864.92
64824.08,50641.72,36459.33,22277.01,9246.03,6864.76
64849.52,50667.17,36484.77,22302.46,9252.38,6864.36
64905.07,50719.32,36533.52,22347.81,9244.87,6850.47
64931.83,50746.07,36560.28,22374.56,9254.44,6850.88
64971.79,50789.43,36607.04,22424.72,9278.06,6864.04
65012.89,50830.53,36648.14,22465.82,9303.17,6863.26
65033.76,50851.4,36669.01,22486.69,9319.56,6862.87
65032.75,50850.38,36668.0,22485.670000000002,9318.55,6862.89
65040.99,50858.62,36676.23,22493.91,9326.79,6863.06
65052.51,50870.15,36687.75,22505.44,9338.31,6863.13
65069.83,50887.47,36705.07,22522.77,9355.63,6863.13
65095.85,50913.49,36731.090000000004,22548.8,9381.65,6863.2
65117.88,50935.53,36753.13,22570.84,9403.69,6863.24
65163.24,50980.89,36798.49,22616.2,9447.93,6863.09
65210.12,51027.76,36845.36,22663.08,9483.21,6863.02
65248.26,51065.9,36883.5,22701.22,9483.86,6863.67
65293.96,51111.6,36929.21,22746.92,9501.33,6864.05
65298.93,51116.56,36934.18,22751.89,9506.8,6864.78
65348.340000000004,51165.97,36983.59,22801.3,9554.18,6865.96
65384.49,51202.11,37019.73,22837.45,9590.32,6867.25
65410.41,51228.02,37045.65,22863.36,9616.24,6867.74
65429.88,51247.48,37065.12,22882.82,9635.71,6867.6
65450.24,51267.85,37085.49,22903.18,9656.08,6867.51
65453.41,51271.02,37088.65,22906.35,9659.24,6867.73
65468.340000000004,51285.95,37103.58,22921.28,9674.18,6868.3
65508.36,51325.97,37143.6,22961.29,9695.3,6868.66
65511.17,51335.59,37160.01,22984.5,9721.64,6895.0
65522.33,51353.55,37184.77,23016.06,9747.9,6921.26
65539.09,51377.11,37215.13,23053.21,9774.88,6948.24
65565.98,51410.8,37255.62,23100.5,9811.14,6975.78
65579.64,51266.64,36953.64,22640.69,9193.82,6328.67
65594.25,51120.02,36645.8,22171.63,8563.53,5624.78
65611.01,51136.77,36662.56,22188.38,8580.28,5624.33
65612.88,51138.63,36664.43,22190.25,8582.15,5623.93
65606.89,50971.42,36336.0,21700.59,7931.27,4895.63
65594.37,50797.68,36001.03,21204.4,7273.85,4167.13
65583.26,50625.34,35667.47,20709.62,6617.84,3444.09
65543.01,50423.87,35304.77,20185.7,5933.67,2729.35
65541.71,50261.34,34981.02,19700.73,5290.4,2062.79
65564.73,50280.96,34997.24,19713.55,5277.41,2049.8
65601.4,50321.02,35040.71,19760.42,5320.18,2064.49
65603.22,50322.84,35042.53,19762.24,5322.01,2064.48
65628.54,50348.16,35067.85,19787.56,5347.33,2064.17
65590.95,50310.56,35030.26,19749.96,5309.74,2063.3
65532.46,50252.07,34971.78,19691.47,5251.25,2062.37
65478.4,50198.0,34917.72,19637.4,5197.19,2061.04
65422.31,50141.92,34861.63,19581.31,5141.1,2059.46
65388.07,50107.68,34827.39,19547.07,5106.86,2058.33
65361.78,50081.4,34801.11,19520.79,5080.58,2057.32
65329.43,50049.06,34768.76,19488.44,5075.23,2056.63
65310.18,50033.22,34756.31,19479.4,5087.81,2069.21
65294.82,50021.25,34747.75,19474.23,5100.64,2082.04
65275.89,50005.73,34735.63,19465.51,5113.57,2094.97
65291.5,50024.73,34758.04,19491.31,5127.02,2108.42
65296.94,50033.56,34770.28,19506.95,5140.63,2122.03
65309.72,50046.35,34783.07,19519.74,5151.54,2121.97
65335.88,50072.52,34809.23,19545.91,5173.46,2121.84
65360.28,50096.92,34833.64,19570.31,5195.65,2121.85
65390.18,50126.82,34863.54,19600.22,5224.98,2122.0
65419.22,50155.86,34892.58,19629.27,5254.02,2122.08
65459.88,50196.51,34933.24,19669.92,5294.44,2121.99
65484.94,50221.57,34958.3,19694.98,5317.9,2121.98
65493.32,50233.35,34973.47,19713.56,5337.8,2135.89
65463.43,50206.86,34950.37,19693.87,5351.04,2149.13
65473.49,50216.92,34960.43,19703.93,5351.93,2150.02
65496.76,50240.19,34983.7,19727.19,5363.29,2151.19
65518.06,50261.49,35005.0,19748.49,5382.99,2152.41
65572.56,50316.0,35059.5,19803.0,5437.26,2153.5
65614.79,50358.22,35101.73,19845.22,5479.48,2154.86
65667.84,50411.27,35154.78,19898.27,5532.53,2155.78
65717.42,50460.84,35204.35,19947.84,5582.1,2156.71
65770.08,50513.51,35257.01,20000.5,5634.76,2157.75
65822.5,50565.94,35309.43,20052.92,5687.18,2159.13
65849.15,50592.59,35336.09,20079.57,5697.25,2160.05
65842.77,50589.61,35336.5,20083.39,5710.94,2173.74
65845.22,50592.06,35338.95,20085.85,5711.48,2174.28
65861.84,50612.09,35362.37,20112.68,5724.86,2187.66
65875.95,50626.2,35376.49,20126.79,5726.02,2188.82
65901.28,50651.52,35401.82,20152.12,5731.83,2189.73
65956.14,50706.38,35456.68,20206.98,5781.54,2190.72
66006.6,50753.45,35500.34,20247.24,5817.07,2176.36
66055.02,50801.88,35548.76,20295.67,5865.33,2176.38
66109.47,50856.34,35603.22,20350.13,5918.67,2176.38
66161.7,50908.57,35655.45,20402.36,5969.52,2176.35
66201.02,50947.89,35694.77,20441.68,6008.84,2176.5
66225.24,50972.12,35719.0,20465.91,6031.25,2176.67
66236.9,50987.17,35737.46,20487.76,6056.0,2191.34
66216.16,50969.84,35723.53,20477.22,6070.29,2205.63
66210.5,50964.18,35717.87,20471.57,6070.52,2206.69
66209.1,50962.77,35716.47,20470.16,6069.11,2207.53
66200.69,50954.35,35708.06,20461.74,6060.69,2208.09
66223.47,50977.13,35730.84,20484.52,6083.48,2208.41
66243.99,50997.659999999996,35751.37,20505.04,6104.01,2208.1
66217.42,50971.09,35724.81,20478.47,6077.45,2207.31
66194.5,50948.159999999996,35701.89,20455.55,6054.53,2206.46
66162.88,50916.54,35670.26,20423.93,6022.9,2205.26
66141.12,50894.77,35648.49,20402.16,6001.13,2204.17
66107.41,50861.06,35614.78,20368.45,5993.37,2203.16
66017.5,50774.55,35531.67,20288.74,5999.9,2216.07
65934.43,50691.49,35448.6,20205.68,5989.16,2214.49
65844.1,50601.159999999996,35358.27,20115.35,5977.92,2213.71
65768.98,50529.43,35289.95,20050.43,5965.75,2227.43
65696.14,50459.99,35223.91,19987.79,5945.79,2241.44
65624.85,50388.7,35152.62,19916.5,5886.86,2242.05
65559.34,50323.19,35087.11,19850.99,5827.39,2242.45
65519.05,50282.89,35046.82,19810.7,5787.1,2242.67
65455.88,50219.73,34983.65,19747.53,5725.39,2243.05
65407.91,50171.77,34935.68,19699.56,5677.43,2243.2
65368.64,50132.5,34896.4,19660.29,5638.16,2243.33
65297.44,50061.3,34825.2,19589.09,5572.48,2243.89
65225.21,49989.08,34752.97,19516.86,5537.67,2244.43
65177.91,49941.78,34705.67,19469.56,5536.84,2243.6
65126.45,49890.32,34654.2,19418.1,5518.67,2242.52
65110.67,49874.54,34638.42,19402.31,5504.85,2241.55
65061.62,49825.479999999996,34589.37,19353.25,5459.15,2240.7
65004.13,49767.99,34531.88,19295.75,5404.2,2239.7
64951.14,49715.0,34478.89,19242.77,5351.21,2239.12
64896.37,49660.24,34424.12,19188.01,5296.45,2238.46
64828.7,49592.57,34356.44,19120.34,5228.7699999999995,2237.49
64769.13,49532.99,34296.87,19060.76,5170.65,2236.23
64711.31,49475.159999999996,34239.05,19002.93,5116.71,2235.1
64674.97,49438.83,34202.72,18966.6,5095.73,2234.88
64650.73,49411.19,34171.68,18932.16,5081.98,2221.13
64618.19,49375.26,34132.34,18889.420000000002,5068.26,2207.41
64580.54,49330.82,34081.1,18831.38,5041.37,2180.52
64528.63,49272.12,34015.6,18759.08,5005.25,2153.12
64487.57,49227.65,33967.73,18707.81,4961.19,2138.85
64417.0,49157.08,33897.16,18637.23,4896.15,2139.54
64362.16,49102.24,33842.32,18582.39,4841.51,2140.15
64323.99,49064.07,33804.15,18544.21,4803.34,2140.72
64293.56,49033.63,33773.71,18513.78,4772.9,2141.13
64267.62,49007.69,33747.78,18487.84,4746.97,2141.35
64254.52,48994.6,33734.69,18474.74,4733.88,2141.47
64268.92,49009.0,33749.09,18489.14,4747.3,2141.52
64247.75,48987.83,33727.92,18467.97,4729.69,2141.61
64235.71,48972.39,33709.08,18445.73,4715.98,2127.9
64194.51,48927.8,33661.08,18394.33,4669.9,2112.9
64139.13,48872.42,33605.7,18338.95,4619.21,2112.43
64087.95,48821.24,33554.52,18287.77,4568.03,2112.49
64092.1,48825.39,33558.67,18291.92,4572.18,2112.7
64110.96,48844.24,33577.52,18310.77,4591.03,2113.03
64140.56,48873.85,33607.12,18340.38,4620.63,2113.78
64163.85,48897.14,33630.42,18363.67,4643.93,2114.61
64196.0,48929.29,33662.57,18395.82,4676.08,2115.37
64216.3,48949.59,33682.87,18416.12,4696.38,2116.32
64258.99,48992.28,33725.56,18458.81,4709.82,2117.35
64287.74,49021.03,33754.32,18487.56,4710.87,2118.4
64305.51,49038.81,33772.09,18505.34,4712.03,2119.56
64349.32,49079.21,33809.09,18538.94,4699.61,2107.14
64368.26,49094.75,33821.23,18547.69,4686.55,2094.08
64403.86,49130.36,33856.83,18583.29,4708.43,2095.02
64427.56,49154.06,33880.52,18606.99,4727.0199999999995,2095.54
64458.15,49184.64,33911.11,18637.57,4757.22,2095.81
64483.64,49210.13,33936.59,18663.06,4782.7,2096.08
64502.04,49228.53,33954.99,18681.45,4801.1,2096.22
64511.0,49237.5,33963.96,18690.41,4810.07,2096.56
64511.65,49238.15,33964.61,18691.06,4810.72,2096.97
64513.26,49239.77,33966.22,18692.68,4812.33,2097.47
64507.93,49231.04,33954.09,18677.15,4793.3,2084.43
64572.86,49292.56,34012.22,18731.88,4780.29,2071.42
64593.95,49313.65,34033.32,18752.97,4788.17,2071.6
64629.78,49349.49,34069.15,18788.81,4819.09,2072.08
64636.22,49355.93,34075.6,18795.25,4825.54,2072.35
64646.95,49366.65,34086.33,18805.97,4836.26,2072.35
64662.58,49382.28,34101.96,18821.6,4851.89,2072.05
64669.22,49388.92,34108.6,18828.24,4858.53,2072.2599999999998
64670.56,49390.27,34109.95,18829.59,4859.88,2072.56
64656.87,49376.58,34096.27,18815.9,4846.2,2073.15
64604.61,49324.31,34044.01,18763.63,4793.99,2073.48
64604.04,49323.74,34043.44,18763.06,4792.53,2073.66
64647.52,49367.21,34086.92,18806.53,4792.5,2073.63
64663.39,49389.89,34116.39,18842.8,4818.56,2099.69
64654.9,49381.4,34107.9,18834.31,4818.89,2100.02
64670.34,49393.43,34116.53,18839.54,4805.33,2086.46
64692.37,49412.07,34131.76,18851.37,4808.41,2072.0099999999998
64671.35,49548.88,34426.39,19303.82,5418.69,2740.18
64666.86,49544.39,34421.9,19299.329999999998,5414.2,2740.5
64665.55,49704.3,34743.04,19781.69,6057.79,3458.48
64663.04,49863.01,35062.97,20262.85,6700.17,4177.3099999999995
64664.86,50026.06,35387.24,20748.35,7346.89,4897.72
64668.58,50191.0,35713.41,21235.739999999998,7995.5,5614.33
64666.76,50350.4,36034.03,21717.59,8638.57,6300.05
64640.26,50327.3,36014.33,21701.29,8630.35,6313.98
64623.39,50313.83,36004.25,21694.62,8643.43,6327.0599999999995
64634.07,50327.92,36021.73,21715.5,8662.81,6340.85
64652.46,50349.72,36046.92,21744.1,8694.81,6355.55
64673.29,50373.95,36074.55,21775.14,8729.24,6370.33
64652.72,50356.78,36060.78,21764.77,8722.26,6385.11
64640.79,50348.24,36055.64,21763.03,8723.92,6400.51
64655.71,50366.55,36077.35,21788.14,8752.43,6416.3
64669.57,50383.82,36098.01,21812.2,8779.89,6431.99
64698.26,50415.9,36133.5,21851.079999999998,8822.18,6447.71
64712.57,50433.61,36154.61,21875.59,8850.09,6463.23
64746.25,50467.29,36188.29,21909.27,8858.74,6464.36
64786.44,50507.48,36228.48,21949.46,8859.32,6464.94
64811.04,50528.68,36246.29,21963.86,8847.48,6453.1
64840.31,50554.55,36268.76,21982.93,8835.25,6440.87
64828.07,50542.32,36256.52,21970.69,8835.55,6441.17
64821.38,50532.23,36243.03,21953.8,8822.7,6428.32
64832.64,50543.49,36254.29,21965.06,8828.25,6428.61
64877.0,50587.84,36298.65,22009.42,8866.56,6428.4
64913.36,50624.2,36335.01,22045.77,8902.92,6428.24
64968.01,50678.85,36389.66,22100.42,8956.12,6427.96
65014.87,50725.7,36436.52,22147.27,9002.97,6427.87
65064.13,50774.96,36485.78,22196.53,9052.23,6427.87
65121.35,50832.18,36543.0,22253.75,9103.93,6427.75
65175.07,50885.9,36596.73,22307.47,9123.17,6427.51
65187.41,50898.24,36609.07,22319.81,9123.39,6427.73
65196.74,50907.57,36618.4,22329.14,9123.289999999999,6427.63
65206.82,50917.66,36628.48,22339.23,9132.14,6426.82
65219.06,50929.91,36640.73,22351.48,9142.52,6425.87
65217.23,50928.08,36638.9,22349.66,9141.23,6425.26
65221.25,50932.11,36642.93,22353.68,9145.26,6424.9
65224.84,50935.7,36646.52,22357.27,9148.85,6424.59
65238.27,50949.12,36659.95,22370.69,9162.28,6424.29
65268.12,50978.98,36689.8,22400.55,9190.69,6423.95
65300.26,51011.12,36721.94,22432.7,9218.94,6423.74
65319.3,51030.16,36740.97,22451.74,9227.67,6423.2
65337.93,51048.79,36759.6,22470.37,9227.53,6423.0599999999995
65350.06,51057.52,36764.93,22472.3,9214.5,6410.03
65331.19,51042.05,36752.85,22463.63,9226.75,6422.28
65313.55,51027.81,36742.0,22456.19,9238.99,6434.5199999999995
65321.45,51035.72,36749.9,22464.1,9242.09,6433.91
65332.36,51046.63,36760.81,22475.02,9250.23,6433.2699999999995
65330.25,51044.53,36758.7,22472.92,9248.01,6432.75
65323.2,51037.49,36751.65,22465.88,9240.97,6432.24
65313.43,51027.72,36741.88,22456.1,9231.2,6431.88
65302.87,51017.16,36731.31,22445.54,9220.64,6431.5199999999995
65283.34,50997.63,36711.77,22426.01,9201.11,6431.24
65272.55,50986.840000000004,36700.98,22415.22,9190.32,6430.91
65268.67,50986.36,36703.9,22421.54,9200.31,6444.43
65222.99,50944.08,36665.02,22386.07,9213.26,6457.38
65188.47,50909.55,36630.5,22351.54,9212.86,6456.98
65159.72,50880.79,36601.75,22322.79,9208.06,6456.4
65144.04,50865.12,36586.07,22307.12,9197.53,6455.71
65118.43,50839.51,36560.46,22281.52,9175.14,6455.0599999999995
65092.7,50813.79,36534.74,22255.8,9151.67,6454.38
65045.46,50766.55,36487.51,22208.56,9104.9,6453.61
65004.21,50725.3,36446.25,22167.31,9063.65,6452.74
64957.82,50678.9,36399.86,22120.91,9018.13,6451.91
64933.82,50654.9,36375.86,22096.91,8994.59,6450.94
64899.68,50620.76,36341.72,22062.77,8981.2,6449.96
64863.65,50584.73,36305.68,22026.74,8980.18,6448.94
64826.16,50547.24,36268.19,21989.25,8978.949999999999,6447.71
64772.11,50496.59,36220.94,21945.4,8991.15,6459.91
64738.58,50466.46,36194.21,21922.07,9003.83,6472.59
64704.1,50431.97,36159.73,21887.579999999998,8982.62,6472.32
64694.6,50425.86,36157.03,21888.27,8989.11,6486.179999999999
64699.27,50430.54,36161.71,21892.95,8993.789999999999,6485.61
64683.15,50414.42,36145.59,21876.829999999998,8977.67,6485.33
64641.34,50372.61,36103.78,21835.02,8936.539999999999,6485.2699999999995
64611.74,50343.01,36074.17,21805.42,8907.06,6485.12
64586.13,50317.41,36048.57,21779.82,8881.46,6485.0199999999995
64560.39,50291.66,36022.83,21754.07,8859.75,6484.7699999999995
64555.87,50287.13,36018.31,21749.54,8859.13,6484.15
64511.52,50246.19,35980.76,21715.39,8872.05,6497.07
64476.97,50211.64,35946.2,21680.84,8863.97,6496.69
64419.73,50154.4,35888.96,21623.6,8822.4,6495.75
64386.29,50120.96,35855.51,21590.16,8796.01,6494.76
64322.11,50056.79,35791.33,21525.99,8736.95,6494.2
64280.76,50015.44,35749.98,21484.64,8696.5,6493.37
64232.26,49966.93,35701.48,21436.14,8649.45,6492.37
64201.97,49936.64,35671.19,21405.85,8619.16,6491.47
64189.96,49924.62,35659.17,21393.83,8607.14,6490.23
64202.93,49937.6,35672.14,21406.81,8620.34,6489.099999999999
64180.6,49915.26,35649.8,21384.48,8611.89,6488.16
64117.9,49852.57,35587.1,21321.79,8611.2,6487.47
64073.43,49804.7,35535.83,21267.12,8597.71,6473.98
64081.18,49812.44,35543.58,21274.86,8597.24,6473.51
64049.72,49784.39,35518.92,21253.61,8610.35,6486.62
64024.27,49758.94,35493.47,21228.16,8595.67,6486.599999999999
63987.34,49560.78,35134.09,20707.56,7926.05,5804.04
63955.63,49529.07,35102.39,20675.85,7900.82,5803.93
63918.07,49330.28,34742.38,20154.62,7224.78,5085.96
63883.56,49134.54,34385.42,19636.43,6550.97,4367.13
63850.01,48939.76,34029.42,19119.2,5877.67,3646.73
63816.28,48744.81,33673.24,18601.8,5204.88,2930.03
63816.7,48584.01,33351.22,18118.55,4565.14,2243.9
63833.68,48594.2,33354.6,18115.14,4558.61,2215.27
63837.12,48594.23,33351.24,18108.38,4545.0,2201.66
63812.19,48565.89,33319.51,18073.24,4525.21,2187.46
63773.15,48523.44,33273.67,18023.99,4484.05,2172.47
63746.38,48493.28,33240.11,17987.02,4449.7,2157.82
63752.11,48495.6,33239.04,17982.54,4443.35,2142.96
63741.78,48481.88,33221.909999999996,17962.02,4420.33,2127.56
63744.5,48481.21,33217.84,17954.55,4409.46,2112.21
63750.26,48483.57,33216.8,17950.11,4401.63,2097.14
63750.35,48480.26,33210.09,17940.01,4388.17,2081.99
63739.63,48466.14,33192.57,17919.09,4373.78,2067.16
63722.78,48449.28,33175.72,17902.23,4371.68,2067.21
63707.67,48434.16,33160.61,17887.12,4371.7,2067.23
63689.25,48419.14,33148.98,17878.9,4384.45,2079.98
63676.78,48410.06,33143.31,17876.62,4397.12,2092.65
63702.82,48432.7,33162.55,17892.46,4383.62,2079.15
63740.94,48470.81,33200.67,17930.58,4395.41,2078.24
63767.55,48497.42,33227.28,17957.19,4429.25,2077.48
63762.2,48492.07,33221.93,17951.83,4432.88,2077.37
63744.48,48474.36,33204.21,17934.12,4419.2699999999995,2077.53
63719.64,48449.52,33179.38,17909.28,4397.61,2077.83
63689.23,48419.12,33148.97,17878.88,4370.07,2078.12
63653.6,48383.48,33113.34,17843.24,4337.9,2078.27
63639.41,48369.29,33099.15,17829.05,4327.28,2078.12
63651.97,48381.840000000004,33111.7,17841.6,4343.55,2077.83
63703.29,48433.15,33163.02,17892.91,4354.71,2078.55
63736.94,48466.79,33196.67,17926.56,4371.48,2079.67
63757.28,48487.13,33217.01,17946.9,4394.39,2081.2
63769.39,48499.24,33229.11,17959.01,4410.77,2082.63
63824.43,48554.28,33284.15,18014.05,4462.73,2083.4
63865.35,48595.2,33325.06,18054.97,4503.64,2083.95
63896.31,48626.16,33356.02,18085.93,4534.6,2084.8
63925.69,48655.55,33385.4,18115.32,4563.99,2085.76
63921.88,48651.73,33381.59,18111.51,4560.17,2086.96
63919.74,48649.59,33379.45,18109.36,4560.71,2087.97
63930.8,48660.64,33390.51,18120.41,4573.84,2088.57
63949.23,48679.06,33408.94,18138.83,4574.22,2088.95
63970.05,48703.27,33436.56,18169.85,4587.75,2102.48
64019.03,48752.24,33485.54,18218.82,4588.7,2103.43
64065.77,48798.97,33532.28,18265.56,4589.85,2104.58
64076.15,48812.75,33549.46,18286.14,4618.51,2119.11
64092.24,48828.84,33565.55,18302.22,4638.12,2119.57
64102.14,48838.74,33575.45,18312.12,4652.91,2120.02
64104.33,48840.92,33577.64,18314.3,4661.68,2120.46
64116.47,48853.07,33589.78,18326.45,4677.47,2120.68
64115.6,48852.2,33588.91,18325.58,4683.32,2121.0
64104.51,48841.11,33577.82,18314.49,4680.92,2121.29
64093.26,48829.86,33566.57,18303.24,4678.66,2121.49
64105.24,48838.44,33571.75,18305.01,4682.0199999999995,2107.37
64156.64,48889.84,33623.15,18356.4,4682.05,2107.4
64193.07,48926.28,33659.58,18392.84,4688.73,2107.35
64211.32,48944.54,33677.83,18411.09,4691.93,2107.37
64216.66,48949.87,33683.17,18416.42,4699.38,2107.02
64234.57,48967.78,33701.08,18434.33,4715.6,2106.96
64256.46,48989.66,33722.96,18456.21,4735.23,2107.0
64280.24,49013.44,33746.73,18479.99,4758.54,2107.26
64278.1,49011.29,33744.59,18477.85,4760.35,2108.01
64268.8,49002.0,33735.29,18468.56,4755.71,2108.49
64244.24,48977.43,33710.72,18443.99,4744.22,2108.97
64263.36,48996.55,33729.84,18463.11,4757.04,2109.5
64307.26,49040.44,33773.74,18507.01,4757.36,2109.82
64348.9,49078.68,33808.59,18538.45,4744.7,2097.16
64407.48,49133.87,33860.38,18586.84,4731.88,2084.34
64438.54,49161.54,33884.64,18607.7,4718.73,2071.19
64447.26,49170.26,33893.36,18616.42,4731.46,2071.35
64426.73,49146.33,33866.03,18585.69,4712.29,2057.49
64405.15,49124.75,33844.44,18564.11,4699.69,2057.8
64396.04,49115.64,33835.34,18555.0,4700.61,2057.71
64403.03,49122.64,33842.33,18562.0,4717.72,2057.52
64438.34,49157.95,33877.64,18597.31,4758.29,2056.82
64469.57,49189.18,33908.86,18628.54,4795.04,2056.1
64506.5,49229.52,33952.59,18675.68,4850.01,2070.91
64526.41,49252.83,33979.3,18705.79,4889.58,2085.43
64557.75,49284.17,34010.64,18737.13,4890.21,2086.06
64583.29,49309.7,34036.18,18762.66,4904.41,2086.61
64619.84,49346.24,34072.73,18799.21,4938.43,2087.34
64645.88,49372.28,34098.77,18825.25,4967.0199999999995,2088.12
64672.72,49399.11,34125.61,18852.08,4996.2699999999995,2088.95
64709.8,49436.2,34162.69,18889.17,5034.09,2089.71
64748.090000000004,49474.49,34200.98,18927.46,5072.6,2090.52
64771.95,49498.34,34224.83,18951.31,5098.19,2091.12
64794.37,49520.77,34247.25,18973.74,5122.25,2091.7400000000002
64823.92,49550.32,34276.8,19003.29,5153.99,2092.47
64849.26,49575.659999999996,34302.14,19028.63,5176.73,2093.36
64883.68,49610.08,34336.57,19063.05,5177.55,2094.18
64928.7,49655.1,34381.59,19108.07,5177.96,2094.59
64940.55,49666.95,34393.44,19119.92,5178.05,2094.68
64974.97,49701.37,34427.87,19154.34,5181.03,2095.06
64997.75,49724.15,34450.65,19177.12,5206.19,2094.68
65039.97,49766.37,34492.87,19219.33,5247.0,2094.1
65068.07,49794.47,34520.97,19247.43,5275.48,2093.93
65096.69,49823.1,34549.59,19276.05,5304.88,2093.9
65132.44,49858.85,34585.34,19311.8,5340.0,2093.7
65165.53,49891.94,34618.43,19344.89,5373.12,2093.52
65201.13,49927.53,34654.03,19380.48,5408.2699999999995,2093.35
65206.81,49933.2,34659.7,19386.16,5419.5599999999995,2093.63
65200.74,49930.52,34660.43,19390.28,5434.63,2108.58
65233.72,49963.5,34693.41,19423.26,5446.7,2109.53
65268.72,49998.51,34728.41,19458.27,5471.8,2110.0
65289.79,50019.58,34749.48,19479.34,5492.65,2110.38
65310.86,50040.65,34770.55,19500.41,5514.3,2110.45
65308.76,50038.55,34768.45,19498.32,5517.03,2110.4900000000002
65318.5,50048.29,34778.19,19508.06,5529.37,2110.48
65308.25,50038.03,34767.93,19497.8,5524.26,2110.37
65294.22,50023.99,34753.9,19483.77,5516.67,2110.17
65266.86,49996.64,34726.54,19456.41,5499.07,2110.34
65275.33,50005.11,34735.01,19464.89,5505.64,2110.32
65319.01,50048.79,34778.69,19508.58,5540.16,2110.11
65355.36,50085.15,34815.04,19544.93,5540.34,2110.29
65398.27,50128.06,34857.95,19587.84,5540.61,2110.56
65430.1,50159.89,34889.78,19619.67,5540.9,2110.85
65461.75,50194.94,34928.23,19661.52,5568.22,2124.43
65481.47,50214.67,34947.95,19681.24,5583.98,2124.13
65467.63,50200.83,34934.11,19667.4,5573.19,2124.07
65464.45,50197.659999999996,34930.93,19664.23,5572.71,2123.79
65458.21,50191.42,34924.69,19657.99,5573.95,2123.31
65460.94,50194.14,34927.41,19660.72,5582.51,2122.54
65463.25,50196.44,34929.72,19663.02,5590.87,2121.66
65467.72,50200.92,34934.19,19667.5,5601.0199999999995,2121.12
65455.47,50188.67,34921.94,19655.25,5598.03,2120.94
65399.46,50136.06,34872.73,19609.45,5575.92,2134.87
65364.99,50101.6,34838.26,19574.99,5565.03,2134.42
65353.83,50090.44,34827.1,19563.82,5562.38,2134.19
65366.16,50102.76,34839.43,19576.14,5576.88,2133.9
65376.36,50112.95,34849.63,19586.34,5589.24,2133.6
65341.03,50077.62,34814.3,19551.01,5562.73,2133.7
65321.25,50057.84,34794.52,19531.23,5546.81,2133.16
65304.78,50041.37,34778.05,19514.76,5533.8,2132.46
65290.33,50026.92,34763.6,19500.31,5523.83,2131.79
65284.43,50021.03,34757.71,19494.41,5525.93,2130.52
65271.72,50008.32,34745.0,19481.71,5521.24,2129.34
65244.31,49980.92,34717.6,19454.31,5506.78,2128.81
65222.91,49959.53,34696.2,19432.92,5506.66,2128.69
65230.22,49963.45,34696.72,19430.03,5492.84,2114.87
65211.79,49945.03,34678.29,19411.61,5492.53,2114.56
65197.61,49930.85,34664.11,19397.42,5491.98,2114.01
65165.26,49898.5,34631.76,19365.07,5473.72,2113.59
65133.62,49870.27,34606.93,19343.64,5468.64,2127.25
65103.6,49840.24,34576.91,19313.61,5451.55,2126.92
65089.65,49829.69,34569.76,19309.87,5460.52,2141.07
65066.32,49806.35,34546.43,19286.53,5448.11,2140.78
65072.61,49812.64,34552.72,19292.82,5459.1,2140.35
65094.02,49834.04,34574.13,19314.22,5482.8,2140.0
65100.06,49840.08,34580.17,19320.26,5493.88,2139.81
65080.89,49820.909999999996,34561.0,19301.09,5484.78,2139.98
65045.11,49785.13,34525.22,19265.31,5484.68,2139.88
65023.18,49763.2,34503.29,19243.38,5478.07,2140.0
65057.7,49797.72,34537.81,19277.9,5511.33,2140.67
65091.41,49831.43,34571.52,19311.62,5544.88,2141.8
65122.96,49862.98,34603.07,19343.16,5577.26,2142.66
65142.85,49882.88,34622.96,19363.06,5600.73,2143.26
65140.51,49880.54,34620.62,19360.72,5605.29,2143.69
65159.44,49899.48,34639.56,19379.65,5628.43,2143.55
65177.41,49917.45,34657.54,19397.62,5651.1,2143.94
65205.04,49945.09,34685.17,19425.26,5676.43,2144.45
65214.72,49954.77,34694.86,19434.94,5685.09,2144.71
65211.26,49951.32,34691.4,19431.48,5685.48,2145.1
65191.95,49935.4,34678.88,19422.37,5699.23,2158.85
65161.47,49908.32,34655.2,19402.09,5713.18,2172.8
65141.51,49891.76,34642.04,19392.33,5727.21,2186.83
65164.96,49915.22,34665.49,19415.79,5747.24,2186.95
65203.3,49953.57,34703.83,19454.14,5779.84,2186.42
65216.42,49966.68,34716.95,19467.26,5792.2,2186.34
65232.840000000004,49983.1,34733.36,19483.68,5806.86,2186.38
65249.3,49999.56,34749.83,19500.14,5821.58,2186.3
65236.88,49987.14,34737.41,19487.72,5811.71,2186.69
65233.28,49983.53,34733.81,19484.11,5808.93,2187.02
65229.75,49976.6,34723.48,19470.38,5793.36,2171.92
65245.84,49989.3,34732.77,19476.28,5793.09,2157.1
65259.78,50003.24,34746.71,19490.22,5800.97,2157.19
65274.07,50017.54,34761.01,19504.52,5812.0,2157.32
65302.75,50046.22,34789.69,19533.19,5833.92,2157.44
65320.5,50063.96,34807.44,19550.93,5845.84,2157.09
65324.8,50068.26,34811.74,19555.23,5846.78,2156.47
65287.79,50031.24,34774.73,19518.22,5814.55,2156.38
65265.45,50008.9,34752.39,19495.88,5794.47,2156.15
65238.86,49982.32,34725.81,19469.3,5772.46,2155.87
65189.85,49933.3,34676.8,19420.28,5732.28,2155.65
65118.87,49862.32,34605.82,19349.3,5675.65,2155.11
65106.23,49849.69,34593.18,19336.66,5666.18,2154.82
65109.41,49852.87,34596.35,19339.84,5666.0199999999995,2154.66
65092.05,49835.51,34578.99,19322.48,5666.08,2154.72
65074.58,49818.04,34561.52,19305.01,5666.14,2154.78
65050.59,49790.65,34530.72,19270.82,5649.75,2140.99
65025.37,49765.43,34505.51,19245.6,5629.74,2140.93
64991.3,49731.36,34471.44,19211.53,5602.72,2140.97
64950.17,49690.23,34430.3,19170.4,5570.13,2140.98
64919.4,49659.46,34399.54,19139.63,5545.37,2140.95
64901.61,49641.68,34381.76,19121.85,5530.78,2140.93
64891.67,49631.74,34371.82,19111.91,5522.69,2140.87
64883.08,49623.16,34363.23,19103.33,5515.34,2140.69
64892.19,49632.27,34372.34,19112.43,5522.86,2140.18
64909.68,49649.76,34389.83,19129.92,5536.84,2139.69
64899.02,49639.1,34379.17,19119.25,5527.99,2139.17
64891.3,49631.38,34371.46,19111.53,5522.54,2138.91
64915.02,49655.11,34395.18,19135.26,5539.83,2138.94
64908.01,49648.09,34388.16,19128.24,5531.96,2138.59
64921.69,49661.78,34401.84,19141.92,5541.47,2138.35
64930.28,49670.36,34410.43,19150.5,5547.45,2138.65
64947.63,49687.72,34427.79,19167.86,5560.67,2139.22
64971.12,49711.21,34451.28,19191.34,5579.34,2139.76
64995.78,49735.86,34475.94,19215.99,5599.13,2140.17
65005.38,49745.47,34485.54,19225.59,5606.82,2140.76
65003.840000000004,49743.93,34484.0,19224.04,5606.55,2141.14
64981.7,49721.78,34461.86,19201.89,5606.69,2141.28
64963.15,49703.23,34443.31,19183.34,5606.89,2141.48
64966.66,49706.74,34446.82,19186.85,5607.18,2141.77
64958.43,49698.51,34438.59,19178.62,5600.87,2142.06
64981.48,49721.55,34461.64,19201.66,5620.13,2141.86
65021.04,49761.12,34501.2,19241.23,5652.37,2141.67
65044.270000000004,49784.35,34524.43,19264.46,5669.0,2141.72
65071.520000000004,49811.6,34551.68,19291.71,5684.66,2142.01
65086.770000000004,49826.85,34566.93,19306.95,5690.89,2142.51
65100.2,49840.28,34580.36,19320.38,5695.4,2143.13
65114.03,49854.1,34594.19,19334.2,5700.08,2143.54
65139.96,49880.03,34620.13,19360.13,5714.7,2143.63
65211.13,49947.81,34684.51,19421.1,5749.71,2129.46
65262.98,49999.66,34736.36,19472.95,5774.51,2130.07
65308.72,50045.41,34782.11,19518.7,5804.05,2130.61
65338.37,50075.07,34811.77,19548.36,5826.28,2131.25
65376.96,50113.67,34850.36,19586.95,5856.94,2131.54
65426.78,50163.49,34900.18,19636.76,5897.94,2131.77
65438.2,50174.91,34911.6,19648.18,5905.5,2133.08
65466.58,50203.29,34939.99,19676.56,5930.42,2134.16
65496.92,50233.63,34970.33,19706.9,5956.28,2135.33
65525.11,50261.82,34998.51,19735.09,5976.47,2137.19
65561.34,50298.06,35034.74,19771.32,6002.01,2138.86
65621.39,50358.1,35094.78,19831.36,6043.08,2139.91
65648.3,50385.0,35121.69,19858.26,6043.69,2140.52
65646.17,50389.67,35133.15,19876.53,6071.08,2167.91
65660.39,50407.29,35154.17,19900.95,6084.92,2181.75
65693.93000000001,50444.24,35194.52,19944.7,6111.44,2196.17
65737.26,50645.39,35553.5,20461.5,6761.18,2845.91
65781.74,50686.46,35591.17,20495.77,6777.48,2832.14
65849.67,50915.62,35981.55,21047.38,7472.4,3550.41
65905.66,51129.44,36353.19,21576.84,8143.78,4255.55
65954.39,51339.4,36724.37,22109.25,8822.84,4975.22
65988.56,51534.79,37080.99,22627.09,9490.48,5694.54
66012.06,51719.52,37426.94,23134.27,10147.89,6407.88
66043.11,51911.79,37780.44,23648.99,10809.81,7112.09
66071.01,51946.5,37821.94,23697.3,10853.55,7141.48
66113.57,51992.46,37871.3,23750.06,10873.08,7156.16
66157.26,52039.55,37921.79,23803.95,10912.25,7171.54
66183.65,52069.34,37954.98,23840.54,10940.44,7187.31
66217.35,52106.45,37995.49,23884.44,10980.65,7203.45
66222.58,52115.09,38007.53,23899.88,10997.13,7219.79
66247.09,52143.0,38038.85,23934.59,11031.67,7236.36
66287.89,52187.19,38086.45,23985.59,11079.17,7252.99
66323.65,52226.35,38129.01,24031.55,11120.369999999999,7269.599999999999
66367.92,52270.62,38173.27,24075.82,11154.41,7270.3
66409.23,52311.93,38214.58,24117.13,11184.48,7270.69
66417.44,52320.14,38222.78,24125.34,11190.36,7270.94
66399.34,52302.03,38204.68,24107.23,11189.8,7270.38
66386.62,52285.909999999996,38185.16,24084.3,11176.27,7256.85
66364.82,52260.7,38156.55,24052.29,11162.68,7243.26
66346.34,52238.82,38131.27,24023.61,11148.68,7229.26
66291.22,52180.3,38069.35,23958.29,11101.77,7214.83
66239.78,52128.85,38017.91,23906.85,11059.66,7214.85
66190.4,52079.47,37968.53,23857.47,11019.01,7214.8099999999995
66144.79,52033.86,37922.92,23811.86,10981.66,7214.75
66106.27,51995.34,37884.39,23773.34,10950.32,7214.7699999999995
66067.85,51956.92,37845.98,23734.92,10919.58,7214.73
66020.21,51909.29,37798.340000000004,23687.29,10881.3,7214.76
65981.49,51870.56,37759.62,23648.56,10849.8,7214.65
65944.7,51833.76,37722.83,23611.76,10819.87,7214.5199999999995
65899.55,51788.6,37677.68,23566.6,10811.26,7213.7
65854.29,51743.34,37632.41,23521.34,10785.86,7212.85
65813.64,51702.69,37591.76,23480.69,10747.55,7211.78
65713.84,51602.9,37491.97,23380.9,10688.99,7212.72
65684.84,51573.9,37462.97,23351.9,10660.79,7212.01
65671.19,51560.26,37449.32,23338.25,10644.48,7211.15
65648.84,51537.909999999996,37426.97,23315.9,10620.67,7210.49
65639.7,51528.77,37417.82,23306.76,10607.25,7210.0599999999995
65646.66,51535.74,37424.78,23313.73,10606.78,7209.599999999999
65673.96,51563.03,37452.08,23341.02,10622.24,7209.63
65692.01,51581.07,37470.13,23359.07,10630.81,7209.74
65720.49,51609.54,37498.61,23387.54,10633.99,7209.72
65728.65,51617.69,37506.77,23395.7,10634.2,7209.93
65746.83,51635.88,37524.95,23413.89,10634.61,7210.34
65766.14,51658.58,37551.06,23443.4,10648.19,7223.92
65779.25,51671.69,37564.17,23456.51,10658.58,7224.33
65807.77,51700.22,37592.7,23485.04,10680.4,7224.44
65833.98,51726.43,37618.91,23511.25,10700.52,7224.62
65858.26,51750.7,37643.18,23535.52,10719.12,7224.66
65855.18,51747.62,37640.090000000004,23532.44,10716.1,7224.97
65848.65,51741.1,37633.56,23525.92,10709.97,7225.3
65842.67,51735.11,37627.58,23519.94,10704.25,7225.8099999999995
65836.13,51889.8,37943.49,23997.08,11333.85,7920.84
65798.92,52010.42,38221.93,24433.35,11913.4,8540.3
65778.1,51993.01,38207.92,24422.74,11923.86,8553.55
65783.39,52001.7,38220.0,24438.23,11935.72,8568.1
65774.23,51995.94,38217.64,24439.27,11939.32,8583.17
65775.37,51997.09,38218.79,24440.42,11936.539999999999,8583.68
65789.38,52011.1,38232.8,24454.43,11948.37,8584.46
65793.45,52015.18,38236.87,24458.51,11951.55,8585.039999999999
65796.85,52018.57,38240.26,24461.9,11953.93,8585.48
65794.66,52016.38,38238.07,24459.71,11950.11,8585.94
65801.58,52023.3,38244.99,24466.63,11952.09,8586.05
65791.91,52013.63,38235.33,24456.96,11938.27,8585.62
65794.57,52016.3,38238.0,24459.63,11934.45,8585.44
65809.07,52030.81,38252.5,24474.14,11934.06,8585.05
65780.68,52002.42,38224.11,24445.75,11933.1,8584.09
65756.73,51978.47,38200.16,24421.8,11932.05,8583.039999999999
65708.11,51929.84,38151.54,24373.18,11923.9,8582.03
65643.1,51864.83,38086.53,24308.18,11876.25,8582.6
65598.02,51819.75,38041.45,24263.1,11838.85,8582.92
65553.05,51774.78,37996.48,24218.13,11804.15,8583.08
65500.34,51722.06,37943.77,24165.41,11767.64,8583.01
65467.06,51688.79,37910.5,24132.14,11746.67,8583.02
65436.23,51657.97,37879.67,24101.32,11727.81,8583.02
65398.55,51620.29,37841.99,24063.64,11703.52,8582.95
65365.64,51587.38,37809.07,24030.73,11683.2,8582.97
65292.61,51514.35,37736.03,23957.7,11634.76,8583.71
65221.55,51443.29,37664.97,23886.64,11609.62,8582.76
65156.4,51378.14,37599.81,23821.49,11566.67,8582.039999999999
65092.0,51313.73,37535.4,23757.079999999998,11511.15,8581.11
65016.68,51238.41,37460.08,23681.76,11444.69,8580.2
64971.47,51193.2,37414.87,23636.55,11401.29,8579.12
64956.27,51177.99,37399.67,23621.35,11386.09,8577.92
64923.78,51145.49,37367.17,23588.86,11353.59,8577.13
64888.21,51109.91,37331.6,23553.28,11318.01,8576.87
64876.13,51097.82,37319.52,23541.19,11305.93,8575.91
64856.33,51078.01,37299.72,23521.39,11287.06,8575.28
64819.72,51041.41,37263.11,23484.79,11257.47,8575.03
64787.44,51009.14,37230.83,23452.52,11256.82,8574.38
64753.0,50971.3,37189.590000000004,23407.88,11243.21,8560.77
64733.1,50948.0,37162.89,23377.78,11229.75,8547.31
64684.95,50896.45,37107.93,23319.43,11203.41,8533.07
64642.2,50695.88,36749.53,22803.21,10554.4,7884.0599999999995
64616.17,50673.25,36730.3,22787.38,10552.36,7898.8
64587.79,50483.64,36379.47,22275.32,9889.62,7180.8099999999995
64560.39,50295.02,36029.62,21764.25,9227.54,6461.55
64533.25,50106.66,35680.03,21253.44,8565.72,5742.4
64514.64,49926.82,35338.97,20751.16,7910.8,5023.5
64499.97,49750.93,35001.85,20252.82,7260.12,4310.53
64489.38,49579.11,34668.81,19758.56,6614.59,3606.59
64461.77,49544.7,34627.6,19710.55,6570.93,3578.0299999999997
64438.47,49518.0,34597.5,19677.05,6552.21,3564.16
64430.06,49506.19,34582.3,19658.44,6530.68,3549.77
64403.74,49476.47,34549.18,19621.92,6495.92,3534.5
64360.56,49429.88,34499.19,19568.53,6441.6,3518.66
64333.909999999996,49399.82,34465.73,19531.68,6401.34,3502.52
64295.69,49358.19,34420.7,19483.25,6349.51,3486.15
64264.43,49323.54,34382.64,19441.79,6304.66,3469.9
64243.47,49299.18,34354.87,19410.63,6270.09,3453.82
64207.71,49263.42,34319.11,19374.87,6235.46,3453.39
64171.95,49227.65,34283.35,19339.1,6202.74,3453.11
64167.9,49223.59,34279.3,19335.05,6193.37,3453.42
64191.39,49247.08,34302.79,19358.54,6194.28,3454.33
64209.51,49268.61,34327.71,19386.87,6207.89,3467.94
64241.09,49303.59,34366.09,19428.65,6221.37,3481.42
64269.409999999996,49335.3,34401.21,19467.16,6234.98,3495.0299999999997
64287.39,49353.27,34419.19,19485.14,6238.5,3495.44
64293.64,49359.53,34425.45,19491.39,6244.29,3496.11
64290.9,49356.8,34422.72,19488.65,6241.18,3497.03
64315.04,49380.93,34446.86,19512.78,6255.11,3497.61
64349.979999999996,49415.87,34481.8,19547.72,6276.89,3497.92
64392.56,49458.44,34524.37,19590.3,6304.9,3498.13
64431.729999999996,49497.61,34563.54,19629.47,6329.92,3498.39
64480.51,49546.4,34612.32,19678.26,6362.13,3498.52
64505.8,49571.69,34637.61,19703.55,6375.95,3499.02
64551.95,49617.85,34683.76,19749.71,6379.65,3499.72
64585.28,49651.17,34717.09,19783.03,6389.29,3500.57
64599.02,49664.92,34730.84,19796.78,6400.22,3501.72
64669.24,49735.13,34801.05,19866.99,6429.24,3501.16
64687.21,49753.1,34819.02,19884.97,6442.24,3502.05
64729.15,49795.04,34860.96,19926.91,6480.42,3502.98
64768.49,49834.39,34900.3,19966.25,6517.29,3504.0
64808.2,49874.1,34940.02,20005.96,6554.97,3505.0099999999998
64833.93,49899.82,34965.75,20031.68,6577.66,3506.26
64854.32,49920.21,34986.14,20052.07,6593.07,3507.48
64857.96,49923.86,34989.78,20055.71,6594.4,3508.33
64841.56,49910.86,34980.18,20049.52,6604.36,3521.49
64836.87,49909.58,34982.3,20055.03,6617.23,3534.36
64817.0,49893.11,34969.23,20045.36,6630.04,3547.17
64826.88,49906.39,34985.91,20065.44,6643.98,3561.11
64833.33,50074.06,35314.8,20555.56,7277.07,4217.54
64836.94,50238.89,35640.85,21042.84,7914.43,4903.88
64845.9,50409.07,35972.26,21535.47,8558.97,5605.6
64858.67,50421.85,35985.03,21548.25,8564.21,5605.73
64880.42,50443.6,36006.78,21570.0,8577.74,5605.66
64889.49,50452.67,36015.85,21579.07,8579.39,5605.72
64904.909999999996,50629.32,36353.72,22078.16,9232.82,6324.98
64916.08,50640.49,36364.89,22089.329999999998,9243.99,6336.15
64959.52,50683.93,36408.33,22132.77,9287.43,6379.59
65015.08,50739.49,36463.88,22188.329999999998,9311.41,6380.92
65023.409999999996,50744.41,36465.409999999996,22186.45,9303.53,6366.87
65011.03,50732.02,36453.03,22174.06,9290.47,6366.61
65008.02,50732.41,36456.82,22181.25,9299.25,6381.45
64975.93,50700.31,36424.73,22149.15,9267.16,6381.36
64952.9,50677.28,36401.7,22126.12,9244.13,6381.11
64937.0,50661.39,36385.81,22110.23,9228.24,6380.28
64917.1,50641.49,36365.909999999996,22090.329999999998,9208.34,6379.26
64876.6,50601.0,36325.409999999996,22049.84,9172.3,6378.18
64834.33,50558.72,36283.13,22007.57,9138.15,6377.53
64780.72,50505.11,36229.51,21953.96,9101.69,6376.88
64752.96,50477.34,36201.75,21926.19,9100.91,6376.1
64755.1,50476.08,36197.09,21918.13,9088.26,6363.45
64741.409999999996,50459.0,36176.6,21894.25,9075.52,6350.71
64758.25,50472.44,36186.64,21900.88,9062.42,6337.61
64753.159999999996,50467.36,36181.55,21895.79,9062.33,6337.5199999999995
64714.1,50428.3,36142.5,21856.73,9038.87,6337.9
64707.97,50422.16,36136.37,21850.6,9029.85,6337.72
64708.04,50422.23,36136.44,21850.67,9027.17,6337.64
64687.44,50401.62,36115.83,21830.07,9007.92,6337.55
64668.05,50382.23,36096.44,21810.68,8989.83,6337.41
64656.159999999996,50370.34,36084.55,21798.8,8978.0,6337.3099999999995
64640.46,50354.64,36068.86,21783.1,8962.789999999999,6337.08
64634.04,50351.62,36069.25,21786.88,8976.14,6350.43
64628.87,50346.45,36064.09,21781.71,8976.24,6350.53
64623.75,50341.33,36058.97,21776.59,8975.65,6349.94
64607.96,50325.55,36043.19,21760.81,8960.71,6349.21
64604.87,50322.45,36040.1,21757.72,8956.82,6348.64
64591.6,50309.18,36026.83,21744.46,8945.28,6348.56
64561.58,50279.16,35996.81,21714.43,8919.11,6348.11
64527.11,50244.7,35962.34,21679.96,8889.66,6347.57
64470.83,50188.43,35906.06,21623.69,8844.56,6346.8
64411.31,50128.909999999996,35846.54,21564.17,8796.28,6346.36
64363.21,50080.81,35798.44,21516.06,8759.2,6345.78
64318.18,50035.78,35753.42,21471.03,8739.82,6344.95
64294.49,50012.08,35729.73,21447.33,8739.15,6344.28
64281.53,49995.71,35709.97,21424.16,8725.67,6330.8
64267.79,49978.57,35689.44,21400.22,8711.85,6316.98
64244.5,49951.87,35659.35,21366.72,8698.45,6303.58
64230.71,49934.68,35638.77,21342.73,8684.1,6289.23
64227.35,49927.93,35628.62,21329.18,8666.46,6274.17
64202.54,49903.13,35603.81,21304.38,8644.16,6273.849999999999
64175.09,49875.67,35576.36,21276.92,8619.66,6273.47
64150.41,49850.99,35551.69,21252.24,8597.32,6273.0199999999995
64112.32,49812.91,35513.6,21214.15,8564.91,6272.8
64081.96,49782.54,35483.24,21183.79,8538.89,6272.44
64050.46,49751.04,35451.74,21152.28,8512.3,6272.03
64046.0,49746.57,35447.28,21147.81,8507.4,6271.28
64011.53,49712.1,35412.81,21113.35,8506.45,6270.33
63970.57,49671.13,35371.84,21072.38,8488.66,6269.19
63935.92,49636.48,35337.19,21037.73,8460.65,6268.0
63905.54,49606.11,35306.81,21007.36,8436.4,6266.41
63868.25,49568.83,35269.52,20970.07,8406.85,6265.23
63836.77,49537.35,35238.04,20938.59,8381.45,6264.23
63812.51,49513.08,35213.78,20914.32,8360.18,6263.28
63778.49,49479.05,35179.76,20880.29,8331.1,6262.44
63745.52,49446.07,35146.79,20847.32,8305.46,6261.37
63709.38,49409.93,35110.65,20811.18,8278.4,6260.3
63672.33,49372.89,35073.6,20774.13,8260.85,6259.39
63624.77,49325.34,35026.04,20727.57,8259.86,6258.4
63591.74,49292.3,34993.01,20695.5,8258.89,6257.43
63565.66,49262.82,34960.13,20659.23,8245.33,6243.87
63539.63,49233.4,34927.31,20623.01,8231.74,6230.28
63526.74,49220.52,34914.42,20610.12,8228.25,6229.9
63536.94,49230.71,34924.61,20620.31,8235.64,6229.16
63560.45,49254.22,34948.11,20643.82,8254.84,6228.24
63552.99,49246.77,34940.65,20636.37,8253.93,6227.66
63521.33,49215.1,34908.99,20604.71,8233.76,6227.42
63469.24,49163.02,34856.9,20552.62,8197.21,6227.45
63409.18,49102.96,34796.84,20492.56,8154.2699999999995,6227.7699999999995
63340.69,49034.46,34728.35,20424.06,8105.11,6228.24
63289.17,48982.95,34676.84,20372.55,8082.38,6228.63
63246.61,48940.39,34634.29,20329.99,8079.13,6228.38
63207.48,48901.26,34595.16,20290.86,8070.03,6228.07
63199.48,48893.25,34587.15,20282.85,8072.32,6227.39
63212.2,48905.98,34599.87,20295.58,8091.54,6226.95
63215.74,48909.52,34603.41,20299.12,8104.62,6226.99
63189.18,48882.95,34576.85,20272.55,8087.57,6226.95
63159.14,48852.9,34546.81,20242.51,8067.07,6226.87
63110.35,48804.1,34498.01,20193.71,8030.98,6226.46
63068.01,48761.77,34455.67,20151.38,8003.12,6225.73
63026.09,48719.86,34413.75,20109.47,7978.89,6224.72
63022.69,48716.46,34410.35,20106.07,7984.37,6224.33
63017.69,48708.07,34398.55,20090.87,7971.2,6211.16
63021.34,48866.14,34711.04,20557.79,8544.49,6784.45
63037.33,48882.13,34727.04,20573.78,8544.82,6784.78
63022.87,48860.88,34698.99,20538.920000000002,8517.47,6757.43
62982.94,48663.12,34343.41,20025.51,7875.09,6115.05
62966.34,48488.7,34011.16,19535.44,7240.89,5443.62
62950.63,48311.76,33673.0,19036.06,6590.76,4742.03
62908.61,48269.73,33630.98,18994.04,6562.1,4742.39
62864.46,48225.57,33586.83,18949.89,6530.62,4742.7
62836.8,48197.91,33559.17,18922.23,6514.1,4742.75
62799.48,47999.36,33199.4,18401.23,5843.59,4023.68
62772.34,47810.99,32849.81,17890.420000000002,5185.0,3318.16
62726.89,47604.32,32481.91,17361.3,4517.13,2641.58
62690.61,47564.64,32438.83,17314.82,4481.79,2627.05
62672.52,47546.56,32420.74,17296.74,4474.11,2627.03
62680.48,47551.13,32421.9,17294.51,4474.7,2612.43
62671.55,47538.8,32406.16,17275.38,4461.8,2597.57
62684.91,47552.17,32419.52,17288.75,4479.79,2597.27
62687.75,47555.0,32422.36,17291.58,4487.73,2597.22
62693.25,47563.89,32434.65,17307.28,4510.11,2613.33
62696.65,47567.3,32438.05,17310.69,4519.29,2614.33
62731.77,47605.81,32479.97,17356.01,4568.18,2630.71
62768.01,47645.46,32523.010000000002,17402.45,4617.34,2646.96
62806.0,47686.85,32567.8,17450.64,4660.21,2662.6400000000003
62863.2,47747.45,32631.8,17518.04,4688.22,2677.9500000000003
62906.6,47797.65,32688.8,17581.84,4715.45,2705.18
62970.56,47868.41,32766.36,17666.2,4756.01,2732.82
63011.31,48070.39,33129.56,18190.63,5395.48,3372.29
63047.56,48110.03,33172.61,18237.07,5429.75,3386.61
63103.06,48168.92,33234.9,18302.76,5481.6,3401.51
63137.49,48210.15,33282.93,18357.58,5541.4,3432.2200000000003
63168.34,48402.23,33636.23,18872.11,6203.7,4123.81
63193.85,48431.15,33668.54,18907.82,6241.08,4139.5
63200.56,48437.85,33675.25,18914.53,6249.51,4140.3
63207.37,48444.67,33682.06,18921.34,6257.84,4141.0
63187.54,48424.840000000004,33662.22,18901.51,6244.81,4142.06
63185.95,48419.84,33653.82,18889.71,6231.76,4129.01
63186.16,48420.04,33654.02,18889.91,6232.03,4129.28
63175.86,48409.74,33643.72,18879.61,6232.78,4130.03
63189.82,48423.69,33657.67,18893.56,6252.41,4131.1900000000005
63188.48,48422.36,33656.33,18892.22,6259.16,4132.1900000000005
63168.23,48402.12,33636.08,18871.97,6251.14,4132.84
63167.23,48401.12,33635.08,18870.98,6257.21,4133.4
63187.84,48421.72,33655.69,18891.58,6279.42,4134.17
63248.47,48482.35,33716.32,18952.21,6334.13,4134.78
63310.14,48544.03,33778.0,19013.89,6389.06,4135.3
63326.34,48560.23,33794.2,19030.1,6408.02,4136.1
63352.14,48586.03,33819.99,19055.9,6418.24,4136.8
63383.87,48617.77,33851.72,19087.64,6418.88,4137.44
63387.46,48624.77,33862.11,19101.44,6431.97,4150.53
63368.13,48608.83,33849.57,19092.31,6444.86,4163.42
63388.1,48632.21,33876.340000000004,19122.49,6457.78,4176.34
63375.89,48623.4,33870.92,19120.48,6471.14,4189.7
63328.1,48575.61,33823.12,19072.69,6444.14,4190.47
63277.73,48525.23,33772.75,19022.32,6411.7,4191.3
63250.15,48497.65,33745.17,18994.75,6391.54,4191.88
63217.33,48464.82,33712.340000000004,18961.920000000002,6367.16,4192.46
63194.45,48441.93,33689.46,18939.03,6350.22,4192.83
63166.92,48414.4,33661.93,18911.5,6329.56,4193.31
63144.75,48392.23,33639.76,18889.34,6312.4800000000005,4193.79
63121.409999999996,48372.3,33623.22,18876.21,6321.06,4207.74
63136.95,48387.85,33638.76,18891.75,6321.57,4208.25
63141.17,48392.07,33642.98,18895.97,6321.92,4208.6
63133.3,48384.2,33635.11,18888.1,6320.95,4208.9800000000005
63139.8,48390.7,33641.61,18894.6,6331.41,4209.88
63168.01,48418.91,33669.82,18922.81,6358.61,4210.49
63193.07,48443.97,33694.88,18947.88,6383.43,4210.97
63211.12,48462.02,33712.93,18965.94,6403.04,4211.43
63236.56,48487.46,33738.37,18991.38,6428.38,4211.84
63262.3,48513.21,33764.12,19017.12,6453.7,4212.62
63273.89,48524.81,33775.72,19028.72,6467.51,4213.59
63307.79,48558.7,33809.62,19062.61,6488.97,4214.41
63338.47,48589.38,33840.3,19092.3,6489.22,4214.66
63371.11,48618.63,33866.14,19113.78,6476.77,4202.21
63406.52,48657.45,33908.35,19159.39,6490.02,4215.46
63433.86,48688.18,33942.48,19196.920000000002,6504.0,4229.44
63460.83,48715.15,33969.45,19223.89,6518.09,4229.51
63476.86,48731.18,33985.48,19239.93,6531.01,4229.81
63473.53,48727.85,33982.15,19236.6,6528.76,4230.27
63476.56,48730.88,33985.19,19239.63,6530.7,4230.82
63488.5,48742.83,33997.13,19251.57,6540.54,4231.1900000000005
63504.18,48758.51,34012.81,19267.25,6554.03,4231.37
63537.89,48792.21,34046.52,19300.95,6582.11,4231.19
63558.46,48816.18,34073.89,19331.73,6612.94,4245.79
63576.47,48837.58,34098.69,19359.93,6628.3,4259.41
63615.04,48876.15,34137.25,19398.5,6632.62,4259.58
63642.6,48903.72,34164.81,19426.07,6637.24,4259.57
63642.29,48903.42,34164.5,19425.77,6632.7300000000005,4259.65
63636.34,48897.47,34158.55,19419.82,6624.49,4259.36
63616.82,48877.96,34139.04,19400.3,6605.27,4259.24
63608.86,48870.0,34131.08,19392.34,6595.8,4259.21
63617.4,48878.54,34139.62,19400.87,6599.32,4259.32
63643.96,48905.11,34166.18,19427.44,6617.21,4259.52
63667.04,48928.19,34189.27,19450.52,6633.11,4259.71
63707.38,48968.53,34229.61,19490.86,6662.25,4259.99
63710.43,48971.58,34232.67,19493.91,6663.31,4259.85
63738.77,48996.52,34254.22,19512.05,6659.71,4245.89
63741.42,48837.95,33934.42,19031.03,6059.87,3646.05
63745.63,48835.35,33925.02,19014.83,6032.66,3618.84
63743.31,48833.03,33922.7,19012.51,6032.43,3618.61
63776.479999999996,48862.8,33949.07,19035.48,6040.8,3604.27
63776.06,48858.98,33941.85,19024.86,6026.9,3589.25
63773.2,48856.13,33939.0,19022.0,6024.14,3589.0
63797.159999999996,48880.09,33962.96,19045.96,6042.57,3588.45
63820.04,48902.98,33985.84,19068.84,6060.31,3588.01
63824.1,48907.03,33989.9,19072.9,6062.73,3587.7200000000003
63822.06,48904.99,33987.86,19070.86,6060.25,3587.29
63808.84,48895.18,33981.45,19067.84,6060.82,3601.7400000000002
63800.81,48890.54,33980.22,19070.0,6066.09,3615.6600000000003
63758.44,48848.17,33937.85,19027.63,6064.01,3615.42
63724.6,48814.33,33904.01,18993.79,6048.04,3614.71
63700.06,48789.78,33879.47,18969.25,6028.85,3613.9900000000002
63687.56,48777.27,33866.97,18956.75,6020.19,3613.4900000000002
63650.76,48740.47,33830.17,18919.95,5991.75,3613.11
63627.37,48717.08,33806.78,18896.57,5973.76,3612.2400000000002
63591.64,48677.95,33764.25,18850.64,5932.16,3596.0
63585.58,48671.88,33758.19,18844.57,5927.78,3595.15
63566.75,48649.65,33732.56,18815.53,5900.0,3579.56
63560.38,48639.87,33719.39,18798.95,5881.73,3564.21
63533.36,48609.45,33685.58,18761.73,5847.16,3549.48
63500.73,48573.43,33646.15,18718.91,5820.02,3535.04
63493.6,48559.5,33625.43,18691.38,5792.75,3507.77
63459.53,48518.63,33577.77,18636.91,5752.28,3480.2200000000003
63419.74,48317.62,33215.53,18113.45,5113.23,2841.17
63381.79,48276.28,33170.78,18065.31,5079.16,2827.05
63362.51,48253.61,33144.7,18035.84,5048.58,2811.9
63337.27,48221.58,33105.86,17990.21,4999.2699999999995,2781.61
63319.01,48042.1,32765.15,17488.28,4349.38,2090.5
63306.41,48026.09,32745.75,17465.47,4324.94,2075.26
63304.82,48024.51,32744.16,17463.88,4323.3,2074.97
63301.26,48020.95,32740.6,17460.32,4320.18,2074.88
63316.23,48035.91,32755.57,17475.28,4332.19,2074.5
63333.52,48053.2,32772.86,17492.58,4335.4800000000005,2074.14
63367.48,48087.17,32806.83,17526.55,4335.6,2074.26
63393.99,48113.67,32833.340000000004,17553.05,4338.65,2074.7
63388.13,48107.82,32827.48,17547.2,4331.26,2074.76
63397.99,48117.68,32837.34,17557.06,4337.0,2075.06
63406.64,48126.33,32846.0,17565.71,4340.97,2075.5
63405.41,48125.11,32844.77,17564.48,4338.27,2076.0
63381.88,48101.58,32821.24,17540.96,4319.8,2076.33
63352.38,48072.08,32791.74,17511.46,4295.87,2076.19
63308.51,48028.2,32747.86,17467.58,4261.4,2076.54
63303.99,48023.69,32743.34,17463.06,4257.4,2076.66
63285.22,48004.91,32724.57,17444.28,4248.02,2076.8
63289.17,48008.85,32728.52,17448.22,4248.27,2077.05
63319.47,48035.74,32752.02,17468.31,4235.29,2064.07
63359.47,48072.34,32785.22,17498.1,4222.64,2051.42
63370.42,48079.89,32789.38,17498.85,4209.93,2038.71
63405.04,48111.1,32817.2,17523.27,4202.93,2025.63
63426.73,48132.79,32838.89,17544.96,4210.93,2025.89
63466.0,48172.07,32878.16,17584.23,4236.18,2025.99
63509.34,48215.42,32921.51,17627.57,4270.56,2025.97
63554.13,48260.22,32966.3,17672.37,4305.59,2026.04
63600.52,48306.62,33012.69,17718.77,4341.7,2026.09
63635.15,48341.26,33047.32,17753.4,4368.32,2026.4
63664.63,48370.74,33076.8,17782.87,4391.62,2026.78
63681.4,48384.11,33086.77,17789.44,4379.36,2013.75
63704.93,48407.63,33110.3,17812.96,4379.85,2014.24
63745.3,48448.0,33150.67,17853.33,4403.81,2014.84
63812.58,48515.28,33217.95,17920.61,4456.03,2015.1
63838.1,48540.79,33243.47,17946.13,4475.1,2015.01
63843.69,48546.37,33249.06,17951.72,4479.42,2015.04
63845.37,48548.06,33250.74,17953.4,4480.73,2015.34
63833.76,48536.46,33239.14,17941.79,4472.16,2015.43
63825.0,48527.71,33230.38,17933.04,4466.4,2015.47
63841.29,48543.99,33246.66,17949.32,4481.03,2015.43
63874.18,48576.88,33279.54,17982.21,4508.14,2015.28
63852.87,48555.58,33258.24,17960.91,4490.26,2015.02
63876.75,48582.85,33288.92,17994.99,4504.1,2028.86
63891.44,48758.76,33626.06,18493.35,5105.31,2630.07
63887.22,48912.36,33937.49,18962.6,5692.24,3217.0
63869.68,48891.42,33913.15,18934.87,5678.89,3203.65
63843.090000000004,48864.83,33886.56,18908.28,5665.58,3204.36
63808.55,48830.3,33852.020000000004,18873.74,5638.02,3205.14
63805.63,48827.37,33849.1,18870.82,5636.34,3205.42
63816.73,48999.69,34182.64,19365.59,6280.56,3892.88
63831.06,49175.24,34519.42,19863.59,6927.32,4582.57
63848.0,49353.4,34858.81,20364.2,7574.76,5268.75
63834.43,49501.06,35167.69,20834.31,8193.04,5931.21
63832.13,49495.36,35158.590000000004,20821.81,8177.92,5917.04
63839.39,49499.23,35159.05,20818.88,8170.57,5903.51
63843.7,49503.53,35163.36,20823.19,8175.59,5903.81
63863.69,49523.51,35183.35,20843.170000000002,8192.1,5904.07
63884.18,49544.0,35203.85,20863.66,8210.27,5904.07
63889.2,49549.02,35208.87,20868.68,8216.08,5904.67
63879.88,49539.7,35199.54,20859.36,8209.94,5905.22
63863.22,49523.05,35182.89,20842.71,8198.31,5905.54
63830.19,49490.02,35149.86,20809.68,8174.51,5904.99
63769.31,49429.14,35088.98,20748.8,8128.92,5904.21
63723.79,49383.61,35043.45,20703.27,8095.7300000000005,5903.39
63663.45,49323.27,34983.11,20642.93,8050.85,5902.54
63597.45,49257.26,34917.1,20576.920000000002,8021.72,5902.09
63548.79,49211.99,34875.23,20538.45,8024.81,5915.54
63517.74,49184.33,34850.98,20517.59,8037.95,5928.68
63471.9,49141.89,34811.94,20481.96,8051.14,5941.87
63426.78,49096.77,34766.81,20436.84,8051.5,5942.2300000000005
63353.34,49023.33,34693.37,20363.4,8029.59,5943.03
63289.69,48959.67,34629.72,20299.75,7991.83,5943.62
63230.81,48900.79,34570.840000000004,20240.87,7945.72,5944.12
63165.61,48835.6,34505.64,20175.67,7893.7,5944.65
63094.01,48764.0,34434.05,20104.07,7836.1900000000005,5945.26
63035.4,48705.4,34375.44,20045.46,7789.32,5945.88
62975.6,48645.6,34315.64,19985.670000000002,7743.61,5946.68
62922.02,48588.61,34255.25,19921.88,7696.45,5932.57
62860.77,48523.96,34187.2,19850.43,7682.95,5919.13
62841.61,48504.79,34168.04,19831.26,7682.16,5918.34
62813.16,48476.34,34139.590000000004,19802.81,7681.49,5917.67
62788.52,48451.71,34114.96,19778.170000000002,7659.84,5916.35
62765.54,48428.74,34091.98,19755.19,7639.18,5914.78
62740.2,48403.39,34066.64,19729.85,7617.35,5913.33
62709.55,48372.75,34035.99,19699.2,7591.66,5912.38
62686.2,48349.41,34012.64,19675.85,7572.02,5911.35
62648.41,48311.63,33974.85,19638.07,7540.95,5910.22
62615.39,48278.61,33941.83,19605.06,7513.37,5908.7300000000005
62575.06,48238.29,33901.5,19564.74,7480.84,5907.68
62528.26,48191.48,33854.69,19517.93,7472.4800000000005,5906.67
62492.27,48155.49,33818.7,19481.94,7471.64,5905.83
62440.6,48107.22,33773.82,19441.07,7484.33,5918.52
62390.97,48060.99,33730.98,19402.42,7496.95,5931.14
62345.12,48018.53,33691.93,19367.94,7509.62,5943.81
62316.78,47990.19,33663.590000000004,19339.6,7509.83,5944.02
62268.47,47941.88,33615.28,19291.29,7488.64,5944.35
62215.29,47888.69,33562.1,19238.11,7452.85,5944.67
62152.7,47826.09,33499.51,19175.51,7412.05,5945.09
62075.18,47748.58,33421.99,19098.0,7371.150000000001,5945.83
62000.24,47673.64,33347.05,19023.06,7334.13,5946.6
61925.86,47599.25,33272.67,18948.67,7298.72,5947.28
61858.91,47532.31,33205.73,18881.73,7275.28,5947.91
61811.39,47484.79,33158.21,18834.2,7271.97,5948.25
61762.41,47435.81,33109.22,18785.22,7271.31,5947.59
61742.06,47415.47,33088.87,18764.88,7267.68,5946.57
61721.95,47395.35,33068.76,18744.76,7253.2,5945.49
61713.23,47386.62,33060.04,18736.04,7247.89,5944.09
61707.71,47381.1,33054.51,18730.52,7245.52,5942.64
61694.02,47367.41,33040.82,18716.83,7235.59,5941.16
61664.43,47337.83,33011.24,18687.24,7211.72,5940.38
61633.49,47306.89,32980.3,18656.3,7186.57,5939.96
61629.42,47302.83,32976.23,18652.24,7182.57,5939.1900000000005
61632.86,47306.26,32979.67,18655.68,7185.25,5938.5
61644.78,47318.19,32991.590000000004,18667.61,7188.610000000001,5938.36
61637.0,47310.42,32983.82,18659.84,7188.54,5938.29
61634.18,47307.6,32981.0,18657.02,7188.58,5938.33
61617.41,47294.24,32971.03,18650.46,7202.1,5951.85
61604.25,47284.47,32964.66,18647.49,7215.67,5965.42
61600.79,47284.42,32968.0,18654.23,7227.08,5979.49
61598.89,47285.92,32972.91,18662.53,7239.63,5993.32
61573.16,47260.19,32947.19,18636.8,7219.26,5993.66
61545.14,47232.16,32919.16,18608.78,7196.6900000000005,5993.99
61514.89,47201.91,32888.91,18578.53,7173.2,5994.37
61481.24,47168.25,32855.26,18544.88,7146.7,5994.88
61461.21,47148.21,32835.23,18524.85,7131.08,5995.12
61439.97,47126.97,32813.99,18503.62,7113.71,5995.34
61436.95,47127.35,32817.77,18510.8,7126.4800000000005,6008.88
61450.87,47141.28,32831.7,18524.73,7131.4800000000005,6008.94
61431.72,47122.14,32812.56,18505.59,7117.13,6009.11
61398.08,47088.5,32778.93,18471.95,7092.400000000001,6009.78
61399.52,47089.94,32780.37,18473.38,7095.33,6010.24
61396.71,47087.14,32777.57,18470.57,7094.43,6010.7300000000005
61393.66,47084.09,32774.53,18467.52,7094.18,6011.22
61396.82,47087.25,32777.69,18470.68,7097.81,6011.75
61396.88,47087.31,32777.76,18470.74,7098.89,6012.41
61381.62,47072.06,32762.510000000002,18455.49,7087.09,6013.16
61374.48,47068.32,32762.170000000002,18458.55,7095.150000000001,6028.43
61397.27,47094.51,32791.75,18491.54,7128.55,6043.2300000000005
61383.52,47080.76,32778.0,18477.79,7128.42,6043.1
61374.22,46913.64,32453.05,17995.02,6540.62,5455.3
61363.86,46745.46,32127.04,17511.19,5954.0,4868.68
61370.51,46755.51,32140.49,17528.03,5967.2300000000005,4881.91
61389.84,46778.24,32166.63,17557.56,5989.4400000000005,4895.33
61404.77,46793.16,32181.56,17572.49,6002.37,4894.93
61401.08,46789.48,32177.87,17568.8,5999.91,4894.96
61366.0,46593.18,31820.34,17050.05,5337.82,4207.9800000000005
61317.05,46383.01,31448.94,16517.43,4664.68,3518.95
61267.36,46172.1,31076.8,15984.07,3991.69,2833.55
61235.61,45979.12,30722.6,15468.64,3337.68,2172.04
61201.9,45945.409999999996,30688.89,15434.92,3312.61,2172.36
61169.21,45912.71,30656.2,15402.22,3304.98,2172.65
61124.58,45868.08,30611.57,15357.59,3296.06,2172.6
61099.59,45843.09,30586.58,15332.61,3277.66,2172.72
61058.51,45802.01,30545.49,15291.53,3245.27,2173.0
61016.17,45759.67,30503.15,15249.19,3210.96,2172.65
61005.35,45748.84,30492.33,15238.37,3202.05,2171.56
60991.69,45735.17,30478.66,15224.71,3190.35,2170.63
60983.7,45727.18,30470.670000000002,15216.72,3182.88,2170.32
60996.83,45740.31,30483.8,15229.85,3191.76,2170.31
61008.86,45752.34,30495.83,15241.88,3199.86,2170.27
61008.17,45751.65,30495.15,15241.19,3197.05,2170.3
60983.6,45727.09,30470.58,15216.63,3196.8,2170.05
60954.56,45698.05,30441.54,15187.59,3196.7,2169.95
60949.32,45692.82,30436.3,15182.36,3196.77,2170.02
60953.21,45696.72,30440.19,15186.25,3197.18,2170.43
60970.05,45716.95,30463.83,15213.289999999999,3210.36,2183.61
60984.88,45735.18,30485.46,15238.32,3223.58,2196.83
60981.82,45732.13,30482.4,15235.26,3224.28,2197.53
60998.85,45749.16,30499.420000000002,15252.29,3238.42,2197.78
60998.75,45749.06,30499.33,15252.19,3239.18,2198.13
61001.12,45751.43,30501.7,15254.56,3242.38,2198.59
61010.03,45760.34,30510.61,15263.47,3250.77,2198.88
61045.76,45796.08,30546.34,15299.2,3278.48,2198.86
61072.74,45823.07,30573.32,15326.19,3292.45,2199.07
61110.72,45861.05,30611.3,15364.17,3292.53,2199.15
61149.37,45899.71,30649.95,15402.83,3293.72,2200.34
61191.09,45941.43,30691.670000000002,15444.55,3294.94,2201.56
61204.05,45954.39,30704.63,15457.51,3306.89,2203.29
61218.71,45969.05,30719.29,15472.17,3319.93,2205.17
61241.11,45991.46,30741.7,15494.57,3338.49,2206.45
61267.2,46017.55,30767.79,15520.66,3359.91,2207.92
61290.78,46041.12,30791.37,15544.23,3378.72,2209.38
61304.909999999996,46055.25,30805.51,15558.36,3389.92,2211.07
61321.42,46071.77,30822.02,15574.87,3403.71,2212.85
61353.69,46104.04,30854.29,15607.14,3429.57,2214.27
61403.26,46153.62,30903.86,15656.72,3439.16,2215.49
61437.97,46188.33,30938.57,15691.43,3440.37,2216.7
61480.34,46230.69,30980.94,15733.2,3441.41,2217.74
61532.55,46286.29,31039.95,15794.82,3455.68,2232.0099999999998
61584.27,46341.42,31098.47,15855.57,3469.98,2246.31
61614.51,46375.06,31135.51,15896.01,3483.69,2260.02
61629.43,46389.98,31150.43,15910.93,3484.36,2260.69
61635.909999999996,46396.47,31156.91,15917.41,3485.13,2261.46
61646.45,46407.01,31167.45,15927.95,3485.77,2262.1
61698.81,46459.37,31219.81,15980.31,3506.78,2262.01
61758.11,46518.67,31279.11,16039.61,3531.47,2261.81
61820.77,46581.34,31341.78,16102.28,3557.64,2261.53
61880.32,46640.89,31401.33,16161.83,3575.2,2261.34
61920.659999999996,46684.63,31448.47,16212.38,3588.88,2275.02
61958.73,46722.69,31486.54,16250.45,3590.13,2276.27
61984.43,46748.39,31512.24,16276.15,3600.49,2277.4
62016.1,46780.06,31543.91,16307.82,3625.79,2278.86
62027.74,46791.71,31555.56,16319.46,3634.86,2280.52
62033.11,46797.07,31560.93,16324.82,3639.41,2281.69
62050.15,46814.11,31577.98,16341.86,3654.14,2283.04
62080.89,46844.85,31608.71,16372.6,3680.1,2283.52
62106.11,46870.06,31633.93,16397.81,3700.79,2283.98
62102.64,46866.58,31630.46,16394.33,3698.22,2284.67
62095.34,46859.29,31623.17,16387.03,3692.03,2285.23
62059.409999999996,46823.36,31587.25,16351.1,3688.46,2285.16
62038.05,46801.99,31565.88,16329.73,3688.25,2284.95
61997.04,46764.39,31531.67,16298.93,3700.97,2297.67
61964.84,46732.19,31499.47,16267.16,3700.2,2296.9
61934.15,46701.51,31468.79,16236.48,3699.42,2296.12
61871.51,46638.87,31406.15,16173.84,3694.77,2294.89
61820.38,46584.33,31348.21,16112.51,3674.79,2281.37
61783.47,46547.42,31311.3,16075.6,3670.43,2281.45
61761.2,46525.16,31289.03,16053.33,3653.11,2281.6
61753.28,46517.24,31281.12,16045.41,3647.02,2281.69
61739.89,46503.85,31267.73,16032.01,3636.87,2282.02
61711.29,46475.25,31239.13,16003.4,3614.54,2282.5
61658.27,46422.24,31186.11,15950.38,3594.85,2282.81
61623.47,46384.04,31144.51,15905.38,3581.28,2269.24
61584.68,46345.25,31105.71,15866.59,3575.98,2268.88
61573.43,46334.0,31094.45,15855.34,3567.79,2268.93
61557.74,46318.31,31078.75,15839.65,3555.45,2267.86
61491.82,46252.4,31012.84,15773.74,3506.34,2266.36
61420.63,46181.2,30941.64,15702.55,3458.03,2265.08
61361.54,46122.11,30882.54,15643.46,3410.66,2263.72
61296.73,46057.3,30817.73,15578.65,3362.06,2262.54
61232.49,45993.06,30753.48,15514.41,3314.45,2261.15
61169.51,45930.08,30690.5,15451.43,3271.35,2259.53
61107.51,45864.67,30621.7,15379.22,3214.05,2243.6
61029.05,45782.8,30536.44,15290.56,3176.96,2228.13
60994.47,45744.82,30495.06,15245.77,3162.91,2214.08
60960.15,45710.5,30460.74,15211.65,3162.01,2213.18
60925.99,45676.34,30426.579999999998,15177.49,3161.15,2212.32
60881.03,45631.39,30381.63,15133.14,3160.14,2211.31
60828.2,45578.56,30328.79,15080.31,3150.32,2210.28
60758.47,45508.84,30259.06,15010.58,3131.0,2210.73
60675.61,45425.97,30176.2,14927.71,3095.77,2211.3
60624.85,45375.21,30125.45,14876.95,3070.9,2211.32
60589.64,45339.99,30090.24,14841.74,3054.9900000000002,2211.3
60566.53,45316.88,30067.13,14818.63,3042.48,2211.2
60545.84,45296.19,30046.44,14797.95,3034.75,2210.97
60542.06,45292.41,30042.66,14794.17,3034.45,2210.67
60515.02,45268.78,30022.42,14777.34,3047.23,2223.45
60521.54,45275.31,30028.94,14783.86,3047.02,2223.24
60539.37,45293.15,30046.77,14801.69,3061.1,2223.43
60539.2,45292.98,30046.61,14801.52,3060.31,2223.46
60531.93,45285.71,30039.34,14794.25,3054.84,2223.58
60512.55,45266.33,30019.96,14774.86,3039.09,2224.06
60503.48,45257.26,30010.89,14765.789999999999,3031.7,2224.67
60505.76,45259.54,30013.17,14768.07,3032.97,2225.14
60522.07,45275.85,30029.48,14784.38,3045.51,2225.59
60543.08,45296.87,30050.49,14805.4,3061.36,2226.15
60565.21,45318.99,30072.61,14827.52,3078.11,2227.05
60628.45,45382.23,30135.85,14890.76,3085.64,2228.03
60661.62,45415.41,30169.02,14923.94,3086.38,2228.77
60684.06,45437.85,30191.47,14946.38,3086.75,2229.14
60693.21,45446.99,30200.62,14955.52,3086.94,2229.33
60692.38,45446.16,30199.79,14954.68,3087.2,2229.59
60700.79,45454.58,30208.2,14963.1,3087.45,2229.84
60727.22,45481.0,30234.63,14989.52,3093.15,2229.58
60729.61,45483.38,30237.02,14991.9,3094.98,2229.81
60733.86,45487.63,30241.26,14996.15,3098.8,2230.18
60729.45,45483.22,30236.84,14991.74,3095.33,2230.55
60713.42,45467.19,30220.81,14975.71,3082.52,2231.06
60686.01,45439.77,30193.4,14948.29,3060.7,2231.64
60671.3,45425.06,30178.7,14933.58,3049.08,2231.99
60681.23,45435.0,30188.64,14943.52,3048.9,2231.81
60694.06,45447.83,30201.48,14956.35,3048.75,2231.66
60713.56,45467.32,30220.98,14975.85,3062.95,2231.83
60716.46,45470.22,30223.87,14978.75,3064.26,2231.77
60730.91,45484.67,30238.329999999998,14993.2,3075.08,2231.37
60753.22,45506.98,30260.64,15015.51,3092.37,2231.42
60763.98,45517.74,30271.4,15026.27,3100.43,2231.23
60774.19,45527.96,30281.61,15036.49,3108.52,2230.97
60803.33,45557.1,30310.75,15065.63,3131.81,2230.64
60838.2,45591.97,30345.63,15100.5,3158.61,2230.29
60856.66,45610.43,30364.09,15118.96,3172.14,2230.22
60878.61,45635.78,30392.84,15151.11,3202.87,2244.69
60892.0,45652.56,30413.03,15174.69,3216.08,2257.9
60877.02,45640.99,30404.86,15169.91,3228.52,2270.34
60857.39,45621.37,30385.24,15150.29,3227.79,2269.61
60845.56,45609.54,30373.42,15138.46,3227.03,2268.85
60866.9,45627.47,30387.96,15149.6,3214.16,2255.3
60880.88,45641.45,30401.94,15163.58,3214.0099999999998,2255.15
60897.84,45658.41,30418.9,15180.54,3220.55,2254.92
60935.8,45696.38,30456.86,15218.51,3244.28,2254.36
60944.43,45705.01,30465.489999999998,15227.14,3245.29,2254.26
60940.84,45701.42,30461.9,15223.55,3235.86,2254.24
60931.39,45691.96,30452.44,15214.1,3221.82,2254.25
60896.18,45660.15,30424.02,15189.09,3217.89,2268.07
60871.0,45634.98,30398.84,15163.91,3217.03,2267.21
60873.77,45637.76,30401.61,15166.68,3215.83,2266.01
60856.03,45620.01,30383.87,15148.93,3205.38,2264.79
60825.48,45589.47,30353.329999999998,15118.39,3177.5099999999998,2263.33
60807.38,45571.36,30335.22,15100.28,3157.08,2261.7
60792.39,45556.38,30320.239999999998,15085.3,3138.41,2260.76
60783.66,45547.64,30311.5,15076.56,3125.03,2260.24
60778.62,45542.6,30306.47,15071.52,3113.86,2259.86
60781.94,45545.92,30309.79,15074.84,3110.07,2259.58
60800.58,45564.57,30328.43,15093.49,3118.44,2259.13
60798.31,45562.3,30326.15,15091.22,3112.04,2258.75
60819.75,45583.73,30347.579999999998,15112.65,3112.29,2259.0
60846.99,45610.98,30374.82,15139.9,3112.95,2259.66
60874.77,45638.75,30402.6,15167.67,3113.6,2260.31
60905.98,45669.96,30433.81,15198.45,3114.23,2260.94
60935.37,45699.35,30463.19,15227.84,3114.79,2261.5
60986.53,45750.51,30514.35,15279.0,3115.64,2262.35
61058.08,45822.07,30585.9,15350.55,3136.54,2261.83
61131.85,45895.84,30659.67,15424.32,3170.05,2261.27
61143.95,45907.94,30671.78,15436.42,3178.63,2261.28
61129.47,45893.46,30657.29,15421.94,3165.84,2261.33
61108.38,45872.37,30636.2,15400.85,3152.63,2261.17
61090.04,45854.03,30617.86,15382.52,3149.34,2261.01
61076.41,45840.39,30604.23,15368.88,3149.74,2261.41
61058.09,45825.47,30592.71,15360.76,3162.71,2274.38
61048.3,45815.68,30582.92,15350.97,3162.42,2274.09
61059.94,45827.32,30594.57,15362.61,3172.0099999999998,2273.71
61053.0,45820.38,30587.63,15355.67,3166.88,2274.23
61081.77,45849.14,30616.39,15384.44,3187.62,2275.84
61125.2,45892.58,30659.82,15427.87,3215.31,2277.12
61164.36,45931.73,30698.98,15467.02,3247.5,2278.34
61214.07,45981.44,30748.68,15516.73,3284.9,2279.49
61265.89,46033.25,30800.5,15568.55,3323.66,2280.69
61300.66,46068.02,30835.27,15603.32,3345.91,2282.18
61328.16,46095.52,30862.77,15630.83,3364.86,2283.5
61368.89,46136.26,30903.5,15671.56,3365.95,2284.59
61411.28,46178.659999999996,30945.89,15713.960000000001,3367.02,2285.66
61436.57,46203.95,30971.18,15739.05,3368.0,2286.64
61458.85,46226.23,30993.46,15761.33,3368.95,2287.59
61491.57,46258.95,31026.17,15793.45,3369.86,2288.5
61515.37,46279.34,31043.17,15807.04,3357.64,2276.28
61574.02,46337.99,31101.83,15865.69,3366.98,2276.17
61642.79,46567.99,31493.05,16418.14,4017.19,2926.38
61686.75,46773.17,31859.45,16945.77,4662.27,3571.46
61719.73,46967.38,32214.88,17462.42,5300.14,4209.33
61744.92,47153.79,32562.52,17971.28,5938.03,4847.22
61775.72,47345.82,32915.77,18485.75,6578.13,5487.32
61764.84,47496.17,33227.34,18958.55,7182.58,6091.77
61799.06,47533.79,33268.36,19002.97,7196.47,6105.66
61809.81,47547.93,33285.909999999996,19023.92,7210.16,6119.35
61817.03,47558.55,33299.93,19041.34,7228.53,6133.79
61843.8,47588.71,33333.49,19078.3,7263.36,6148.83
61899.77,47648.08,33396.27,19144.47,7321.45,6164.18
61964.85,47716.57,33468.159999999996,19219.76,7387.72,6179.82
61975.99,47727.72,33479.3,19230.9,7397.34,6179.9
62000.14,47751.87,33503.45,19255.06,7417.68,6180.2699999999995
62001.28,47753.01,33504.59,19256.2,7419.85,6181.15
61987.44,47739.17,33490.75,19242.36,7410.97,6181.67
61954.85,47706.58,33458.16,19209.78,7391.99,6181.54
61905.43,47657.159999999996,33408.74,19160.36,7384.89,6180.99
61895.82,47647.55,33399.14,19150.75,7384.46,6180.5599999999995
61875.78,47627.5,33379.09,19130.7,7383.9,6180.0
61868.72,47620.45,33372.04,19123.65,7383.67,6179.7699999999995
61882.98,47634.72,33386.31,19137.92,7383.3,6179.4
61892.71,47641.05,33389.25,19137.45,7369.72,6165.82
61896.97,47645.32,33393.52,19141.72,7372.95,6165.39
61891.5,47639.86,33388.05,19136.26,7367.82,6165.26
61891.5,47639.86,33388.06,19136.26,7367.44,6165.2300000000005
61911.14,47659.49,33407.7,19155.89,7383.17,6165.01
61938.03,47847.6,33757.04,19666.45,8031.01,6813.78
61948.45,47858.03,33767.46,19676.88,8038.93,6813.75
61958.24,47867.82,33777.25,19686.67,8046.58,6813.68
61961.96,47874.94,33787.76,19700.59,8060.04,6827.14
61987.89,47900.86,33813.68,19726.52,8073.87,6827.6
62012.84,47925.82,33838.63,19751.47,8093.49,6827.57
62017.82,47930.79,33843.61,19756.44,8097.3,6827.19
62006.38,47919.34,33832.16,19745.0,8088.15,6826.93
61990.21,47903.159999999996,33815.98,19728.83,8075.93,6826.61
61960.47,47873.42,33786.24,19699.09,8053.0199999999995,6825.98
61793.36,47706.31,33632.17,19580.97,8011.12,6829.14
61747.39,47660.33,33586.19,19534.99,7975.86,6828.32
61758.79,47829.55,33913.23,20019.86,8614.63,7525.74
61715.090000000004,47785.84,33869.53,19976.15,8582.039999999999,7525.08
61646.590000000004,47713.93,33794.23,19897.45,8542.2,7509.87
61618.07,47682.02,33758.92,19858.74,8528.44,7496.11
61588.22,47648.77,33722.26,19819.41,8515.0,7482.67
61563.32,47620.47,33690.55,19784.31,8501.59,7469.26
61544.27,47598.01,33664.69,19755.05,8488.52,7456.19
61527.42,47581.16,33647.84,19738.19,8487.55,7455.9
61535.77,47589.5,33656.19,19746.53,8500.0,7455.3
61534.13,47587.86,33654.55,19744.89,8504.619999999999,7454.85
61479.38,47533.11,33599.81,19690.14,8480.96,7455.48
61419.14,47472.86,33539.57,19629.9,8459.48,7456.21
61387.17,47440.89,33507.61,19597.93,8444.28,7456.49
61332.66,47386.39,33453.1,19543.42,8432.38,7456.99
61307.82,47358.14,33421.46,19508.37,8418.91,7443.52
61298.74,47345.659999999996,33405.58,19489.09,8406.289999999999,7430.9
61284.1,47331.01,33390.94,19474.44,8406.77,7431.38
61290.19,47337.11,33397.03,19480.54,8407.4,7432.01
61282.06,47328.98,33388.89,19472.41,8407.6,7432.21
61254.73,47301.659999999996,33361.57,19445.09,8401.05,7432.78
61248.13,47295.06,33354.96,19438.49,8402.51,7433.04
61230.15,47277.08,33336.98,19420.52,8394.539999999999,7433.16
61226.16,47273.09,33332.98,19416.53,8398.58,7433.58
61208.11,47255.05,33314.94,19398.49,8391.58,7434.16
61186.92,47233.86,33293.76,19377.3,8382.53,7434.51
61161.93,47208.87,33268.77,19352.31,8372.58,7434.64
61160.16,47207.11,33267.0,19350.55,8372.59,7434.65
61152.71,47199.659999999996,33259.55,19343.1,8372.55,7434.61
61159.74,47206.69,33266.58,19350.13,8372.6,7434.66
61166.46,47213.409999999996,33273.3,19356.85,8372.72,7434.78
61194.04,47240.99,33300.88,19384.43,8373.01,7435.07
61219.91,47270.26,33333.55,19420.5,8401.96,7449.33
61219.21,47430.78,33655.3,19903.47,9029.74,8098.53
61198.44,47571.23,33956.97,20366.37,9639.26,8742.12
61189.65,47723.659999999996,34270.62,20841.25,10256.86,9374.64
61201.06,47896.29,34604.48,21336.33,10891.65,10011.98
61213.01,48069.47,34938.88,21831.96,11520.3,10640.630000000001
61224.97,48242.659999999996,35273.29,22327.59,12139.34,11259.67
61262.74,48280.43,35311.06,22365.36,12139.26,11259.59
61301.11,48315.4,35342.64,22393.53,12126.65,11246.98
61347.46,48361.75,35388.99,22439.88,12132.74,11247.66
61370.2,48384.49,35411.72,22462.62,12150.68,11248.36
61397.7,48411.98,35439.22,22490.12,12172.95,11249.03
61418.5,48432.78,35460.02,22510.92,12188.8,11249.27
61438.78,48453.05,35480.3,22531.19,12204.24,11249.29
61451.72,48465.99,35493.24,22544.13,12213.67,11249.48
61464.81,48479.08,35506.33,22557.22,12223.55,11249.59
61468.67,48482.94,35510.19,22561.07,12225.39,11249.8
61478.19,48492.46,35519.71,22570.59,12231.53,11249.94
61462.71,48476.98,35504.23,22555.1,12217.6,11249.87
61456.270000000004,48470.53,35497.79,22548.65,12217.67,11249.94
61448.54,48462.8,35490.07,22540.92,12217.710000000001,11249.98
61466.88,48481.13,35508.41,22559.26,12217.68,11249.95
61482.63,48496.88,35524.17,22575.01,12217.74,11250.01
61485.15,48499.4,35526.7,22577.53,12217.88,11250.15
61475.94,48493.6,35524.3,22578.53,12231.01,11263.28
61482.78,48500.44,35531.13,22585.37,12237.58,11263.14
61463.07,48480.73,35511.42,22565.66,12217.87,11243.43
61447.6,48304.04,35173.5,22066.52,11580.03,10598.75
61440.14,48135.35,34843.59,21575.38,10950.04,9961.25
61433.51,47967.5,34514.52,21085.08,10320.75,9323.76
61421.57,47794.33,34180.13,20589.46,9686.46,8684.11
61457.57,47669.11,33893.68,20141.79,9097.3,8079.78
61500.090000000004,47708.23,33929.4,20174.11,9105.09,8066.650000000001
61518.81,47723.56,33941.32,20182.63,9093.42,8053.22
61531.01,47732.35,33946.72,20184.62,9089.38,8038.68
61528.840000000004,47726.79,33937.76,20172.26,9073.65,8023.49
61508.96,47703.5,33911.07,20142.18,9044.15,8008.1
61451.94,47643.08,33847.24,20074.96,8984.69,7991.85
61424.62,47615.75,33819.92,20047.64,8962.99,7990.6900000000005
61373.03,47564.17,33768.33,19996.05,8922.22,7989.41
61338.1,47529.23,33733.4,19961.11,8895.07,7987.61
61301.94,47493.07,33697.25,19924.95,8869.12,7986.27
61292.090000000004,47483.23,33687.4,19915.1,8868.06,7985.21
61280.75,47471.88,33676.06,19903.75,8867.4,7984.55
61253.15,47444.28,33648.46,19877.55,8866.87,7984.02
61238.41,47429.55,33633.72,19864.02,8866.49,7983.64
61217.22,47408.36,33612.52,19843.69,8865.84,7982.99
61192.16,47383.29,33587.45,19818.63,8865.47,7982.62
61189.83,47380.95,33585.11,19816.29,8865.49,7982.64
61199.99,47391.1,33595.26,19826.44,8873.87,7982.78
61208.12,47399.23,33603.4,19834.57,8880.5,7982.88
61205.44,47396.54,33600.71,19831.89,8877.79,7982.96
61185.82,47376.92,33581.09,19812.28,8861.45,7983.07
61173.07,47202.94,33245.89,19315.85,8224.01,7334.08
61170.020000000004,47199.89,33242.85,19312.8,8220.77,7334.08
61191.29,47221.16,33264.11,19334.07,8236.41,7333.71
61227.97,47254.44,33294.0,19360.55,8244.19,7319.6900000000005
61237.66,47264.14,33303.69,19370.24,8251.24,7319.4400000000005
61236.29,47262.76,33302.32,19368.86,8249.61,7319.56
61256.82,47283.29,33322.85,19389.39,8265.66,7319.89
61267.45,47293.93,33333.48,19400.02,8273.54,7320.49
61277.79,47304.28,33343.82,19410.36,8280.36,7320.68
61275.83,47302.31,33341.86,19408.4,8277.29,7320.74
61420.020000000004,47446.49,33473.01,19503.59,8300.460000000001,7317.150000000001
61415.4,47441.87,33468.39,19498.98,8295.35,7316.93
61335.29,47203.93,33072.63,18945.39,7602.81,6618.05
61315.39,47184.03,33052.73,18925.5,7589.8,6616.97
61317.49,47186.14,33054.83,18927.6,7589.24,6616.41
61313.14,47181.78,33050.47,18923.25,7588.78,6615.95
61342.38,47211.01,33079.71,18951.77,7588.93,6616.1
61357.14,47225.77,33094.48,18966.53,7588.95,6616.12
61358.07,47226.7,33095.41,18967.46,7588.47,6615.64
61328.21,47200.25,33072.36,18947.81,7601.33,6628.5
61277.76,47149.81,33021.91,18897.37,7588.6,6628.82
61240.07,47112.11,32984.22,18859.68,7576.96,6629.02
61226.16,47098.2,32970.3,18845.77,7576.62,6628.68
61222.86,47094.9,32967.0,18842.47,7576.1,6628.16
61205.840000000004,47077.88,32949.97,18825.45,7575.96,6628.02
61207.38,47079.41,32951.51,18826.98,7575.860000000001,6627.92
61219.94,47095.38,32970.87,18849.75,7588.55,6640.610000000001
61214.89,47093.73,32972.62,18854.9,7601.06,6653.12
61194.08,47072.93,32951.81,18834.1,7600.56,6652.62
61167.97,47046.81,32925.7,18807.98,7600.02,6652.08
61145.88,47024.72,32903.62,18785.89,7599.88,6651.9400000000005
61129.91,47008.75,32887.64,18769.92,7599.62,6651.68
61098.37,46977.21,32856.1,18738.38,7590.74,6651.6
61076.93,46955.77,32834.66,18716.94,7576.79,6651.09
61050.62,46929.46,32808.36,18690.63,7555.59,6650.21
61026.39,46905.23,32784.12,18666.4,7537.05,6649.11
61008.49,46887.32,32766.21,18648.5,7521.82,6648.06
60976.26,46855.09,32733.98,18616.27,7521.12,6647.36
60945.270000000004,46824.09,32702.99,18585.27,7520.56,6646.8
60928.72,46807.53,32686.44,18568.71,7520.15,6646.39
60923.16,46801.97,32680.88,18563.15,7520.11,6646.35
60918.520000000004,46797.33,32676.24,18558.51,7519.92,6646.16
60881.72,46760.53,32639.45,18521.71,7519.31,6645.55
60840.02,46715.43,32590.96,18469.81,7489.95,6630.88
60816.88,46531.07,32245.37,17963.0,6843.11,5981.54
60787.2,46340.17,31893.25,17449.65,6199.66,5338.09
60756.53,46148.27,31540.13,16935.3,5567.23,4705.66
60714.9,45945.42,31176.06,16410.0,4929.98,4068.41
60680.32,45749.61,30819.03,15891.75,4301.41,3439.8399999999997
60654.87,45562.93,30471.13,15382.62,3682.33,2820.76
60612.69,45520.76,30428.96,15340.45,3682.21,2820.64
60570.94,45482.4,30394.0,15308.9,3694.45,2832.88
60506.71,45418.17,30329.77,15244.67,3688.06,2831.9
60443.11,45354.57,30266.18,15181.07,3659.03,2830.68
60378.68,45290.15,30201.76,15116.64,3625.85,2829.27
60317.18,45228.66,30140.26,15055.14,3589.9,2828.06
60258.92,45170.41,30082.0,14996.89,3547.24,2827.23
60211.62,45123.11,30034.7,14949.59,3507.88,2826.11
60160.64,45072.12,29983.72,14898.61,3465.68,2824.96
60112.55,45024.04,29935.64,14850.53,3425.95,2823.67
60074.04,44985.53,29897.12,14812.02,3397.78,2822.26
60026.5,44937.99,29849.58,14764.49,3392.67,2820.92
59992.88,44904.38,29815.96,14730.88,3391.62,2819.87
59967.68,44879.17,29790.75,14705.68,3390.86,2819.11
59937.88,44849.38,29760.96,14675.88,3390.24,2818.49
59925.11,44836.61,29748.18,14663.11,3389.74,2817.99
59922.28,44833.78,29745.34,14660.28,3389.26,2817.5099999999998
59942.06,44853.55,29765.11,14680.05,3388.95,2817.2
59943.72,44855.2,29766.77,14681.7,3388.99,2816.84
59945.62,44695.87,29446.22,14199.92,2767.02,2185.89
59920.94,44671.19,29421.54,14175.24,2760.06,2185.77
59886.24,44636.49,29386.84,14140.539999999999,2752.59,2185.81
59857.39,44607.64,29357.98,14111.69,2744.43,2185.85
59835.25,44585.51,29335.85,14089.56,2739.06,2185.84
59825.8,44576.05,29326.4,14080.11,2731.47,2185.97
59787.37,44537.62,29287.98,14041.68,2710.37,2185.79
59787.76,44538.0,29288.37,14042.06,2710.89,2186.04
59770.41,44520.66,29271.02,14024.72,2696.79,2186.39
59749.45,44499.69,29250.05,14003.76,2680.08,2186.82
59726.29,44476.54,29226.9,13980.6,2661.57,2187.2
59735.82,44486.06,29236.43,13990.119999999999,2669.82,2188.29
59772.0,44522.25,29272.62,14026.3,2698.96,2189.45
59807.94,44558.19,29308.57,14062.24,2727.56,2190.75
59845.2,44595.46,29345.83,14099.51,2756.61,2192.14
59892.13,44642.39,29392.75,14146.44,2790.27,2193.42
59929.98,44683.63,29437.4,14194.48,2823.04,2208.6
59985.77,44742.83,29500.0,14260.48,2841.74,2223.73
60039.24,44799.69,29560.26,14322.75,2856.15,2238.14
60102.71,44866.55,29630.53,14395.21,2870.79,2252.78
60151.56,44918.8,29686.19,14453.4,2885.2,2267.19
60181.61,44952.25,29723.04,14493.64,2899.22,2281.21
60179.36,44953.41,29727.59,14501.6,2912.84,2294.83
60158.01,44932.07,29706.25,14480.26,2895.42,2295.27
60132.06,45067.34,30002.74,14937.98,3495.63,2914.84
60106.81,45203.32,30299.94,15396.4,4094.25,3521.8900000000003
60087.9,45345.64,30603.48,15861.16,4697.47,4127.82
60061.99,45480.96,30900.02,16318.93,5296.25,4738.15
60036.23,45616.42,31196.7,16776.84,5895.15,5347.09
59995.5,45736.91,31478.420000000002,17219.78,6483.35,5960.81
59947.99,45696.2,31444.5,17192.67,6488.89,5988.150000000001
59906.16,45657.77,31409.47,17161.04,6481.68,6001.61
59880.1,45635.12,31390.22,17145.19,6474.08,6015.6
59856.0,45614.43,31372.920000000002,17131.3,6468.84,6030.13
59840.11,45601.94,31363.83,17125.61,6470.46,6044.58
59837.22,45602.45,31367.74,17132.92,6482.58,6059.78
59850.7,45615.94,31381.22,17146.4,6494.49,6060.67
59850.03,45615.28,31380.55,17145.74,6494.41,6061.33
59858.32,45623.57,31388.84,17154.02,6501.44,6062.45
59867.22,45632.47,31397.74,17162.93,6509.1,6064.2
59890.48,45659.14,31427.8,17196.39,6538.93,6080.02
59898.91,45670.97,31443.03,17215.02,6553.14,6094.2300000000005
59901.33,45676.8,31452.26,17227.64,6566.95,6108.04
59904.02,45682.9,31461.76,17240.53,6580.5,6121.59
59913.49,45695.76,31478.02,17260.2,6594.05,6135.14
59929.22,45714.89,31500.55,17286.13,6608.08,6149.17
59950.23,45735.9,31521.55,17307.14,6609.08,6150.17
59993.82,45779.49,31565.14,17350.73,6615.23,6150.36
60045.99,45831.67,31617.32,17402.9,6636.92,6150.43
60091.16,46038.06,31984.94,17931.74,7271.4,6784.91
60137.3,46245.43,32353.53,18461.55,7909.56,7423.07
60176.68,46446.03,32715.36,18984.6,8547.78,8061.29
60218.74,46649.32,33079.87,19510.34,9180.47,8693.98
60240.07,46828.47,33416.85,20005.14,9783.95,9297.460000000001
60258.94,46850.74,33442.53,20034.21,9797.92,9311.43
60289.69,46884.89,33480.08,20075.16,9812.41,9325.92
60337.45,46936.05,33534.64,20133.13,9844.19,9341.32
60387.31,46989.31,33591.3,20193.19,9876.880000000001,9356.65
60449.79,47055.19,33660.59,20265.87,9918.74,9371.960000000001
60504.95,47110.35,33715.76,20321.03,9946.800000000001,9372.880000000001
60534.86,47140.26,33745.67,20350.93,9968.630000000001,9374.04
60555.33,47160.72,33766.13,20371.39,9986.69,9375.39
60575.14,47180.53,33785.94,20391.2,10003.43,9376.66
60581.24,47186.64,33792.04,20397.3,10010.8,9377.960000000001
60597.22,47202.61,33808.02,20413.27,10011.68,9378.84
60608.55,47213.95,33819.35,20424.61,10012.24,9379.4
60620.6,47226.01,33831.41,20436.670000000002,10012.62,9379.78
60614.99,47220.4,33825.8,20431.07,10012.67,9379.83
60606.409999999996,47211.82,33817.23,20422.49,10012.54,9379.7
60599.71,47205.12,33810.52,20415.79,10012.51,9379.67
60573.82,47179.22,33784.62,20389.89,10012.39,9379.550000000001
60537.46,47142.85,33748.26,20353.53,10010.52,9380.18
60542.56,47147.94,33753.35,20358.62,10010.59,9380.25
60561.56,47166.94,33772.35,20377.62,10010.55,9380.210000000001
60584.17,47189.55,33794.95,20400.23,10010.53,9380.19
60610.85,47216.23,33821.63,20426.9,10010.54,9380.2
60639.34,47244.73,33850.13,20455.4,10011.27,9380.32
60695.14,47300.53,33905.92,20511.2,10019.31,9380.08
60764.18,47369.57,33974.96,20580.23,10027.28,9381.1
60825.31,47430.69,34036.09,20641.35,10029.27,9382.01
60883.83,47489.2,34094.6,20699.87,10054.460000000001,9382.84
60943.0,47548.37,34153.76,20759.04,10083.45,9383.74
60996.83,47602.19,34207.59,20812.86,10113.53,9384.48
61020.29,47625.65,34231.05,20836.32,10128.710000000001,9385.19
61030.17,47635.54,34240.94,20846.21,10139.23,9385.47
60964.88,47570.25,34175.65,20780.91,10136.23,9387.44
60950.61,47555.98,34161.37,20766.64,10135.74,9387.7
60937.84,47543.2,34148.6,20753.86,10135.78,9387.74
60952.24,47557.6,34163.0,20768.260000000002,10135.73,9387.69
60948.74,47554.090000000004,34159.5,20764.75,10135.76,9387.72
60939.4,47544.75,34150.16,20755.41,10135.53,9387.49
60921.15,47526.49,34131.9,20737.86,10135.42,9387.380000000001
60903.26,47508.590000000004,34114.01,20719.96,10135.31,9387.27
60893.83,47499.16,34104.58,20710.53,10135.16,9387.12
60873.28,47478.62,34084.03,20689.99,10134.98,9386.94
60844.91,47450.26,34055.66,20661.63,10118.61,9387.130000000001
60822.42,47427.78,34033.18,20639.15,10109.74,9387.24
60814.88,47420.24,34025.64,20631.61,10109.62,9387.12
60816.82,47422.19,34027.58,20633.56,10109.380000000001,9386.880000000001
60822.51,47427.87,34033.27,20639.24,10109.06,9386.56
60823.44,47428.8,34034.2,20640.170000000002,10108.79,9386.29
60800.37,47405.74,34011.13,20617.1,10101.15,9386.1
60779.67,47385.04,33990.42,20596.4,10100.460000000001,9385.41
60772.72,47378.1,33983.47,20589.46,10097.72,9384.7
60760.08,47365.46,33970.83,20576.82,10086.06,9383.57
60743.49,47348.88,33954.25,20560.23,10071.99,9382.26
60730.28,47335.67,33941.04,20547.02,10059.83,9380.93
60712.77,47318.17,33923.53,20529.52,10043.6,9379.630000000001
60676.26,47281.66,33887.01,20493.01,10014.53,9378.54
60627.07,47232.46,33837.81,20443.82,9982.24,9377.380000000001
60553.01,47158.4,33763.75,20369.760000000002,9946.79,9376.41
60476.05,47081.43,33686.79,20292.8,9913.34,9375.34
60404.29,47006.28,33608.23,20210.85,9880.66,9360.25
60332.13,46930.72,33529.26,20128.49,9862.05,9345.210000000001
60276.03,46871.22,33466.36,20064.22,9847.61,9330.77
60206.68,46798.47,33390.21,19987.15,9832.98,9316.14
60152.44,46740.82,33329.159999999996,19924.55,9818.62,9301.78
60121.14,46706.12,33291.06,19883.06,9804.36,9287.52
60100.72,46685.7,33270.64,19862.64,9803.39,9286.550000000001
60090.16,46675.13,33260.07,19852.07,9802.69,9285.85
60076.39,46500.13,32923.85,19354.63,9183.03,8666.19
60070.37,46332.89,32595.39,18864.94,8575.78,8058.9400000000005
60058.82,46160.11,32261.39,18369.71,7969.7300000000005,7452.89
60048.26,45988.32,31928.38,17875.48,7359.27,6842.43
60036.13,45814.96,31593.8,17379.670000000002,6750.12,6233.28
60001.61,45619.22,31236.829999999998,16861.48,6136.84,5620.0
59972.79,45586.99,31201.21,16822.46,6122.5,5605.66
59930.48,45541.28,31152.1,16769.95,6107.79,5590.95
59877.72,45485.11,31092.53,16706.98,6082.13,5575.63
59837.97,45441.95,31045.98,16657.02,6047.11,5559.56
59800.07,45400.65,31001.28,16608.920000000002,6007.97,5543.65
59740.91,45338.08,30935.32,16539.55,5953.13,5527.64
59690.22,45287.38,30884.63,16488.85,5921.5,5526.38
59634.65,45231.81,30829.07,16433.28,5894.54,5525.4400000000005
59590.14,45187.3,30784.56,16388.77,5872.360000000001,5524.45
59549.8,45146.97,30744.23,16348.43,5858.61,5522.95
59492.03,45085.79,30679.66,16280.45,5828.99,5507.34
59455.66,45046.02,30636.5,16233.880000000001,5814.76,5493.11
59422.27,45009.22,30596.3,16190.51,5800.82,5479.17
59402.73,44986.27,30569.95,16160.77,5787.05,5465.4
59390.27,44970.42,30550.69,16138.11,5773.52,5451.87
59369.7,44946.45,30523.32,16107.34,5759.51,5437.86
59377.73,44954.48,30531.35,16115.37,5759.2,5437.55
59387.61,44964.35,30541.23,16125.24,5767.03,5437.38
59380.52,44957.25,30534.13,16118.14,5762.27,5437.31
59364.09,44779.6,30195.26,15618.04,5127.75,4802.79
59352.81,44607.09,29861.53,15123.09,4493.78,4164.75
59340.29,44433.35,29526.56,14626.9,3858.76,3526.85
59323.54,44255.38,29187.37,14126.48,3226.34,2894.43
59309.21,44079.82,28850.59,13628.47,2610.58,2278.67
59303.26,44070.47,28837.829999999998,13612.32,2597.37,2265.46
59301.04,44064.85,28828.81,13599.9,2583.89,2251.98
59301.65,44062.06,28822.62,13590.3,2571.7,2237.55
59314.97,44071.97,28829.13,13593.41,2570.27,2223.04
59326.13,44079.72,28833.48,13594.36,2567.39,2208.61
59334.63,44088.21,28841.97,13602.85,2575.39,2208.93
59360.22,44113.81,28867.56,13628.45,2597.2799999999997,2209.02
59391.2,44144.8,28898.54,13659.44,2623.35,2208.95
59423.34,44176.94,28930.68,13691.58,2650.02,2208.89
59459.6,44213.19,28966.94,13727.83,2680.05,2208.86
59512.03,44265.63,29019.37,13780.27,2706.23,2208.98
59570.4,44323.99,29077.74,13838.63,2729.92,2209.25
59581.98,44335.56,29089.31,13850.2,2730.01,2209.34
59590.84,44344.43,29098.18,13859.06,2729.8,2209.13
59588.38,44341.97,29095.71,13856.6,2729.55,2208.88
59590.15,44343.74,29097.49,13858.37,2729.46,2208.79
59634.52,44388.12,29141.86,13902.75,2729.92,2209.25
59666.26,44419.86,29173.6,13934.48,2729.67,2209.0
59668.93,44422.53,29176.27,13937.15,2729.94,2209.27
59686.34,44439.94,29193.68,13954.56,2743.62,2209.3
59712.6,44466.19,29219.94,13980.82,2762.25,2209.31
59736.23,44489.83,29243.57,14004.46,2781.11,2209.31
59756.81,44510.41,29264.14,14025.039999999999,2797.95,2209.18
59761.87,44515.46,29269.2,14030.09,2802.33,2209.21
59749.36,44660.78,29572.34,14491.06,3400.42,2814.25
59733.85,44648.68,29563.63,14485.76,3412.63,2827.54
59701.51,44619.75,29538.09,14463.619999999999,3402.24,2840.96
59694.67,44616.31,29538.05,14466.98,3411.58,2855.23
59702.65,44627.7,29552.83,14485.17,3432.43,2870.2599999999998
59734.68,44659.73,29584.86,14517.2,3458.87,2870.79
59758.26,44683.3,29608.43,14540.78,3477.63,2871.91
59849.14,44774.18,29699.31,14631.67,3502.65,2871.2
59911.5,44836.54,29761.67,14694.03,3542.87,2872.23
59979.28,44904.32,29829.45,14761.81,3584.31,2873.47
60057.19,44982.23,29907.36,14839.71,3625.33,2874.98
60087.75,45012.79,29937.92,14870.28,3625.92,2875.57
60117.94,45042.99,29968.11,14900.47,3626.53,2876.18
60148.39,45073.44,29998.56,14930.21,3626.88,2876.5299999999997
60171.85,45096.9,30022.02,14953.67,3627.09,2876.74
60193.57,45118.62,30043.75,14975.39,3627.3,2876.95
60207.43,45129.07,30050.81,14979.05,3614.25,2863.9
60203.5,45125.13,30046.88,14975.11,3614.61,2864.2599999999998
60217.3,45138.93,30060.67,14988.91,3616.9,2864.42
60245.16,45166.79,30088.54,15016.77,3619.86,2864.4
60273.32,45194.94,30116.7,15044.92,3623.6,2864.37
60294.96,45216.59,30138.35,15066.57,3630.86,2864.37
60312.25,45233.87,30155.63,15083.85,3633.4,2864.4
60303.65,45225.26,30147.03,15075.25,3633.88,2864.88
60304.11,45225.72,30147.49,15075.71,3634.22,2865.22
60285.67,45207.28,30129.05,15057.27,3634.3,2865.3
60304.659999999996,45226.27,30148.04,15076.26,3651.67,2865.81
60330.55,45252.159999999996,30173.92,15102.15,3674.25,2866.33
60355.75,45277.35,30199.11,15127.34,3696.63,2867.08
60377.27,45298.86,30220.63,15148.86,3716.43,2868.23
60410.19,45331.78,30253.55,15181.78,3743.09,2869.45
60455.88,45377.47,30299.24,15227.46,3772.95,2870.2799999999997
60514.01,45435.59,30357.37,15285.59,3796.35,2870.81
60570.04,45491.63,30413.4,15341.619999999999,3815.0299999999997,2871.73
60604.81,45526.4,30448.17,15376.39,3815.75,2872.45
60643.51,45565.1,30486.88,15415.09,3816.46,2873.16
60690.07,45611.67,30533.44,15459.62,3817.2400000000002,2873.94
60728.729999999996,45650.34,30572.11,15495.81,3817.85,2874.55
60761.4,45683.02,30604.78,15526.64,3818.5299999999997,2875.23
60777.76,45699.39,30621.14,15543.0,3819.2,2875.9
60803.8,45725.43,30647.18,15569.039999999999,3819.87,2876.57
60820.7,45742.34,30664.09,15585.95,3825.56,2876.81
60842.4,45764.05,30685.79,15607.65,3829.2799999999997,2876.95
60859.53,45781.18,30702.920000000002,15624.78,3829.5099999999998,2877.18
60883.59,45805.25,30726.98,15648.85,3829.67,2877.34
60902.9,45824.57,30746.3,15668.16,3829.93,2877.6
60914.74,45836.409999999996,30758.14,15680.0,3830.3199999999997,2877.99
60934.45,45856.12,30777.85,15699.71,3830.56,2878.23
60935.84,45857.51,30779.24,15701.1,3831.11,2878.78
60971.46,45893.13,30814.86,15736.72,3832.0,2879.67
61031.2,45952.87,30874.6,15796.46,3848.99,2880.8
61059.78,45981.46,30903.18,15825.05,3861.36,2882.29
61083.03,46004.71,30926.43,15848.3,3874.95,2883.47
61113.98,46035.659999999996,30957.38,15879.25,3893.94,2884.65
61155.5,46077.18,30998.9,15920.78,3917.45,2885.5
61199.73,46121.4,31043.12,15965.01,3935.44,2886.05
61229.14,46150.81,31072.53,15994.42,3945.55,2886.89
61258.2,46179.86,31101.58,16023.48,3949.71,2887.98
61283.17,46204.84,31126.55,16048.46,3950.78,2889.05
61308.17,46229.84,31151.54,16073.46,3951.7000000000003,2889.97
61325.59,46247.27,31168.96,16090.66,3952.51,2890.7799999999997
61327.51,46249.2,31170.89,16092.58,3953.12,2891.39
61325.17,46246.86,31168.55,16090.24,3953.56,2891.83
61321.48,46243.18,31164.87,16086.56,3954.08,2892.35
61292.91,46214.61,31136.3,16057.99,3953.93,2892.2
61271.02,46196.12,31121.21,16046.3,3953.52,2905.75
61265.93,46191.04,31116.13,16041.22,3947.82,2905.67
61289.03,46214.13,31139.22,16064.31,3961.59,2905.42
61303.31,46228.41,31153.5,16078.58,3971.51,2905.06
61318.81,46243.9,31169.0,16094.07,3982.61,2904.56
61345.14,46270.22,31195.32,16120.39,3997.36,2903.86
61362.97,46288.05,31213.15,16138.23,3996.75,2903.25
61396.05,46321.13,31246.23,16171.31,3997.12,2903.15
61435.42,46360.49,31285.6,16210.68,4010.5299999999997,2903.2
61426.53,46351.61,31276.71,16201.8,4001.13,2903.5099999999998
61406.46,46331.54,31256.64,16181.73,3983.23,2903.65
61387.78,46312.87,31237.96,16163.06,3966.42,2903.56
61373.8,46298.9,31223.98,16149.09,3953.64,2902.94
61356.49,46281.58,31206.67,16131.77,3937.41,2902.41
61341.16,46266.25,31191.34,16116.44,3921.9900000000002,2901.7599999999998
61328.55,46253.64,31178.73,16103.83,3908.67,2901.12
61314.78,46239.87,31164.96,16090.07,3895.56,2900.43
61291.29,46216.37,31141.47,16066.58,3875.63,2899.91
61248.23,46173.32,31098.41,16023.53,3851.83,2899.5299999999997
61211.98,46137.08,31062.16,15987.289999999999,3851.42,2899.12
61188.71,46113.8,31038.88,15964.02,3851.3,2899.0
61175.76,46100.85,31025.93,15951.07,3851.52,2899.22
61174.1,46099.18,31024.26,15949.41,3851.66,2899.36
61173.99,46095.67,31017.35,15939.1,3838.01,2885.71
61180.07,46101.76,31023.43,15945.19,3840.77,2885.5299999999997
61194.97,46116.67,31038.33,15960.1,3845.42,2885.29
61195.69,46117.4,31039.05,15960.83,3838.05,2885.24
61191.79,46113.51,31035.15,15956.93,3827.41,2885.11
61193.53,46115.24,31036.89,15958.67,3820.63,2884.87
61193.53,46115.23,31036.89,15958.67,3812.54,2884.7
61180.69,46102.4,31024.05,15945.84,3799.94,2884.73
61182.090000000004,45945.98,30709.8,15473.77,3194.56,2279.35
61209.840000000004,45970.33,30730.75,15491.32,3185.29,2265.81
61239.65,45996.73,30753.76,15510.92,3185.8,2252.11
61248.3,46001.98,30755.61,15509.37,3170.19,2237.55
61235.73,45986.0,30736.24,15486.59,3138.07,2222.16
61219.11,45969.38,30719.62,15469.97,3116.17,2221.32
61198.55,45948.83,30699.06,15449.41,3091.66,2220.94
61195.92,45946.21,30696.43,15446.78,3081.86,2220.35
61162.48,45912.77,30662.99,15413.34,3048.27,2219.96
61117.95,45868.25,30618.46,15368.82,3007.48,2219.37
61057.49,45807.79,30558.0,15308.36,2967.06,2218.46
61059.94,45810.25,30560.45,15310.81,2966.78,2218.18
61046.49,45796.8,30547.0,15297.36,2966.57,2217.97
61022.17,45772.49,30522.68,15273.05,2966.5,2217.9
61002.49,45752.82,30503.0,15253.38,2966.26,2217.66
60976.57,45726.89,30477.07,15227.45,2966.13,2217.53
60967.44,45721.17,30474.739999999998,15228.52,2979.32,2230.72
60993.47,45747.21,30500.77,15254.56,2983.6,2230.4
61009.29,45763.02,30516.59,15270.38,2988.4900000000002,2230.26
61007.79,45761.52,30515.09,15268.88,2985.68,2230.43
61002.8,45756.54,30510.1,15263.9,2982.14,2230.66
60993.23,45746.97,30500.53,15254.33,2975.19,2230.97
60989.29,45743.04,30496.6,15250.4,2972.88,2231.17
60977.68,45734.84,30491.79,15248.99,2986.02,2244.31
60974.62,45731.78,30488.73,15245.93,2985.97,2244.26
60976.56,45733.71,30490.67,15247.86,2986.12,2244.41
60955.55,45712.7,30469.66,15226.85,2964.05,2244.9
60948.31,45705.45,30462.42,15219.6,2950.48,2245.25
60933.6,45690.75,30447.71,15204.9,2931.28,2245.52
60923.41,45680.56,30437.52,15194.71,2915.33,2245.35
60914.1,45671.24,30428.21,15185.39,2900.0,2244.88
60900.96,45658.11,30415.07,15172.26,2881.59,2244.76
60883.4,45640.56,30397.51,15154.7,2859.9900000000002,2244.83
60864.4,45621.56,30378.51,15135.7,2841.9700000000003,2244.57
60865.33,45622.49,30379.44,15136.63,2841.92,2244.52
60869.02,45626.18,30383.12,15140.32,2841.96,2244.56
60846.13,45603.29,30360.23,15117.43,2841.78,2244.38
60834.29,45591.44,30348.38,15105.58,2841.7400000000002,2244.34
60836.7,45593.85,30350.8,15107.99,2841.58,2244.18
60830.76,45587.91,30344.86,15102.05,2841.36,2243.96
60802.22,45555.97,30309.53,15063.31,2828.6,2231.2
60792.19,45545.94,30299.489999999998,15053.28,2823.45,2231.5
60809.22,45562.97,30316.52,15070.31,2831.13,2231.31
60843.69,45597.43,30350.98,15104.77,2848.6,2230.81
60877.16,45630.89,30384.45,15138.24,2865.98,2230.31
60910.0,45663.72,30417.28,15171.08,2883.06,2229.84
60949.29,45703.01,30456.57,15210.38,2897.0,2229.26
60945.64,45699.35,30452.92,15206.72,2897.17,2229.43
60961.88,45715.59,30469.16,15222.95,2897.19,2229.45
60971.24,45724.95,30478.52,15232.31,2897.33,2229.59
60960.01,45713.73,30467.3,15221.09,2882.02,2229.84
60974.11,45727.83,30481.4,15235.19,2886.17,2229.65
60997.11,45750.83,30504.41,15258.19,2897.21,2229.17
61005.41,45759.14,30512.71,15266.5,2896.66,2228.72
61007.4,45761.14,30514.7,15268.49,2891.53,2228.7
61009.17,45762.92,30516.48,15270.26,2886.45,2228.72
61006.43,45760.19,30513.74,15267.53,2877.69,2228.81
61005.12,45758.89,30512.43,15266.22,2874.61,2228.8
61011.35,45765.12,30518.66,15272.45,2874.64,2228.83
60995.8,45749.57,30503.12,15256.9,2874.53,2228.72
60988.41,45742.17,30495.73,15249.51,2874.4700000000003,2228.66
60984.99,45738.74,30492.3,15246.08,2874.41,2228.6
60978.65,45732.4,30485.96,15239.74,2874.33,2228.52
60979.96,45733.71,30487.27,15241.05,2874.3,2228.4900000000002
60974.48,45728.23,30481.79,15235.57,2874.22,2228.41
60952.34,45702.7,30452.86,15203.24,2861.2,2215.39
60944.47,45694.83,30444.98,15195.37,2850.12,2215.62
60950.56,45700.93,30451.07,15201.47,2850.07,2215.6
60964.61,45714.98,30465.12,15215.52,2855.68,2215.46
60979.47,45729.85,30479.98,15230.39,2861.73,2215.3
60974.659999999996,45725.04,30475.17,15225.59,2852.23,2215.48
60952.52,45702.9,30453.03,15203.44,2852.7,2215.95
60919.8,45670.18,30420.32,15170.72,2852.02,2215.74
60868.02,45618.409999999996,30368.54,15118.94,2838.4,2215.48
60863.24,45613.63,30363.76,15114.16,2829.44,2215.43
60861.02,45611.42,30361.54,15111.95,2820.93,2215.41
60863.2,45613.59,30363.72,15114.12,2815.66,2215.16
60864.82,45615.21,30365.35,15115.74,2809.88,2215.03
60860.09,45610.49,30360.63,15111.02,2799.0,2214.93
60852.25,45602.65,30352.79,15103.18,2785.46,2215.15
60831.0,45581.4,30331.55,15081.93,2761.29,2215.57
60798.63,45549.04,30299.18,15049.56,2734.8,2215.94
60778.12,45528.53,30278.67,15029.05,2728.41,2216.2
60740.97,45491.37,30241.52,14991.89,2728.34,2216.13
60740.61,45491.01,30241.16,14991.53,2728.31,2216.1
60741.61,45492.01,30242.16,14992.53,2728.27,2216.06
60743.19,45493.59,30243.739999999998,14994.11,2728.2,2215.9900000000002
60737.76,45488.17,30238.31,14988.68,2728.15,2215.94
60701.61,45455.409999999996,30208.96,14962.72,2741.41,2229.2
60672.59,45426.39,30179.95,14933.7,2739.06,2229.79
60647.06,45400.86,30154.42,14908.17,2734.65,2230.27
60620.29,45374.09,30127.66,14881.4,2728.81,2230.76
60594.97,45348.77,30102.34,14856.08,2721.18,2231.2400000000002
60564.2,45318.01,30071.579999999998,14825.31,2709.43,2231.81
60540.409999999996,45294.23,30047.79,14801.52,2700.21,2232.25
60508.36,45262.17,30015.74,14769.46,2700.78,2232.82
60478.39,45232.19,29985.77,14739.49,2700.66,2232.7
60441.15,45194.95,29948.53,14702.25,2696.56,2232.87
60427.69,45181.49,29935.07,14688.789999999999,2685.4900000000002,2233.46
60422.96,45176.76,29930.35,14684.06,2680.87,2233.45
60430.07,45183.88,29937.46,14691.18,2686.03,2233.51
60433.43,45187.24,29940.82,14694.539999999999,2688.87,2233.56
60448.26,45202.07,29955.65,14709.37,2700.84,2233.35
60434.96,45188.77,29942.35,14696.07,2690.87,2233.73
60418.85,45172.65,29926.239999999998,14679.95,2684.92,2233.77
60401.03,45154.82,29908.42,14662.12,2685.03,2233.88
60372.14,45125.94,29879.53,14633.24,2685.22,2234.07
60330.37,45084.159999999996,29837.76,14591.47,2685.59,2234.44
60319.33,45073.11,29826.72,14580.42,2685.76,2234.61
60335.02,45088.8,29842.41,14596.11,2685.78,2234.63
60334.09,45087.86,29841.48,14595.17,2685.94,2234.79
60325.64,45079.42,29833.03,14586.73,2686.0,2234.85
60303.17,45056.95,29810.57,14564.26,2685.91,2234.76
60245.35,44999.12,29752.75,14506.43,2682.32,2235.77
60215.18,44968.96,29722.579999999998,14476.26,2675.7,2236.31
60186.51,44940.29,29693.9,14447.59,2676.21,2236.82
60167.78,44921.56,29675.18,14428.86,2676.55,2237.16
60147.33,44901.1,29654.72,14408.4,2676.93,2237.54
60120.99,44874.75,29628.37,14382.05,2677.42,2238.03
60124.86,44875.22,29625.45,14375.72,2664.58,2225.19
60127.479999999996,44877.84,29628.07,14378.34,2664.57,2225.18
60140.51,44890.88,29641.1,14391.38,2664.6,2225.21
60154.92,44905.29,29655.52,14405.79,2673.85,2225.11
60153.12,44903.5,29653.72,14404.0,2672.25,2225.26
60164.27,44914.65,29664.87,14415.15,2680.28,2224.93
60177.97,44928.36,29678.57,14428.85,2690.26,2224.67
60172.17,44922.57,29672.77,14423.06,2685.31,2225.05
60161.1,44911.5,29661.7,14411.99,2676.21,2225.43
60147.83,44898.23,29648.43,14398.72,2675.17,2225.59
60102.409999999996,44852.81,29603.01,14353.3,2675.05,2225.47
60050.02,44800.42,29550.63,14300.91,2674.97,2225.39
60010.26,44760.66,29510.87,14261.15,2674.93,2225.35
60001.409999999996,44751.8,29502.02,14252.289999999999,2675.02,2225.44
59997.53,44747.92,29498.14,14248.41,2675.02,2225.44
59983.67,44734.06,29484.28,14234.55,2675.07,2225.49
59978.03,44728.42,29478.64,14228.91,2675.11,2225.53
59983.17,44736.96,29490.57,14244.25,2687.68,2238.1
59953.86,44707.65,29461.26,14214.94,2688.22,2238.64
59906.7,44660.49,29414.1,14167.78,2677.62,2239.49
59867.05,44620.84,29374.45,14128.14,2660.36,2240.2
59833.71,44587.5,29341.11,14094.79,2643.09,2240.81
59806.69,44560.48,29314.09,14067.77,2626.04,2241.31
59782.94,44536.74,29290.35,14044.02,2611.96,2241.75
59816.67,44570.47,29324.079999999998,14077.76,2611.4,2241.19
59854.25,44608.06,29361.67,14115.35,2611.58,2241.37
59875.64,44629.45,29383.06,14136.74,2611.67,2241.46
59891.63,44645.44,29399.05,14152.73,2623.44,2240.94
59905.64,44659.45,29413.06,14166.74,2634.03,2240.67
59906.69,44660.49,29414.1,14167.78,2634.55,2240.64
59919.53,44673.33,29426.95,14180.619999999999,2643.95,2240.47
59924.979999999996,44678.78,29432.41,14186.07,2647.99,2240.4
59936.63,44690.42,29444.05,14197.72,2656.48,2240.17
59958.51,44712.3,29465.94,14219.6,2673.21,2239.74
59956.33,44710.12,29463.77,14217.42,2673.17,2239.7
59946.159999999996,44699.95,29453.6,14207.25,2673.09,2239.62
59972.56,44726.35,29479.99,14233.65,2673.36,2239.89
59989.68,44743.47,29497.11,14250.77,2673.23,2239.76
59997.82,44751.61,29505.25,14258.91,2673.27,2239.8
60001.27,44755.05,29508.7,14262.35,2673.31,2239.84
60004.229999999996,44758.01,29511.65,14265.31,2673.41,2239.94
60009.68,44763.45,29517.1,14270.76,2673.5,2240.03
60017.3,44771.07,29524.71,14278.38,2673.38,2239.91
60004.74,44761.909999999996,29518.96,14276.02,2686.87,2253.4
59977.77,44734.94,29492.0,14249.05,2673.49,2254.01
59946.75,44703.93,29460.99,14218.039999999999,2654.06,2254.68
59916.89,44674.07,29431.13,14188.18,2634.02,2255.33
59907.67,44664.86,29421.91,14178.96,2628.55,2255.63
59947.27,44704.46,29461.51,14218.56,2628.0,2255.08
59989.52,44746.71,29503.76,14260.81,2628.14,2255.22
60027.05,44784.23,29541.29,14298.34,2628.14,2255.22
60027.65,44784.83,29541.9,14298.94,2627.55,2254.63
60029.73,44786.9,29543.98,14301.01,2623.64,2254.63
60022.33,44779.51,29536.58,14293.62,2611.24,2254.96
60025.89,44783.07,29540.13,14297.18,2608.15,2254.94
60015.97,44773.14,29530.2,14287.25,2593.51,2255.28
60011.86,44769.03,29526.1,14283.14,2583.42,2255.28
60022.02,44779.19,29536.26,14293.3,2584.65,2254.86
60036.18,44793.34,29550.42,14307.45,2584.31,2254.52
60029.46,44786.63,29543.7,14300.73,2584.09,2254.3
60066.33,44823.51,29580.579999999998,14337.61,2584.1,2254.31
60106.98,44864.15,29621.23,14378.25,2584.26,2254.47
60142.08,44899.25,29656.329999999998,14413.34,2584.41,2254.62
60176.71,44933.88,29690.96,14447.97,2584.48,2254.69
60217.18,44974.35,29731.44,14488.44,2584.42,2254.63
60239.31,44993.08,29746.77,14500.38,2571.63,2241.84
60254.23,45007.99,29761.68,14515.29,2571.51,2241.72
60268.72,45022.48,29776.17,14529.78,2571.36,2241.57
60286.69,45040.45,29794.13,14547.75,2571.14,2241.35
60304.44,45058.19,29811.88,14565.5,2570.86,2241.07
60318.89,45072.64,29826.32,14579.95,2570.62,2240.83
60314.9,45068.65,29822.329999999998,14575.96,2570.71,2240.92
60317.29,45071.04,29824.72,14578.36,2570.7,2240.91
60312.47,45066.23,29819.9,14573.54,2570.67,2240.88
60315.3,45069.06,29822.73,14576.37,2570.69,2240.9
60322.1,45075.86,29829.53,14583.17,2576.56,2240.41
60306.78,45060.53,29814.2,14567.84,2566.14,2240.25
60287.98,45041.72,29795.4,14549.03,2552.73,2240.21
60263.67,45017.41,29771.09,14524.72,2534.25,2240.46
60248.99,45002.73,29756.41,14510.04,2523.17,2240.35
60237.89,44991.62,29745.31,14498.94,2516.9,2240.25
60244.49,44998.23,29751.91,14505.55,2516.95,2240.3
60254.3,45008.04,29761.72,14515.37,2517.01,2240.36
60260.75,45014.49,29768.18,14521.82,2517.01,2240.36
60275.07,45028.82,29782.5,14536.14,2516.79,2240.14
60284.06,45037.82,29791.49,14545.14,2517.0,2240.35
60276.33,45030.08,29783.76,14537.4,2517.03,2240.38
60273.05,45026.81,29780.48,14534.13,2516.96,2240.31
60255.12,45008.87,29762.55,14516.2,2516.49,2239.84
60233.2,44986.95,29740.62,14494.28,2516.04,2239.39
60219.6,44973.36,29727.02,14480.69,2515.75,2239.1
60167.66,44921.42,29675.08,14428.75,2516.18,2239.53
60169.43,44923.18,29676.85,14430.51,2515.76,2239.11
60189.22,44942.97,29696.63,14450.3,2515.28,2238.63
60201.36,44955.12,29708.78,14462.45,2514.74,2238.09
60194.19,44947.95,29701.61,14455.29,2514.4,2237.75
60172.15,44925.91,29679.57,14433.25,2514.36,2237.71
60167.92,44921.68,29675.34,14429.02,2514.04,2237.39
60142.7,44896.46,29650.12,14403.8,2513.52,2236.87
60127.55,44881.31,29634.96,14388.65,2503.41,2236.1
60110.73,44864.49,29618.14,14371.83,2496.6,2235.72
60098.68,44852.44,29606.1,14359.78,2489.25,2235.98
60088.89,44842.65,29596.31,14349.99,2483.86,2236.3
60119.28,44873.04,29626.7,14380.38,2509.7,2236.15
60153.28,44907.04,29660.71,14414.38,2538.36,2235.93
60195.5,44949.25,29702.93,14456.6,2563.53,2235.77
60256.1,45009.85,29763.53,14517.2,2571.41,2236.16
60329.51,45083.25,29836.93,14590.61,2571.65,2236.22
60363.46,45117.2,29870.88,14624.56,2571.74,2236.31
60374.33,45128.08,29881.75,14635.44,2571.8,2236.37
60373.659999999996,45127.42,29881.079999999998,14634.78,2571.98,2236.55
60381.83,45135.58,29889.239999999998,14642.94,2572.3,2236.87
60399.8,45153.55,29907.21,14660.91,2572.8,2237.37
60405.38,45162.53,29919.59,14676.69,2586.15,2250.72
60421.59,45178.74,29935.8,14692.9,2586.19,2250.76
60426.72,45183.87,29940.93,14698.03,2586.37,2250.94
60427.68,45184.84,29941.9,14698.99,2586.64,2251.21
60419.79,45176.96,29934.02,14691.11,2587.08,2251.65
60401.71,45158.88,29915.94,14673.03,2587.66,2252.23
60377.38,45134.54,29891.6,14648.7,2588.36,2252.93
60361.02,45279.41,30197.69,15116.01,3200.7,2865.27
60355.659999999996,45277.45,30199.13,15120.85,3214.68,2879.25
60339.8,45261.58,30183.27,15104.99,3215.16,2879.73
60352.13,45277.31,30202.4,15127.52,3242.05,2895.1
60352.46,45281.03,30209.53,15138.05,3259.16,2910.53
60385.68,45317.659999999996,30249.55,15181.48,3301.9,2926.69
60407.56,45342.93,30278.22,15213.55,3335.65,2942.89
60442.42,45381.18,30319.87,15258.6,3379.35,2958.63
60478.47,45417.229999999996,30355.92,15294.64,3410.42,2959.4700000000003
60510.659999999996,45449.42,30388.1,15326.83,3437.99,2960.2799999999997
60556.43,45495.19,30433.86,15372.6,3469.4,2960.96
60593.57,45532.33,30471.0,15409.74,3478.1,2961.58
60623.9,45562.659999999996,30501.329999999998,15440.07,3479.86,2961.9900000000002
60624.479999999996,45563.25,30501.91,15440.65,3480.43,2962.56
60634.64,45573.42,30512.079999999998,15450.82,3480.74,2962.87
60633.45,45572.229999999996,30510.89,15449.63,3480.7,2962.83
60618.8,45557.58,30496.24,15434.98,3480.32,2962.45
60594.31,45533.09,30471.75,15410.48,3479.89,2962.02
60566.97,45505.75,30444.41,15383.14,3480.04,2962.17
60526.159999999996,45461.54,30396.79,15332.13,3467.18,2949.31
60490.57,45425.95,30361.19,15296.54,3467.33,2949.46
60458.63,45394.01,30329.25,15264.6,3467.3,2949.43
60415.25,45350.63,30285.87,15221.22,3467.35,2949.48
60366.17,45301.55,30236.79,15172.14,3467.5,2949.63
60302.58,45237.96,30173.2,15108.56,3467.93,2950.06
60243.81,45175.79,30107.63,15039.59,3454.82,2936.95
60203.89,45135.87,30067.71,14999.66,3454.34,2936.4700000000003
60168.58,45100.55,30032.39,14964.34,3454.2400000000002,2936.37
60155.46,45087.44,30019.27,14951.23,3454.11,2936.24
60141.4,45073.37,30005.21,14937.16,3452.38,2936.05
60127.83,45059.79,29991.64,14923.58,3450.1,2936.45
60137.74,45069.71,30001.55,14933.5,3467.54,2936.7400000000002
60151.09,45083.06,30014.89,14946.85,3487.62,2936.87
60162.03,45094.0,30025.82,14957.79,3505.71,2936.9700000000003
60176.53,45108.51,30040.32,14972.3,3523.65,2936.87
60203.47,45135.45,30067.26,14999.24,3524.58,2936.6
60198.729999999996,45130.7,30062.51,14994.5,3524.61,2936.63
60163.45,45095.43,30027.24,14959.23,3524.31,2936.33
60122.96,45054.94,29986.75,14918.75,3524.07,2936.09
60088.15,45020.13,29951.94,14883.94,3523.97,2935.99
60041.38,44973.36,29905.17,14837.17,3524.06,2936.08
60011.76,44947.14,29882.35,14817.75,3536.75,2948.77
59980.92,44916.31,29851.51,14786.92,3537.04,2949.06
59959.049999999996,44894.44,29829.65,14765.05,3537.17,2949.19
59948.26,44883.65,29818.86,14754.26,3537.12,2949.14
59932.08,44867.47,29802.68,14738.07,3537.21,2949.23
59918.26,44853.65,29788.87,14724.25,3537.27,2949.29
59903.32,44838.7,29773.93,14709.3,3537.35,2949.37
59900.479999999996,44839.26,29777.89,14716.66,3550.04,2962.06
59895.43,44834.21,29772.84,14711.61,3550.04,2962.06
59912.08,44850.86,29789.5,14728.26,3550.2,2962.2200000000003
59898.1,44836.88,29775.52,14714.28,3541.07,2962.55
59895.72,44834.51,29773.14,14711.91,3539.95,2962.93
59898.159999999996,44836.95,29775.579999999998,14714.35,3542.23,2963.26
59914.29,44853.08,29791.71,14730.48,3555.82,2963.27
59922.44,44861.22,29799.86,14738.62,3563.12,2963.43
59942.06,44880.84,29819.48,14758.24,3577.15,2963.08
59962.1,44900.88,29839.52,14778.28,3592.34,2962.69
59985.229999999996,44924.02,29862.65,14801.41,3603.17,2962.39
60014.26,44953.05,29891.67,14830.44,3603.27,2962.49
60044.29,44983.07,29921.7,14860.47,3603.46,2962.68
60035.9,44974.68,29913.31,14852.08,3603.04,2962.26
60032.71,44971.5,29910.12,14848.9,3602.95,2962.17
60035.19,44973.98,29912.6,14851.38,3602.98,2962.2
60058.75,44997.55,29936.16,14874.94,3603.34,2962.56
60073.11,45011.909999999996,29950.52,14889.3,3603.88,2963.1
60110.84,45049.63,29988.25,14927.03,3603.62,2962.84
60155.479999999996,45094.27,30032.89,14971.67,3603.17,2962.39
60169.67,45108.46,30047.079999999998,14985.86,3603.17,2962.39
60165.049999999996,45103.83,30042.46,14981.23,3603.25,2962.4700000000003
60174.33,45113.1,30051.73,14990.5,3603.27,2962.4900000000002
60208.37,45147.15,30085.78,15024.54,3603.0,2962.22
60270.83,45209.61,30148.239999999998,15087.0,3604.63,2961.42
60315.01,45253.79,30192.43,15131.18,3605.27,2961.86
60361.159999999996,45299.94,30238.579999999998,15177.33,3609.41,2962.49
60375.08,45313.85,30252.5,15191.24,3620.04,2962.86
60400.71,45339.47,30278.13,15216.87,3635.78,2962.77
60406.12,45344.88,30283.54,15222.28,3639.84,2962.52
60416.07,45354.83,30293.489999999998,15232.23,3647.44,2962.08
60398.51,45337.26,30275.93,15214.66,3633.34,2961.85
60385.76,45324.5,30263.17,15201.91,3623.19,2961.58
60369.84,45308.58,30247.25,15185.98,3610.23,2961.5
60362.88,45301.62,30240.29,15179.02,3603.88,2961.35
60352.729999999996,45291.48,30230.14,15168.87,3603.94,2961.59
60364.729999999996,45303.48,30242.14,15180.87,3603.9700000000003,2961.62
60376.46,45315.21,30253.87,15192.6,3603.82,2961.47
60373.94,45312.69,30251.36,15190.08,3603.54,2961.19
60364.86,45303.61,30242.28,15181.0,3603.15,2960.8
60345.68,45284.43,30223.1,15161.82,3602.7200000000003,2960.37
60355.659999999996,45291.01,30226.28,15161.6,3589.4,2947.05
60369.6,45304.94,30240.22,15175.53,3588.69,2946.34
60394.22,45329.56,30264.84,15200.15,3587.84,2945.4900000000002
60414.2,45349.54,30284.82,15220.13,3591.64,2944.72
60438.159999999996,45373.49,30308.77,15244.09,3596.14,2943.86
60466.24,45401.57,30336.85,15272.16,3600.68,2942.96
60500.42,45435.76,30371.04,15306.34,3604.52,2941.94
60518.6,45292.72,30066.78,14840.85,2993.39,2329.42
60518.77,45289.48,30060.14,14830.81,2979.39,2315.42
60536.76,45307.48,30078.13,14848.8,2981.22,2315.2
60505.88,45273.2,30040.44,14807.72,2942.12,2300.21
60472.79,45236.72,30000.56,14764.43,2901.65,2285.1
60412.84,45173.37,29933.82,14694.28,2840.31,2269.31
60371.07,45128.2,29885.25,14642.31,2793.83,2253.25
60316.96,45070.69,29824.34,14578.0,2737.91,2237.72
60272.96,45026.69,29780.34,14534.0,2703.54,2236.96
60235.77,44989.5,29743.15,14496.81,2675.89,2236.11
60203.17,44956.9,29710.55,14464.21,2651.71,2235.19
60178.12,44931.84,29685.5,14439.15,2642.85,2234.41
60147.32,44901.04,29654.7,14408.35,2640.87,2233.78
60140.44,44894.16,29647.829999999998,14401.47,2640.35,2233.26
60128.04,44881.76,29635.42,14389.07,2639.98,2232.89
60124.07,44877.79,29631.45,14385.11,2639.92,2232.83
60148.21,44901.93,29655.59,14409.25,2640.32,2233.23
60184.64,44938.37,29692.02,14445.69,2640.68,2233.59
60234.36,44988.09,29741.75,14495.41,2640.0099999999998,2232.92
60277.28,45031.0,29784.67,14538.32,2639.46,2232.37
60322.02,45075.73,29829.41,14583.05,2639.73,2231.81
60365.4,45119.1,29872.78,14626.42,2645.36,2231.38
60414.24,45167.93,29921.62,14675.25,2647.84,2230.98
60457.37,45211.05,29964.75,14718.369999999999,2647.53,2230.67
60485.979999999996,45239.66,29993.36,14746.98,2647.45,2230.59
60526.55,45283.63,30040.73,14797.75,2660.5,2243.64
60555.75,45312.83,30069.93,14826.96,2661.19,2244.33
60600.26,45357.35,30114.44,14871.48,2670.83,2244.78
60610.84,45367.93,30125.03,14882.06,2676.57,2244.69
60611.0,45368.1,30125.19,14882.23,2675.57,2244.75
60603.17,45360.28,30117.36,14874.41,2668.9,2244.45
60592.27,45349.38,30106.47,14863.51,2661.25,2243.74
60564.78,45321.89,30078.98,14836.02,2641.54,2243.42
60536.5,45293.61,30050.7,14807.74,2622.19,2243.18
60511.82,45268.93,30026.02,14783.06,2605.38,2243.19
60489.93,45247.04,30004.14,14761.17,2604.44,2243.45
60464.03,45221.15,29978.25,14735.27,2604.13,2243.14
60458.12,45215.24,29972.34,14729.36,2604.11,2243.12
60466.73,45223.85,29980.95,14737.96,2604.07,2243.08
60472.23,45229.35,29986.45,14743.46,2604.12,2243.13
60482.75,45239.87,29996.97,14753.98,2604.16,2243.17
60479.66,45236.79,29993.88,14750.89,2604.18,2243.19
60482.4,45239.53,29996.63,14753.63,2604.13,2243.14
60462.51,45219.64,29976.73,14733.74,2604.5,2243.51
60436.15,45193.28,29950.38,14707.38,2604.96,2243.97
60412.44,45169.57,29926.67,14683.68,2605.39,2244.4
60389.9,45147.03,29904.12,14661.14,2605.81,2244.82
60377.73,45134.87,29891.95,14648.98,2606.04,2245.05
60367.28,45121.03,29874.7,14628.33,2593.41,2232.42
60378.75,45132.5,29886.17,14639.8,2593.38,2232.39
60359.98,45113.73,29867.39,14621.03,2592.82,2231.83
60371.81,45125.57,29879.22,14632.869999999999,2604.35,2231.34
60376.37,45130.13,29883.79,14637.43,2610.14,2230.9
60360.08,45113.85,29867.5,14621.15,2599.93,2230.73
60339.91,45093.67,29847.33,14600.97,2587.22,2230.53
60330.06,45083.82,29837.48,14591.13,2583.71,2230.19
60315.74,45069.51,29823.16,14576.81,2576.34,2230.41
60295.51,45049.28,29802.94,14556.58,2564.29,2230.66
60272.83,45026.6,29780.26,14533.9,2553.2,2230.7
60256.89,45010.65,29764.32,14517.95,2552.93,2230.43
60231.36,44985.13,29738.79,14492.42,2552.73,2230.23
60229.7,44983.47,29737.14,14490.76,2552.88,2230.38
60231.72,44985.48,29739.16,14492.77,2552.89,2230.39
60239.64,44993.39,29747.08,14500.69,2552.71,2230.21
60239.04,44992.79,29746.48,14500.09,2552.5299999999997,2230.03
60246.91,44997.26,29747.55,14497.76,2539.87,2217.37
60232.94,44983.3,29733.58,14483.789999999999,2540.11,2217.61
60254.24,45004.6,29754.88,14505.09,2539.72,2217.22
60272.07,45022.43,29772.71,14522.93,2540.37,2216.9
60284.54,45034.9,29785.18,14535.4,2541.99,2216.67
60291.92,45042.29,29792.56,14542.789999999999,2542.37,2216.54
60294.84,45045.2,29795.47,14545.7,2542.31,2216.48
60244.52,44994.88,29745.14,14495.38,2540.75,2217.35
60207.48,44957.84,29708.09,14458.34,2540.41,2217.21
60188.27,44938.63,29688.88,14439.13,2536.96,2217.27
60191.4,44941.77,29692.01,14442.27,2539.99,2217.78
60182.41,44932.79,29683.03,14433.28,2532.89,2218.19
60170.76,44921.14,29671.38,14421.63,2523.84,2218.42
60162.53,44912.9,29663.15,14413.39,2517.7,2218.46
60155.07,44905.44,29655.69,14405.94,2512.13,2218.45
60134.159999999996,44884.53,29634.78,14385.02,2496.24,2218.46
60104.89,44855.26,29605.51,14355.76,2483.9,2218.57
60096.72,44847.09,29597.35,14347.59,2482.55,2218.51
60067.56,44817.93,29568.19,14318.43,2482.34,2218.3
60037.48,44787.85,29538.11,14288.35,2482.13,2218.09
60013.23,44763.6,29513.86,14264.1,2482.13,2218.09
60006.82,44757.19,29507.45,14257.69,2482.12,2218.08
59996.12,44746.49,29496.75,14246.99,2482.08,2218.04
59982.83,44733.2,29483.47,14233.7,2482.04,2218.0
59949.6,44699.96,29450.24,14200.46,2481.9,2217.86
59916.56,44666.93,29417.21,14167.43,2482.46,2218.42
59883.06,44633.43,29383.71,14133.93,2483.03,2218.99
59876.89,44627.25,29377.53,14127.75,2479.45,2219.07
59871.54,44621.9,29372.18,14122.39,2476.6,2219.14
59867.07,44617.43,29367.71,14117.92,2473.57,2219.21
59848.92,44599.27,29349.55,14099.77,2469.02,2219.52
59802.25,44552.6,29302.87,14053.1,2468.42,2220.31
59778.35,44528.7,29278.97,14029.2,2468.29,2220.18
59755.94,44506.29,29256.56,14006.789999999999,2466.09,2220.03
59747.34,44497.68,29247.96,13998.19,2466.06,2220.0
59744.3,44494.64,29244.91,13995.15,2465.14,2219.96
59736.77,44487.11,29237.37,13987.62,2460.05,2219.93
59725.47,44475.81,29226.07,13976.33,2452.16,2220.0
59728.54,44478.89,29229.14,13979.41,2455.99,2219.73
59716.42,44466.78,29217.02,13967.3,2447.75,2219.77
59700.1,44450.46,29200.71,13950.98,2435.0099999999998,2219.93
59681.89,44432.25,29182.5,13932.77,2427.67,2220.06
59630.97,44381.34,29131.58,13881.86,2427.51,2219.9
59594.33,44344.69,29094.94,13845.21,2427.4,2219.79
59582.98,44333.33,29083.58,13833.86,2427.44,2219.83
59580.72,44331.07,29081.32,13831.6,2427.43,2219.82
59583.94,44334.29,29084.54,13834.82,2427.44,2219.83
59569.7,44320.04,29070.3,13820.57,2427.3,2219.69
59543.05,44293.39,29043.65,13793.92,2427.2,2219.59
59502.48,44252.82,29003.07,13753.35,2427.89,2220.28
59483.19,44233.54,28983.78,13734.07,2428.21,2220.6
59457.18,44207.53,28957.77,13708.06,2427.81,2221.03
59436.74,44187.1,28937.33,13687.63,2422.11,2221.39
59416.98,44167.34,28917.57,13667.87,2419.58,2221.7400000000002
59397.48,44147.85,28898.07,13648.38,2419.92,2222.08
59390.48,44140.85,28891.07,13641.37,2420.04,2222.2
59364.23,44114.6,28864.82,13615.12,2419.91,2222.07
59355.98,44106.35,28856.57,13606.86,2419.8,2221.96
59360.09,44110.45,28860.68,13610.97,2422.05,2221.85
59363.7,44114.06,28864.29,13614.58,2425.09,2221.77
59373.2,44123.55,28873.79,13624.07,2433.31,2221.6
59390.51,44140.86,28891.11,13641.38,2446.66,2221.11
59395.54,44145.88,28896.13,13646.41,2448.72,2220.83
59408.14,44158.47,28908.73,13659.0,2456.1,2220.52
59430.56,44180.89,28931.15,13681.42,2470.41,2220.15
59451.5,44201.82,28952.09,13702.35,2484.91,2219.75
59472.03,44222.35,28972.62,13722.88,2485.17,2219.14
59486.59,44236.9,28987.170000000002,13737.43,2484.97,2218.94
59490.79,44241.1,28991.36,13741.63,2485.09,2219.06
59484.05,44234.36,28984.62,13734.89,2485.16,2219.13
59480.15,44230.45,28980.72,13730.98,2485.14,2219.11
59483.07,44233.36,28983.63,13733.9,2485.1,2219.07
59487.42,44234.3,28981.18,13728.04,2472.64,2206.61
59490.229999999996,44237.11,28983.98,13730.85,2472.59,2206.56
59524.54,44271.42,29018.29,13765.16,2471.96,2205.93
59551.74,44298.62,29045.48,13792.36,2471.47,2205.44
59575.97,44322.85,29069.71,13816.58,2471.04,2205.01
59600.1,44346.98,29093.84,13840.710000000001,2470.6,2204.57
59636.67,44383.55,29130.41,13877.28,2469.94,2203.91
59693.06,44439.94,29186.8,13933.67,2476.73,2202.92
59727.45,44474.33,29221.19,13968.06,2476.91,2203.1
59762.729999999996,44509.61,29256.47,14003.34,2480.6,2203.81
59765.69,44512.57,29259.43,14006.3,2479.43,2204.39
59771.64,44518.52,29265.37,14012.25,2481.44,2204.86
59804.409999999996,44551.28,29298.14,14045.01,2504.64,2204.6
59835.33,44582.21,29329.07,14075.94,2525.6,2204.29
59855.99,44602.88,29349.73,14096.6,2537.4,2204.23
59881.32,44628.21,29375.06,14121.93,2553.43,2203.89
59910.01,44656.9,29403.74,14150.62,2572.15,2203.48
59939.07,44685.96,29432.8,14179.68,2588.23,2203.22
59954.25,44701.15,29447.98,14194.87,2588.18,2203.17
59975.39,44722.28,29469.12,14216.0,2588.39,2203.38
59980.04,44726.93,29473.77,14220.65,2588.36,2203.35
59975.27,44722.17,29469.0,14215.89,2588.34,2203.33
59976.09,44722.99,29469.82,14216.7,2588.58,2203.57
59989.659999999996,44736.56,29483.4,14230.27,2589.0,2203.99
60017.21,44767.5,29517.75,14268.01,2601.7,2216.69
60045.99,44799.67,29553.33,14306.98,2614.58,2229.57
60018.42,44772.1,29525.77,14279.41,2615.08,2230.07
59996.24,44749.93,29503.59,14257.23,2614.5,2230.46
59978.24,44731.94,29485.6,14239.24,2612.97,2230.78
59957.95,44711.65,29465.31,14218.95,2612.81,2231.13
59941.39,44695.09,29448.75,14202.4,2613.1,2231.42
59987.96,44741.65,29495.32,14248.96,2613.09,2230.59
60029.79,44783.48,29537.15,14290.79,2617.05,2230.78
60046.22,44799.91,29553.58,14307.22,2617.42,2230.92
60049.82,44803.51,29557.18,14310.82,2618.75,2230.58
60037.61,44791.3,29544.96,14298.61,2610.36,2230.51
60039.2,44792.88,29546.54,14300.2,2611.45,2230.3
60025.35,44779.04,29532.69,14286.36,2600.12,2230.43
60015.45,44769.14,29522.79,14276.45,2591.89,2230.34
60008.33,44762.03,29515.670000000002,14269.34,2587.65,2230.46
60018.52,44772.23,29525.86,14279.53,2587.65,2230.46
60012.46,44766.17,29519.79,14273.47,2587.57,2230.38
60026.03,44779.74,29533.36,14287.04,2587.66,2230.47
60038.4,44792.1,29545.73,14299.4,2587.86,2230.67
60037.52,44791.22,29544.85,14298.52,2587.9,2230.71
60041.63,44795.33,29548.95,14302.63,2587.84,2230.65
60046.69,44800.4,29554.010000000002,14307.7,2587.75,2230.56
60049.76,44803.47,29557.07,14310.77,2587.65,2230.46
60052.88,44803.19,29553.39,14303.69,2575.21,2218.02
60073.23,44823.53,29573.73,14324.03,2574.84,2217.65
60091.25,44841.54,29591.75,14342.04,2574.52,2217.33
60091.67,44841.97,29592.170000000002,14342.47,2574.68,2217.33
60095.23,44845.53,29595.73,14346.03,2577.03,2217.27
60103.4,44853.71,29603.9,14354.210000000001,2584.89,2217.1
60112.17,44862.49,29612.67,14362.98,2585.54,2216.89
60134.36,44884.67,29634.86,14385.16,2585.11,2216.46
60138.15,44888.47,29638.65,14388.960000000001,2585.14,2216.49
60129.94,44880.25,29630.44,14380.75,2585.17,2216.52
60133.89,44884.2,29634.39,14384.7,2585.21,2216.56
60129.04,44879.34,29629.54,14379.85,2583.65,2216.52
60134.24,44884.54,29634.74,14385.05,2587.46,2216.2
60134.0,44884.3,29634.5,14384.8,2591.97,2216.09
60120.51,44870.81,29621.01,14371.31,2587.86,2216.12
60106.08,44856.37,29606.58,14356.87,2584.32,2216.28
60095.39,44845.68,29595.88,14346.18,2584.06,2216.31
60087.21,44837.49,29587.7,14337.99,2584.0,2216.25
60117.15,44867.42,29617.64,14367.93,2584.16,2216.41
60124.83,44875.1,29625.32,14377.26,2584.02,2216.27
60135.26,44885.54,29635.75,14388.39,2584.0,2216.25
60154.81,44905.08,29655.3,14407.93,2584.14,2216.39
60170.409999999996,44920.69,29670.91,14423.53,2584.16,2216.41
60187.94,44938.23,29688.45,14441.07,2584.0,2216.25
60196.86,44943.75,29690.57,14439.79,2571.36,2203.61
60196.3,44943.18,29690.01,14439.22,2571.29,2203.54
60181.63,44928.51,29675.34,14424.55,2571.46,2203.71
60169.15,44916.04,29662.86,14412.08,2571.6,2203.85
60172.71,44919.6,29666.420000000002,14415.64,2571.43,2203.68
60183.81,44930.7,29677.52,14426.74,2573.57,2203.37
60202.21,44949.09,29695.920000000002,14445.14,2574.24,2202.94
60193.39,44940.27,29687.1,14436.33,2574.3,2203.0
60194.26,44941.14,29687.97,14437.2,2574.4,2203.1
60184.48,44931.36,29678.19,14427.43,2574.38,2203.08
60177.61,44924.49,29671.32,14420.55,2577.56,2203.08
60168.03,44914.9,29661.73,14410.960000000001,2577.97,2202.99
60151.45,44898.33,29645.16,14394.39,2572.87,2203.08
60121.42,44868.3,29615.12,14364.36,2557.37,2203.4
60093.75,44840.63,29587.45,14336.68,2544.34,2203.62
60065.06,44811.94,29558.76,14307.99,2530.78,2203.76
60023.09,44769.96,29516.79,14266.01,2511.18,2204.3
59993.34,44740.21,29487.04,14236.26,2495.72,2204.52
59967.75,44714.62,29461.44,14210.67,2495.09,2204.76
59954.27,44701.14,29447.96,14197.2,2495.19,2204.86
59950.14,44697.01,29443.83,14194.9,2495.11,2204.78
59951.97,44698.85,29445.66,14198.44,2495.04,2204.71
59954.86,44701.75,29448.55,14202.22,2494.93,2204.6
59953.71,44700.61,29447.4,14201.07,2494.69,2204.36
59961.34,44711.65,29461.84,14218.91,2507.24,2216.91
59964.51,44714.82,29465.02,14222.08,2507.07,2216.74
59932.9,44683.21,29433.41,14190.47,2507.53,2217.2
59899.34,44649.65,29399.86,14156.91,2508.02,2217.69
59882.57,44632.88,29383.09,14140.15,2508.21,2217.88
59871.26,44621.57,29371.78,14128.84,2508.31,2217.98
59852.93,44603.24,29353.45,14110.51,2508.54,2218.21
59801.07,44551.38,29301.59,14058.65,2501.57,2219.02
59761.23,44511.54,29261.75,14018.81,2501.47,2218.92
59732.34,44482.64,29232.86,13989.92,2498.31,2218.74
59713.44,44463.74,29213.96,13971.02,2491.05,2218.57
59677.81,44428.11,29178.33,13935.39,2477.36,2218.39
59639.84,44390.15,29140.36,13897.43,2455.98,2218.4
59628.86,44379.17,29129.38,13886.45,2457.26,2218.66
59616.69,44367.0,29117.21,13874.28,2458.08,2218.97
59602.19,44352.49,29102.71,13859.78,2457.31,2219.36
59599.75,44350.05,29100.27,13857.34,2466.2,2220.0
59609.27,44359.57,29109.8,13866.86,2484.2,2220.69
59652.17,44402.46,29152.7,13909.75,2518.84,2221.3
59721.74,44472.04,29222.27,13979.33,2561.18,2221.68
59819.52,44569.81,29320.04,14077.1,2602.52,2222.28
59924.47,44674.76,29424.99,14182.05,2643.15,2222.87
60018.55,44768.85,29519.07,14276.14,2684.67,2223.4
60109.49,44859.79,29610.0,14367.08,2732.38,2223.86
60190.99,44941.3,29691.5,14448.59,2787.12,2224.24
60235.8,44982.71,29729.510000000002,14483.21,2808.65,2209.94
60289.05,45035.96,29782.75,14536.46,2831.24,2208.9
60290.21,45037.12,29783.920000000002,14537.62,2831.14,2208.8
60283.21,45030.11,29776.91,14530.61,2831.18,2208.84
60279.87,45026.77,29773.58,14527.27,2831.16,2208.82
60277.26,45024.17,29770.97,14524.66,2831.12,2208.78
60246.79,44993.71,29740.5,14494.2,2830.75,2209.23
60205.11,44952.03,29698.82,14452.52,2826.86,2209.11
60191.18,44938.09,29684.89,14438.58,2826.2,2208.68
60177.1,44924.01,29670.81,14424.5,2822.49,2208.68
60181.87,44928.78,29675.58,14429.27,2832.83,2208.43
60180.75,44927.67,29674.46,14428.15,2840.51,2208.33
60183.3,44930.22,29677.02,14430.7,2852.0,2208.27
60175.63,44922.56,29669.35,14423.04,2855.78,2208.63
60174.24,44921.159999999996,29667.96,14421.64,2862.03,2208.86
60171.75,44918.67,29665.47,14419.15,2866.7,2208.82
60181.89,44928.8,29675.61,14429.28,2874.32,2208.87
60184.54,44931.45,29678.260000000002,14431.93,2874.12,2208.67
60194.51,44941.43,29688.24,14441.91,2874.32,2208.87
60197.92,44944.84,29691.66,14447.75,2874.3,2208.85
60196.91,44943.83,29690.65,14449.35,2874.41,2208.96
60196.1,44943.02,29689.84,14450.95,2874.56,2209.11
60197.76,44944.67,29691.5,14454.15,2874.73,2209.28
60194.54,44941.46,29688.28,14452.05,2874.69,2209.24
60162.58,44912.909999999996,29663.12,14430.3,2887.76,2222.31
60143.97,44894.3,29644.510000000002,14411.7,2888.01,2222.56
60092.7,44843.03,29593.24,14360.43,2887.75,2223.37
60041.01,44791.34,29541.55,14308.75,2883.73,2224.2
59980.02,44730.34,29480.56,14247.75,2874.36,2225.2
59925.31,44675.63,29425.85,14193.04,2874.42,2226.12
59884.28,44634.6,29384.82,14152.01,2875.1,2226.8
59843.46,44593.78,29344.0,14111.19,2874.96,2226.66
59838.58,44588.9,29339.12,14106.3,2875.07,2226.77
59837.1,44587.42,29337.64,14104.82,2877.0,2226.78
59839.05,44589.38,29339.59,14106.77,2881.46,2226.85
59823.37,44573.7,29323.91,14091.09,2877.16,2227.13
59808.32,44558.65,29308.86,14076.05,2866.01,2227.05
59798.73,44549.05,29299.27,14066.45,2856.72,2226.95
59788.59,44538.92,29289.13,14056.32,2850.76,2226.69
59775.43,44525.76,29275.98,14043.16,2846.17,2226.45
59761.25,44511.59,29261.8,14028.99,2846.11,2226.39
59748.22,44498.57,29248.78,14015.960000000001,2846.03,2226.31
59726.13,44476.479999999996,29226.69,13996.960000000001,2846.11,2226.39
59697.38,44447.729999999996,29197.94,13973.7,2846.18,2226.46
59660.28,44410.63,29160.84,13941.69,2845.9900000000002,2226.27
59639.07,44389.42,29139.62,13922.4,2845.72,2226.0
59616.59,44366.94,29117.13,13901.26,2845.61,2225.89
59590.48,44344.229999999996,29097.83,13888.93,2858.21,2238.4900000000002
59562.11,44319.27,29076.260000000002,13872.0,2870.89,2251.17
59564.22,44324.78,29085.170000000002,13884.31,2883.72,2264.0
59566.19,44330.15,29093.94,13896.48,2896.67,2276.95
59541.63,44305.59,29069.39,13871.92,2897.1,2277.38
59519.42,44286.78,29053.98,13859.91,2908.22,2290.95
59493.53,44264.3,29034.89,13844.22,2920.64,2304.47
59494.31,44268.479999999996,29042.47,13855.2,2933.4900000000002,2317.32
59493.89,44268.06,29042.04,13854.78,2933.57,2317.4
59500.71,44274.88,29048.86,13861.59,2933.68,2317.51
59496.4,44270.58,29044.56,13857.29,2928.82,2317.48
59496.7,44270.88,29044.86,13857.59,2928.07,2317.42
59500.61,44274.78,29048.760000000002,13861.49,2929.08,2317.19
59443.44,44217.61,28991.59,13804.32,2927.79,2318.81
59442.84,44217.01,28990.99,13803.72,2927.46,2318.79
59436.9,44211.08,28985.05,13797.79,2926.57,2318.81
59441.04,44215.22,28989.19,13801.94,2926.42,2318.66
59429.99,44204.18,28978.15,13790.9,2926.08,2318.76
59411.71,44185.9,28959.87,13772.62,2926.12,2318.8
59421.12,44195.31,28969.28,13782.03,2926.2200000000003,2318.9
59446.47,44220.659999999996,28994.64,13805.55,2926.4700000000003,2319.15
59457.41,44231.6,29005.59,13814.79,2926.63,2319.31
59470.16,44240.94,29011.54,13816.45,2913.72,2306.4
59469.61,44236.99,29004.19,13805.7,2901.11,2293.79
59464.94,44228.92,28992.72,13790.83,2888.42,2281.1
59463.28,44227.25,28991.05,13789.17,2888.48,2281.16
59474.18,44238.15,29001.95,13800.07,2888.53,2281.21
59471.47,44235.44,28999.24,13797.36,2888.6,2281.28
59451.02,44214.99,28978.79,13776.9,2888.6,2281.28
59420.22,44184.19,28947.99,13746.1,2888.65,2281.33
59381.23,44145.2,28909.0,13707.11,2888.83,2281.51
59371.87,44135.83,28899.64,13697.74,2888.4700000000003,2281.15
59373.77,44137.72,28901.54,13699.63,2887.88,2280.56
59374.27,44138.22,28902.04,13700.13,2887.28,2279.96
59378.87,44142.82,28906.64,13704.73,2883.7,2279.56
59434.54,44198.49,28962.31,13760.4,2908.21,2279.85
59481.33,44245.28,29009.1,13807.19,2932.07,2280.57
59497.33,44261.27,29025.09,13823.18,2929.47,2281.05
59475.01,44238.94,29002.77,13800.86,2904.57,2281.09
59453.18,44217.11,28980.94,13779.03,2882.39,2280.91
59410.52,44174.45,28938.28,13736.37,2851.28,2280.46
59356.0,44119.93,28883.75,13681.85,2817.06,2279.89
59273.24,44037.17,28800.99,13599.1,2782.19,2279.05
59174.08,43938.0,28701.83,13499.94,2739.4,2278.22
59066.54,43830.47,28594.29,13393.12,2697.47,2277.03
58933.12,43693.65,28454.07,13254.07,2644.13,2263.73
58783.89,43541.01,28298.04,13101.42,2590.12,2250.71
58645.85,43399.57,28153.2,12955.33,2529.75,2237.59
58492.94,43243.26,27993.5,12794.16,2463.06,2225.26
58425.06,43175.39,27925.63,12726.28,2428.82,2226.85
58368.91,43119.24,27869.48,12670.13,2406.5,2228.16
58359.36,43109.68,27859.92,12660.57,2406.95,2228.61
58357.94,43108.27,27858.5,12659.16,2407.25,2228.91
58366.64,43116.96,27867.19,12667.85,2407.39,2229.05
58368.72,43119.04,27869.28,12669.93,2407.64,2229.3
58354.38,43108.1,27861.74,12665.79,2420.67,2242.33
58349.72,43103.44,27857.079999999998,12661.13,2420.72,2242.38
58337.56,43091.28,27844.92,12648.97,2421.13,2242.79
58328.87,43082.58,27836.23,12640.28,2410.3,2242.71
58329.22,43082.93,27836.59,12640.63,2399.89,2242.66
58328.1,43081.8,27835.47,12639.5,2388.75,2242.58
58322.74,43076.44,27830.11,12634.14,2375.78,2242.46
58323.4,43077.09,27830.77,12634.8,2369.18,2241.99
58318.19,43071.88,27825.56,12629.59,2362.71,2241.54
58307.15,43060.84,27814.53,12618.55,2357.65,2241.19
58283.85,43037.54,27791.23,12595.25,2349.54,2240.65
58271.89,43025.57,27779.27,12583.29,2349.19,2240.3
58263.46,43017.14,27770.83,12574.86,2348.54,2239.65
58257.55,43011.23,27764.91,12569.21,2348.23,2239.34
58244.68,42998.35,27752.04,12558.77,2347.77,2238.88
58240.04,42990.3,27740.6,12544.77,2334.65,2225.76
58231.24,42978.1,27725.0,12526.94,2321.57,2212.68
58220.06,42966.92,27713.829999999998,12515.46,2321.35,2212.46
58219.63,42963.09,27706.61,12504.83,2308.23,2199.34
58216.42,42959.88,27703.4,12501.61,2307.82,2198.93
58233.34,42976.8,27720.32,12518.53,2307.09,2198.2
58247.7,42991.17,27734.69,12532.89,2306.46,2197.57
58271.45,43014.93,27758.44,12556.65,2305.67,2196.78
58309.7,43053.17,27796.69,12594.89,2304.8,2195.91
58340.29,43083.76,27827.28,12625.48,2304.47,2195.58
58351.65,43095.11,27838.64,12636.83,2304.31,2195.42
58347.15,43090.61,27834.14,12632.33,2303.09,2194.2
58327.04,43070.51,27814.04,12612.22,2300.28,2193.31
58318.94,43062.41,27805.94,12604.12,2294.93,2192.35
58339.06,43082.52,27826.06,12624.23,2299.36,2191.66
58371.75,43115.22,27858.75,12656.92,2318.9,2191.64
58404.42,43147.9,27891.42,12689.6,2339.4900000000002,2191.81
58452.31,43195.78,27939.31,12737.49,2370.89,2192.08
58510.4,43253.86,27997.39,12795.57,2408.37,2192.42
58565.73,43309.18,28052.72,12850.89,2433.31,2192.43
58616.2,43359.65,28103.19,12901.36,2444.46,2192.44
58677.67,43421.13,28164.66,12958.1,2444.65,2192.63
58717.28,43460.73,28204.27,12991.51,2444.94,2192.92
58755.96,43499.41,28242.95,13025.11,2445.39,2193.37
58778.46,43525.3,28272.25,13055.88,2458.86,2206.84
58804.41,43554.65,28305.0,13090.69,2472.52,2220.5
58823.98,43574.22,28324.57,13106.68,2473.29,2221.27
58852.64,43602.87,28353.23,13134.11,2473.01,2220.9900000000002
58873.58,43620.4,28367.37,13144.84,2459.35,2207.33
58888.05,43631.47,28375.05,13149.11,2445.81,2193.79
58904.66,43648.07,28391.65,13165.71,2445.2400000000002,2193.22
58917.48,43657.49,28397.67,13168.34,2431.65,2179.63
58952.83,43689.43,28426.22,13193.49,2418.13,2166.11
58973.08,43709.68,28446.47,13213.73,2418.11,2166.09
59002.55,43739.15,28475.94,13243.2,2418.23,2166.21
59005.33,43741.94,28478.72,13245.99,2418.2400000000002,2166.22
59002.94,43739.54,28476.32,13243.59,2407.82,2165.7
59011.83,43748.44,28485.21,13252.49,2404.49,2165.29
59025.12,43761.74,28498.51,13265.789999999999,2406.55,2164.94
59107.11,43843.73,28580.5,13347.78,2420.3,2162.99
59136.33,43872.96,28609.72,13377.01,2436.71,2162.72
59157.21,43893.84,28630.61,13397.89,2445.1,2162.42
59173.42,43910.06,28646.82,13414.1,2454.19,2162.23
59204.97,43941.61,28678.36,13445.65,2469.73,2162.35
59243.73,43980.37,28717.12,13484.41,2474.32,2162.72
59242.56,43979.2,28715.95,13483.23,2474.69,2163.09
59219.7,43956.340000000004,28693.09,13462.48,2474.93,2163.33
59220.61,43957.24,28693.99,13463.51,2475.32,2163.72
59217.96,43961.39,28704.94,13481.27,2501.57,2189.97
59217.49,43967.71,28718.07,13501.19,2527.38,2215.78
59228.27,43985.29,28742.44,13532.37,2553.33,2241.73
59250.29,44168.54,29086.91,14038.06,3164.38,2852.7799999999997
59264.81,44344.28,29423.88,14536.25,3775.33,3463.73
59273.52,44352.98,29432.579999999998,14544.95,3774.78,3463.18
59282.66,44362.13,29441.72,14554.1,3774.6,3463.0
59321.78,44401.25,29480.84,14593.22,3774.0,3462.4
59372.87,44452.34,29531.93,14644.31,3773.21,3461.61
59404.48,44483.95,29563.54,14675.92,3772.79,3461.19
59392.95,44469.03,29545.21,14654.2,3760.27,3448.67
59367.01,44443.1,29519.27,14628.26,3759.66,3448.06
59335.15,44411.24,29487.42,14596.4,3758.9,3447.3
59282.62,44358.71,29434.89,14543.87,3733.44,3446.06
59232.36,44308.44,29384.63,14493.61,3704.74,3444.64
59185.88,44261.97,29338.16,14447.14,3679.7799999999997,3443.34
59181.49,44257.59,29333.77,14442.75,3678.87,3442.43
59173.95,44250.05,29326.23,14435.2,3677.75,3441.31
59172.6,44248.69,29324.88,14433.85,3676.71,3440.27
59168.06,44244.15,29320.34,14429.31,3675.74,3439.3
59186.38,44262.47,29338.66,14447.619999999999,3675.06,3438.62
59177.93,44254.03,29330.21,14439.73,3674.47,3438.03
59152.77,44228.87,29305.05,14421.99,3674.34,3437.9
59153.49,44232.98,29312.57,14436.539999999999,3686.34,3449.9
59172.09,44254.98,29337.97,14465.92,3698.18,3461.74
59164.59,44250.87,29337.27,14474.13,3710.12,3473.68
59179.84,44269.52,29359.31,14497.64,3721.27,3484.83
59154.73,44244.41,29334.2,14472.53,3720.98,3484.54
59163.22,44252.9,29342.69,14481.02,3720.13,3483.69
59170.52,44260.21,29349.989999999998,14488.33,3719.31,3482.87
59173.23,44262.92,29352.7,14491.039999999999,3718.58,3482.14
59177.59,44267.28,29357.06,14495.41,3717.7999999999997,3481.36
59175.9,44265.58,29355.36,14493.71,3717.14,3480.7
59144.58,44230.86,29317.25,14452.19,3704.5699999999997,3468.13
59117.57,44203.84,29290.239999999998,14425.17,3703.7799999999997,3467.34
59114.31,44200.59,29286.99,14421.92,3702.5899999999997,3466.15
59111.29,44197.58,29283.97,14418.9,3701.44,3465.0
59099.0,44185.29,29271.68,14406.61,3700.36,3464.15
59086.14,44172.44,29258.82,14393.76,3697.69,3463.3
59060.4,44146.7,29233.07,14368.02,3696.48,3462.37
59044.45,44130.76,29217.12,14352.07,3694.75,3461.6
59028.62,44114.94,29201.29,14336.25,3693.99,3460.8399999999997
59009.49,44095.81,29182.16,14317.119999999999,3693.45,3460.2999999999997
58995.11,44081.44,29167.78,14302.75,3693.06,3459.91
58986.06,44072.4,29158.73,14293.7,3692.74,3459.59
58959.55,44045.89,29132.22,14268.32,3692.27,3459.12
58983.45,44069.79,29156.12,14289.53,3692.27,3459.12
59020.01,44106.35,29192.68,14321.04,3692.29,3459.14
59049.74,44139.49,29229.22,14357.72,3704.94,3471.79
59081.38,44174.54,29267.66,14396.85,3717.54,3484.39
59113.19,44209.75,29306.26,14438.05,3730.09,3496.94
59135.55,44235.51,29335.42,14470.61,3742.7999999999997,3509.65
59140.61,44240.58,29340.48,14475.68,3742.73,3509.58
59137.65,44237.62,29337.52,14472.72,3742.83,3509.68
59136.72,44236.69,29336.579999999998,14471.789999999999,3742.85,3509.7
59133.49,44236.85,29340.15,14478.76,3755.81,3522.66
59122.88,44229.64,29336.34,14478.36,3768.74,3535.59
59130.77,44240.93,29351.03,14496.45,3781.08,3547.93
59164.32,44274.48,29384.579999999998,14530.0,3780.92,3547.77
59196.88,44307.05,29417.14,14562.57,3781.3599999999997,3548.21
59230.9,44341.07,29451.16,14596.59,3784.67,3548.09
59248.7,44358.87,29468.96,14614.39,3787.97,3547.93
59240.4,44350.58,29460.67,14606.1,3784.5299999999997,3547.55
59217.63,44327.81,29437.9,14583.33,3766.63,3546.87
59195.85,44306.03,29416.12,14561.55,3749.05,3545.98
59157.13,44267.31,29377.4,14522.82,3717.62,3545.0099999999998
59103.45,44213.64,29323.72,14469.15,3679.47,3544.0
59050.8,44161.0,29271.07,14416.51,3653.83,3543.29
59008.85,44119.04,29229.11,14374.55,3642.02,3542.62
58979.19,44089.38,29199.46,14344.89,3641.22,3541.82
58947.37,44057.57,29167.64,14316.93,3640.38,3540.98
58903.85,44014.05,29124.12,14279.95,3639.39,3539.99
58866.12,43972.92,29079.59,14236.98,3625.63,3526.23
58827.86,43931.26,29034.53,14188.68,3611.81,3512.41
58816.46,43916.45,29016.32,14167.07,3598.4,3499.0
58810.86,43907.45,29003.92,14151.27,3585.74,3486.34
58777.22,43873.82,28970.29,14117.64,3586.41,3487.0099999999998
58749.26,43845.86,28942.33,14089.68,3586.96,3487.56
58714.74,43811.35,28907.81,14055.17,3587.53,3488.13
58703.62,43800.24,28896.69,14044.05,3587.62,3488.22
58685.83,43782.46,28878.9,14026.26,3587.47,3488.07
58690.159999999996,43783.39,28876.43,14020.39,3573.86,3474.46
58706.31,43799.54,28892.59,14036.54,3573.36,3473.96
58741.29,43834.52,28927.57,14071.52,3578.1,3473.21
58753.36,43846.6,28939.64,14083.6,3585.2599999999998,3472.75
58737.72,43830.96,28924.0,14067.96,3579.18,3472.5099999999998
58722.78,43816.02,28909.06,14053.02,3570.81,3472.02
58699.94,43793.18,28886.23,14030.18,3554.5,3471.41
58680.69,43773.92,28866.98,14010.92,3538.0,3470.82
58668.38,43761.6,28854.66,13998.6,3528.91,3470.42
58654.66,43747.88,28840.95,13984.88,3518.99,3469.7799999999997
58630.98,43724.2,28817.28,13961.2,3503.17,3469.38
58613.07,43706.28,28799.37,13943.29,3498.71,3469.14
58623.44,43716.65,28809.74,13953.66,3498.51,3468.94
58652.59,43745.8,28838.88,13980.7,3497.98,3468.41
58652.83,43746.04,28839.12,13980.82,3497.31,3467.74
58652.43,43742.25,28831.92,13970.22,3483.67,3454.1
58660.05,43746.47,28832.74,13967.64,3470.0099999999998,3440.44
58643.03,43722.65,28802.13,13930.22,3443.84,3414.27
58612.37,43530.77,28449.02,13415.89,2832.7599999999998,2803.19
58620.14,43377.32,28134.34,12939.99,2221.1,2191.53
58659.32,43416.5,28173.52,12979.17,2220.96,2191.39
58708.53,43465.7,28222.73,13028.38,2223.51,2191.22
58759.34,43516.5,28273.54,13079.18,2247.52,2191.36
58757.96,43515.11,28272.16,13077.79,2248.59,2192.43
58736.45,43493.61,28250.65,13056.29,2249.98,2193.82
58765.85,43526.41,28286.85,13095.89,2263.53,2207.37
58833.07,43597.02,28360.87,13173.31,2288.02,2223.19
58896.13,43663.48,28430.73,13246.57,2323.23,2238.94
58949.41,43720.16,28490.82,13310.05,2364.44,2254.69
58999.86,43770.61,28541.27,13360.49,2394.86,2256.1
59050.84,43821.58,28592.24,13411.47,2428.97,2257.0
59096.79,43867.52,28638.19,13457.41,2460.07,2257.71
59127.63,43898.36,28669.03,13488.25,2475.23,2258.25
59140.1,43910.84,28681.5,13500.72,2475.5,2258.52
59153.65,43924.39,28695.05,13514.27,2475.67,2258.69
59154.46,43925.2,28695.86,13515.08,2475.9,2258.92
59177.25,43947.98,28718.65,13537.3,2476.26,2259.28
59204.12,43974.85,28745.52,13556.04,2476.41,2259.43
59204.0,43974.73,28745.4,13553.27,2476.6,2259.62
59207.55,43978.28,28748.95,13554.46,2476.73,2259.75
59227.86,43998.6,28769.26,13567.11,2477.02,2260.04
59234.78,44005.52,28776.18,13574.03,2477.53,2260.55
59236.8,44007.54,28778.19,13576.05,2478.06,2261.08
59246.81,44017.54,28788.2,13586.05,2478.5,2261.52
59228.28,43999.0,28769.67,13567.51,2479.19,2262.21
59199.14,43969.86,28740.54,13538.37,2479.82,2262.84
59159.36,43930.09,28700.77,13498.59,2480.66,2263.68
59115.07,43885.81,28656.48,13454.31,2481.61,2264.63
59135.94,43906.67,28677.34,13475.17,2481.71,2264.73
59181.7,43952.44,28723.1,13520.94,2482.72,2265.74
59214.62,43985.36,28756.01,13553.86,2483.84,2266.86
59238.4,44009.13,28779.79,13577.64,2494.46,2268.05
59286.159999999996,44056.89,28827.54,13625.4,2522.68,2269.36
59315.7,44086.42,28857.08,13654.93,2537.36,2271.02
59372.01,44142.72,28913.39,13711.23,2562.1,2272.44
59395.67,44166.38,28937.05,13734.89,2568.96,2273.79
59413.7,44184.409999999996,28955.08,13752.92,2570.0,2274.83
59434.57,44205.27,28975.94,13773.78,2570.77,2275.6
59458.29,44228.98,28999.66,13797.49,2571.03,2275.86
59446.7,44217.39,28988.079999999998,13785.9,2571.21,2276.04
59454.3,44224.98,28995.68,13792.36,2571.57,2276.4
59415.13,44185.8,28956.51,13757.31,2571.41,2276.24
59366.24,44136.909999999996,28907.62,13713.64,2571.23,2276.06
59336.24,44106.9,28877.61,13683.92,2571.5,2276.33
59325.36,44096.02,28866.74,13673.04,2572.02,2276.85
59321.19,44091.84,28862.57,13668.87,2572.63,2277.46
59330.36,44097.6,28864.93,13667.83,2560.46,2265.29
59334.25,44101.48,28868.82,13671.72,2561.39,2266.22
59339.85,44107.08,28874.42,13677.32,2562.23,2267.06
59343.25,44271.7,29200.27,14164.39,3160.26,2865.09
59344.37,44269.43,29194.59,14155.31,3148.25,2853.08
59345.77,44267.43,29189.19,14146.51,3136.2,2841.03
59344.55,44262.82,29181.17,14135.1,3124.05,2828.88
59350.18,44268.46,29186.81,14140.74,3124.88,2829.71
59363.26,44281.54,29199.9,14153.82,3131.61,2830.4
59366.94,44285.22,29203.579999999998,14157.5,3138.29,2830.97
59364.94,44283.22,29201.579999999998,14155.5,3143.45,2831.64
59361.09,44279.37,29197.72,14151.65,3144.0,2831.99
59351.84,44270.11,29188.47,14142.39,3142.24,2832.57
59337.99,44256.25,29174.62,14128.54,3139.04,2833.1
59330.22,44248.48,29166.85,14120.78,3138.84,2833.57
59325.76,44244.02,29162.39,14116.32,3139.32,2834.05
59332.98,44251.23,29169.61,14123.54,3139.65,2834.38
59336.43,44254.68,29173.06,14127.0,3139.61,2834.34
59345.62,44263.86,29182.24,14136.19,3139.71,2834.44
59343.32,44261.56,29179.94,14132.01,3139.83,2834.56
59348.36,44266.6,29184.98,14134.26,3140.17,2834.9
59365.66,44283.9,29202.28,14148.76,3140.9,2835.63
59384.75,44302.98,29221.37,14167.69,3141.63,2836.36
59399.14,44320.77,29242.56,14192.289999999999,3154.7599999999998,2849.49
59414.08,44335.72,29257.5,14207.23,3155.19,2849.92
59434.54,44356.18,29277.95,14227.69,3155.39,2850.12
59473.43,44395.06,29316.829999999998,14266.57,3155.45,2850.18
59523.18,44444.81,29366.579999999998,14316.32,3155.43,2850.16
59547.02,44468.64,29390.42,14340.16,3155.79,2850.52
59572.2,44493.82,29415.6,14365.34,3158.34,2850.87
59571.5,44496.53,29421.7,14374.85,3172.54,2865.07
59567.93,44492.95,29418.12,14371.27,3173.5699999999997,2866.1
59563.1,44488.11,29413.29,14366.43,3169.71,2867.69
59552.82,44477.83,29403.02,14356.15,3163.5099999999998,2869.11
59577.38,44502.39,29427.58,14380.71,3174.7,2870.39
59598.2,44523.21,29448.4,14401.53,3184.52,2871.95
59648.06,44573.07,29498.25,14451.39,3219.47,2873.36
59683.84,44608.86,29534.04,14487.18,3246.08,2874.64
59729.78,44654.8,29579.98,14533.13,3276.26,2875.84
59744.35,44669.37,29594.54,14547.7,3284.39,2877.36
59770.09,44695.1,29620.27,14573.43,3298.41,2878.02
59773.13,44698.15,29623.31,14576.47,3298.78,2878.39
59785.13,44710.15,29635.31,14588.47,3299.2599999999998,2878.87
59782.96,44707.97,29633.14,14586.289999999999,3299.96,2879.57
59780.18,44705.2,29630.37,14583.55,3300.62,2880.23
59771.29,44699.7,29628.28,14585.6,3313.96,2893.57
59769.18,44701.0,29632.97,14593.7,3327.5,2907.11
59779.159999999996,44872.2,29965.39,15087.35,3908.04,3487.6499999999996
59814.68,45068.94,30323.36,15606.54,4523.98,4103.59
59824.83,45240.31,30655.96,16100.36,5153.56,4733.17
59821.48,45398.19,30975.06,16580.69,5781.97,5361.58
59815.05,45391.76,30968.63,16574.26,5779.71,5362.04
59787.96,45364.68,30941.54,16547.18,5758.58,5362.55
59802.62,45379.35,30956.21,16561.85,5758.33,5362.3
59822.9,45403.03,30983.29,16592.33,5770.96,5374.93
59819.63,45399.75,30980.02,16589.06,5770.95,5374.92
59791.1,45367.82,30944.69,16550.33,5748.5,5361.14
59767.29,45340.61,30914.07,16516.32,5715.7699999999995,5347.0599999999995
59746.01,45315.92,30885.98,16484.84,5684.39,5332.8
59714.06,45283.97,30854.03,16452.89,5657.94,5332.7699999999995
59681.13,45251.05,30821.1,16419.96,5631.2699999999995,5333.15
59652.17,45222.1,30792.14,16391.01,5608.95,5333.83
59641.34,45211.28,30781.31,16380.19,5603.39,5334.78
59634.23,45204.16,30774.2,16373.07,5604.59,5335.98
59642.47,45212.39,30782.44,16381.31,5606.84,5337.04
59649.27,45219.2,30789.25,16388.12,5607.74,5337.94
59655.11,45225.05,30795.09,16393.97,5608.61,5338.81
59650.71,45220.65,30790.7,16393.97,5609.58,5339.78
59682.78,45256.13,30829.57,16433.02,5622.99,5353.19
59708.24,45284.99,30861.83,16465.05,5636.32,5366.5199999999995
59735.17,45315.32,30895.57,16502.18,5649.68,5379.88
59745.39,45328.94,30912.6,16522.6,5662.75,5392.95
59761.06,45505.83,31250.72,17021.94,6248.47,5978.67
59772.43,45517.21,31262.09,17033.32,6248.71,5978.91
59801.18,45545.97,31290.84,17062.08,6248.89,5979.09
59845.41,45751.42,31657.510000000002,17589.98,6869.36,6599.56
59884.26,45951.49,32018.8,18112.5,7485.69,7215.89
59940.87,46169.32,32397.86,18652.78,8101.97,7832.17
59981.42,46216.68,32452.02,18713.74,8128.05,7858.25
60027.7,46266.36,32505.1,18770.22,8153.77,7872.72
60032.63,46274.69,32516.83,18785.35,8169.46,7887.4
60036.34,46281.81,32527.35,18799.26,8184.27,7902.22
60024.1,46269.57,32515.11,18787.02,8173.11,7902.7
60022.87,46268.340000000004,32513.88,18785.8,8173.8,7902.7699999999995
60003.32,46248.8,32494.33,18766.26,8159.31,7902.98
60005.41,46250.89,32496.420000000002,18768.35,8164.31,7903.28
60011.37,46256.85,32502.38,18774.31,8170.35,7903.87
60018.28,46263.77,32509.3,18781.23,8171.43,7904.5199999999995
60024.98,46270.48,32516.0,18787.94,8173.72,7905.2300000000005
60061.51,46307.01,32552.53,18824.47,8174.5,7906.01
60075.0,46320.51,32566.02,18837.97,8175.16,7906.67
60091.8,46337.31,32582.82,18854.75,8176.05,7907.56
60119.51,46368.43,32617.33,18890.18,8189.5599999999995,7921.07
60130.6,46382.92,32635.22,18912.44,8202.72,7934.23
60125.1,46380.82,32636.510000000002,18917.2,8215.57,7947.08
60131.13,46386.85,32642.54,18923.22,8215.79,7947.3
60129.42,46388.55,32647.63,18931.72,8228.9,7960.41
60173.78,46432.92,32692.0,18976.08,8239.9,7959.64
60236.22,46656.58,33076.89,19522.19,8897.96,8617.7
60299.96,46720.32,33140.63,19585.93,8961.7,8681.44
60368.35,46949.93,33531.47,20137.99,9628.44,9348.18
60436.56,47179.37,33922.13,20689.87,10294.89,10014.63
60501.82,47251.43,34000.99,20775.53,10345.57,10042.24
60547.99,47301.0,34053.95,20831.9,10376.65,10056.67
60552.79,47309.2,34065.54,20846.9,10389.33,10071.2
60581.74,47341.55,34101.28,20886.05,10420.55,10086.35
60617.68,47380.89,34144.03,20932.19,10453.72,10101.52
60651.83,47415.04,34178.18,20966.34,10475.44,10102.56
60673.68,47436.89,34200.03,20988.19,10487.7,10103.42
60686.77,47449.99,34213.12,21001.28,10494.49,10104.44
60683.81,47447.04,34210.16,20998.32,10495.44,10105.39
60674.65,47437.88,34201.0,20989.16,10496.1,10106.05
60656.17,47419.4,34182.52,20970.67,10496.44,10106.39
60631.38,47394.62,34157.73,20946.31,10496.9,10106.85
60609.59,47372.84,34135.95,20925.53,10497.38,10107.33
60611.43,47374.67,34137.79,20929.54,10497.62,10107.57
60633.51,47396.75,34159.87,20948.57,10497.77,10107.72
60638.34,47401.59,34164.7,20952.14,10497.460000000001,10107.41
60644.32,47407.57,34170.68,20958.11,10497.19,10107.14
60635.67,47398.93,34162.03,20949.46,10497.22,10107.17
60635.0,47401.65,34168.16,20958.98,10510.02,10119.97
60689.06,47455.71,34222.22,21013.04,10522.3,10119.23
60721.23,47487.88,34254.39,21045.22,10534.11,10118.76
60742.29,47508.94,34275.45,21066.28,10542.76,10118.54
60757.6,47524.25,34290.76,21081.58,10547.0,10118.39
60757.87,47524.51,34291.03,21081.85,10546.67,10118.45
60736.17,47502.8,34269.33,21060.15,10546.22,10118.0
60698.41,47465.05,34231.57,21022.4,10545.8,10117.58
60676.67,47443.31,34209.83,21000.67,10545.45,10117.27
60684.34,47450.97,34217.49,21008.33,10548.63,10117.22
60673.04,47439.67,34206.19,20997.03,10541.66,10116.69
60658.48,47425.1,34191.62,20982.46,10536.41,10116.09
60610.71,47377.33,34143.85,20934.69,10502.75,10115.97
60558.62,47325.24,34091.75,20882.6,10476.36,10115.68
60482.81,47249.43,34015.94,20806.78,10447.15,10115.45
60432.28,47198.89,33965.41,20756.24,10439.88,10114.79
60375.26,47141.88,33908.4,20699.23,10426.36,10114.63
60342.76,47109.37,33875.9,20666.72,10426.11,10114.38
60313.32,47079.93,33846.46,20637.29,10425.6,10113.87
60256.0,47022.62,33789.15,20588.0,10424.83,10113.1
60214.54,46981.16,33747.68,20555.83,10424.0,10112.27
60185.81,46949.03,33712.15,20523.93,10410.62,10098.89
60147.85,46907.66,33667.39,20481.75,10397.52,10085.79
60123.03,46725.01,33326.92,19983.46,9829.63,9517.9
60067.01,46507.76,32948.45,19443.77,9214.07,8902.34
60030.76,46310.29,32589.75,18923.85,8584.86,8273.13
60000.07,46118.38,32236.62,18409.49,7956.85,7645.12
59971.23,46089.55,32207.78,18380.65,7956.69,7644.96
59945.02,46063.340000000004,32181.57,18354.44,7954.22,7644.72
59927.3,46045.62,32163.85,18336.72,7953.89,7644.39
59910.12,46028.44,32146.670000000002,18319.54,7953.22,7643.72
59890.39,46008.72,32126.94,18299.81,7952.67,7643.17
59875.43,45993.77,32111.99,18284.85,7952.24,7642.74
59861.53,45979.86,32098.09,18270.95,7951.09,7642.4
59855.08,45973.42,32091.64,18264.5,7951.7300000000005,7642.0
59860.52,45978.86,32097.08,18269.94,7961.82,7641.51
59847.55,45965.88,32084.11,18256.96,7955.3,7641.15
59841.75,45960.08,32078.32,18251.16,7955.36,7640.52
59819.88,45938.2,32056.45,18229.29,7946.99,7640.26
59806.28,45924.61,32042.85,18215.7,7946.49,7639.76
59768.229999999996,45886.57,32004.81,18177.65,7944.9,7639.36
59740.67,45859.01,31977.24,18150.09,7944.54,7639.0
59731.28,45849.62,31967.85,18140.7,7943.9800000000005,7638.4400000000005
59707.99,45826.32,31944.55,18120.45,7943.41,7637.87
59679.96,45794.89,31909.72,18087.69,7930.46,7624.92
59652.96,45764.5,31875.920000000002,18056.2,7917.49,7611.95
59618.25,45726.39,31834.4,18017.45,7904.26,7598.72
59608.59,45713.32,31817.93,18001.09,7891.34,7585.8
59603.46,45550.37,31497.15,17522.49,7318.03,7012.49
59614.84,45561.75,31508.53,17533.87,7322.6,7011.79
59666.55,45613.46,31560.25,17585.58,7352.0,7010.5
59739.51,45525.2,31310.76,17174.87,6780.06,6388.82
59832.83,45457.29,31081.63,16784.52,6228.48,5771.08
59928.75,45391.99,30855.1,16396.77,5679.51,5152.99
59955.0,45414.84,30874.55,16412.82,5669.87,5139.94
59927.38,45383.81,30840.13,16374.99,5644.54,5125.86
59932.86,45389.28,30845.61,16380.460000000001,5649.84,5125.88
59969.82,45426.24,30882.56,16417.420000000002,5683.09,5126.52
59992.17,45451.98,30911.71,16449.97,5720.14,5141.28
60025.14,45484.95,30944.68,16482.94,5750.57,5141.09
60042.91,45502.71,30962.45,16500.71,5769.85,5141.2300000000005
60074.5,45534.29,30994.04,16532.29,5797.26,5141.07
60092.93,45552.72,31012.47,16550.72,5814.45,5141.11
60108.4,45568.19,31027.93,16566.19,5831.65,5141.09
60119.44,45579.23,31038.97,16577.23,5841.5,5141.42
60123.34,45583.12,31042.86,16581.12,5841.86,5141.78
60141.57,45601.35,31061.09,16599.35,5842.08,5142.0
60137.909999999996,45597.69,31057.43,16595.22,5842.01,5141.93
60129.98,45586.36,31042.7,16578.25,5829.39,5129.31
60129.27,45582.26,31035.19,16567.61,5816.68,5116.6
60113.22,45562.8,31012.34,16542.86,5803.76,5103.68
60074.12,45523.71,30973.24,16503.77,5802.87,5102.79
60074.62,45524.21,30973.74,16504.27,5802.12,5102.04
60058.659999999996,45508.25,30957.77,16488.31,5789.92,5101.61
60025.74,45314.1,30602.4,15971.710000000001,5130.65,4442.34
60000.92,45128.05,30255.13,15463.210000000001,4470.31,3780.11
59976.159999999996,44942.06,29907.92,14954.77,3808.55,3111.99
59942.65,44747.33,29551.96,14437.59,3140.83,2444.27
59845.85,44647.12,29448.36,14330.58,3102.2,2428.71
59757.84,44555.7,29353.55,14232.37,3070.12,2413.28
59706.51,44500.97,29295.43,14170.84,3050.76,2398.11
59654.2,44445.26,29236.33,14108.33,3010.02,2382.98
59610.2,44397.85,29185.52,14054.12,2968.68,2367.59
59582.05,44369.69,29157.37,14025.960000000001,2944.8,2366.65
59562.15,44349.8,29137.48,14006.07,2932.79,2366.04
59548.61,44336.26,29123.95,13992.53,2925.88,2364.9
59534.05,44321.7,29109.4,13977.97,2924.92,2363.94
59521.479999999996,44309.13,29096.83,13965.4,2924.15,2363.17
59515.39,44303.05,29090.75,13959.32,2923.62,2362.64
59521.34,44309.0,29096.7,13964.84,2923.4,2362.42
59528.09,44315.74,29103.44,13970.57,2923.11,2362.13
59524.86,44312.51,29100.21,13969.15,2922.79,2361.81
59501.659999999996,44289.31,29077.01,13951.81,2922.31,2361.33
59482.72,44270.36,29058.07,13935.97,2921.82,2360.84
59455.97,44243.61,29031.32,13909.22,2921.0,2360.02
59450.7,44238.33,29026.05,13903.94,2919.91,2358.93
59432.54,44216.78,29001.1,13875.59,2906.75,2345.77
59410.409999999996,44194.64,28978.97,13853.460000000001,2893.56,2345.6
59391.45,44175.69,28960.01,13834.5,2880.9,2345.22
59390.04,44174.27,28958.6,13833.09,2879.7,2344.46
59397.4,44181.63,28965.96,13840.45,2884.87,2343.64
59404.88,44189.12,28973.44,13847.93,2890.14,2342.87
59413.729999999996,44197.97,28982.29,13856.78,2889.67,2342.4
59420.62,44204.85,28989.18,13863.66,2889.09,2341.82
59408.83,44193.07,28977.39,13851.87,2888.84,2341.57
59395.51,44179.75,28964.07,13838.56,2885.12,2341.08
59380.36,44164.59,28948.92,13823.41,2881.33,2340.76
59387.909999999996,44172.15,28956.47,13830.97,2881.76,2340.32
59382.34,44166.58,28950.9,13825.4,2881.35,2339.91
59393.77,44178.0,28962.33,13836.83,2880.9900000000002,2339.55
59431.0,44215.24,28999.56,13874.07,2883.05,2339.37
59473.38,44257.63,29041.95,13916.460000000001,2884.84,2339.76
59513.76,44298.01,29082.32,13956.84,2887.23,2340.14
59563.13,44347.39,29131.7,14006.22,2890.88,2340.23
59602.95,44387.22,29171.52,14046.04,2891.13,2340.48
59651.87,44436.14,29220.44,14086.94,2891.53,2340.88
59678.229999999996,44462.49,29246.8,14107.57,2892.1,2341.45
59688.409999999996,44472.68,29256.98,14115.380000000001,2892.53,2341.88
59679.45,44463.73,29248.02,14105.12,2892.32,2341.67
59657.19,44441.47,29225.76,14084.05,2892.03,2341.38
59661.51,44449.19,29236.88,14098.56,2904.14,2353.49
59689.229999999996,44476.909999999996,29264.6,14126.28,2903.59,2352.94
59723.56,44511.23,29298.92,14160.6,2902.9,2352.25
59766.71,44554.37,29342.07,14203.74,2912.61,2351.39
59811.46,44599.11,29386.82,14248.48,2929.69,2350.63
59849.06,44636.7,29424.41,14286.07,2942.27,2349.9
59869.88,44654.12,29438.43,14296.69,2929.3,2336.93
59914.55,44698.79,29483.1,14341.36,2929.38,2337.01
59931.29,44715.52,29499.83,14358.09,2929.11,2336.74
59933.88,44718.11,29502.42,14360.68,2928.66,2336.29
59924.14,44708.37,29492.69,14350.94,2919.97,2336.0
59921.03,44705.27,29489.58,14347.84,2917.4,2336.17
59943.43,44727.67,29511.98,14370.25,2932.96,2336.41
59974.6,44758.83,29543.14,14401.42,2953.9,2336.82
60022.56,44806.79,29591.1,14449.37,2981.3,2337.19
60061.96,44846.19,29630.5,14488.77,2996.96,2338.05
60126.33,44910.56,29694.86,14553.14,3020.55,2339.1
60182.93,44967.159999999996,29751.46,14609.74,3030.78,2340.1
60230.02,45014.24,29798.55,14656.82,3038.3,2340.92
60293.23,45077.46,29861.76,14712.59,3039.28,2341.9
60329.8,45114.03,29898.34,14742.0,3039.82,2342.44
60370.06,45154.28,29938.6,14775.17,3040.39,2343.01
60410.37,45194.59,29978.91,14809.32,3041.09,2343.71
60452.06,45236.29,30020.6,14847.51,3041.54,2344.16
60513.31,45294.13,30075.05,14898.55,3039.91,2330.83
60530.88,45311.7,30092.62,14916.12,3048.47,2330.98
60519.07,45299.88,30080.8,14904.3,3034.93,2331.54
60487.04,45267.85,30048.78,14872.27,3007.22,2332.11
60437.28,45218.09,29999.02,14822.5,2962.02,2332.83
60395.5,45176.3,29957.24,14780.710000000001,2922.34,2333.5
60420.04,45197.44,29974.97,14795.05,2927.9700000000003,2319.34
60439.909999999996,45217.32,29994.84,14814.93,2935.5,2319.2
60457.11,45231.13,30005.24,14821.94,2937.27,2305.49
60459.99,45230.6,30001.32,14814.61,2926.54,2290.71
60451.38,45218.6,29985.920000000002,14795.8,2901.1,2276.0
60458.89,45226.11,29993.43,14803.3,2903.27,2276.11
60478.87,45246.1,30013.420000000002,14823.28,2912.42,2275.92
60472.64,45239.87,30007.19,14817.06,2899.44,2276.04
60473.55,45240.78,30008.11,14817.97,2893.44,2275.98
60456.81,45224.04,29991.37,14801.23,2875.61,2275.8
60439.19,45206.42,29973.75,14783.61,2864.4,2275.69
60426.87,45194.11,29961.43,14771.3,2864.23,2275.52
60442.93,45210.17,29977.49,14787.36,2864.05,2275.34
60462.38,45229.63,29996.95,14803.18,2863.98,2275.27
60457.15,45224.4,29991.72,14798.9,2863.49,2274.78
60438.94,45206.19,29973.51,14783.85,2862.84,2274.13
60429.64,45196.9,29964.21,14776.35,2862.41,2273.7
60435.38,45202.64,29969.95,14782.09,2862.32,2273.61
60447.77,45211.63,29975.55,14784.28,2848.99,2260.28
60450.39,45214.25,29978.17,14786.9,2848.9,2260.19
60464.39,45228.26,29992.18,14800.91,2852.98,2259.87
60481.24,45245.12,30009.03,14817.77,2866.15,2259.6
60518.65,45282.53,30046.44,14855.19,2895.66,2259.4
60527.05,45290.93,30054.85,14863.59,2900.91,2259.54
60558.77,45319.26,30079.77,14885.12,2888.37,2247.0
60599.659999999996,45360.16,30120.66,14926.01,2889.01,2247.64
60627.54,45388.03,30148.53,14953.880000000001,2889.64,2248.27
60635.59,45396.07,30156.57,14961.92,2889.67,2248.3
60651.31,45411.8,30172.29,14977.65,2896.46,2248.34
60641.89,45402.38,30162.87,14968.24,2896.25,2248.13
60634.69,45395.17,30155.66,14961.04,2896.17,2248.05
60644.22,45404.69,30165.18,14970.56,2898.38,2248.57
60663.4,45423.87,30184.35,14989.74,2899.05,2249.24
60689.43,45449.9,30210.39,15015.77,2899.85,2250.04
60715.76,45476.22,30236.71,15042.09,2900.72,2250.91
60757.03,45517.49,30277.98,15083.36,2901.42,2251.61
60801.08,45561.55,30322.03,15127.42,2902.29,2252.48
60822.74,45583.22,30343.7,15143.69,2903.12,2253.31
60853.75,45614.23,30374.71,15168.42,2904.18,2254.37
60889.63,45653.51,30417.39,15210.5,2918.19,2268.38
60939.69,45706.97,30474.25,15270.77,2932.75,2282.94
60980.1,45750.79,30521.47,15321.39,2947.09,2297.28
61035.12,45967.03,30898.93,15860.08,3577.2799999999997,2927.47
61079.06,46010.98,30942.87,15904.02,3605.77,2927.44
61115.45,46047.36,30979.26,15940.4,3631.54,2927.43
61116.74,46048.65,30980.55,15941.69,3632.62,2927.7599999999998
61123.91,46055.83,30987.73,15948.87,3638.86,2928.04
61121.6,46053.51,30985.420000000002,15946.56,3637.7,2928.5
61139.38,46071.3,31003.2,15964.34,3638.27,2929.07
61154.21,46086.14,31018.03,15979.18,3638.82,2929.62
61173.16,46105.09,31036.98,15998.13,3639.42,2930.22
61194.86,46126.79,31058.68,16019.83,3652.06,2931.08
61228.02,46159.95,31091.84,16052.98,3673.89,2932.1
61249.86,46181.79,31113.69,16074.82,3696.94,2932.96
61277.63,46209.56,31141.47,16102.59,3715.18,2933.41
61293.82,46225.76,31157.66,16118.78,3727.47,2934.02
61305.72,46237.65,31169.56,16130.67,3741.61,2934.38
61306.49,46238.42,31170.32,16131.44,3744.24,2934.4
61281.28,46213.21,31145.12,16106.23,3742.12,2934.29
61249.19,46181.12,31113.02,16074.14,3738.69,2934.42
61226.24,46158.17,31090.08,16051.19,3738.75,2934.48
61205.97,46137.89,31069.8,16033.460000000001,3739.1,2934.83
61217.76,46149.69,31081.59,16043.21,3739.31,2935.04
61247.97,46179.9,31111.81,16068.02,3739.82,2935.5499999999997
61307.37,46239.29,31171.21,16122.73,3740.7999999999997,2936.5299999999997
61379.22,46311.14,31243.06,16193.38,3741.8199999999997,2937.55
61433.44,46361.96,31290.48,16237.41,3729.2,2924.93
61460.55,46389.06,31317.59,16264.52,3739.6,2925.17
61477.04,46405.55,31334.08,16281.01,3750.49,2925.43
61478.08,46406.6,31335.13,16282.06,3750.2,2925.97
61482.76,46411.28,31339.81,16286.75,3753.38,2926.53
61474.5,46403.02,31331.55,16278.5,3746.41,2927.42
61500.52,46432.44,31364.37,16314.72,3761.69,2941.2
61510.65,46442.56,31374.5,16324.84,3765.63,2941.8
61535.97,46467.88,31399.82,16350.16,3776.02,2942.58
61584.27,46516.19,31448.12,16398.46,3809.46,2943.07
61628.4,46560.31,31492.24,16442.59,3846.35,2943.48
61647.14,46579.04,31510.98,16461.32,3862.5099999999998,2943.86
61643.19,46575.1,31507.04,16457.37,3862.36,2944.08
61619.79,46551.7,31483.64,16433.96,3847.75,2944.0499999999997
61588.38,46520.3,31452.23,16402.56,3828.81,2944.15
61572.82,46504.73,31436.67,16387.0,3821.97,2944.0
61517.47,46449.38,31381.32,16331.65,3799.02,2943.59
61470.95,46402.86,31334.8,16285.13,3789.43,2943.23
61431.69,46367.0,31302.34,16256.08,3795.74,2956.24
61391.84,46330.54,31269.29,16231.17,3807.68,2968.18
61381.4,46323.5,31265.64,16233.73,3820.08,2980.58
61371.55,46317.06,31262.6,16235.96,3832.6,2993.1
61371.98,46317.48,31263.03,16236.39,3832.54,2993.04
61364.45,46309.95,31255.5,16228.86,3832.5299999999997,2993.0299999999997
61324.79,46270.3,31215.84,16189.21,3821.11,2993.31
61311.8,46257.31,31202.86,16176.22,3816.86,2992.81
61301.22,46246.73,31192.28,16165.65,3814.06,2992.25
61278.42,46223.92,31169.47,16142.84,3801.81,2991.91
61263.22,46208.73,31154.28,16127.65,3795.41,2991.54
61212.49,46158.01,31103.55,16076.93,3766.65,2991.5499999999997
61156.01,46104.93,31053.88,16030.65,3756.94,3005.04
61103.85,46052.77,31001.72,15978.49,3748.85,3004.62
61058.16,46007.08,30956.03,15932.8,3726.34,3003.88
61013.72,45962.65,30911.59,15888.37,3694.03,3003.25
60986.54,45935.47,30884.4,15861.19,3678.6,3002.46
60929.26,45878.2,30827.12,15803.92,3636.38,3001.75
60864.42,45813.35,30762.27,15739.07,3598.63,3001.1
60801.92,45750.85,30699.77,15676.56,3572.69,2999.84
60743.55,45692.47,30641.39,15618.18,3555.06,2998.87
60713.08,45661.99,30610.92,15587.7,3554.29,2998.1
60675.06,45623.96,30572.9,15550.01,3553.2599999999998,2997.07
60639.7,45588.6,30537.54,15517.08,3552.17,2995.98
60588.94,45537.84,30486.78,15468.93,3551.29,2995.1
60542.98,45491.87,30440.81,15432.35,3550.52,2994.33
60521.43,45470.32,30419.26,15415.34,3550.24,2994.05
60511.84,45460.72,30409.67,15407.98,3550.2,2994.0099999999998
60508.06,45456.94,30405.89,15406.62,3550.19,2994.0
60514.31,45463.19,30412.14,15415.24,3550.16,2993.97
60469.19,45418.06,30367.01,15370.11,3550.73,2994.54
60456.45,45405.31,30354.27,15357.37,3550.62,2994.43
60436.35,45385.21,30334.16,15337.27,3546.2999999999997,2994.51
60422.83,45371.69,30320.65,15323.75,3545.99,2994.54
60385.62,45334.48,30283.44,15286.53,3526.92,2994.52
60372.67,45321.52,30270.48,15273.57,3526.91,2994.35
60372.53,45324.78,30277.14,15283.63,3539.74,3007.18
60351.34,45303.58,30255.95,15262.43,3539.54,3006.98
60337.9,45290.14,30242.51,15249.0,3539.17,3006.61
60364.99,45317.24,30269.61,15276.1,3561.13,3006.45
60365.89,45318.13,30270.51,15276.99,3569.74,3006.5699999999997
60373.46,45325.71,30278.09,15284.56,3575.98,3006.95
60363.59,45315.84,30268.22,15274.69,3575.74,3006.71
60339.75,45292.01,30244.38,15250.86,3573.64,3006.3
60327.85,45280.1,30232.48,15238.95,3573.0899999999997,3005.75
60318.69,45270.93,30223.31,15229.78,3572.2599999999998,3004.92
60297.82,45250.07,30202.44,15208.92,3571.11,3003.77
60251.99,45204.23,30156.61,15163.08,3569.98,3002.64
60201.58,45153.82,30106.2,15114.72,3568.76,3001.42
60166.8,45119.04,30071.41,15087.2,3567.84,3000.5
60118.56,45070.81,30023.18,15048.17,3566.83,2999.49
60069.99,45018.85,29967.82,14997.93,3552.93,2985.5899999999997
60009.59,44955.06,29900.62,14933.99,3538.62,2971.2799999999997
59959.74,44901.8,29843.96,14875.92,3524.42,2957.08
59880.73,44664.96,29449.3,14325.14,2906.65,2339.31
59814.59,44602.21,29389.96,14269.2,2891.46,2352.64
59749.42,44537.05,29324.79,14204.04,2865.87,2352.83
59712.84,44500.48,29288.21,14167.46,2856.63,2352.77
59674.49,44462.13,29249.85,14129.11,2840.24,2352.72
59636.0,44423.65,29211.37,14090.62,2833.94,2352.65
59621.62,44405.87,29190.19,14066.04,2820.16,2338.87
59616.05,44400.29,29184.62,14060.46,2819.37,2338.08
59622.55,44406.79,29191.12,14066.96,2817.71,2336.42
59605.25,44389.49,29173.82,14049.66,2804.46,2334.95
59574.9,44359.15,29143.48,14019.32,2782.12,2333.42
59525.43,44309.67,29094.0,13969.85,2754.18,2332.15
59490.03,44274.27,29058.6,13934.45,2735.28,2331.04
59457.09,44241.33,29025.66,13901.51,2722.91,2330.35
59419.9,44204.14,28988.47,13864.32,2706.16,2329.62
59394.74,44178.97,28963.31,13839.15,2701.46,2328.93
59381.65,44165.88,28950.22,13826.06,2700.58,2328.05
59360.11,44144.34,28928.68,13804.52,2699.77,2327.24
59336.7,44120.92,28905.26,13781.1,2698.97,2326.44
59324.33,44108.55,28892.89,13768.05,2697.9,2325.37
59295.53,44079.74,28864.09,13741.83,2696.96,2324.43
59254.69,44038.89,28823.24,13705.71,2696.03,2323.5
59213.94,43998.15,28782.49,13667.54,2695.33,2322.8
59205.76,43989.98,28774.32,13659.37,2694.92,2322.39
59200.16,43987.79,28775.53,13663.97,2707.87,2335.34
59183.46,43971.1,28758.83,13647.27,2703.76,2334.65
59163.99,43951.64,28739.36,13627.81,2693.92,2334.11
59153.61,43941.26,28728.98,13617.43,2690.47,2333.43
59129.76,43917.42,28705.14,13593.58,2671.92,2332.93
59116.06,43903.72,28691.44,13579.87,2665.91,2332.37
59103.65,43891.31,28679.03,13567.46,2663.71,2331.67
59123.5,43911.17,28698.89,13587.32,2676.57,2331.37
59139.86,43927.54,28715.25,13603.69,2685.56,2331.34
59156.06,43943.74,28731.45,13619.89,2698.69,2331.75
59181.4,43969.09,28756.8,13645.23,2717.89,2331.92
59198.79,43986.48,28774.19,13662.62,2725.64,2331.72
59228.28,44015.96,28803.67,13692.11,2740.76,2331.37
59243.55,44031.23,28818.94,13707.38,2745.62,2331.05
59266.24,44053.92,28841.64,13730.07,2755.25,2330.5
59289.72,44077.41,28865.12,13753.55,2766.18,2329.99
59322.94,44110.63,28898.34,13786.77,2768.02,2329.38
59358.6,44146.29,28934.0,13822.43,2767.44,2328.8
59384.11,44168.4,28952.71,13837.73,2754.2,2315.56
59429.32,44210.21,28991.12,13868.0,2742.02,2303.38
59426.04,44203.53,28981.04,13851.08,2729.36,2290.72
59409.42,44183.51,28957.61,13822.93,2716.27,2277.63
59375.52,44149.62,28923.72,13789.26,2715.66,2277.02
59363.17,44137.27,28911.37,13776.91,2715.23,2276.59
59336.85,44114.35,28891.85,13760.79,2728.16,2289.52
59305.88,44083.38,28860.88,13729.82,2718.57,2289.86
59275.94,44056.85,28837.739999999998,13710.08,2717.79,2303.43
59258.67,44042.98,28827.27,13703.01,2721.79,2316.98
59243.68,44027.98,28812.27,13688.01,2709.08,2317.06
59253.17,44037.47,28821.76,13697.5,2710.23,2317.13
59286.01,44070.31,28854.59,13730.34,2719.3,2317.48
59352.53,44136.83,28921.11,13796.86,2741.35,2317.84
59394.46,44178.76,28963.04,13838.79,2757.9,2318.24
59421.65,44205.95,28990.23,13865.98,2772.97,2318.31
59440.15,44224.45,29008.73,13884.48,2780.12,2318.21
59475.37,44259.67,29043.95,13919.7,2800.65,2318.43
59524.86,44309.17,29093.44,13969.2,2822.61,2318.75
59583.55,44367.86,29152.13,14027.89,2843.04,2319.68
59654.53,44438.84,29223.11,14098.880000000001,2868.96,2320.46
59716.44,44500.75,29285.02,14160.79,2889.72,2321.43
59775.8,44560.12,29344.38,14219.82,2898.22,2322.58
59832.61,44616.93,29401.19,14274.2,2899.45,2323.81
59885.84,44670.16,29454.42,14324.82,2900.67,2325.03
59949.45,44733.78,29518.03,14379.05,2901.79,2326.15
59977.43,44761.76,29546.02,14397.65,2902.6,2326.96
59997.81,44782.15,29566.4,14411.12,2903.3,2327.66
60019.64,44803.97,29588.23,14427.16,2904.08,2328.44
60034.53,44818.85,29603.12,14439.67,2905.0,2329.36
60057.97,44842.3,29626.56,14463.12,2905.56,2329.92
60089.55,44873.88,29658.14,14494.69,2921.73,2330.47
60119.14,44903.47,29687.73,14524.28,2938.12,2331.03
60140.93,44925.25,29709.51,14546.06,2949.72,2331.51
60161.94,44946.26,29730.52,14567.08,2959.72,2332.04
60169.69,44954.01,29738.27,14574.84,2955.55,2332.76
60177.86,44962.18,29746.44,14583.01,2956.02,2333.23
60189.91,44974.23,29758.49,14595.06,2956.11,2333.32
60197.08,44981.41,29765.67,14602.23,2956.18,2333.39
60153.95,44938.27,29722.53,14559.1,2934.04,2333.37
60121.33,44905.659999999996,29689.91,14526.49,2918.78,2333.35
60113.88,44898.21,29682.46,14519.04,2913.23,2333.66
60140.38,44924.71,29708.96,14545.53,2916.18,2334.33
60176.33,44960.66,29744.91,14581.48,2926.34,2335.28
60209.95,44994.29,29778.53,14615.11,2940.29,2336.29
60243.28,45027.63,29811.86,14648.45,2955.83,2337.35
60277.95,45062.3,29846.53,14683.12,2959.91,2338.39
60316.91,45101.26,29885.49,14722.08,2961.02,2339.5
60339.87,45124.22,29908.45,14742.99,2961.92,2340.4
60365.03,45149.37,29933.61,14761.4,2962.69,2341.17
60388.93,45173.27,29957.5,14779.78,2963.36,2341.84
60424.59,45208.93,29993.15,14807.27,2964.16,2342.64
60466.85,45251.19,30035.41,14842.87,2965.09,2343.57
60483.8,45268.15,30052.36,14857.84,2965.46,2343.94
60520.14,45304.49,30088.7,14892.47,2965.66,2344.14
60531.76,45312.71,30093.52,14893.880000000001,2952.46,2330.94
60555.57,45336.52,30117.33,14917.69,2952.25,2330.73
60585.26,45366.21,30147.02,14947.38,2956.63,2330.3
60619.49,45400.44,30181.26,14981.61,2970.31,2329.79
60680.92,45461.87,30242.68,15043.04,2995.23,2329.09
60718.89,45503.24,30287.45,15091.210000000001,3013.12,2342.78
60721.43,45505.79,30289.99,15093.76,3013.91,2343.57
60706.42,45490.78,30274.98,15078.75,3014.81,2344.47
60714.58,45498.95,30283.14,15086.91,3019.13,2344.92
60739.05,45523.41,30307.6,15111.380000000001,3032.2,2345.63
60777.42,45561.79,30345.98,15149.75,3046.37,2346.7
60812.72,45597.09,30381.28,15185.05,3058.54,2347.83
60848.87,45633.24,30417.43,15221.2,3066.34,2348.85
60879.91,45664.29,30448.47,15252.25,3069.06,2349.95
60905.56,45689.95,30474.13,15277.91,3070.07,2350.96
60946.33,45730.71,30514.89,15318.67,3071.26,2352.15
60996.11,45780.48,30564.67,15368.45,3072.53,2353.42
61030.17,45814.55,30598.73,15402.52,3073.57,2354.46
61027.8,45812.18,30596.36,15398.28,3074.49,2355.38
61038.95,45823.34,30607.51,15405.29,3075.33,2356.22
61053.65,45841.44,30629.01,15425.460000000001,3087.98,2368.87
61066.86,45858.04,30649.02,15446.3,3100.64,2381.53
61084.0,45878.58,30672.96,15473.64,3114.39,2395.28
61116.69,45914.659999999996,30712.44,15516.53,3138.31,2409.92
61143.12,46102.31,31061.32,16026.630000000001,3790.09,3068.44
61178.4,46137.58,31096.6,16061.9,3812.6,3068.97
61214.57,46173.74,31132.76,16098.07,3836.42,3069.45
61261.14,46381.53,31501.77,16628.31,4518.77,3754.21
61334.92,46616.54,31898.0,17185.77,5222.1900000000005,4457.63
61344.12,46629.14,31914.01,17205.17,5236.4800000000005,4471.92
61318.62,46607.03,31895.3,17189.86,5234.78,4485.96
61310.06,46601.87,31893.55,17191.5,5247.6900000000005,4500.3
61300.69,46595.89,31890.98,17192.33,5255.31,4514.92
61289.41,46588.01,31886.49,17191.25,5258.67,4529.9800000000005
61279.1,46581.1,31882.98,17191.14,5269.19,4544.88
61265.16,46567.17,31869.04,17177.2,5263.81,4545.2300000000005
61251.85,46553.86,31855.73,17163.89,5257.17,4545.8
61229.0,46531.01,31832.88,17141.04,5243.02,4546.32
61196.16,46498.159999999996,31800.04,17108.19,5223.74,4546.59
61191.05,46493.05,31794.93,17103.08,5226.55,4547.25
61178.69,46480.69,31782.57,17090.72,5226.97,4547.67
61164.17,46466.17,31768.05,17076.2,5226.87,4547.57
61149.05,46451.05,31752.93,17061.08,5226.59,4547.29
61142.29,46444.29,31746.170000000002,17058.77,5226.3,4547.0
61145.17,46447.159999999996,31749.05,17065.07,5226.28,4546.9800000000005
61149.16,46451.14,31753.03,17068.82,5226.26,4546.96
61161.14,46463.11,31765.01,17080.8,5226.1900000000005,4546.89
61181.64,46480.2,31778.71,17091.1,5213.34,4534.04
61192.42,46490.98,31789.49,17101.88,5213.4800000000005,4534.18
61211.4,46506.55,31801.67,17110.66,5200.43,4521.13
61240.14,46531.89,31823.61,17129.21,5198.56,4507.81
61267.89,46559.64,31851.36,17156.96,5214.53,4507.7
61284.8,46576.54,31868.27,17173.86,5221.91,4507.25
61263.47,46551.8,31840.14,17142.32,5199.42,4493.4800000000005
61218.61,46506.93,31795.28,17097.45,5177.06,4492.81
61179.97,46468.29,31756.64,17058.81,5159.9400000000005,4491.84
61136.32,46424.64,31712.99,17015.16,5129.84,4491.14
61085.87,46374.19,31662.54,16964.71,5109.6,4490.34
61018.06,46306.38,31594.73,16896.9,5083.77,4489.63
60971.13,46259.44,31547.8,16849.96,5061.18,4488.68
60918.09,46206.4,31494.76,16796.92,5040.87,4487.87
60864.82,46153.13,31441.49,16743.64,5014.9800000000005,4487.12
60812.05,46100.37,31388.72,16690.88,4994.15,4486.08
60774.08,46062.39,31350.75,16652.91,4985.9,4485.18
60727.159999999996,46015.46,31303.83,16605.99,4984.7,4483.9800000000005
60678.76,45967.06,31255.43,16557.59,4983.49,4482.77
60615.95,45904.24,31192.62,16497.82,4982.35,4481.63
60586.52,45874.81,31163.19,16471.66,4981.43,4480.71
60556.88,45845.17,31133.56,16445.6,4980.63,4479.91
60529.78,45818.08,31106.47,16418.94,4979.85,4479.13
60509.25,45797.55,31085.94,16398.41,4979.0,4478.28
60506.4,45794.7,31083.09,16395.56,4978.37,4477.650000000001
60485.5,45773.8,31062.19,16374.67,4962.57,4477.47
60501.28,45789.57,31077.97,16390.44,4975.8,4476.8
60508.29,45796.58,31084.98,16397.45,4976.38,4476.35
60512.909999999996,45801.2,31089.6,16402.06,4976.01,4475.76
60541.09,45829.39,31117.78,16430.24,4998.46,4474.74
60597.479999999996,45885.78,31174.17,16486.63,5022.68,4474.66
60644.72,45933.03,31221.42,16533.88,5034.52,4474.78
60679.05,45967.36,31255.74,16568.21,5043.95,4474.82
60709.12,45997.44,31285.81,16598.28,5048.900000000001,4474.63
60733.55,46021.86,31310.24,16622.7,5050.04,4474.16
60759.03,46047.33,31335.71,16648.17,5061.12,4473.46
60766.63,46054.93,31343.31,16655.77,5063.1,4472.66
60733.99,46022.29,31310.67,16623.13,5052.91,4471.68
60699.24,45987.54,31275.92,16588.38,5038.71,4470.42
60670.01,45958.31,31246.69,16559.15,5023.23,4469.42
60659.9,45948.2,31236.59,16549.04,5019.32,4468.55
60644.54,45932.85,31221.23,16533.69,5018.21,4467.4400000000005
60643.55,45931.86,31220.24,16532.7,5017.56,4466.79
60644.6,45932.91,31221.29,16535.05,5016.93,4466.16
60660.58,45948.89,31237.27,16547.72,5016.28,4465.51
60656.409999999996,45941.32,31226.3,16533.0,5002.87,4452.1
60624.06,45905.57,31187.16,16490.45,4989.87,4439.1
60622.31,45900.42,31178.62,16478.5,4977.47,4426.7
60618.79,45893.51,31168.3,16464.79,4964.97,4414.2
60609.68,45884.41,31159.19,16455.69,4965.36,4414.59
60628.38,45903.1,31177.89,16474.38,4974.16,4414.4400000000005
60650.39,45925.11,31199.9,16496.39,4991.92,4414.34
60667.44,45942.16,31216.94,16513.44,5005.86,4414.29
60679.48,45954.2,31228.98,16525.48,5015.95,4414.18
60717.12,45988.44,31259.82,16552.92,5031.6,4399.85
60783.13,46054.44,31325.83,16618.920000000002,5066.22,4400.18
60855.42,46126.73,31398.12,16691.21,5108.49,4400.71
60889.08,46160.39,31431.78,16724.87,5134.6900000000005,4401.76
60906.45,46177.76,31449.15,16742.23,5147.25,4402.59
60935.07,46206.38,31477.76,16770.85,5170.55,4403.2
60950.67,46221.97,31493.35,16786.44,5183.93,4403.55
60939.0,46210.29,31481.68,16774.77,5178.96,4403.11
60924.47,46195.76,31467.15,16760.24,5176.76,4402.53
60919.36,46190.65,31462.03,16755.13,5176.38,4402.15
60911.03,46182.32,31453.7,16746.8,5176.13,4401.900000000001
60893.77,46165.07,31436.44,16729.54,5175.83,4401.6
60870.87,46142.17,31413.54,16706.64,5175.51,4401.28
60897.0,46168.31,31439.68,16733.07,5175.08,4400.85
60908.04,46179.340000000004,31450.72,16746.71,5174.29,4400.06
60916.32,46180.83,31445.4,16736.83,5149.19,4374.96
60920.1,46177.82,31435.58,16720.21,5123.86,4349.63
60921.159999999996,46172.07,31423.03,16700.87,5096.79,4322.56
60891.11,46135.22,31379.38,16650.42,5059.76,4294.81
60845.46,45928.35,31011.28,16121.1,4401.87,3636.92
60790.97,45873.86,30956.79,16066.61,4378.4800000000005,3636.84
60755.85,45838.74,30921.67,16031.49,4352.15,3636.4900000000002
60737.95,45659.62,30581.32,15529.92,3693.88,2951.41
60684.34,45444.79,30205.26,14992.64,3003.44,2247.58
60703.69,45460.73,30217.8,15001.79,3004.5099999999998,2233.39
60704.31,45457.96,30211.62,14992.22,2989.6,2219.24
60701.82,45452.06,30202.32,14979.53,2969.3,2204.6
60681.54,45428.39,30175.24,14949.05,2935.32,2189.92
60670.98,45414.43,30157.88,14928.29,2910.2,2175.06
60677.63,45417.69,30157.73,14924.75,2897.62,2160.4
60677.92,45417.98,30158.03,14925.04,2894.75,2160.41
60682.78,45422.85,30162.89,14929.91,2897.74,2160.32
60700.27,45440.33,30180.37,14947.39,2910.73,2160.29
60724.21,45464.28,30204.32,14971.34,2926.34,2160.48
60751.8,45491.87,30231.91,14998.93,2946.83,2160.49
60775.22,45515.29,30255.34,15022.35,2958.03,2160.65
60781.85,45521.92,30261.97,15028.98,2958.19,2160.81
60777.1,45517.18,30257.22,15024.23,2958.41,2161.03
60802.58,45542.66,30282.7,15045.57,2958.92,2161.54
60816.52,45556.6,30296.64,15055.55,2959.21,2161.83
60823.5,45563.590000000004,30303.62,15062.54,2959.42,2162.04
60818.73,45558.83,30298.86,15057.77,2959.27,2161.89
60833.8,45573.91,30313.93,15072.84,2958.86,2161.48
60853.59,45593.69,30333.71,15092.63,2963.14,2161.0099999999998
60874.26,45614.37,30354.39,15113.3,2979.52,2160.32
60904.58,45644.7,30384.72,15143.62,3004.85,2159.39
60916.99,45657.12,30397.14,15156.04,3015.95,2159.08
60940.61,45680.75,30420.76,15179.67,3035.91,2158.88
60966.88,45710.43,30453.83,15216.15,3058.06,2172.4
60986.88,45730.44,30473.84,15236.16,3058.15,2172.49
61018.82,45762.38,30505.79,15268.1,3071.68,2172.72
61061.35,45804.9,30548.32,15310.62,3102.07,2173.39
61130.37,45873.91,30617.34,15379.63,3140.87,2174.62
61205.54,45949.08,30692.52,15454.8,3179.31,2175.61
61260.39,46003.93,30747.37,15509.65,3216.12,2176.68
61310.33,46053.88,30797.31,15559.6,3244.2,2177.44
61332.83,46076.39,30819.82,15582.11,3254.79,2178.17
61350.5,46094.06,30837.49,15599.78,3256.0,2178.88
61368.5,46112.06,30855.49,15617.77,3256.64,2179.52
61393.58,46137.15,30880.57,15642.85,3257.48,2180.36
61422.4,46165.96,30909.39,15671.66,3258.19,2181.07
61459.14,46202.7,30946.13,15706.57,3258.84,2181.72
61491.18,46234.74,30978.16,15739.03,3259.2,2182.08
61525.49,46269.04,31012.46,15770.91,3259.41,2182.29
61553.51,46297.05,31040.47,15798.5,3259.45,2182.33
61586.36,46326.51,31066.53,15821.16,3246.96,2169.84
61595.9,46336.04,31076.07,15830.69,3247.05,2169.93
61608.02,46348.17,31088.2,15842.81,3254.32,2169.69
61601.47,46341.62,31081.65,15836.26,3247.67,2169.52
61617.92,46358.07,31098.1,15852.71,3262.88,2168.85
61623.32,46363.47,31103.5,15858.12,3268.54,2168.43
61615.4,46355.55,31095.58,15850.2,3263.29,2168.43
61562.55,46299.29,31035.93,15787.14,3225.43,2154.87
61528.58,46265.31,31001.95,15753.16,3213.58,2154.74
61528.62,46265.34,31001.99,15753.2,3214.74,2155.14
61550.3,46287.01,31023.670000000002,15774.87,3232.9,2155.83
61567.33,46304.04,31040.7,15791.9,3248.77,2157.09
61568.58,46305.29,31041.95,15793.15,3256.14,2158.29
61562.76,46299.47,31036.13,15787.33,3259.03,2159.04
61562.44,46299.15,31035.82,15787.01,3259.36,2159.37
61559.0,46295.71,31032.38,15783.57,3259.8,2159.81
61548.2,46284.91,31021.58,15772.77,3260.11,2160.12
61532.83,46269.53,31006.2,15757.4,3260.56,2160.57
61516.66,46253.35,30990.03,15741.22,3261.3,2161.31
61497.05,46233.73,30970.420000000002,15722.88,3261.48,2161.49
61485.64,46222.33,30959.010000000002,15715.03,3261.79,2161.8
61470.81,46207.49,30944.18,15704.77,3262.19,2162.2
61457.91,46197.99,30938.08,15705.37,3275.11,2175.12
61470.7,46214.17,30957.66,15728.36,3287.6,2187.61
61484.08,46230.94,30977.83,15751.93,3299.97,2199.98
61498.14,46245.0,30991.9,15765.99,3299.68,2199.69
61511.35,46258.21,31005.11,15779.2,3299.44,2199.45
61486.47,46233.33,30980.23,15754.33,3290.91,2199.87
61469.69,46216.55,30963.45,15737.55,3278.26,2200.01
61455.41,46202.26,30949.170000000002,15723.26,3267.36,2200.24
61441.87,46188.72,30935.63,15709.72,3256.97,2200.46
61405.83,46152.67,30899.59,15673.68,3229.12,2200.82
61361.54,46108.38,30855.3,15629.39,3195.64,2200.28
61303.8,46050.63,30797.56,15571.64,3153.1,2199.48
61273.94,46020.77,30767.7,15541.78,3131.86,2198.38
61261.22,46008.06,30754.98,15529.07,3125.79,2197.5
61230.29,45977.12,30724.05,15498.13,3107.68,2196.61
61209.29,45956.13,30703.05,15477.14,3098.5,2196.17
61206.23,45953.07,30699.99,15474.07,3101.7,2196.27
61206.84,45953.67,30700.6,15474.68,3104.23,2196.16
61188.01,45934.83,30681.77,15455.85,3103.82,2195.75
61171.31,45918.14,30665.08,15439.16,3103.12,2195.05
61144.32,45891.15,30638.1,15412.17,3102.46,2194.39
61151.45,45898.28,30645.23,15419.3,3101.97,2193.9
61139.38,45886.2,30633.15,15410.2,3102.05,2193.98
61139.3,45886.12,30633.07,15410.31,3102.56,2194.4900000000002
61142.08,45892.3,30642.65,15422.85,3115.31,2207.24
61141.74,45895.35,30649.11,15432.71,3127.95,2219.88
61106.24,45859.86,30613.61,15397.21,3128.45,2220.38
61090.43,45844.05,30597.8,15381.39,3128.85,2220.78
61121.82,45875.44,30629.19,15412.78,3136.21,2220.84
61164.28,45917.9,30671.65,15455.24,3150.3,2220.78
61206.93,45960.55,30714.3,15497.88,3182.62,2220.54
61232.55,45986.17,30739.920000000002,15523.5,3203.71,2220.57
61278.74,46032.36,30786.12,15569.69,3241.84,2220.37
61293.18,46046.81,30800.56,15584.13,3251.22,2220.68
61327.83,46081.46,30835.21,15618.78,3276.02,2221.3
61353.28,46106.92,30860.670000000002,15644.23,3297.89,2221.35
61381.07,46134.71,30888.46,15672.02,3322.39,2221.19
61382.04,46135.68,30889.43,15672.99,3325.63,2220.88
61367.13,46120.76,30874.52,15658.07,3319.15,2220.51
61341.5,46095.13,30848.88,15632.44,3305.17,2219.8
61309.21,46062.83,30816.59,15600.14,3289.72,2219.43
61263.76,46017.39,30771.14,15554.7,3272.77,2219.0
61218.04,45971.67,30725.41,15508.98,3256.87,2218.52
61147.03,45900.66,30654.4,15439.84,3231.27,2218.0
61076.3,45829.93,30583.66,15374.29,3219.6,2217.37
61043.41,45797.04,30550.77,15343.45,3218.92,2216.69
61015.01,45768.64,30522.37,15320.83,3218.4,2216.17
60978.09,45731.72,30485.45,15291.78,3217.75,2215.52
60963.58,45717.22,30470.94,15282.55,3217.41,2215.18
60955.2,45708.84,30462.56,15278.89,3217.11,2214.88
60936.15,45689.79,30443.5,15259.84,3217.35,2215.12
60914.66,45671.69,30428.81,15248.55,3230.59,2228.36
60896.92,45657.36,30417.87,15241.01,3239.59,2242.11
60876.57,45640.41,30404.31,15230.86,3237.52,2256.26
60858.67,45622.51,30386.4,15212.960000000001,3224.16,2256.86
60862.84,45626.67,30390.56,15217.13,3228.14,2256.98
60872.02,45635.84,30399.74,15226.3,3235.97,2257.04
60905.31,45669.12,30433.03,15259.58,3262.73,2257.49
60946.34,45710.15,30474.06,15300.61,3295.6,2258.29
60958.81,45722.62,30486.52,15313.08,3307.44,2258.86
60962.73,45726.54,30490.44,15317.0,3312.8,2259.27
60945.14,45708.95,30472.85,15299.41,3300.57,2259.22
60921.64,45685.45,30449.34,15275.91,3285.07,2259.11
60873.28,45637.1,30400.99,15227.56,3249.9700000000003,2258.76
60810.9,45574.72,30338.61,15165.18,3222.17,2258.28
60776.77,45540.58,30304.47,15131.04,3211.6,2257.57
60749.09,45512.89,30276.79,15103.35,3210.42,2256.89
60707.29,45471.1,30235.0,15061.56,3209.65,2256.12
60676.4,45440.2,30204.11,15030.67,3209.12,2255.59
60653.2,45417.0,30180.91,15007.47,3208.77,2255.24
60633.97,45397.77,30161.68,14992.43,3208.44,2254.91
60627.53,45391.33,30155.24,14987.82,3208.59,2255.06
60630.96,45394.76,30158.67,14993.36,3209.1,2255.57
60632.33,45396.14,30160.05,14995.97,3209.64,2256.11
60660.45,45427.66,30194.96,15034.29,3222.9,2269.37
60704.91,45472.13,30239.42,15078.76,3237.37,2269.0
60721.73,45488.94,30256.23,15095.57,3247.89,2269.3
60739.45,45506.67,30273.95,15113.3,3257.88,2269.4900000000002
60720.58,45487.81,30255.08,15094.44,3240.86,2270.0
60713.94,45481.17,30248.44,15087.8,3234.11,2270.34
60718.83,45486.05,30253.33,15092.68,3236.43,2270.19
60755.5,45526.13,30296.81,15139.56,3261.05,2283.2400000000002
60776.68,45547.32,30317.99,15160.75,3261.96,2283.04
60767.78,45538.43,30309.09,15151.85,3253.09,2282.39
60736.71,45507.37,30278.02,15120.79,3229.6,2281.51
60715.56,45486.23,30256.88,15099.65,3213.88,2280.32
60681.66,45452.34,30222.98,15065.76,3194.85,2279.24
60656.64,45427.32,30197.96,15040.75,3186.87,2278.46
60649.68,45420.36,30190.99,15033.79,3186.44,2278.03
60647.47,45418.14,30188.78,15031.57,3186.09,2277.68
60642.14,45412.8,30183.45,15026.24,3185.75,2277.34
60617.43,45388.1,30158.75,15002.01,3185.37,2276.96
60604.36,45375.03,30145.68,14990.1,3185.0,2276.59
60594.81,45365.49,30136.13,14981.63,3184.98,2276.57
60586.78,45357.46,30128.1,14973.960000000001,3184.61,2276.2
60569.72,45340.41,30111.04,14959.960000000001,3184.2400000000002,2275.83
60557.76,45328.44,30099.08,14951.07,3183.96,2275.55
60553.8,45324.49,30095.12,14947.11,3183.57,2275.16
60561.13,45331.82,30102.45,14954.45,3183.41,2275.0
60569.14,45339.82,30110.45,14962.460000000001,3183.05,2274.64
60546.22,45316.89,30087.53,14939.53,3183.11,2274.7
60520.87,45291.55,30062.18,14914.18,3183.29,2274.88
60495.36,45266.03,30036.67,14888.67,3173.72,2275.19
60468.08,45238.76,30009.39,14861.4,3156.87,2275.39
60432.69,45203.37,29974.0,14826.01,3131.86,2275.59
60406.49,45180.57,29954.6,14810.0,3139.2,2288.9
60387.94,45162.03,29936.06,14791.460000000001,3137.27,2288.32
60381.26,45155.35,29929.38,14784.78,3137.08,2288.13
60383.8,45157.89,29931.93,14787.32,3139.4900000000002,2287.98
60362.55,45136.63,29910.68,14766.06,3124.68,2287.7
60335.39,45109.47,29883.52,14738.9,3105.82,2287.41
60305.16,45079.23,29853.29,14708.67,3089.78,2286.7
60280.88,45054.95,29829.01,14684.39,3083.64,2285.91
60261.07,45035.15,29809.21,14664.58,3080.48,2285.39
60258.84,45032.93,29806.99,14662.35,3080.05,2284.96
60251.33,45025.41,29799.47,14654.83,3079.82,2284.73
60250.69,45024.76,29798.82,14654.19,3079.6,2284.51
60229.19,45003.25,29777.32,14633.14,3079.45,2284.36
60210.23,44984.3,29758.37,14616.95,3079.08,2283.99
60193.23,44967.3,29741.37,14604.18,3078.75,2283.66
60194.0,44968.07,29742.14,14604.07,3078.94,2283.85
60214.25,44988.33,29762.39,14624.32,3079.41,2284.32
60236.41,45013.88,29791.35,14656.67,3092.79,2297.7
60265.16,45046.03,29826.9,14695.630000000001,3106.07,2310.98
60263.99,45044.86,29825.73,14694.460000000001,3106.2,2311.19
60251.2,45032.08,29812.94,14681.68,3096.57,2311.25
60206.07,44986.96,29767.81,14636.56,3061.62,2311.4
60157.56,44938.45,29719.3,14588.05,3021.61,2311.47
60114.04,44894.93,29675.77,14544.53,2984.5,2311.42
60080.45,44861.340000000004,29642.18,14510.94,2959.4900000000002,2310.74
60033.46,44814.35,29595.19,14463.95,2934.34,2309.77
60002.8,44783.69,29564.53,14433.29,2909.38,2308.69
59970.83,44751.72,29532.56,14401.32,2882.21,2307.52
59948.9,44729.79,29510.63,14379.39,2862.31,2306.6
59947.86,44728.75,29509.59,14378.35,2856.11,2306.09
59978.76,44759.65,29540.5,14409.25,2877.46,2306.37
60021.53,44802.43,29583.27,14452.03,2902.01,2306.81
60076.08,44856.98,29637.82,14506.58,2929.35,2307.36
60126.92,44907.81,29688.66,14557.42,2952.01,2308.01
60186.159999999996,44967.04,29747.9,14614.78,2967.99,2308.77
60235.28,45016.16,29797.02,14658.72,2968.8,2309.58
60261.27,45042.16,29823.02,14682.67,2969.64,2310.42
60281.29,45062.18,29843.04,14697.74,2970.21,2310.99
60307.34,45091.63,29875.9,14728.98,2983.44,2324.22
60319.74,45104.02,29888.3,14737.19,2984.04,2324.82
60335.82,45120.1,29904.38,14748.55,2984.69,2325.47
60364.38,45148.66,29932.94,14777.11,2985.19,2325.97
60382.8,45170.49,29958.16,14805.73,2998.93,2339.71
60400.02,45191.11,29982.18,14833.15,3016.52,2354.16
60429.04,45216.73,30004.4,14851.97,3025.64,2340.66
60452.03,45400.94,30349.84,15358.63,3688.45,3027.2200000000003
60479.24,45589.38,30699.5,15869.51,4358.2,3729.74
60485.49,45756.86,31028.2,16359.44,5008.15,4416.53
60474.8,45746.18,31017.51,16348.76,5000.47,4416.82
60472.28,45743.66,31014.98,16346.24,4998.8099999999995,4416.78
60460.51,45731.89,31003.21,16334.47,4987.98,4416.82
60464.38,45735.76,31007.079999999998,16338.35,4988.99,4416.38
60475.1,45746.49,31017.8,16349.08,4997.72,4416.44
60509.98,45781.37,31052.68,16383.96,5022.29,4416.24
60547.49,45818.88,31090.18,16421.47,5047.29,4416.34
60594.11,45865.49,31136.8,16468.09,5061.93,4417.12
60623.87,45895.26,31166.57,16497.86,5068.06,4417.95
60646.5,45917.89,31189.2,16520.5,5068.96,4418.849999999999
60688.08,45959.46,31230.77,16562.07,5070.01,4419.9
60710.45,45981.83,31253.14,16584.43,5070.82,4420.71
60714.67,45986.06,31257.36,16588.66,5071.57,4421.46
60727.31,45998.71,31270.0,16600.99,5072.2699999999995,4422.16
60736.76,46011.56,31286.25,16619.76,5085.3,4435.19
60738.79,46017.0,31295.09,16629.7,5098.16,4448.05
60749.56,46031.17,31312.65,16649.43,5111.06,4460.95
60748.26,46033.26,31318.15,16658.32,5124.61,4474.5
60733.2,46021.6,31309.9,16653.46,5123.75,4488.48
60741.58,46029.99,31318.28,16661.85,5131.68,4488.35
60721.95,46010.35,31298.65,16642.22,5117.47,4488.78
60736.09,46024.49,31312.8,16656.36,5129.91,4488.92
60764.36,46052.76,31341.07,16684.62,5155.89,4488.87
60800.55,46088.96,31377.26,16720.82,5189.15,4488.83
60826.81,46115.22,31403.51,16747.08,5212.98,4489.82
60829.75,46118.16,31406.45,16750.02,5218.51,4490.86
60863.53,46151.94,31440.23,16783.8,5247.53,4492.25
60922.06,46210.47,31498.77,16842.33,5294.11,4493.64
60973.13,46261.54,31549.83,16893.4,5331.79,4494.9
61022.35,46310.76,31599.05,16942.62,5361.86,4496.0199999999995
61052.61,46341.03,31629.31,16972.88,5373.99,4496.85
61067.61,46356.02,31644.31,16987.88,5374.46,4497.32
61072.23,46360.64,31648.93,16992.5,5374.7699999999995,4497.63
61080.48,46368.89,31657.18,17000.74,5375.11,4497.97
61106.56,46394.96,31683.25,17026.34,5375.55,4498.41
61113.06,46401.47,31689.76,17031.77,5375.78,4498.64
61109.66,46398.06,31686.36,17030.39,5375.68,4498.54
61091.28,46379.68,31667.98,17014.12,5375.72,4498.58
61080.77,46369.17,31657.48,17002.07,5375.82,4498.68
61072.04,46360.45,31648.75,16992.26,5375.94,4498.8
61053.09,46341.5,31629.8,16975.8,5376.08,4498.94
61012.07,46300.48,31588.78,16934.77,5375.96,4498.82
60984.5,46276.32,31568.02,16917.4,5389.0,4511.86
60990.13,46281.96,31573.66,16923.04,5388.92,4511.78
61011.47,46303.3,31595.0,16944.38,5388.53,4511.39
61035.51,46327.35,31619.05,16968.42,5397.86,4511.0
61061.57,46353.41,31645.12,16994.48,5414.74,4510.62
61083.97,46375.81,31667.52,17016.88,5430.45,4510.2699999999995
61097.86,46389.71,31681.41,17030.78,5430.61,4510.43
61069.86,46361.71,31653.4,17002.78,5430.79,4510.61
61042.95,46334.81,31626.5,16975.88,5430.599999999999,4510.42
61008.97,46300.83,31592.51,16941.9,5418.86,4510.12
61021.58,46313.44,31605.12,16954.51,5426.81,4509.87
61033.38,46325.24,31616.92,16966.31,5430.19,4509.44
61022.76,46314.63,31606.3,16955.69,5430.13,4509.38
61027.78,46319.65,31611.32,16960.72,5430.25,4509.5
61030.41,46322.27,31613.94,16963.34,5430.34,4509.59
61031.28,46323.14,31614.8,16964.21,5430.43,4509.68
61041.65,46333.52,31625.17,16974.59,5430.55,4509.8
61030.77,46322.64,31614.29,16963.71,5430.48,4509.73
61027.43,46319.31,31610.95,16959.92,5430.14,4509.389999999999
61010.85,46302.73,31594.36,16941.14,5429.8099999999995,4509.06
60989.59,46281.47,31573.1,16917.86,5429.46,4508.71
60951.63,46243.5,31535.14,16882.78,5428.78,4508.03
60899.55,46191.41,31483.06,16830.7,5428.01,4507.26
60890.47,46182.34,31473.98,16821.63,5427.6,4506.849999999999
60861.4,46153.27,31444.91,16792.56,5427.34,4506.59
60838.49,46133.76,31428.8,16779.85,5433.33,4519.8
60817.76,46113.02,31408.07,16759.12,5428.72,4519.65
60820.27,46115.53,31410.58,16761.63,5431.42,4519.62
60828.89,46124.14,31419.2,16770.25,5438.87,4519.62
60834.7,46129.94,31425.01,16776.05,5444.34,4519.7699999999995
60848.05,46139.89,31431.57,16779.2,5441.74,4506.03
60878.49,46170.32,31462.01,16809.64,5455.4,4505.97
60872.57,46164.39,31456.08,16803.72,5451.66,4506.33
60850.77,46142.59,31434.28,16781.92,5434.34,4506.17
60839.45,46131.26,31422.96,16770.59,5424.57,4505.84
60827.9,46119.72,31411.41,16759.05,5413.72,4505.24
60799.83,46091.65,31383.33,16730.98,5386.48,4504.18
60774.61,46066.42,31358.11,16705.76,5361.74,4502.8099999999995
60742.37,46034.18,31325.87,16673.52,5333.51,4501.37
60709.25,46001.06,31292.75,16640.4,5309.93,4499.8
60690.85,45982.67,31274.35,16622.01,5293.29,4498.38
60676.49,45968.3,31259.99,16607.64,5291.85,4496.94
60680.51,45972.31,31264.0,16611.65,5290.67,4495.76
60696.98,45988.77,31280.47,16627.29,5289.65,4494.74
60684.05,45972.44,31260.73,16600.99,5276.07,4481.16
60671.5,45959.89,31248.18,16587.34,5275.08,4480.17
60665.72,45954.11,31242.41,16581.56,5274.17,4479.26
60664.64,45953.02,31241.33,16580.47,5273.72,4478.8099999999995
60712.78,45997.75,31282.67,16618.4,5277.61,4465.66
60737.7,46015.86,31293.99,16622.91,5269.17,4437.7
60734.909999999996,46013.07,31291.2,16620.12,5266.3099999999995,4437.4
60709.409999999996,45826.34,30943.25,16110.94,4600.47,3750.7
60667.77,45623.47,30579.16,15585.63,3918.8,3048.09
60651.37,45445.85,30240.31,15085.56,3260.44,2361.19
60664.32,45455.4,30246.47,15088.31,3255.9,2346.16
60707.29,45498.37,30289.44,15131.28,3296.08,2346.5099999999998
60769.65,45560.73,30351.8,15193.64,3352.95,2347.07
60809.07,45600.15,30391.22,15233.05,3392.37,2347.9
60851.78,45642.86,30433.93,15275.76,3430.49,2348.3
60871.97,45663.05,30454.13,15295.95,3447.36,2349.03
60914.9,45705.97,30497.06,15338.87,3480.88,2349.69
60975.13,45766.2,30557.29,15399.1,3523.54,2349.96
61027.0,45818.07,30609.15,15450.97,3552.32,2350.05
61080.08,45871.16,30662.23,15504.05,3576.57,2350.02
61122.93,45914.01,30705.08,15546.91,3596.0,2349.94
61157.01,45948.1,30739.17,15581.0,3595.9,2349.84
61197.409999999996,45988.49,30779.57,15621.39,3595.81,2349.75
61231.14,46022.21,30813.3,15650.03,3595.88,2349.82
61231.99,46019.66,30807.36,15636.04,3583.28,2337.22
61216.47,46000.73,30785.03,15609.35,3570.48,2324.42
61201.45,45982.31,30763.21,15584.13,3557.76,2311.7
61194.74,45972.21,30749.7,15567.23,3544.4,2298.34
61184.9,46120.19,31055.5,16030.86,4151.17,2905.11
61166.43,46108.51,31050.63,16032.79,4161.26,2933.19
61179.89,46283.2,31386.54,16529.92,4813.37,3603.71
61201.04,46465.57,31730.13,17034.74,5478.22,4306.35
61216.17,46480.71,31745.26,17049.88,5493.35,4306.37
61225.28,46489.81,31754.37,17058.99,5502.46,4306.35
61208.22,46469.35,31730.51,17031.73,5473.6,4292.04
61219.49,46480.62,31741.78,17043.0,5479.39,4291.93
61185.89,46447.02,31708.18,17009.4,5450.59,4291.18
61160.7,46421.83,31682.98,16984.21,5426.89,4290.55
61148.7,46409.83,31670.98,16972.21,5415.21,4289.86
61137.979999999996,46399.1,31660.26,16961.48,5401.47,4288.88
61154.979999999996,46416.1,31677.27,16978.48,5411.66,4288.41
61175.24,46436.37,31697.53,16998.74,5416.82,4288.77
61214.729999999996,46475.86,31737.02,17038.23,5430.09,4289.47
61249.24,46510.38,31771.53,17072.75,5438.94,4290.15
61283.979999999996,46545.13,31806.27,17107.49,5446.79,4290.81
61321.36,46582.5,31843.64,17144.78,5447.58,4291.6
61360.68,46621.83,31882.96,17179.73,5448.29,4292.31
61407.9,46669.04,31930.18,17218.54,5449.11,4293.13
61434.5,46695.63,31956.77,17238.39,5449.77,4293.79
61464.159999999996,46725.28,31986.43,17262.76,5450.46,4294.48
61492.36,46753.48,32014.63,17288.47,5451.26,4295.28
61562.52,46823.65,32084.79,17358.64,5452.52,4296.54
61614.42,46875.55,32136.69,17410.54,5453.6,4297.62
61675.13,46936.26,32197.39,17471.25,5477.31,4297.56
61726.79,47149.14,32571.5,18006.58,6145.66,4965.91
61786.159999999996,47208.51,32630.86,18065.95,6195.0,4965.93
61837.21,47259.56,32681.91,18117.0,6238.32,4966.0
61883.33,47305.68,32728.03,18163.12,6276.47,4966.06
61920.159999999996,47342.5,32764.86,18199.94,6302.03,4966.85
61975.25,47397.58,32819.95,18255.02,6309.24,4967.48
62057.39,47479.72,32902.08,18337.16,6343.28,4968.58
62152.42,47574.74,32997.11,18432.18,6407.57,4969.64
62212.29,47634.61,33056.98,18492.06,6458.29,4970.74
62277.05,47699.37,33121.74,18556.82,6510.34,4971.92
62362.0,47784.31,33206.69,18641.76,6555.54,4972.99
62413.21,47835.53,33257.9,18692.97,6578.49,4974.26
62459.409999999996,47881.74,33304.11,18739.18,6598.83,4975.4
62493.94,47916.26,33338.64,18773.7,6609.9,4976.41
62506.27,47928.58,33350.97,18786.03,6610.68,4977.19
62524.33,47946.65,33369.03,18804.09,6611.43,4977.94
62548.08,47970.4,33392.79,18827.84,6612.31,4978.82
62581.01,48003.32,33425.72,18856.94,6613.3099999999995,4979.82
62616.9,48042.61,33468.41,18898.02,6626.56,4993.07
62661.01,48086.73,33512.52,18938.34,6627.61,4994.12
62680.74,48106.47,33532.25,18958.07,6628.47,4994.9800000000005
62709.31,48135.04,33560.82,18986.64,6628.79,4995.3
62750.25,48172.58,33594.96,19017.37,6621.54,4981.85
62798.37,48217.29,33636.28,19055.29,6635.49,4968.12
62868.24,48287.17,33706.15,19125.16,6679.54,4967.86
62929.11,48348.03,33767.02,19186.02,6729.8,4967.85
62966.84,48385.76,33804.75,19223.74,6760.2,4967.97
62998.1,48417.03,33836.01,19255.01,6785.39,4968.0199999999995
63004.64,48423.57,33842.54,19261.55,6790.5599999999995,4968.65
63018.87,48437.8,33856.77,19275.77,6802.53,4969.6
63040.42,48459.35,33878.32,19297.32,6819.12,4970.0
63101.13,48520.06,33939.04,19358.03,6870.55,4970.78
63136.77,48555.71,33974.68,19393.68,6900.25,4971.3
63165.58,48584.52,34003.5,19422.49,6924.69,4971.91
63221.15,48640.08,34059.07,19478.06,6971.93,4972.93
63235.49,48654.43,34073.41,19492.4,6989.29,4973.67
63262.92,48681.86,34100.85,19519.83,7013.04,4974.5
63297.67,48716.61,34135.6,19554.57,7034.37,4975.37
63320.979999999996,48739.909999999996,34158.91,19577.87,7051.6,4976.29
63332.94,48751.88,34170.87,19589.84,7052.47,4977.16
63327.96,48746.909999999996,34165.89,19584.87,7052.91,4977.6
63294.33,48713.29,34132.26,19551.24,7053.15,4977.84
63310.51,48729.46,34148.44,19567.420000000002,7053.84,4978.53
63340.88,48759.84,34178.81,19597.8,7054.69,4979.38
63360.58,48779.54,34198.5,19617.5,7055.55,4980.24
63384.159999999996,48803.13,34222.08,19641.09,7056.09,4980.78
63376.58,48792.15,34207.7,19623.32,7039.36,4966.96
63410.479999999996,48826.05,34241.6,19657.23,7068.81,4966.48
63455.56,49032.35,34609.13,20185.98,7753.95,5672.53
63509.84,49247.86,34985.86,20723.94,8448.57,6388.01
63572.37,49471.62,35370.84,21270.14,9151.13,7111.51
63625.25,49685.72,35746.17,21806.69,9845.97,7834.889999999999
63644.12,49711.39,35778.63,21845.96,9891.65,7865.17
63600.56,49671.23,35741.88,21812.6,9864.81,7879.5599999999995
63568.64,49642.7,35716.76,21790.87,9846.61,7893.79
63535.44,49609.5,35683.56,21757.68,9813.41,7893.59
63495.04,49569.1,35643.17,21717.28,9774.61,7893.3
63431.96,49506.02,35580.08,21654.2,9723.27,7893.16
63365.94,49440.0,35514.06,21588.19,9672.78,7893.11
63299.7,49373.77,35447.82,21521.95,9624.51,7892.97
63242.42,49316.48,35390.54,21464.66,9590.47,7892.35
63192.61,49266.67,35340.74,21414.85,9565.66,7891.82
63156.78,49230.85,35304.909999999996,21379.02,9546.39,7891.4
63141.32,49215.38,35289.44,21363.56,9545.96,7890.97
63124.61,49198.68,35272.74,21346.86,9545.63,7890.64
63085.86,49159.93,35233.99,21308.11,9545.25,7890.26
63082.51,49156.57,35230.63,21304.76,9545.05,7890.0599999999995
63100.74,49174.81,35248.87,21322.99,9545.03,7890.04
63105.82,49179.88,35253.95,21328.06,9544.99,7890.0
63123.44,49197.49,35271.57,21345.68,9548.93,7890.1
63171.14,49083.96,34996.82,20909.7,8956.46,7269.11
63213.02,49125.84,35038.7,20951.57,8991.45,7270.2699999999995
63239.38,48990.98,34742.62,20494.26,8372.92,6599.28
63241.79,48993.39,34745.03,20496.67,8375.33,6601.69
63236.26,49149.08,35061.95,20974.81,9014.7,7307.9
63236.18,49149.01,35061.87,20974.73,9014.63,7308.03
63290.7,49203.52,35116.39,21029.25,9064.66,7307.37
63326.22,49239.04,35151.91,21064.77,9095.34,7307.639999999999
63370.78,49283.6,35196.47,21109.329999999998,9132.74,7308.15
63378.87,49291.68,35204.56,21117.42,9141.22,7308.42
63369.47,49282.28,35195.16,21108.02,9135.15,7308.92
63370.31,49283.13,35196.0,21108.87,9137.35,7309.64
63366.55,49279.37,35192.24,21105.11,9134.9,7310.0599999999995
63357.2,49270.02,35182.89,21095.76,9129.85,7309.8099999999995
63335.85,49248.67,35161.54,21074.41,9116.96,7309.49
63325.11,49237.92,35150.8,21063.66,9111.93,7309.0599999999995
63291.98,49204.79,35117.67,21030.53,9104.23,7308.55
63267.7,49180.52,35093.39,21006.26,9103.619999999999,7307.94
63250.1,49162.91,35075.79,20988.66,9103.35,7307.67
63237.82,49150.63,35063.51,20977.76,9103.15,7307.47
63248.56,49161.38,35074.26,20988.77,9103.039999999999,7307.36
63264.64,49177.46,35090.34,21004.84,9103.02,7307.34
63284.63,49197.44,35110.33,21024.829999999998,9103.06,7307.38
63293.09,49205.89,35118.79,21033.28,9104.98,7307.5199999999995
63323.39,49232.78,35142.28,21053.38,9115.119999999999,7293.35
63347.72,49257.1,35166.61,21077.7,9135.72,7292.83
63382.85,49131.0,34879.29,20629.16,8525.95,6623.66
63407.54,49155.69,34903.98,20653.85,8550.64,6622.96
63433.32,49181.46,34929.75,20679.62,8576.41,6622.32
63465.77,49213.9,34962.2,20712.06,8608.86,6621.71
63503.11,49247.85,34992.74,20739.21,8628.65,6606.91
63543.28,49288.02,35032.91,20779.38,8660.63,6607.099999999999
63550.61,49295.34,35040.24,20786.71,8667.64,6606.86
63522.86,49267.59,35012.49,20758.96,8639.89,6606.46
63506.09,49250.82,34995.72,20742.19,8623.12,6606.3
63500.98,49245.72,34990.61,20737.09,8618.01,6606.33
63492.11,49236.86,34981.74,20728.23,8612.86,6606.2699999999995
63497.36,49242.1,34986.99,20733.48,8620.63,6605.82
63502.41,49247.14,34992.03,20738.52,8624.03,6605.44
63498.36,49243.090000000004,34987.98,20734.48,8619.52,6605.08
63486.85,49231.58,34976.47,20722.96,8619.11,6604.67
63499.05,49243.78,34988.67,20735.16,8618.87,6604.43
63505.44,49250.16,34995.05,20741.54,8618.9,6604.46
63518.3,49263.02,35007.91,20754.4,8618.96,6604.5199999999995
63516.78,49258.11,34999.59,20743.41,8606.71,6592.2699999999995
63511.48,49252.81,34994.3,20738.11,8606.67,6592.23
63518.38,49259.7,35001.2,20745.0,8606.38,6591.94
63500.98,49242.3,34983.8,20727.6,8605.39,6590.95
63472.74,49214.07,34955.57,20699.37,8598.77,6590.53
63444.04,49185.38,34926.87,20670.67,8576.37,6590.23
63450.7,49192.03,34933.53,20677.32,8583.02,6589.31
63444.51,49185.85,34927.34,20671.14,8576.84,6588.7699999999995
63457.409999999996,49198.76,34940.24,20684.05,8589.74,6588.49
63476.57,49217.91,34959.4,20703.21,8608.89,6588.26
63540.67,49282.01,35023.51,20767.31,8665.7,6587.12
63592.37,49333.71,35075.21,20819.01,8712.6,6587.03
63650.68,49392.03,35133.52,20877.32,8766.5,6587.44
63667.21,49408.56,35150.04,20893.85,8783.03,6588.0
63692.37,49433.72,35175.2,20919.01,8808.19,6588.92
63725.3,49466.65,35208.12,20951.94,8839.92,6589.91
63735.88,49477.23,35218.7,20962.51,8850.5,6590.58
63785.6,49526.94,35268.42,21012.22,8886.92,6591.47
63816.86,49558.19,35299.67,21043.48,8905.06,6592.17
63813.52,49554.85,35296.33,21040.14,8901.66,6592.63
63808.51,49549.840000000004,35291.32,21035.14,8898.81,6592.889999999999
63838.14,49579.47,35320.96,21064.77,8913.69,6593.32
63850.75,49592.08,35333.57,21077.38,8914.16,6593.79
63862.09,49606.81,35351.71,21098.91,8927.19,6606.82
63862.04,49606.77,35351.67,21098.86,8927.38,6607.01
63848.54,49593.27,35338.18,21085.36,8926.86,6606.49
63858.61,49603.33,35348.25,21095.42,8926.26,6605.89
63866.37,49611.090000000004,35356.01,21103.18,8925.53,6605.16
63847.72,49592.44,35337.36,21084.53,8910.88,6604.64
63776.38,49521.11,35266.02,21013.19,8858.7,6605.05
63753.22,49336.73,34920.41,20506.36,8190.64,5898.61
63713.71,49136.0,34558.45,19983.18,7506.23,5182.85
63665.67,48926.74,34187.97,19451.47,6813.3,4459.3
63603.51,48703.36,33803.36,18905.64,6108.31,3736.12
63570.159999999996,48663.2,33756.41,18851.88,6048.59,3706.04
63558.48,48648.11,33737.92,18829.99,6023.2699999999995,3691.17
63556.2,48642.44,33728.84,18817.52,6007.26,3676.41
63549.54,48635.79,33722.19,18810.86,6000.61,3676.18
63557.25,48643.5,33729.9,18818.57,6006.72,3675.92
63596.1,48682.340000000004,33768.75,18857.42,6033.82,3675.66
63637.43,48723.68,33810.08,18898.75,6059.63,3675.5
63655.27,48741.51,33827.92,18916.579999999998,6067.3,3675.64
63682.9,48769.15,33855.55,18944.22,6082.88,3676.36
63704.38,48790.62,33877.02,18965.7,6093.22,3677.03
63713.79,48800.020000000004,33886.43,18975.11,6098.86,3677.58
63716.53,48802.770000000004,33889.17,18977.85,6099.34,3678.06
63715.02,48801.26,33887.66,18976.34,6099.68,3678.4
63742.11,48828.35,33914.75,19003.42,6100.03,3678.75
63735.34,48821.590000000004,33907.98,18996.65,6100.19,3678.91
63731.97,48818.21,33904.6,18993.28,6100.35,3679.07
63773.22,48862.87,33952.65,19044.74,6113.9,3692.62
63767.94,48857.590000000004,33947.37,19039.45,6109.9,3692.46
63716.83,48806.49,33896.26,18988.35,6081.34,3692.42
63661.59,48744.46,33827.42,18912.72,6010.09,3662.8
63612.99,48695.85,33778.81,18864.12,5968.58,3662.7
63555.09,48476.73,33398.47,18322.55,5271.9,2957.5
63502.7,48263.12,33023.63,17786.49,4579.17,2251.29
63461.55,48221.97,32982.48,17745.34,4539.58,2251.25
63418.27,48178.69,32939.2,17702.06,4497.57,2251.27
63402.67,48163.08,32923.6,17686.45,4481.97,2250.45
63400.56,48160.96,32921.49,17684.33,4479.85,2249.79
63417.52,48177.92,32938.45,17701.28,4494.92,2249.65
63444.51,48204.91,32965.44,17728.27,4518.27,2249.55
63479.74,48240.14,33000.68,17763.5,4549.44,2249.64
63510.94,48271.340000000004,33031.87,17794.7,4576.15,2250.26
63546.84,48307.24,33067.77,17830.6,4606.47,2250.91
63581.74,48342.15,33102.67,17865.51,4634.9,2251.16
63594.73,48355.14,33115.66,17878.51,4644.69,2251.37
63616.02,48376.43,33136.95,17899.8,4645.93,2251.55
63632.82,48393.23,33153.75,17916.6,4646.07,2251.69
63633.68,48394.1,33154.61,17917.46,4645.95,2251.57
63631.31,48391.73,33152.24,17915.18,4645.87,2251.4900000000002
63624.25,48384.67,33145.17,17908.88,4645.78,2251.4
63601.61,48362.04,33122.53,17887.24,4645.32,2250.94
63607.45,48364.48,33121.57,17882.87,4631.62,2237.24
63598.27,48351.9,33105.59,17863.49,4615.31,2222.71
63562.16,48315.79,33069.48,17827.37,4590.9800000000005,2222.69
63526.82,48280.45,33034.14,17792.03,4563.1,2222.37
63516.05,48269.69,33023.37,17781.26,4552.34,2222.05
63473.08,48226.71,32980.4,17738.28,4509.9800000000005,2222.16
63434.05,48187.69,32941.38,17699.26,4470.96,2222.2400000000002
63387.59,48141.24,32894.92,17652.81,4425.55,2222.48
63324.46,48081.51,32838.59,17599.88,4386.33,2236.72
63290.83,48047.89,32804.97,17566.26,4359.84,2236.32
63278.8,48035.87,32792.95,17554.23,4348.24,2236.31
63289.48,48046.55,32803.63,17564.91,4358.92,2236.18
63282.27,48039.35,32796.42,17557.7,4353.53,2236.12
63255.75,48012.82,32769.9,17531.17,4336.35,2235.7
63210.69,47967.76,32724.84,17486.11,4304.8,2234.9
63149.43,47906.51,32663.58,17424.85,4274.2300000000005,2234.23
63095.0,47852.090000000004,32609.15,17370.43,4250.66,2233.64
63059.69,47816.79,32573.84,17335.12,4244.18,2233.07
63063.11,47820.21,32577.26,17338.55,4243.68,2232.57
63061.59,47818.69,32575.74,17337.03,4242.85,2231.74
63063.26,47820.36,32577.41,17338.71,4242.18,2231.07
63037.23,47794.340000000004,32551.38,17312.99,4241.37,2230.26
63028.97,47786.07,32543.12,17305.08,4240.87,2229.76
63022.89,47779.98,32537.03,17299.0,4240.62,2229.51
63031.77,47788.87,32545.91,17307.89,4240.72,2229.61
63055.4,47812.49,32569.54,17331.52,4247.1,2230.37
63069.26,47829.75,32590.19,17355.58,4260.68,2243.95
63069.28,47829.76,32590.21,17355.59,4260.88,2243.83
63041.49,47801.97,32562.42,17327.8,4237.54,2244.05
63024.1,47784.58,32545.03,17310.41,4222.72,2243.88
62985.47,47745.94,32506.4,17271.77,4188.99,2243.66
62944.63,47705.1,32465.56,17230.93,4152.29,2243.36
62888.77,47652.63,32416.49,17185.26,4115.69,2257.77
62822.47,47586.33,32350.19,17118.97,4056.25,2256.95
62748.08,47511.94,32275.8,17044.58,3989.69,2255.74
62685.59,47449.44,32213.31,16982.08,3934.65,2254.6
62633.2,47397.05,32160.92,16929.69,3888.45,2253.77
62589.09,47352.94,32116.81,16885.58,3849.53,2253.15
62540.43,47304.28,32068.15,16836.92,3811.4700000000003,2252.43
62491.13,47254.98,32018.85,16787.62,3778.55,2251.59
62433.4,47197.25,31961.12,16729.88,3741.14,2251.0
62423.88,47187.73,31951.6,16720.37,3737.69,2250.54
62399.1,47162.96,31926.82,16695.59,3723.81,2249.86
62350.76,47114.62,31878.47,16647.25,3708.44,2248.94
62316.4,47080.25,31844.11,16612.88,3707.67,2248.17
62303.69,47064.15,31824.6,16591.93,3694.73,2235.23
62281.86,47042.32,31802.76,16573.11,3694.27,2234.77
62275.82,47036.27,31796.71,16567.06,3694.32,2234.82
62277.34,47037.8,31798.23,16568.59,3694.58,2235.08
62281.56,47038.62,31795.65,16562.61,3681.04,2221.54
62289.31,47046.37,31803.4,16570.35,3687.51,2221.6
62306.39,47063.44,31820.48,16587.43,3695.07,2221.59
62285.55,47042.6,31799.64,16566.59,3679.17,2221.83
62276.6,47033.64,31790.69,16557.63,3674.04,2222.22
62260.4,47017.44,31774.48,16541.43,3663.29,2222.43
62257.57,47014.6,31771.65,16538.59,3663.92,2222.47
62244.37,47001.41,31758.46,16525.4,3656.21,2222.63
62219.96,46977.01,31734.05,16501.0,3638.69,2222.23
62172.98,46930.03,31687.07,16454.02,3603.21,2221.67
62172.14,46929.18,31686.22,16453.18,3608.3,2221.55
62177.02,46934.06,31691.09,16458.06,3618.84,2221.54
62160.46,46917.51,31674.53,16441.5,3613.65,2221.07
62132.39,46889.44,31646.46,16413.43,3601.01,2220.4
62102.07,46859.12,31616.14,16383.11,3584.34,2219.38
62078.95,46835.99,31593.02,16359.98,3570.57,2218.74
62055.16,46812.21,31569.23,16336.19,3560.22,2218.06
62017.18,46774.24,31531.26,16298.21,3553.7,2217.29
61986.36,46743.41,31500.44,16267.38,3553.16,2216.75
61964.18,46721.23,31478.26,16245.2,3552.86,2216.45
61952.05,46709.11,31466.13,16233.08,3552.61,2216.2
61963.12,46720.18,31477.2,16244.15,3552.39,2215.98
61954.91,46711.98,31469.0,16235.94,3551.93,2215.52
61910.72,46664.39,31418.01,16181.55,3538.08,2201.67
61877.12,46630.79,31384.41,16147.95,3537.56,2201.15
61882.49,46636.15,31389.78,16153.31,3537.86,2201.45
61892.25,46645.91,31399.54,16163.07,3544.4,2201.57
61881.12,46634.79,31388.41,16151.94,3534.8,2201.67
61879.69,46633.36,31386.97,16150.51,3534.21,2201.7599999999998
61880.78,46634.45,31388.06,16151.6,3535.79,2201.85
61870.62,46624.28,31377.9,16141.44,3528.34,2201.9
61859.32,46612.98,31366.6,16130.13,3519.16,2201.89
61853.93,46607.6,31361.22,16124.75,3515.49,2201.67
61829.96,46583.63,31337.25,16100.79,3495.59,2201.84
61816.07,46569.74,31323.36,16086.9,3481.98,2201.48
61799.12,46552.79,31306.41,16069.95,3467.28,2200.98
61779.63,46533.29,31286.91,16050.46,3452.39,2200.47
61751.85,46505.5,31259.13,16022.67,3430.15,2199.56
61733.71,46487.35,31240.99,16004.53,3412.92,2198.82
61698.56,46452.19,31205.84,15969.37,3383.97,2198.05
61669.04,46422.67,31176.32,15939.84,3370.08,2197.31
61632.48,46386.1,31139.76,15903.28,3368.29,2196.58
61603.54,46357.159999999996,31110.829999999998,15874.34,3367.75,2196.04
61597.75,46351.37,31105.04,15868.55,3367.59,2195.88
61589.79,46343.42,31097.079999999998,15859.13,3367.23,2195.52
61557.75,46311.37,31065.04,15829.69,3366.53,2194.82
61545.11,46298.72,31052.4,15816.06,3366.29,2194.58
61515.9,46272.92,31029.99,15797.06,3379.2,2207.49
61502.22,46259.25,31016.31,15783.39,3379.28,2207.57
61485.34,46242.38,30999.43,15766.52,3379.33,2207.62
61466.12,46223.17,30980.21,15747.31,3362.4,2208.02
61417.95,46174.99,30932.04,15699.13,3321.48,2208.88
61394.53,46151.58,30908.62,15675.72,3300.81,2209.58
61379.68,46136.72,30893.76,15660.87,3286.04,2210.21
61379.34,46136.38,30893.43,15660.53,3284.66,2210.54
61413.1,46166.73,30920.39,15684.08,3295.95,2196.52
61435.33,46188.96,30942.62,15706.31,3313.12,2196.61
61444.07,46197.7,30951.35,15715.05,3321.44,2197.13
61434.1,46187.74,30941.39,15705.09,3311.48,2197.47
61402.12,46155.76,30909.41,15673.11,3281.15,2196.82
61371.31,46124.96,30878.6,15642.31,3247.65,2196.1
61370.270000000004,46123.909999999996,30877.56,15641.26,3239.08,2195.82
61388.090000000004,46141.72,30895.38,15659.08,3238.81,2195.55
61400.5,46154.13,30907.8,15671.49,3238.62,2195.36
61419.52,46173.15,30926.83,15690.51,3238.56,2195.3
61408.88,46162.52,30916.19,15679.87,3238.58,2195.32
61405.13,46158.77,30912.45,15676.12,3238.98,2195.72
61384.47,46138.11,30891.79,15655.46,3239.18,2195.92
61400.44,46154.08,30907.76,15671.12,3239.36,2196.1
61401.73,46155.38,30909.05,15671.71,3239.11,2195.85
61393.31,46146.97,30900.63,15663.29,3238.65,2195.39
61371.03,46124.68,30878.35,15641.0,3238.06,2194.8
61342.76,46096.409999999996,30850.08,15612.72,3231.77,2194.13
61335.92,46089.56,30843.24,15605.88,3231.41,2193.77
61338.1,46091.75,30845.42,15608.07,3231.7,2193.79
61327.06,46080.71,30834.38,15597.04,3221.29,2194.2
61317.27,46070.92,30824.59,15587.25,3212.43,2194.71
61322.47,46076.12,30829.79,15592.46,3215.38,2194.99
61324.22,46077.88,30831.55,15594.21,3215.5,2195.29
61317.23,46067.5,30817.76,15577.03,3194.95,2181.4
61323.52,46073.8,30824.06,15583.32,3198.67,2181.5
61341.12,46091.39,30841.66,15600.92,3212.18,2182.25
61351.67,46101.95,30852.22,15611.48,3219.77,2182.42
61342.46,46092.74,30843.01,15602.27,3211.84,2182.05
61314.26,46064.53,30814.81,15574.06,3187.63,2181.22
61296.63,46046.909999999996,30797.19,15556.44,3168.2599999999998,2180.63
61281.46,46031.75,30782.02,15541.28,3148.3,2180.28
61288.75,46039.04,30789.31,15548.58,3148.23,2179.82
61283.85,46034.15,30784.41,15543.68,3140.75,2179.43
61276.35,46026.64,30776.91,15536.18,3140.5,2179.18
61283.66,46033.95,30784.22,15543.49,3140.52,2179.2
61290.27,46040.56,30790.83,15550.1,3140.79,2179.47
61306.41,46056.7,30806.97,15564.29,3140.83,2179.51
61305.68,46055.97,30806.24,15562.09,3140.64,2179.32
61297.24,46047.54,30797.8,15553.66,3140.63,2179.31
61284.97,46035.27,30785.53,15541.39,3140.68,2179.36
61256.79,46010.48,30764.15,15523.41,3154.59,2193.27
61225.9,45979.59,30733.26,15492.52,3148.96,2194.05
61257.75,46011.44,30765.11,15524.36,3173.92,2193.72
61275.83,46029.52,30783.2,15542.44,3188.37,2193.51
61289.45,46043.15,30796.82,15556.07,3200.25,2193.36
61318.25,46071.95,30825.62,15584.87,3223.8,2193.23
61348.93,46102.64,30856.3,15615.56,3248.95,2192.96
61360.81,46114.51,30868.17,15627.44,3258.72,2192.92
61384.07,46137.76,30891.43,15650.7,3277.33,2193.07
61415.81,46169.49,30923.17,15682.43,3301.46,2193.43
61408.09,46161.77,30915.45,15674.7,3290.87,2193.17
61381.01,46134.69,30888.37,15647.62,3263.76,2192.59
61386.49,46140.17,30893.85,15653.1,3261.77,2192.46
61398.72,46152.39,30906.079999999998,15665.32,3264.64,2192.76
61412.6,46166.27,30919.96,15679.21,3269.22,2192.88
61408.43,46162.11,30915.79,15675.05,3266.54,2192.5
61403.72,46157.4,30911.079999999998,15670.34,3266.24,2192.2
61395.53,46149.21,30902.88,15662.15,3265.92,2191.88
61391.55,46145.24,30898.9,15658.18,3265.64,2191.6
61391.88,46145.56,30899.22,15658.51,3265.46,2191.42
61383.65,46137.32,30890.989999999998,15650.28,3265.17,2191.13
61365.36,46119.02,30872.7,15634.22,3264.71,2190.67
61354.92,46108.58,30862.26,15624.96,3264.41,2190.37
61355.93,46109.59,30863.27,15625.97,3264.32,2190.28
61394.81,46148.48,30902.15,15664.86,3264.35,2190.31
61410.8,46164.48,30918.14,15680.86,3270.19,2189.87
61408.31,46161.98,30915.65,15678.36,3268.03,2189.87
61448.13,46201.79,30955.47,15718.18,3299.22,2189.55
61492.68,46246.34,31000.03,15762.73,3336.82,2189.2
61524.16,46277.82,31031.52,15794.21,3363.26,2188.93
61550.91,46304.58,31058.27,15820.96,3385.73,2188.68
61553.01,46310.09,31067.17,15833.27,3401.37,2203.2
61546.18,46303.25,31060.329999999998,15826.43,3396.78,2203.66
61540.94,46298.02,31055.1,15821.19,3392.69,2203.73
61552.58,46309.67,31066.74,15832.84,3404.05,2204.0
61568.29,46325.38,31082.46,15848.55,3417.51,2204.28
61572.22,46329.32,31086.39,15852.48,3415.77,2204.58
61565.56,46322.659999999996,31079.73,15845.82,3404.79,2204.63
61559.05,46316.15,31073.22,15839.3,3395.41,2204.51
61589.21,46346.32,31103.38,15869.47,3416.64,2204.87
61606.44,46363.56,31120.61,15886.71,3419.24,2205.23
61619.14,46376.26,31133.31,15899.41,3419.44,2205.43
61633.32,46390.44,31147.48,15913.59,3419.65,2205.64
61637.47,46394.59,31151.64,15917.74,3419.7599999999998,2205.75
61636.31,46393.42,31150.48,15918.22,3419.86,2205.85
61663.88,46421.0,31178.05,15943.19,3420.19,2206.18
61688.54,46445.659999999996,31202.71,15967.84,3420.38,2206.37
61715.58,46472.69,31229.75,15994.87,3420.67,2206.66
61730.55,46491.06,31251.52,16020.04,3434.13,2220.12
61760.12,46524.03,31287.89,16059.81,3451.97,2233.67
61794.28,46558.19,31322.06,16093.97,3478.24,2233.41
61833.91,46597.82,31361.69,16133.6,3510.61,2232.93
61858.9,46622.8,31386.68,16158.58,3532.24,2232.36
61869.04,46632.95,31396.82,16168.72,3542.29,2231.92
61880.64,46644.54,31408.41,16180.32,3553.88,2231.52
61897.04,46664.35,31431.61,16206.93,3582.43,2245.9900000000002
61908.08,46675.38,31442.64,16217.97,3591.39,2246.31
61902.45,46669.75,31437.02,16212.34,3585.92,2246.29
61897.49,46664.79,31432.05,16207.38,3581.49,2246.59
61929.68,46696.979999999996,31464.239999999998,16239.57,3610.9,2247.28
61970.59,46737.89,31505.16,16280.48,3647.35,2248.23
61970.94,46738.24,31505.51,16280.84,3653.47,2248.9
61962.96,46730.26,31497.53,16272.85,3653.86,2249.29
61956.85,46724.15,31491.41,16266.74,3654.21,2249.64
61958.22,46725.52,31492.77,16268.11,3654.7799999999997,2250.21
61950.24,46717.54,31484.79,16260.13,3655.25,2250.68
61940.68,46707.97,31475.22,16250.56,3655.75,2251.18
61916.81,46684.11,31451.35,16228.21,3656.09,2251.52
61900.729999999996,46668.03,31435.27,16213.67,3656.36,2251.79
61893.83,46661.13,31428.37,16208.61,3656.63,2252.06
61897.51,46664.8,31432.05,16213.03,3656.87,2252.3
61915.86,46683.159999999996,31450.4,16231.39,3657.34,2252.77
61913.59,46680.89,31448.13,16229.12,3657.77,2253.2
61908.29,46672.2,31436.03,16213.62,3644.92,2240.35
61930.17,46694.08,31457.91,16235.5,3663.02,2240.43
61948.84,46712.76,31476.59,16254.17,3678.7599999999998,2240.57
61963.1,46727.01,31490.85,16268.42,3691.0,2240.61
61977.29,46741.21,31505.04,16282.61,3703.12,2240.59
62008.41,46772.33,31536.16,16313.73,3731.74,2240.56
62047.07,46810.979999999996,31574.82,16352.38,3764.69,2240.53
62082.3,46846.2,31610.04,16387.6,3795.63,2241.5
62108.85,46872.76,31636.59,16414.15,3818.43,2242.04
62134.49,46898.4,31662.22,16439.79,3839.57,2243.12
62169.75,46933.659999999996,31697.48,16475.05,3867.9,2244.28
62203.7,46967.61,31731.43,16509.0,3895.67,2245.55
62213.05,46976.96,31740.77,16518.35,3905.54,2246.11
62201.32,46965.22,31729.04,16506.62,3904.62,2246.39
62184.5,46948.4,31712.22,16489.8,3900.68,2246.38
62150.52,46914.409999999996,31678.239999999998,16455.81,3894.07,2246.29
62109.82,46873.72,31637.54,16415.11,3893.94,2246.16
62071.78,46835.67,31599.5,16377.07,3893.86,2246.08
62036.26,46800.159999999996,31563.98,16343.81,3893.56,2245.78
62005.89,46769.78,31533.61,16317.05,3893.55,2245.77
62001.13,46765.02,31528.85,16314.03,3893.9,2246.12
62001.1,46764.99,31528.82,16314.0,3894.22,2246.44
61978.35,46742.229999999996,31506.07,16291.25,3894.34,2246.56
61979.76,46743.64,31507.48,16292.66,3894.63,2246.85
61999.99,46767.28,31534.52,16323.1,3908.1,2260.32
62001.56,46768.86,31536.09,16324.68,3910.36,2260.39
61995.2,46762.49,31529.72,16318.32,3905.23,2260.55
61999.17,46766.46,31533.7,16322.289999999999,3907.14,2260.66
62001.65,46768.94,31536.18,16324.77,3909.42,2260.71
62002.42,46769.7,31536.95,16325.53,3910.19,2260.82
62023.62,46790.909999999996,31558.15,16346.73,3927.19,2260.49
62034.59,46801.89,31569.12,16357.7,3935.81,2260.5
62038.08,46805.38,31572.61,16361.19,3938.88,2260.47
62052.82,46820.13,31587.35,16375.94,3950.56,2260.73
62071.95,46839.25,31606.48,16395.07,3964.48,2261.21
62057.43,46824.72,31591.96,16380.55,3953.73,2261.19
62014.87,46782.16,31549.4,16337.99,3928.44,2260.78
61990.16,46757.45,31524.69,16313.27,3923.79,2260.59
61989.22,46756.51,31523.75,16312.33,3923.9,2260.7
61989.4,46756.68,31523.93,16312.5,3923.98,2260.78
61987.81,46755.09,31522.34,16310.91,3924.11,2260.91
61992.76,46760.03,31527.29,16315.86,3924.29,2261.09
61977.57,46744.84,31512.1,16300.66,3924.12,2260.92
61958.18,46725.46,31492.72,16284.62,3924.02,2260.82
61962.71,46730.0,31497.25,16288.07,3924.38,2261.18
61962.6,46729.89,31497.13,16287.48,3924.69,2261.4900000000002
61969.0,46736.29,31503.54,16293.88,3924.82,2261.62
61973.53,46740.81,31508.07,16298.41,3934.39,2261.96
61988.5,46759.17,31529.84,16323.57,3965.08,2276.31
62023.27,46793.94,31564.61,16358.35,3995.02,2276.23
62023.54,46794.21,31564.88,16358.61,3997.58,2276.53
62015.12,46785.78,31556.45,16350.18,3990.6,2276.75
62011.81,46782.46,31553.13,16346.87,3988.15,2276.93
62015.79,46786.44,31557.11,16350.85,3992.14,2277.06
62031.75,46799.0,31566.27,16356.61,3993.07,2262.64
62047.94,46815.19,31582.46,16372.8,4007.62,2262.57
62076.71,46843.95,31611.22,16401.56,4031.89,2262.59
62082.8,46850.03,31617.31,16407.65,4037.98,2262.71
62081.49,46848.71,31615.99,16406.34,4036.66,2262.85
62088.61,46855.83,31623.11,16413.46,4044.88,2262.9
62108.85,46876.08,31643.35,16433.71,4068.45,2263.23
62120.92,46888.15,31655.42,16445.79,4086.05,2263.62
62099.09,46866.32,31633.6,16423.96,4072.2,2263.63
62087.39,46854.62,31621.9,16412.26,4069.9900000000002,2263.66
62082.58,46849.81,31617.09,16407.45,4070.17,2263.84
62086.95,46854.17,31621.46,16411.81,4070.57,2264.24
62084.99,46852.2,31619.49,16409.84,4070.92,2264.59
62093.22,46860.43,31627.72,16417.81,4071.27,2264.94
62100.21,46867.42,31634.72,16424.7,4071.76,2265.43
62102.18,46869.4,31636.7,16426.68,4072.19,2265.86
62084.74,46851.96,31619.26,16409.25,4072.44,2266.11
62102.909999999996,46870.13,31637.43,16427.42,4084.57,2266.57
62120.79,46884.6,31648.51,16435.1,4091.72,2252.86
62138.68,46902.49,31666.39,16452.99,4108.99,2252.99
62158.51,46925.73,31693.03,16483.03,4142.43,2268.29
62176.76,46943.98,31711.28,16501.29,4160.68,2268.55
62201.62,46968.83,31736.14,16526.14,4185.54,2268.72
62217.59,46984.81,31752.11,16542.11,4201.51,2269.0
62227.9,46991.72,31755.62,16542.22,4198.22,2254.44
62220.36,46984.18,31748.08,16534.67,4193.18,2254.81
62243.33,47007.14,31771.04,16557.63,4215.98,2254.99
62268.93,47032.73,31796.64,16583.22,4241.04,2255.33
62283.94,47047.74,31811.65,16598.23,4255.36,2255.75
62285.39,47049.19,31813.1,16599.68,4259.78,2256.08
62312.74,47076.54,31840.45,16627.02,4284.62,2256.65
62365.89,47129.7,31893.6,16680.18,4322.95,2257.5
62393.15,47156.96,31920.86,16707.44,4335.31,2258.06
62390.43,47154.24,31918.14,16704.72,4335.38,2258.13
62411.22,47175.03,31938.94,16725.51,4335.54,2258.29
62428.41,47192.23,31956.14,16742.71,4335.38,2258.13
62453.71,47217.53,31981.44,16766.49,4335.25,2258.0
62456.95,47220.77,31984.68,16770.24,4335.35,2258.1
62456.53,47220.35,31984.260000000002,16770.83,4335.57,2258.32
62453.17,47217.0,31980.9,16768.62,4335.81,2258.56
62477.94,47241.77,32005.670000000002,16793.39,4336.21,2258.96
62480.89,47244.72,32008.62,16796.34,4336.49,2259.24
62494.909999999996,47258.74,32022.65,16810.36,4338.99,2259.11
62496.7,47260.53,32024.45,16812.15,4341.26,2259.16
62495.87,47259.69,32023.61,16811.31,4341.78,2259.11
62502.54,47266.37,32030.28,16817.99,4348.24,2258.95
62514.93,47278.75,32042.67,16830.37,4360.05,2258.8
62517.3,47281.12,32045.03,16832.74,4362.42,2258.64
62523.61,47287.43,32051.34,16839.05,4368.73,2258.35
62506.51,47270.33,32034.24,16821.95,4354.81,2258.11
62527.34,47291.16,32055.07,16842.78,4375.64,2257.82
62559.28,47323.1,32087.01,16874.72,4407.58,2257.69
62580.92,47344.73,32108.65,16896.35,4428.68,2257.67
62606.89,47370.7,32134.62,16922.32,4452.66,2257.59
62637.64,47401.45,32165.37,16953.07,4480.45,2257.95
62682.75,47446.57,32210.48,16998.18,4512.54,2258.27
62693.81,47457.63,32221.54,17009.24,4513.47,2258.6
62716.49,47480.32,32244.22,17031.93,4513.9,2259.03
62780.04,47543.86,32307.77,17095.47,4520.95,2259.53
62822.57,47586.4,32350.3,17138.0,4521.27,2259.85
62853.87,47617.69,32381.6,17167.05,4521.6,2260.18
62865.05,47628.87,32392.78,17176.62,4521.61,2260.19
62867.38,47631.2,32395.11,17178.14,4521.32,2259.9
62855.3,47615.72,32376.23,17158.15,4508.58,2247.16
62857.07,47617.5,32378.0,17159.92,4507.6,2246.18
62832.72,47589.76,32346.85,17125.37,4494.11,2232.69
62812.26,47565.89,32319.58,17094.71,4480.23,2218.81
62787.72,47541.35,32295.04,17070.17,4464.75,2218.38
62772.73,47526.36,32280.05,17055.18,4458.18,2217.91
62751.08,47504.71,32258.4,17033.53,4447.41,2217.44
62731.02,47484.64,32238.34,17013.46,4437.46,2217.03
62740.85,47494.47,32248.170000000002,17023.29,4449.61,2216.73
62755.73,47509.35,32263.06,17038.17,4464.49,2216.57
62754.9,47508.52,32262.23,17037.34,4463.95,2216.6
62779.57,47533.19,32286.9,17062.01,4485.15,2216.19
62782.34,47535.96,32289.670000000002,17064.78,4487.91,2215.96
62788.72,47542.340000000004,32296.05,17071.15,4497.61,2216.02
62820.49,47574.12,32327.82,17102.92,4527.66,2216.49
62839.96,47593.6,32347.3,17122.4,4540.89,2216.68
62867.0,47620.64,32374.34,17149.44,4554.85,2216.95
62874.36,47628.0,32381.7,17156.8,4561.13,2217.11
62877.94,47631.590000000004,32385.28,17160.39,4561.25,2217.23
62905.23,47658.88,32412.57,17187.68,4561.46,2217.44
62909.27,47662.92,32416.61,17191.71,4561.3,2217.28
62924.11,47677.77,32431.45,17206.56,4561.27,2217.25
62941.56,47695.21,32448.89,17220.94,4561.41,2217.39
62944.34,47697.98,32451.670000000002,17223.86,4561.41,2217.39
62952.66,47706.3,32459.99,17231.48,4561.37,2217.35
62949.4,47703.04,32456.72,17228.22,4561.21,2217.19
62930.11,47683.76,32437.44,17208.93,4551.54,2216.75
62906.36,47656.62,32406.9,17174.99,4519.14,2202.32
62890.2,47640.46,32390.74,17158.82,4511.1,2201.98
62882.64,47632.91,32383.18,17151.27,4510.5,2201.51
62883.95,47634.22,32384.49,17152.59,4517.39,2201.14
62893.2,47643.47,32393.74,17161.83,4530.71,2200.74
62892.3,47642.57,32392.85,17160.93,4535.88,2200.35
62901.29,47651.55,32401.84,17169.91,4548.81,2200.06
62877.02,47627.29,32377.57,17145.65,4535.98,2200.04
62871.02,47621.29,32371.57,17139.65,4537.98,2199.82
62867.62,47617.89,32368.17,17136.24,4540.14,2199.37
62858.35,47608.63,32358.91,17126.97,4539.8,2198.87
62874.06,47624.340000000004,32374.62,17142.68,4559.81,2198.73
62885.85,47636.13,32386.41,17154.47,4571.28,2198.6
62881.16,47631.45,32381.73,17149.78,4567.7,2198.31
62889.93,47640.21,32390.49,17158.55,4574.83,2198.06
62898.77,47649.05,32399.33,17167.39,4576.39,2197.9
62929.94,47680.23,32430.5,17198.56,4579.55,2197.98
62914.15,47664.44,32414.71,17182.77,4578.68,2197.11
62906.13,47656.42,32406.69,17174.75,4577.88,2196.31
62907.65,47657.95,32408.22,17174.89,4577.4,2195.83
62910.94,47661.23,32411.5,17177.25,4577.33,2195.76
62922.05,47668.94,32415.81,17178.16,4564.43,2182.86
62950.26,47697.15,32444.02,17206.37,4564.36,2182.79
62959.51,47702.99,32446.47,17205.41,4555.51,2168.97
62965.98,47709.46,32452.94,17211.87,4559.95,2168.89
62972.73,47716.2,32459.69,17218.62,4569.53,2168.55
62961.46,47701.53,32441.61,17197.15,4549.39,2153.28
62957.68,47697.76,32437.83,17193.37,4548.65,2153.13
62951.57,47691.66,32431.72,17187.27,4545.05,2153.04
62929.66,47669.75,32409.81,17165.36,4528.88,2153.08
62911.22,47651.3,32391.37,17146.91,4517.84,2153.15
62911.95,47652.04,32392.1,17147.65,4524.11,2152.95
62902.38,47642.47,32382.53,17138.08,4520.0,2152.47
62904.75,47644.84,32384.9,17140.46,4524.7699999999995,2151.78
62901.67,47641.75,32381.82,17137.38,4526.63,2151.38
62925.22,47665.3,32405.36,17160.93,4549.72,2151.25
62959.97,47700.05,32440.11,17195.68,4578.06,2151.13
62944.6,47684.68,32424.74,17180.31,4563.38,2150.68
62959.49,47699.57,32439.64,17195.2,4573.71,2150.5
62989.33,47729.4,32469.48,17225.04,4592.89,2150.56
63020.61,47760.67,32500.75,17256.32,4610.66,2150.7
63039.99,47780.05,32520.12,17275.7,4610.95,2150.99
63038.93,47778.99,32519.06,17274.64,4611.21,2151.25
63039.26,47782.71,32526.19,17284.17,4623.44,2163.48
63049.99,47796.83,32543.72,17302.54,4635.86,2175.9
63055.22,47805.46,32555.75,17316.45,4648.27,2188.31
63040.05,47793.69,32547.38,17311.48,4660.94,2200.98
63075.89,47832.94,32590.02,17357.53,4686.93,2215.25
63096.0,48014.27,32932.57,17861.31,5332.72,2863.67
63127.14,48206.63,33286.15,18376.12,6002.81,3560.17
63155.84,48396.56,33637.3,18888.5,6672.91,4263.9400000000005
63177.68,48418.39,33659.14,18910.33,6696.47,4263.81
63188.17,48428.89,33669.63,18920.83,6710.18,4263.66
63198.07,48438.78,33679.53,18930.73,6721.93,4263.5
63214.69,48455.4,33696.15,18947.35,6740.22,4263.35
63244.18,48484.89,33725.64,18976.84,6769.21,4263.71
63248.42,48489.12,33729.88,18981.07,6773.5,4264.02
63245.41,48486.11,33726.87,18978.06,6770.99,4264.03
63251.25,48491.95,33732.71,18983.91,6779.8,4263.95
63254.06,48494.76,33735.52,18986.72,6788.09,4263.88
63252.69,48493.39,33734.15,18985.35,6791.64,4263.77
63242.26,48482.95,33723.72,18974.92,6787.0,4263.72
63257.41,48498.11,33738.87,18990.07,6803.77,4263.86
63275.75,48516.44,33757.21,19008.4,6818.39,4264.0
63289.29,48529.99,33770.75,19021.95,6829.52,4264.28
63303.88,48544.57,33785.34,19036.53,6829.9,4264.66
63332.51,48573.21,33813.97,19065.16,6830.42,4265.18
63333.31,48574.020000000004,33814.78,19063.96,6830.71,4265.47
63331.15,48571.86,33812.62,19061.12,6831.13,4265.89
63356.12,48600.22,33844.39,19093.99,6844.15,4278.91
63399.69,48643.78,33887.96,19137.56,6845.61,4280.37
63453.12,48700.6,33948.19,19201.18,6864.4400000000005,4293.96
63489.84,48737.32,33984.91,19237.9,6882.49,4293.74
63501.95,48749.43,33997.02,19250.01,6895.62,4294.150000000001
63517.43,48764.91,34012.5,19265.49,6911.16,4294.37
63500.16,48747.64,33995.23,19248.22,6899.14,4294.54
63480.55,48728.03,33975.62,19228.61,6883.92,4294.76
63448.17,48695.66,33943.24,19196.24,6859.92,4294.8
63424.34,48671.83,33919.4,19172.41,6845.07,4294.75
63398.47,48645.95,33893.53,19146.53,6830.78,4294.2300000000005
63370.51,48618.0,33865.57,19118.58,6812.59,4293.9
63363.15,48610.63,33858.21,19111.22,6811.85,4293.52
63378.44,48625.92,33873.5,19126.52,6827.49,4293.65
63398.2,48645.68,33893.26,19146.28,6845.3,4293.4400000000005
63440.55,48688.03,33935.6,19188.63,6880.28,4293.86
63490.35,48737.840000000004,33985.41,19238.44,6919.38,4293.99
63542.25,48789.74,34037.31,19290.34,6958.97,4294.05
63573.46,48820.95,34068.52,19321.55,6977.44,4294.06
63584.62,48832.1,34079.68,19332.71,6980.06,4293.9800000000005
63606.62,48854.1,34101.68,19354.72,6980.59,4294.51
63617.74,48865.22,34112.8,19365.84,6981.05,4294.97
63627.9,48875.38,34122.96,19375.72,6981.4800000000005,4295.4
63630.0,48877.48,34125.06,19376.53,6981.84,4295.76
63654.37,48901.840000000004,34149.43,19400.9,6982.43,4296.35
63704.62,48952.090000000004,34199.68,19451.15,6983.28,4297.2
63706.13,48953.590000000004,34201.18,19452.66,6983.32,4297.24
63691.66,48939.12,34186.7,19438.19,6978.9400000000005,4297.51
63677.96,48925.43,34173.0,19424.5,6968.97,4297.65
63656.15,48903.62,34151.19,19402.69,6952.31,4298.11
63623.99,48871.46,34119.03,19370.53,6926.54,4298.33
63588.61,48836.090000000004,34083.66,19335.16,6897.81,4298.4800000000005
63563.83,48811.31,34058.88,19310.38,6877.14,4298.56
63504.26,48751.74,33999.31,19250.81,6828.84,4299.17
63488.9,48736.38,33983.95,19235.45,6815.13,4298.82
63460.4,48707.89,33955.45,19206.96,6791.02,4298.83
63478.6,48726.1,33973.65,19225.17,6805.7,4299.27
63518.83,48766.33,34013.88,19265.4,6838.39,4299.89
63507.16,48754.66,34002.21,19253.73,6829.18,4299.83
63490.96,48738.46,33986.02,19237.53,6816.75,4299.37
63474.51,48722.0,33969.56,19221.07,6803.82,4298.91
63468.66,48716.16,33963.71,19215.22,6798.9400000000005,4298.5
63473.52,48721.020000000004,33968.58,19220.08,6802.24,4297.96
63454.84,48702.33,33949.9,19201.4,6798.24,4297.04
63461.25,48708.74,33956.31,19207.81,6798.41,4297.21
63460.14,48707.63,33955.2,19206.7,6798.7300000000005,4297.53
63451.64,48699.13,33946.7,19199.93,6799.01,4297.81
63432.59,48680.08,33927.65,19183.77,6798.76,4297.56
63413.78,48664.67,33915.63,19175.16,6811.03,4309.83
63414.01,48661.51,33909.06,19165.19,6797.66,4296.46
63399.19,48646.7,33894.25,19150.38,6787.18,4296.47
63388.77,48636.29,33883.83,19139.97,6779.31,4296.650000000001
63373.03,48620.55,33868.09,19124.22,6767.58,4297.13
63368.18,48615.69,33863.24,19119.36,6763.17,4297.5
63376.61,48624.11,33871.67,19127.78,6768.56,4297.72
63409.87,48657.36,33904.93,19161.03,6799.31,4297.51
63461.29,48870.0,34278.8,19696.12,7489.89,5039.41
63505.56,48914.28,34323.07,19740.4,7526.76,5039.01
63525.19,48933.9,34342.7,19760.02,7538.35,5039.19
63530.6,48942.72,34354.92,19775.64,7551.91,5054.31
63557.68,48973.21,34388.81,19812.92,7590.2,5070.61
63577.75,48996.69,34415.69,19843.19,7618.94,5086.4400000000005
63548.8,48971.13,34393.54,19824.43,7602.74,5100.99
63507.91,48930.25,34352.65,19783.55,7565.2300000000005,5100.9800000000005
63490.5,48912.83,34335.24,19766.14,7548.3,5101.24
63469.92,48892.24,34314.65,19745.55,7530.05,5101.38
63438.74,48861.06,34283.47,19714.36,7510.88,5101.33
63402.17,48824.49,34246.9,19677.79,7493.15,5101.2300000000005
63398.66,48820.98,34243.39,19674.28,7492.99,5101.07
63419.98,48842.29,34264.71,19695.59,7492.86,5100.94
63450.86,48869.78,34288.79,19715.22,7480.84,5088.92
63471.1,48886.63,34302.24,19724.6,7468.72,5076.8
63504.83,48916.950000000004,34329.17,19747.75,7456.26,5064.34
63516.42,48925.14,34333.97,19749.14,7443.49,5051.57
63488.51,48893.83,34299.26,19711.03,7417.67,5037.47
63505.2,48752.700000000004,34000.3,19254.25,6813.99,4403.02
63508.69,48594.97,33681.34,18774.07,6177.04,3706.01
63492.35,48417.4,33342.55,18274.06,5522.8,3001.93
63490.98,48416.04,33341.19,18272.7,5520.94,3001.55
63507.02,48432.07,33357.23,18288.73,5533.76,3001.3
63518.7,48443.76,33368.91,18300.41,5543.59,3001.2
63521.37,48446.44,33371.58,18303.09,5544.59,3001.05
63519.37,48444.44,33369.58,18301.09,5542.56,3000.89
63496.06,48421.13,33346.27,18277.78,5523.05,3000.73
63484.45,48409.51,33334.659999999996,18266.16,5512.32,3000.46
63462.22,48387.29,33312.43,18243.93,5492.52,2999.91
63452.49,48377.57,33302.7,18234.21,5481.35,2999.57
63437.23,48362.31,33287.45,18218.95,5466.09,2999.57
63428.16,48353.24,33278.38,18209.88,5457.14,2999.83
63441.32,48366.4,33291.55,18223.04,5466.18,3000.28
63441.22,48366.31,33291.45,18222.95,5465.47,3000.65
63416.75,48341.840000000004,33266.98,18198.48,5448.19,3000.77
63386.43,48311.52,33236.659999999996,18168.17,5448.13,3000.71
63362.98,48288.07,33213.21,18144.72,5448.05,3000.63
63373.27,48298.35,33223.49,18155.0,5448.09,3000.67
63397.62,48322.69,33247.84,18177.55,5447.95,3000.53
63388.77,48313.85,33239.0,18168.71,5447.87,3000.45
63370.75,48295.83,33220.98,18150.69,5447.7300000000005,3000.31
63379.44,48304.520000000004,33229.67,18159.38,5455.05,3000.34
63388.59,48313.67,33238.82,18168.52,5461.59,3000.44
63442.01,48367.090000000004,33292.24,18221.94,5501.49,2999.87
63486.35,48411.43,33336.58,18266.28,5534.81,2999.5299999999997
63574.5,48499.58,33424.72,18354.43,5606.81,2999.09
63648.14,48573.23,33498.36,18428.08,5665.94,2998.83
63705.37,48630.45,33555.59,18485.31,5712.47,2998.64
63748.53,48673.61,33598.75,18528.47,5746.64,2998.45
63785.69,48710.78,33635.91,18565.64,5776.36,2999.37
63814.56,48739.65,33664.79,18594.51,5799.08,3000.38
63859.11,48784.2,33709.34,18639.05,5837.01,3001.37
63882.32,48807.41,33732.55,18662.25,5856.12,3001.65
63886.8,48811.89,33737.03,18666.73,5856.6,3002.12
63871.13,48796.22,33721.37,18651.06,5841.38,3002.34
63826.29,48751.37,33676.52,18606.21,5801.95,3002.48
63796.52,48721.59,33646.75,18576.43,5774.87,3002.5
63760.0,48685.07,33610.23,18539.91,5756.35,3002.44
63747.79,48672.87,33598.02,18527.7,5754.13,3002.92
63721.78,48646.87,33572.02,18501.69,5754.09,3002.88
63697.7,48622.78,33547.94,18477.61,5753.93,3002.7200000000003
63686.76,48611.84,33537.0,18466.67,5753.75,3002.54
63696.08,48621.17,33546.32,18475.99,5753.62,3002.41
63680.47,48605.57,33530.72,18460.38,5753.36,3002.15
63646.2,48571.3,33496.45,18426.11,5752.9,3001.69
63663.62,48588.72,33513.87,18443.52,5757.95,3001.92
63700.76,48625.86,33551.01,18480.66,5776.41,3001.65
63744.68,48669.77,33594.93,18524.57,5808.1900000000005,3001.37
63803.75,48728.83,33654.0,18583.63,5852.86,3000.74
63862.83,48787.91,33713.08,18642.71,5898.52,3000.2599999999998
63919.24,48844.31,33769.48,18699.12,5943.34,3000.04
63988.97,48914.04,33839.2,18768.85,6002.88,2999.75
64070.02,48995.1,33920.26,18849.91,6067.03,2998.99
64098.03,49023.11,33948.27,18877.92,6089.79,2999.47
64141.78,49066.85,33992.02,18921.66,6124.74,2999.68
64140.19,49065.26,33990.43,18920.07,6121.17,2999.5699999999997
64119.43,49044.5,33969.66,18899.31,6101.63,2999.6
64127.27,49052.34,33977.5,18907.15,6105.39,2999.98
64128.47,49053.53,33978.69,18908.34,6105.62,3000.56
64147.71,49072.78,33997.94,18927.59,6122.17,3001.2
64146.96,49072.03,33997.19,18926.84,6122.55,3001.63
64123.03,49048.09,33973.25,18902.91,6117.61,3002.25
64105.4,49030.47,33955.63,18885.28,6118.34,3002.98
64109.68,49034.76,33959.91,18889.57,6118.58,3003.22
64117.11,49042.19,33967.34,18897.0,6118.65,3003.29
64141.47,49066.55,33991.7,18919.63,6118.88,3003.52
64179.72,49104.81,34029.96,18954.99,6119.31,3003.95
64192.54,49117.63,34042.78,18967.81,6119.73,3004.37
64183.47,49111.95,34040.51,18968.93,6133.1,3017.7400000000002
64191.65,49123.53,34055.48,18987.31,6153.39,3031.66
64194.06,49125.94,34057.9,18989.72,6156.31,3031.42
64197.74,49129.63,34061.59,18993.41,6160.61,3030.96
64190.89,49122.79,34054.74,18986.57,6157.41,3030.46
64172.81,49104.71,34036.66,18968.5,6145.55,3029.9
64125.38,49057.28,33989.23,18921.08,6103.86,3029.76
64084.89,48855.56,33626.29,18396.92,5421.83,2287.23
64060.53,48831.2,33601.93,18372.56,5400.12,2286.8
64003.45,48774.13,33544.86,18315.49,5357.98,2285.79
63964.27,48731.55,33498.87,18266.11,5315.86,2269.93
63890.59,48654.46,33418.38,18182.22,5237.85,2252.9
63825.88,48586.35,33346.86,18107.31,5170.2,2236.02
63795.4,48552.48,33309.58,18066.64,5136.69,2220.29
63784.95,48542.02,33299.13,18056.19,5130.22,2219.07
63796.33,48553.41,33310.52,18067.57,5139.92,2217.91
63820.42,48577.5,33334.61,18091.66,5158.13,2217.21
63857.39,48614.47,33371.58,18128.63,5178.83,2216.74
63878.0,48635.09,33392.19,18149.24,5181.96,2216.62
63870.93,48628.02,33385.13,18142.17,5181.76,2216.42
63883.7,48640.79,33397.9,18154.94,5181.64,2216.3
63909.04,48666.13,33423.25,18180.28,5181.33,2215.9900000000002
63911.72,48668.81,33425.92,18182.96,5181.04,2215.7
63903.01,48660.11,33417.21,18174.26,5180.93,2215.59
63929.4,48683.09,33436.79,18190.45,5167.0,2201.66
63962.88,48713.16,33463.47,18213.73,5167.86,2187.35
63950.53,48697.4,33444.32,18191.17,5144.34,2172.88
63918.13,48664.99,33411.92,18158.77,5117.96,2173.29
63901.91,48648.78,33395.7,18142.55,5104.19,2173.62
63861.46,48608.32,33355.24,18102.09,5071.58,2174.44
63813.07,48559.93,33306.85,18053.71,5032.21,2175.01
63763.07,48509.93,33256.85,18003.71,4990.99,2175.33
63724.05,48470.9,33217.83,17964.69,4959.9,2175.61
63705.57,48452.43,33199.36,17946.22,4943.51,2175.09
63702.53,48449.4,33196.33,17943.19,4939.92,2174.56
63690.81,48437.69,33184.61,17931.48,4929.33,2174.49
63693.090000000004,48439.97,33186.89,17933.76,4928.93,2174.59
63682.91,48429.79,33176.72,17923.58,4920.94,2174.47
63695.5,48442.37,33189.3,17936.17,4931.31,2173.99
63712.090000000004,48458.97,33205.89,17952.76,4943.66,2173.17
63703.3,48450.18,33197.09,17943.97,4934.93,2172.32
63696.25,48443.12,33190.04,17936.92,4926.61,2171.45
63692.0,48438.87,33185.79,17932.67,4926.05,2170.89
63700.24,48447.11,33194.03,17940.9,4925.86,2170.7
63699.29,48446.159999999996,33193.08,17939.95,4925.83,2170.67
63712.06,48458.94,33205.86,17952.73,4925.69,2170.53
63693.85,48440.74,33187.65,17934.53,4925.44,2170.28
63683.91,48430.8,33177.71,17924.59,4924.59,2169.43
63690.41,48437.31,33184.21,17931.09,4923.67,2168.51
63675.94,48422.85,33169.74,17916.63,4910.45,2167.82
63640.76,48387.67,33134.56,17881.46,4885.64,2167.72
63588.95,48335.85,33082.75,17829.64,4843.34,2167.83
63542.35,48289.25,33036.15,17783.03,4804.5,2167.95
63496.98,48243.88,32990.78,17737.66,4763.87,2167.87
63455.94,48202.84,32949.74,17696.62,4728.64,2167.8
63415.31,48162.22,32909.11,17655.99,4693.89,2167.86
63379.36,48126.26,32873.16,17620.04,4663.81,2167.99
63364.6,48111.49,32858.4,17605.27,4651.64,2167.38
63341.96,48088.85,32835.75,17582.63,4633.64,2166.75
63313.72,48060.61,32807.51,17554.39,4607.61,2166.34
63293.74,48040.64,32787.53,17534.42,4588.39,2166.12
63275.83,48022.73,32769.62,17516.51,4573.88,2165.86
63307.37,48054.27,32801.15,17548.05,4598.74,2165.34
63332.6,48079.5,32826.38,17573.28,4620.41,2164.94
63332.57,48079.47,32826.35,17573.26,4623.41,2164.29
63357.18,48104.07,32850.96,17597.87,4630.92,2164.2
63374.46,48121.34,32868.24,17615.15,4636.19,2163.93
63434.57,48181.45,32928.340000000004,17675.26,4654.95,2164.07
63519.2,48266.09,33012.97,17759.89,4678.3,2164.24
63564.47,48311.36,33058.24,17805.15,4678.21,2164.15
63587.53,48334.42,33081.31,17828.21,4677.99,2163.93
63621.96,48368.85,33115.74,17862.64,4677.86,2163.8
63645.75,48389.24,33132.73,17876.23,4664.55,2150.49
63657.0,48397.1,33137.19,17877.29,4660.13,2136.94
63643.85,48545.17,33446.49,18347.81,5281.34,2776.88
63666.06,48728.61,33791.15,18853.7,5945.2699999999995,3489.34
63685.36,48909.14,34132.9,19356.68,6609.47,4216.71
63711.66,49096.67,34481.65,19866.65,7280.67,4953.91
63741.55,49126.57,34511.54,19896.54,7310.57,4953.71
63754.49,49300.73,34846.93,20393.15,7968.41,5699.02
63783.93,49491.39,35198.81,20906.26,8642.54,6438.19
63805.8,49516.65,35227.48,20938.32,8674.1,6453.54
63806.090000000004,49520.35,35234.58,20948.82,8688.39,6468.58
63816.590000000004,49534.24,35251.88,20969.51,8712.43,6484.7
63845.38,49566.43,35287.47,21008.5,8752.22,6500.75
63857.0,49578.04,35299.09,21020.11,8760.83,6500.96
63878.08,49599.13,35320.17,21041.2,8776.11,6501.2
63896.15,49617.19,35338.23,21059.26,8787.91,6501.81
63923.04,49644.08,35365.12,21086.15,8809.3,6502.62
63968.3,49689.35,35410.38,21131.41,8832.51,6503.0
64012.54,49733.58,35454.61,21175.65,8842.03,6503.17
64056.06,49777.1,35498.13,21219.17,8849.17,6503.27
64090.62,49811.67,35532.69,21253.74,8849.27,6503.37
64108.62,49829.66,35550.68,21271.73,8848.97,6503.07
64094.7,49815.74,35536.75,21257.81,8848.65,6502.75
64101.21,49822.25,35543.26,21264.32,8848.68,6502.78
64105.74,49823.38,35540.99,21258.65,8835.57,6489.67
64075.16,49789.39,35503.61,21217.86,8809.57,6476.19
64050.93,49765.16,35479.37,21193.63,8789.2,6476.71
64080.08,49794.31,35508.51,21222.78,8810.06,6476.43
64120.83,49835.06,35549.26,21263.53,8841.98,6476.2
64159.49,49873.72,35587.92,21302.19,8874.42,6476.13
64201.06,49915.3,35629.5,21343.76,8910.26,6475.91
64215.73,49929.98,35644.18,21358.43,8922.08,6475.96
64217.92,49932.16,35646.37,21360.61,8924.19,6476.35
64245.4,49959.64,35673.84,21388.09,8945.92,6476.96
64302.15,50016.39,35730.59,21444.84,8992.0,6477.5199999999995
64365.53,50079.77,35793.97,21508.22,9046.1,6478.25
64424.83,50139.07,35853.27,21567.52,9094.73,6479.45
64494.93,50209.16,35923.37,21637.62,9150.41,6480.55
64545.2,50259.43,35973.64,21687.89,9188.55,6481.58
64571.03,50285.26,35999.46,21713.72,9207.91,6482.4
64573.72,50287.96,36002.15,21716.42,9210.02,6482.66
64546.75,50260.99,35975.18,21689.46,9189.07,6482.22
64530.25,50244.49,35958.68,21672.96,9185.32,6481.72
64521.82,50236.05,35950.24,21664.52,9184.91,6481.31
64518.98,50233.22,35947.41,21661.69,9184.72,6481.12
64503.57,50217.81,35931.99,21646.28,9184.78,6481.18
64520.13,50234.37,35948.55,21662.84,9184.93,6481.33
64520.17,50234.41,35948.59,21662.88,9184.82,6481.22
64513.99,50228.24,35942.41,21656.7,9184.89,6481.29
64528.43,50242.69,35956.85,21671.14,9195.68,6481.51
64545.18,50259.45,35973.6,21687.9,9208.91,6481.67
64593.78,50308.06,36022.21,21736.5,9247.04,6481.2699999999995
64647.57,50361.84,36076.0,21790.29,9291.38,6480.68
64724.88,50439.15,36153.31,21867.61,9358.34,6479.61
64795.79,50510.07,36224.22,21938.52,9420.23,6478.78
64872.71,50586.99,36301.14,22015.44,9488.37,6478.12
64931.65,50645.93,36360.08,22074.38,9539.38,6477.7
64974.34,50692.02,36409.56,22127.27,9590.94,6494.3
65009.37,50730.45,36451.38,22172.5,9636.27,6510.73
65062.94,50784.02,36504.95,22226.07,9687.34,6510.92
65109.34,50830.42,36551.35,22272.47,9731.02,6511.43
65147.71,50868.78,36589.71,22310.829999999998,9762.24,6511.94
65179.76,50904.24,36628.57,22353.079999999998,9801.03,6528.14
65193.96,50918.43,36642.77,22367.28,9811.78,6528.99
65215.57,50940.03,36664.38,22388.89,9830.06,6529.91
65242.81,50967.28,36691.62,22416.13,9852.32,6530.94
65285.659999999996,51010.12,36734.47,22458.97,9879.46,6531.65
65322.87,51047.33,36771.68,22496.18,9886.460000000001,6531.75
65332.87,51057.33,36781.69,22506.18,9885.79,6531.08
65321.83,51046.28,36770.64,22495.13,9885.41,6530.7
65342.3,51066.75,36791.11,22515.6,9885.49,6530.78
65375.62,51100.07,36824.43,22548.92,9886.08,6531.37
65367.65,51092.09,36816.46,22540.94,9886.48,6531.7699999999995
65381.13,51105.56,36829.94,22554.42,9895.8,6532.24
65416.38,51140.81,36865.19,22589.67,9917.16,6532.1
65441.06,51165.5,36889.88,22614.36,9936.37,6532.0
65489.22,51213.66,36938.04,22662.53,9976.77,6531.73
65544.13,51268.57,36992.96,22717.44,10026.95,6531.7
65620.48,51344.92,37069.31,22793.79,10097.49,6531.24
65690.41,51414.85,37139.24,22863.72,10161.55,6530.78
65747.94,51472.38,37196.77,22921.24,10213.21,6530.38
65802.79,51527.24,37251.62,22976.1,10258.07,6531.26
65844.99,51569.44,37293.82,23018.3,10292.02,6532.05
65866.0,51590.45,37314.83,23039.32,10310.82,6532.51
65876.24,51604.08,37331.87,23059.75,10333.9,6548.31
65882.4,51610.24,37338.03,23065.91,10336.79,6548.66
65877.13,51604.96,37332.76,23060.63,10331.12,6549.19
65874.06,51601.89,37329.69,23057.57,10327.99,6549.76
65886.59,51614.42,37342.22,23070.09,10337.789999999999,6550.7699999999995
65904.11,51631.94,37359.74,23087.61,10351.61,6551.4
65907.39,51635.22,37363.02,23090.88,10353.06,6551.86
65870.78,51598.61,37326.42,23054.27,10334.35,6551.7699999999995
65793.7,51521.53,37249.35,22977.19,10310.53,6551.13
65741.86,51469.69,37197.51,22926.3,10309.91,6550.51
65710.16,51437.99,37165.8,22894.6,10309.62,6550.22
65665.3,51393.13,37120.94,22849.74,10309.3,6549.9
65643.85,51375.08,37106.29,22838.49,10322.25,6562.85
65660.77,51395.4,37130.0,22865.61,10352.04,6576.9
65686.88,51260.28,36833.66,22408.05,9744.9,5937.03
65675.45,51087.62,36499.78,21912.95,9092.43,5224.62
65653.81,50904.76,36155.7,21407.64,8427.89,4497.49
65643.47,50733.2,35822.91,20913.63,7772.65,3760.2400000000002
65647.21,50736.94,35826.65,20917.37,7776.39,3760.06
65654.93,50583.43,35511.92,20441.41,7139.21,3014.4700000000003
65638.86,50406.14,35173.4,19941.67,6478.25,2275.22
65679.21,50443.09,35206.95,19971.82,6498.75,2260.45
65702.42,50462.9,35223.35,19984.83,6504.67,2245.87
65700.24,50457.32,35214.37,19972.46,6489.65,2230.32
65691.56999999999,50445.24,35198.9,19953.59,6468.49,2214.52
65693.56999999999,50447.25,35200.9,19955.6,6471.19,2214.6
65709.87,50463.54,35217.2,19971.9,6484.25,2214.52
65723.54,50477.22,35230.88,19985.58,6495.67,2214.23
65741.89,50495.57,35249.23,20003.93,6508.43,2213.95
65753.54,50507.22,35260.89,20015.58,6515.89,2213.86
65768.31,50522.0,35275.66,20030.35,6526.56,2213.86
65768.62,50522.31,35275.98,20030.66,6527.04,2214.05
65782.27,50535.96,35289.63,20044.31,6527.31,2214.32
65800.34,50554.04,35307.71,20062.39,6527.8,2214.81
65828.69,50582.38,35336.06,20090.73,6528.26,2215.27
65843.22,50596.909999999996,35350.59,20105.26,6528.66,2215.67
65854.21,50611.31,35368.39,20126.46,6541.71,2228.72
65903.8,50660.909999999996,35417.98,20176.06,6566.91,2227.89
65946.9,50704.01,35461.08,20219.16,6599.87,2227.22
65940.49,50697.6,35454.67,20212.75,6593.9,2227.47
65953.24,50710.35,35467.42,20225.5,6606.65,2227.39
65959.77,50716.89,35473.95,20232.03,6613.18,2227.43
65972.46,50729.57,35486.63,20244.72,6625.86,2227.5
66002.92,50760.03,35517.08,20275.18,6655.81,2227.35
66002.81,50759.92,35516.97,20275.07,6654.14,2227.49
66041.15,50798.25,35555.31,20313.41,6683.49,2227.81
66038.76,50795.85,35552.92,20311.01,6681.1,2228.08
66040.41,50797.51,35554.57,20312.67,6682.75,2228.55
66046.25,50803.35,35560.41,20318.51,6688.59,2228.74
66036.7,50793.8,35550.86,20308.96,6679.87,2228.96
66031.79,50788.89,35545.95,20304.04,6677.18,2229.02
66034.39,50791.49,35548.56,20306.64,6680.55,2229.23
66023.73,50780.83,35537.91,20295.98,6672.2300000000005,2229.34
66061.61,50818.72,35575.79,20333.86,6702.84,2230.23
66109.07,50866.18,35623.26,20381.32,6730.89,2230.87
66148.31,50905.43,35662.5,20420.57,6744.31,2231.58
66168.28,50925.4,35682.47,20440.54,6748.5,2231.8
66190.53,50947.65,35704.72,20462.79,6748.88,2232.18
66166.29,50923.409999999996,35680.49,20438.55,6748.2300000000005,2231.53
66164.75,50918.47,35672.15,20426.81,6735.34,2218.64
66164.49,50918.2,35671.89,20426.54,6735.68,2218.98
66131.74,50885.45,35639.14,20393.79,6710.44,2219.48
66119.34,50873.05,35626.74,20381.39,6699.89,2219.6
66111.56,50865.26,35618.95,20373.61,6692.1,2219.72
66135.34,50889.04,35642.73,20397.39,6715.88,2219.48
66152.17,50905.87,35659.56,20414.22,6732.71,2219.47
66171.11,50924.81,35678.51,20433.16,6751.66,2219.35
66187.25,50940.95,35694.65,20449.3,6767.8,2219.2
66205.32,50959.03,35712.72,20467.37,6785.87,2218.9
66175.57,50925.88,35676.18,20427.42,6744.01,2202.88
66158.47,50908.77,35659.08,20410.31,6726.91,2202.15
66115.18,50868.87,35622.59,20377.22,6697.75,2217.52
66074.34,50831.43,35588.56,20346.58,6673.2,2232.37
66045.29,50805.78,35566.31,20327.74,6662.98,2247.16
66015.22,50772.31,35529.43,20287.47,6625.91,2231.36
65993.24,50750.33,35507.45,20265.48,6610.51,2230.97
65959.76,50716.86,35473.97,20232.0,6584.34,2230.62
65929.86,50686.96,35444.07,20202.1,6562.8,2230.02
65882.93,50640.04,35397.14,20155.18,6535.89,2229.54
65840.36,50597.47,35354.57,20112.62,6528.79,2229.34
65823.5,50580.61,35337.7,20095.76,6529.16,2229.71
65842.35,50599.47,35356.55,20114.62,6529.74,2230.29
65854.0,50607.71,35361.4,20116.06,6517.32,2217.87
65864.81,50615.11,35365.4,20116.67,6504.44,2204.99
65890.84,50637.74,35384.63,20132.51,6491.41,2191.96
65885.08,50628.59,35372.07,20116.55,6475.02,2178.36
65902.93,50646.45,35389.92,20134.4,6490.56,2178.35
65929.66,50834.4,35739.09,20644.8,7158.15,2896.0299999999997
65939.45,50844.19,35748.88,20654.579999999998,7167.94,2896.08
65933.09,50837.83,35742.52,20648.22,7161.58,2896.3
65913.16,50817.9,35722.59,20628.29,7141.65,2896.75
65897.87,50802.6,35707.3,20613.0,7126.35,2897.12
65865.1,50769.84,35674.54,20580.24,7093.59,2897.83
65826.52,50734.65,35642.76,20551.86,7069.7,2912.32
65826.25,50737.78,35649.29,20561.79,7083.02,2927.45
65825.24,50740.18,35655.08,20570.98,7095.61,2942.93
65816.88,50731.83,35646.72,20562.63,7087.26,2942.64
65817.36,50735.71,35654.0,20573.31,7101.22,2957.87
65813.54,50731.89,35650.18,20569.49,7100.2,2957.87
65791.77,50710.13,35628.409999999996,20547.72,7084.48,2957.93
65753.03,50671.39,35589.67,20508.99,7053.46,2957.9
65713.47,50631.83,35550.11,20469.43,7032.15,2957.38
65697.5,50615.86,35534.14,20453.46,7024.72,2956.48
65693.13,50611.49,35529.76,20449.09,7024.21,2955.97
65699.91,50618.27,35536.53,20455.87,7024.72,2956.48
65708.02,50626.38,35544.64,20463.03,7025.51,2957.27
65714.0,50632.36,35550.62,20469.01,7026.1900000000005,2957.95
65730.82,50649.18,35567.43,20485.829999999998,7026.84,2958.6
65735.1,50653.45,35571.71,20490.11,7027.4800000000005,2959.2400000000002
65681.62,50596.57,35511.43,20426.43,6984.44,2945.89
65683.94,50598.9,35513.75,20428.75,6978.6900000000005,2946.1
65683.88,50598.85,35513.69,20428.69,6974.77,2946.31
65727.25,50642.21,35557.05,20472.06,7016.14,2945.84
65750.73,50665.69,35580.54,20495.54,7039.63,2945.8
65758.23,50673.18,35588.04,20503.04,7047.12,2945.91
65765.8,50680.76,35595.61,20510.62,7054.7,2946.03
65753.63,50668.59,35583.44,20498.45,7042.53,2946.53
65696.72,50611.69,35526.53,20441.55,6989.4800000000005,2946.25
65681.23,50596.19,35511.04,20426.05,6972.97,2945.91
65700.4,50618.76,35537.01,20455.42,7004.9800000000005,2961.69
65707.36,50629.13,35550.77,20472.579999999998,7024.42,2977.06
65717.49,50642.65,35567.7,20492.9,7046.07,2992.29
65728.04,50653.21,35578.25,20503.45,7053.54,2992.32
65723.33,50648.5,35573.53,20498.74,7040.72,2992.15
65689.16,50614.33,35539.36,20464.57,7009.76,2992.4
65667.27,50592.44,35517.46,20442.68,6992.51,2992.53
65640.68,50565.84,35490.87,20416.079999999998,6972.83,2992.87
65640.11,50565.26,35490.29,20415.51,6973.4,2993.29
65639.39,50564.54,35489.57,20414.79,6973.86,2993.3
65625.79,50550.93,35475.96,20401.18,6973.86,2993.3
65637.24,50562.39,35487.41,20412.64,6974.03,2993.47
65660.31,50585.45,35510.48,20435.7,6974.17,2993.61
65711.79,50633.52,35555.15,20476.97,6988.67,2979.73
65711.02,50632.74,35554.38,20476.19,6989.15,2979.84
65708.42,50630.14,35551.78,20473.59,6987.81,2979.79
65716.88,50638.6,35560.24,20482.05,6995.35,2979.37
65698.41,50620.12,35541.77,20463.579999999998,6976.88,2979.28
65687.14,50608.85,35530.51,20452.31,6965.62,2979.15
65671.83,50593.55,35515.2,20437.0,6950.31,2979.07
65667.03,50588.75,35510.4,20432.2,6945.51,2979.06
65699.84,50621.56,35543.21,20465.02,6977.31,2978.43
65697.03,50618.75,35540.4,20462.21,6975.24,2978.24
65670.73,50592.46,35514.1,20435.92,6952.8,2977.21
65638.18,50559.9,35481.55,20403.36,6922.1,2975.85
65609.36,50531.07,35452.73,20374.54,6895.39,2974.41
65586.49,50508.21,35429.86,20351.67,6875.34,2972.97
65571.64,50493.37,35415.01,20336.829999999998,6861.47,2971.84
65573.75,50495.48,35417.11,20338.94,6860.81,2970.9
65593.16,50514.89,35436.51,20358.35,6874.71,2970.32
65584.85,50506.58,35428.2,20350.04,6866.19,2969.7
65568.15,50489.87,35411.49,20333.34,6851.92,2969.0099999999998
65558.69,50480.4,35402.03,20323.88,6843.67,2968.42
65551.49,50473.2,35394.82,20316.68,6839.400000000001,2968.12
65531.59,50453.29,35374.92,20296.77,6839.01,2967.73
65566.19,50487.89,35409.51,20331.37,6839.63,2968.35
65646.64,50571.74,35496.76,20422.02,6883.62,2981.77
65724.17,50649.27,35574.29,20499.55,6932.400000000001,2980.39
65785.89,50710.98,35636.01,20561.27,6979.47,2979.09
65839.86,50764.95,35689.99,20615.239999999998,7022.88,2977.82
65865.91,50791.01,35716.04,20641.29,7048.93,2977.07
65866.03,50791.14,35716.17,20641.41,7049.06,2976.84
65843.65,50768.76,35693.79,20619.03,7026.68,2976.88
65806.28,50731.38,35656.41,20581.66,6989.3,2977.0499999999997
65760.19,50685.28,35610.32,20535.56,6943.2,2977.2599999999998
65733.68,50658.76,35583.81,20509.04,6916.6900000000005,2977.2
65738.27,50663.35,35588.39,20513.63,6921.2,2976.7599999999998
65741.51,50663.2,35584.83,20506.68,6910.84,2960.92
65747.6,50665.89,35584.12,20502.56,6902.79,2944.96
65754.36,50669.25,35584.07,20499.12,6894.64,2929.5699999999997
65771.13,50682.62,35594.04,20505.68,6894.12,2914.29
65792.03,50703.51,35614.94,20526.579999999998,6909.66,2914.12
65824.02,50735.5,35646.93,20558.579999999998,6934.06,2914.0299999999997
65860.96,50772.44,35683.88,20595.52,6963.31,2913.92
65878.68,50790.15,35701.6,20613.23,6976.64,2914.14
65916.79,50828.25,35739.71,20651.34,6998.71,2914.2799999999997
65969.35,50880.81,35792.27,20703.89,7016.32,2914.47
66031.66,50943.12,35854.59,20766.2,7031.79,2914.62
66070.28,50981.74,35893.21,20804.82,7032.92,2914.52
66085.52,51000.38,35915.25,20830.26,7045.97,2927.57
66119.2,51037.47,35955.74,20874.14,7062.7,2941.08
66166.17,51245.67,36325.16,21404.78,7720.07,3598.45
66221.87,51462.59,36703.31,21944.15,8401.09,4285.53
66285.83,51687.77,37089.72,22491.78,9100.11,5021.6
66316.31,51718.25,37120.2,22522.26,9130.59,5052.08
66335.69,51898.86,37462.03,23025.32,9794.87,5802.3
66353.08,52077.47,37801.86,23526.38,10457.15,6557.27
66369.79,52255.4,38141.02,24026.76,11118.76,7314.32
66390.54,52437.38,38484.22,24531.18,11784.41,8074.0
66442.23,52650.29,38858.35,25066.54,12480.99,8836.05
66502.51,52710.58,38918.64,25126.82,12540.19,8837.59
66542.21,52750.28,38958.34,25166.52,12579.9,8838.86
66561.2,52769.27,38977.34,25185.51,12598.9,8839.35
66583.01,52791.07,38999.15,25207.32,12620.7,8839.95
66607.24,52815.3,39023.38,25231.55,12644.93,8840.57
66622.74,52830.8,39038.88,25247.06,12654.52,8840.76
66659.67,52867.73,39075.81,25283.989999999998,12678.33,8841.08
66711.76,52919.82,39127.9,25336.07,12715.789999999999,8841.619999999999
66751.14,52959.2,39167.28,25375.44,12733.39,8842.51
66789.03,52997.1,39205.17,25413.34,12755.78,8843.53
66827.23,53035.29,39243.37,25451.54,12768.97,8844.58
66893.29,53101.35,39309.43,25517.6,12785.039999999999,8845.2
66946.27,53154.34,39362.41,25570.59,12785.4,8845.56
66991.7,53199.76,39407.84,25616.02,12785.61,8845.77
67049.25,53257.3,39465.39,25673.56,12790.95,8846.07
67114.48,53322.54,39530.63,25738.79,12813.46,8846.44
67215.46,53426.91,39638.409999999996,25849.96,12890.48,8860.15
67291.29,53502.74,39714.24,25925.79,12962.73,8858.86
67329.32,53540.77,39752.27,25963.82,13000.76,8858.16
67313.28,53524.73,39736.23,25947.77,12984.72,8858.2
67294.78,53506.23,39717.72,25929.27,12966.21,8858.22
67263.31,53474.76,39686.25,25897.79,12934.74,8858.31
67210.41,53421.85,39633.35,25844.88,12881.83,8858.49
67216.6,53428.04,39639.55,25851.07,12888.02,8857.76
67279.42,53490.85,39702.37,25913.88,12946.98,8857.68
67308.19,53519.63,39731.15,25942.66,12975.76,8857.72
67300.12,53508.17,39716.29,25924.39,12954.1,8841.869999999999
67311.56,53516.21,39720.93,25925.63,12951.95,8826.699999999999
67321.6,53522.85,39724.17,25925.47,12948.39,8811.67
67323.91,53525.15,39726.48,25927.77,12950.7,8811.98
67349.59,53550.83,39752.159999999996,25953.45,12974.82,8812.47
67394.74,53595.97,39797.31,25998.59,13010.4,8812.88
67431.27,53632.5,39833.84,26035.12,13036.22,8813.49
67457.75,53658.99,39860.32,26061.61,13052.36,8813.94
67435.44,53636.68,39838.01,26039.29,13045.1,8814.16
67423.71,53624.95,39826.28,26027.56,13045.039999999999,8814.55
67424.83,53626.08,39827.4,26028.69,13045.22,8814.73
67402.17,53606.82,39811.54,26016.23,13057.82,8827.33
67392.42,53597.08,39801.8,26006.489999999998,13057.8,8827.31
67377.25,53585.32,39793.43,26001.53,13054.39,8841.34
67385.17,53593.25,39801.35,26009.46,13055.25,8841.11
67406.69,53614.77,39822.87,26030.98,13066.58,8840.77
67408.22,53616.29,39824.4,26032.51,13067.24,8840.82
67412.26,53620.34,39828.44,26036.55,13071.289999999999,8840.87
67410.96,53619.03,39827.13,26035.25,13069.98,8840.85
67407.2,53615.26,39823.37,26031.489999999998,13066.22,8840.869999999999
67394.33,53602.38,39810.5,26018.61,13053.35,8840.85
67387.51,53595.57,39803.69,26011.79,13046.539999999999,8840.8
67382.57,53590.64,39798.75,26006.85,13040.66,8840.53
67375.13,53583.2,39791.31,25999.41,13030.16,8840.99
67380.81,53588.88,39796.99,26005.1,13033.99,8841.81
67392.49,53600.57,39808.67,26016.78,13043.57,8842.7
67413.29,53621.37,39829.48,26037.579999999998,13060.73,8843.86
67429.57,53637.65,39845.77,26053.86,13072.039999999999,8844.98
67424.63,53632.71,39840.83,26048.92,13065.89,8845.83
67418.71,53626.79,39834.909999999996,26043.0,13059.08,8846.74
67419.5,53627.58,39835.7,26043.79,13058.369999999999,8847.46
67426.37,53634.45,39842.57,26050.65,13061.7,8848.05
67430.09,53638.18,39846.29,26054.37,13062.09,8848.78
67418.94,53627.03,39835.14,26043.22,13062.46,8849.15
67406.0,53614.09,39822.2,26030.28,13062.619999999999,8849.31
67349.96,53558.05,39766.16,25974.239999999998,13062.08,8848.77
67244.91,53453.0,39661.12,25869.19,13030.87,8848.13
67176.17,53387.659999999996,39599.18,25810.65,12995.41,8862.83
67154.5,53365.99,39577.51,25788.97,12974.18,8863.36
67138.66,53350.14,39561.66,25773.12,12957.21,8864.01
67129.91,53341.38,39552.91,25764.37,12948.46,8864.35
67107.42,53318.88,39530.41,25741.87,12925.96,8864.58
67094.93,53306.4,39517.92,25729.38,12913.47,8864.67
67103.28,53314.75,39526.27,25737.73,12921.82,8864.63
67124.87,53336.34,39547.86,25759.33,12943.41,8864.5
67138.07,53349.55,39561.06,25772.54,12956.619999999999,8864.62
67137.28,53348.75,39560.27,25771.74,12954.41,8864.8
67128.63,53340.1,39551.62,25763.09,12945.76,8865.13
67130.04,53341.51,39553.03,25764.5,12947.17,8865.56
67134.82,53346.28,39557.81,25769.27,12950.57,8865.59
67136.71,53348.18,39559.7,25771.17,12950.84,8865.68
67149.35,53360.82,39572.34,25783.81,12959.98,8866.05
67140.71,53352.18,39563.7,25775.16,12947.22,8866.28
67140.86,53352.32,39563.84,25775.3,12940.63,8866.35
67161.28,53372.74,39584.26,25795.72,12948.41,8866.45
67167.09,53378.56,39590.08,25801.53,12948.22,8866.289999999999
67165.09,53376.56,39588.08,25799.54,12941.36,8866.21
67114.56,53326.03,39537.54,25749.01,12925.539999999999,8865.71
67073.86,53285.33,39496.84,25708.31,12923.89,8865.289999999999
67066.32,53277.8,39489.3,25700.78,12923.73,8865.13
67047.07,53258.55,39470.04,25681.53,12920.01,8864.63
67013.01,53063.27,39113.54,25163.8,12262.46,8207.08
66998.82,52887.86,38776.91,24665.94,11608.73,7519.25
66958.09,52685.91,38413.73,24141.54,10923.11,6782.83
66941.4,52669.22,38397.04,24124.85,10906.42,6766.139999999999
66935.52,52502.12,38068.72,23635.3,10255.65,6015.73
66935.95,52341.33,37746.7,23152.06,9611.19,5260.5
66937.09,52181.24,37425.39,22669.52,8967.43,4503.17
66946.04,52190.19,37434.34,22678.47,8976.38,4512.12
66948.16,52192.31,37436.46,22680.59,8978.5,4514.24
66925.98,52170.13,37414.27,22658.41,8956.31,4513.71
66907.4,52151.55,37395.69,22639.83,8937.73,4513.0199999999995
66904.79,52148.93,37393.07,22637.21,8935.11,4512.7699999999995
66908.94,52153.09,37397.22,22641.36,8939.26,4512.65
66919.37,52163.52,37407.66,22651.79,8949.69,4512.68
66931.77,52179.32,37426.86,22674.38,8975.69,4527.89
66945.77,52193.32,37440.87,22688.38,8986.55,4527.43
66933.41,52180.96,37428.51,22676.03,8972.91,4526.63
66942.24,52189.8,37437.34,22684.87,8976.18,4526.21
66935.03,52182.58,37430.13,22677.66,8966.82,4525.8
66914.52,52162.08,37409.63,22657.15,8953.91,4525.03
66891.09,52138.65,37386.2,22633.72,8937.91,4524.48
66861.58,52109.14,37356.69,22604.21,8937.49,4524.06
66823.16,52070.73,37318.27,22565.79,8936.76,4523.33
66788.7,52032.88,37277.01,22521.14,8917.97,4509.58
66770.68000000001,52011.46,37252.18,22492.920000000002,8887.24,4495.15
66745.76,51983.15,37220.46,22457.81,8848.72,4480.12
66750.68000000001,51988.07,37225.38,22462.73,8853.65,4480.0199999999995
66766.9,52004.29,37241.6,22478.95,8869.88,4479.84
66793.28,52030.68,37267.99,22505.34,8896.27,4479.61
66821.88,52059.28,37296.59,22533.94,8924.87,4479.349999999999
66863.62,52101.03,37338.33,22575.69,8966.61,4479.06
66930.71,52168.12,37405.42,22642.79,9033.7,4478.599999999999
66993.1,52230.51,37467.8,22705.18,9096.08,4478.22
66991.43000000001,52232.25,37472.94,22713.72,9108.02,4494.39
67008.32,52252.53,37496.62,22740.8,9138.5,4510.66
67019.19,52266.79,37514.28,22761.86,9162.96,4526.44
67006.34,52257.34,37508.23,22759.21,9163.71,4541.78
66994.12,52248.53,37502.81,22757.2,9165.09,4556.88
66982.69,52240.5,37498.18,22755.98,9167.26,4571.8099999999995
66957.18,52214.979999999996,37472.67,22730.46,9144.03,4571.44
66946.82,52204.62,37462.31,22720.1,9131.96,4570.86
66939.06,52196.86,37454.56,22712.34,9121.97,4570.13
66924.48,52182.27,37439.98,22697.76,9106.65,4569.32
66955.41,52213.2,37470.91,22728.69,9111.68,4569.01
66962.91,52220.7,37478.41,22736.19,9111.34,4568.67
66964.62,52222.409999999996,37480.13,22737.9,9111.14,4568.47
66956.81,52211.19,37465.52,22719.89,9098.14,4555.47
66933.94,52188.31,37442.64,22697.02,9097.68,4555.01
66920.77,52175.14,37429.47,22683.85,9086.67,4554.94
66924.7,52182.47,37440.2,22697.98,9099.53,4569.47
66942.34,52203.5,37464.64,22725.82,9130.77,4584.72
66970.12,52234.68,37499.22,22763.8,9172.15,4600.66
66996.47,52264.43,37532.37,22800.35,9212.09,4616.82
67023.45,52294.82,37566.16,22837.53,9252.68,4633.099999999999
67047.62,52322.39,37597.13,22871.89,9290.45,4649.4
67079.47,52357.65,37635.78,22913.95,9335.9,4665.83
67108.02,52389.59,37671.12,22952.69,9378.039999999999,4682.26
67126.54,52408.11,37689.65,22971.21,9396.57,4682.89
67180.15,52461.71,37743.26,23024.81,9449.38,4683.73
67210.37,52491.94,37773.48,23055.03,9479.6,4684.37
67247.43,52532.4,37817.34,23102.29,9530.25,4700.86
67277.63,52562.59,37847.53,23132.48,9560.44,4701.16
67291.69,52576.65,37861.58,23146.54,9574.7,4701.28
67294.17,52579.12,37864.06,23149.02,9580.16,4701.22
67282.83,52567.77,37852.72,23137.67,9574.22,4701.0
67253.52,52538.46,37823.42,23108.36,9552.76,4700.59
67259.55,52544.5,37829.45,23114.4,9554.93,4700.41
67289.55,52574.5,37859.45,23144.4,9577.56,4700.38
67326.56,52611.5,37896.46,23181.4,9593.05,4700.59
67357.03,52641.97,37926.93,23211.87,9593.42,4700.96
67419.07,52707.409999999996,37995.78,23284.11,9607.4,4714.94
67499.57,52945.729999999996,38391.92,23838.08,10232.0,5339.54
67529.54,52972.31,38415.09,23857.86,10236.74,5325.79
67564.09,53006.87,38449.64,23892.42,10270.0,5325.34
67613.06,53055.84,38498.61,23941.39,10318.97,5324.54
67628.33,53071.12,38513.88,23956.66,10334.25,5324.36
67643.05,53085.84,38528.6,23971.39,10348.97,5324.37
67663.06,53105.84,38548.61,23991.39,10368.98,5324.22
67671.71,53114.49,38557.26,24000.04,10377.63,5324.099999999999
67685.66,53128.45,38571.21,24013.99,10391.58,5324.0199999999995
67704.23,53147.02,38589.78,24032.56,10410.15,5323.849999999999
67734.27,53177.07,38619.82,24062.61,10440.19,5324.31
67785.39,53231.59,38677.74,24123.93,10504.92,5341.07
67816.02,53265.63,38715.17,24164.77,10549.16,5357.51
67849.06,53302.08,38755.01,24208.02,10595.8,5374.07
67872.46,53325.47,38778.41,24231.42,10619.19,5374.53
67888.23,53341.25,38794.18,24247.19,10634.97,5374.49
67917.11,53370.13,38823.06,24276.07,10663.85,5374.69
67947.13,53400.15,38853.08,24306.1,10693.59,5374.71
67962.09,53415.11,38868.04,24321.07,10713.48,5374.58
67990.43,53446.85,38903.18,24359.61,10753.75,5389.86
68019.87,53479.7,38939.42,24399.25,10794.49,5404.8
68081.25,53544.47,39007.6,24470.82,10829.81,5419.69
68098.1,53564.71,39031.25,24497.86,10843.66,5433.54
68132.97,53602.979999999996,39072.92,24542.93,10859.25,5447.66
68171.76,53645.17,39118.51,24591.920000000002,10893.99,5462.54
68224.09,53700.89,39177.63,24654.45,10949.08,5476.44
68245.97,53722.76,39199.5,24676.32,10971.27,5476.15
68295.39,53772.18,39248.93,24725.74,11020.69,5475.29
68316.52,53793.31,39270.06,24746.87,11041.82,5496.42
68319.71,53796.49,39273.24,24750.05,11045.0,5496.28
68319.73,53796.5,39273.26,24750.06,11045.01,5496.1
68323.3,53800.08,39276.83,24753.64,11048.58,5495.82
68318.81,53634.37,38949.9,24265.48,10399.2,4726.61
68320.95,53475.28,38629.59,23783.95,9756.44,3961.36
68364.04,53518.36,38672.68,23827.03,9799.53,3962.66
68375.88,53526.79,38677.72,23828.66,9797.76,3946.86
68374.43,53521.94,38669.47,23817.02,9782.71,3931.0
68370.38,53514.48,38658.62,23802.77,9765.06,3915.15
68356.48,53497.18,38637.92,23778.670000000002,9737.56,3899.4
68357.55,53498.25,38638.99,23779.74,9738.63,3899.86
68350.35,53491.05,38631.78,23772.54,9737.3,3900.38
68368.09,53508.8,38649.52,23790.28,9757.75,3900.98
68366.89,53507.59,38648.32,23789.07,9764.05,3901.31
68367.86,53508.56,38649.29,23790.04,9770.73,3901.35
68402.0,53542.7,38683.43,23824.18,9796.65,3901.49
68420.96,53561.65,38702.39,23843.13,9810.8,3901.2400000000002
68429.49,53570.18,38710.92,23851.66,9810.210000000001,3900.65
68461.59,53602.27,38743.02,23883.75,9810.19,3900.63
68503.27,53643.94,38784.7,23925.42,9822.63,3899.93
68495.83,53639.9,38784.06,23928.18,9835.43,3913.08
68449.4,53593.47,38737.63,23881.75,9804.89,3912.91
68375.3,53519.36,38663.53,23807.65,9738.68,3913.5
68356.26,53500.32,38644.5,23788.61,9719.64,3913.44
68342.8,53486.85,38631.03,23775.15,9706.17,3913.46
68341.96,53486.01,38630.19,23774.31,9705.33,3913.43
68336.21,53480.25,38624.44,23768.55,9699.58,3913.45
68317.0,53461.05,38605.24,23749.34,9680.38,3913.63
68293.27,53437.32,38581.51,23725.61,9656.66,3913.83
68283.56,53427.61,38571.79,23715.9,9646.95,3913.75
68252.97,53393.63,38534.4,23675.12,9602.76,3897.4900000000002
68248.67,53385.93,38523.3,23660.62,9584.86,3881.6
68254.4,53388.25,38522.23,23656.15,9576.98,3866.32
68258.79,53389.23,38519.82,23650.329999999998,9567.77,3851.12
68235.37,53365.82,38496.4,23626.91,9549.95,3850.4900000000002
68226.95,53360.8,38494.78,23628.7,9563.12,3864.77
68217.2,53354.46,38491.840000000004,23629.16,9576.66,3879.11
68213.2,53353.86,38494.64,23635.36,9593.51,3893.58
68223.73,53367.79,38511.97,23656.09,9621.69,3908.03
68225.49,53372.95,38520.53,23668.05,9643.66,3922.07
68198.97,53349.83,38500.82,23651.73,9656.82,3935.23
68197.14,53351.4,38505.79,23660.1,9670.05,3948.46
68218.57,53372.84,38527.22,23681.53,9670.44,3948.85
68222.98,53377.25,38531.63,23685.93,9670.69,3949.1
68215.89,53370.159999999996,38524.54,23678.84,9670.77,3949.1800000000003
68198.6,53349.46,38500.45,23651.35,9652.78,3935.09
68192.97,53340.43,38488.02,23635.51,9636.59,3919.9
68159.11,53303.18,38447.36,23591.45,9591.09,3904.34
68144.29,53284.95,38425.74,23566.43,9562.67,3888.28
68136.55,53273.8,38411.19,23548.48,9541.32,3872.05
68143.59,53277.45,38411.44,23545.33,9534.77,3855.62
68143.83,53274.29,38404.88,23535.37,9521.41,3839.0499999999997
68145.08,53272.15,38399.34,23526.43,9509.07,3822.48
68163.9,53290.97,38418.15,23545.25,9527.89,3822.58
68180.81,53307.88,38435.06,23562.16,9544.8,3822.44
68183.69,53310.75,38437.94,23565.04,9547.68,3822.67
68178.23,53301.89,38425.68,23549.38,9528.62,3806.84
68161.84,53285.5,38409.29,23532.99,9514.23,3806.93
68192.23,53315.89,38439.68,23563.38,9544.41,3807.03
68204.8,53328.47,38452.25,23575.95,9558.08,3807.4
68245.12,53368.79,38492.57,23616.27,9593.2,3807.79
68292.51,53416.18,38539.95,23663.66,9634.39,3808.46
68296.14,53419.81,38543.58,23667.29,9644.86,3809.08
68278.54,53402.2,38525.98,23649.68,9636.75,3809.3
68231.17,53354.83,38478.61,23602.32,9621.75,3809.58
68200.8,53324.46,38448.24,23571.95,9621.56,3809.39
68165.81,53286.07,38406.44,23526.76,9608.34,3796.17
68127.88,53090.31,38052.86,23015.35,8984.46,3172.29
68122.88,53088.71,38054.66,23020.55,8997.26,3186.64
68098.44,53067.67,38037.02,23006.31,8993.13,3201.7799999999997
68047.07,53016.31,37985.65,22954.95,8948.15,3202.67
68004.26,53134.72,38265.29,23395.81,9550.23,3901.81
68016.45,53308.14,38599.93,23891.67,10207.32,4655.93
68030.11,53483.03,38936.04,24389.01,10865.88,5417.25
68052.2,53666.35,39280.58,24894.77,11532.87,6184.59
68059.31,53834.68,39610.14,25385.55,12184.88,6950.53
68050.01,53986.6,39923.29,25859.92,12820.47,7705.06
68030.78,53970.77,39910.87,25850.89,12814.85,7720.22
67989.92,53929.9,39870.01,25810.02,12773.98,7719.2
67976.91,53916.88,39857.0,25797.0,12760.96,7718.9
67946.14,53886.11,39826.23,25766.23,12730.19,7718.35
67928.95,53872.33,39815.84,25759.24,12728.46,7734.14
67915.01,53861.78,39808.7,25755.49,12732.49,7750.11
67880.18,53830.36,39780.68,25730.87,12724.23,7765.16
67830.8,53784.39,39738.1,25691.69,12705.7,7779.98
67792.57,53746.17,39699.88,25653.46,12682.32,7780.25
67746.85,53697.05,39647.35,25597.54,12638.32,7765.34
67717.39,53664.19,39611.090000000004,25557.88,12607.67,7750.71
67691.99,53635.39,39578.89,25522.28,12579.630000000001,7736.44
67693.7,53633.71,39573.8,25513.8,12566.58,7723.39
67682.99,53619.59,39556.29,25492.88,12551.11,7709.39
67664.79,53594.58,39524.49,25454.27,12514.75,7680.69
67629.4,53555.8,39482.3,25408.68,12473.33,7666.29
67608.86,53535.26,39461.76,25388.14,12455.75,7666.44
67573.05,53499.45,39425.95,25352.33,12419.94,7667.06
67546.69,53311.86,39077.14,24842.3,11748.68,6914.46
67549.09,53475.49,39401.99,25328.38,12395.98,7664.72
67548.86,53636.49,39724.21,25811.83,13040.65,8420.35
67551.63,53800.48,40049.43,26298.27,13688.32,9185.44
67551.79,53800.63,40049.58,26298.43,13688.47,9185.62
67553.14,53801.99,40050.94,26299.78,13689.83,9185.74
67520.41,53765.87,40011.41,26256.86,13643.5,9168.97
67506.87,53752.33,39997.87,26243.32,13629.960000000001,9168.84
67499.09,53744.56,39990.1,26235.54,13622.19,9168.73
67499.75,53745.22,39990.76,26236.19,13622.85,9168.68
67510.99,53759.86,40008.79,26257.63,13647.69,9184.380000000001
67494.08,53739.55,39985.08,26230.53,13619.32,9168.82
67485.09,53730.56,39976.09,26221.54,13613.77,9168.53
67470.77,53716.23,39961.77,26207.21,13609.78,9168.31
67468.77,53714.23,39959.77,26205.21,13615.5,9168.08
67477.45,53722.92,39968.45,26213.89,13629.87,9168.24
67460.44,53705.909999999996,39951.43,26196.88,13620.68,9168.28
67423.04,53668.52,39914.03,26159.49,13606.47,9168.47
67421.51,53666.99,39912.5,26157.96,13606.98,9168.98
67418.59,53664.08,39909.58,26155.05,13607.31,9169.31
67382.55,53631.45,39880.34,26129.22,13608.26,9183.4
67385.02,53633.92,39882.82,26131.69,13610.65,9184.34
67452.85,53705.14,39957.45,26209.71,13678.91,9199.45
67517.02,53769.32,40021.62,26273.88,13735.19,9199.09
67532.22,53784.52,40036.81,26289.08,13750.38,9199.23
67548.42,53800.73,40053.01,26305.28,13766.59,9199.15
67561.44,53813.75,40066.03,26318.3,13779.61,9199.09
67574.41,53987.95,40401.45,26814.95,14437.48,9971.99
67592.79,54006.33,40419.83,26833.33,14455.86,9971.88
67611.0,54185.76,40760.49,27335.21,15118.96,10746.36
67622.69,54197.45,40772.18,27346.9,15130.64,10746.47
67626.77,54204.92,40783.06,27361.170000000002,15148.32,10761.99
67626.21,54207.77,40789.3,27370.82,15161.37,10778.04
67627.73,54212.7,40797.63,27382.54,15176.5,10793.8
67626.54,54214.92,40803.25,27391.56,15188.92,10809.39
67662.0,54250.37,40838.71,27427.02,15220.16,10810.74
67682.96,54267.94,40852.87,27437.78,15227.78,10796.98
67690.53,54272.1,40853.63,27435.15,15225.21,10782.97
67691.16,54269.33,40847.45,27425.58,15217.789999999999,10769.06
67724.35,54299.12,40873.84,27448.57,15236.39,10755.45
67747.55,54318.92,40890.24,27461.57,15245.42,10741.8
67779.09,54347.06,40914.97,27482.91,15235.82,10728.93
67778.29,54342.85,40907.36,27471.9,15222.78,10715.89
67769.65,54337.61,40905.53,27473.46,15235.8,10728.91
67789.14,54360.51,40931.82,27503.16,15249.52,10742.63
67806.31,54381.07,40955.79,27530.52,15275.71,10756.94
67848.84,54427.01,41005.13,27583.25,15319.84,10771.43
67817.34,54395.51,40973.63,27551.75,15292.23,10771.26
67821.46,54399.63,40977.76,27555.87,15294.4,10770.48
67805.17,54383.35,40961.47,27539.58,15278.11,10769.99
67782.16,54360.34,40938.46,27516.58,15255.1,10769.63
67746.27,54324.45,40902.56,27480.69,15219.2,10769.56
67711.02,54289.2,40867.31,27445.44,15183.96,10769.55
67678.75,54256.93,40835.03,27413.17,15151.69,10769.65
67645.25,54223.42,40801.53,27379.66,15118.18,10768.91
67614.46,54192.64,40770.74,27348.88,15087.4,10768.51
67596.02,54174.21,40752.3,27330.44,15068.96,10768.02
67576.02,54154.2,40732.3,27310.44,15048.96,10767.71
67574.45,54152.63,40730.73,27308.87,15045.39,10767.54
67548.87,54127.04,40705.15,27283.28,15019.81,10767.54
67566.66,54144.83,40722.94,27301.07,15029.66,10767.57
67568.01,54146.19,40724.29,27302.43,15030.09,10767.89
67572.21,54150.39,40728.5,27306.63,15034.51,10768.02
67582.89,54161.07,40739.18,27317.31,15044.51,10767.94
67610.23,54188.42,40766.52,27344.66,15070.45,10767.93
67658.61,54236.81,40814.9,27393.04,15094.4,10767.57
67690.17,54268.37,40846.46,27424.6,15094.38,10767.55
67713.9,54292.1,40870.19,27448.33,15094.22,10767.39
67724.81,54303.02,40881.1,27459.25,15093.539999999999,10766.71
67717.77,54295.98,40874.06,27452.21,15083.41,10765.73
67695.13,54269.93,40844.62,27419.36,15041.95,10750.86
67687.84,54262.63,40837.33,27412.07,15028.27,10750.35
67687.75,54101.31,40514.79,26928.31,14383.28,10051.34
67626.1,53878.44,40130.69,26382.99,13676.73,9297.33
67555.66,53646.78,39737.8,25828.88,12961.4,8536.23
67486.84,53416.73,39346.53,25276.39,12247.68,7769.0199999999995
67426.29,53194.95,38963.53,24732.17,11542.23,7003.13
67379.73,52987.16,38594.52,24201.94,10850.77,6248.59
67370.37,52974.4,38578.35,24182.38,10827.8,6232.16
67355.31,52955.95,38556.49,24157.13,10799.15,6215.39
67309.37,52906.62,38503.75,24101.0,10739.96,6198.48
67273.55,52867.39,38461.13,24054.97,10693.22,6181.94
67243.51,52833.95,38424.29,24014.73,10649.07,6165.5199999999995
67221.45,52808.5,38395.43,23982.48,10614.53,6149.38
67233.13,52816.78,38400.3,23983.96,10605.07,6134.45
67252.84,52833.08,38413.21,23993.46,10604.11,6119.94
67278.09,52858.33,38438.45,24018.71,10622.539999999999,6120.11
67307.93,52888.16,38468.29,24048.54,10644.73,6120.41
67327.09,52907.31,38487.45,24067.7,10660.09,6120.65
67331.1,52911.32,38491.46,24071.71,10665.42,6120.87
67342.39,52922.61,38502.75,24083.0,10665.45,6120.9
67320.04,52900.27,38480.4,24060.66,10665.24,6120.69
67292.84,52876.48,38460.0,24043.67,10666.9,6134.55
67271.04,52858.07,38445.0,24032.07,10666.55,6148.37
67258.09,52848.53,38438.85,24029.329999999998,10667.26,6162.7
67246.04,52836.48,38426.79,24017.28,10655.2,6162.4
67253.1,52843.55,38433.86,24024.34,10662.27,6161.66
67222.85,52652.08,38081.159999999996,23510.42,9987.119999999999,5411.14
67194.15,52462.16,37730.01,22998.05,9313.52,4655.43
67170.06,52276.84,37383.47,22490.28,8644.53,3890.45
67130.47,52237.26,37343.88,22450.69,8604.95,3890.3799999999997
67065.48,52172.27,37278.88,22385.7,8539.96,3890.87
67029.76,52136.55,37243.159999999996,22349.98,8504.24,3890.17
66997.61,52104.41,37211.01,22317.84,8472.09,3890.1
66997.16,52103.96,37210.55,22317.39,8471.64,3890.3999999999996
66980.18,52086.99,37193.57,22300.42,8454.67,3890.61
66953.9,52057.3,37160.49,22263.93,8414.78,3874.8799999999997
66961.73,52068.54,37175.13,22281.96,8434.08,3890.14
66952.57,52062.78,37172.77,22283.0,8438.78,3904.77
66950.3,52060.52,37170.51,22280.739999999998,8431.95,3905.0499999999997
66963.15,52073.38,37183.36,22293.6,8437.2,3905.5
66973.94,52084.16,37194.15,22304.38,8442.119999999999,3905.98
66990.03,52100.25,37210.25,22320.47,8454.69,3906.54
66997.07,52110.68,37224.09,22337.7,8468.55,3920.3999999999996
66998.3,52115.3,37232.12,22349.12,8481.94,3933.79
66999.33,52119.73,37239.95,22360.35,8495.6,3947.45
66993.76,52117.56,37241.18,22364.98,8508.96,3960.81
66973.84,52097.64,37221.25,22345.06,8502.05,3960.8399999999997
66917.9,52041.71,37165.32,22289.13,8455.39,3960.46
66878.4,52002.21,37125.83,22249.63,8415.9,3960.7599999999998
66840.06999999999,51963.88,37087.5,22211.3,8377.58,3961.1
66795.56999999999,51919.37,37043.0,22166.79,8333.07,3961.61
66776.41,51900.21,37023.84,22147.63,8313.92,3961.5299999999997
66753.73,51716.3,36678.71,21641.28,7646.34,3188.43
66737.82,51700.38,36662.79,21625.36,7630.42,3188.31
66693.47,51494.81,36295.99,21097.34,6941.17,2414.13
66666.38,51464.32,36262.1,21060.05,6900.48,2397.94
66657.3,51451.85,36246.23,21040.78,6877.8099999999995,2382.52
66645.46,51436.61,36227.59,21018.74,6852.36,2366.83
66632.05,51419.79,36207.37,20995.13,6825.34,2350.95
66620.36,51404.69,36188.87,20973.24,6800.04,2335.28
66603.91,51384.85,36165.62,20946.59,6768.61,2319.48
66613.78,51394.71,36175.49,20956.45,6771.37,2319.31
66628.18,51409.12,36189.89,20970.85,6781.14,2319.49
66628.06999999999,51409.0,36189.78,20970.73,6783.09,2319.52
66590.84,51371.78,36152.55,20933.5,6755.7699999999995,2319.32
66541.15,51322.09,36102.86,20883.81,6720.0199999999995,2318.78
66529.65,51310.59,36091.36,20872.31,6716.6,2318.63
66515.22,51296.17,36076.94,20858.95,6716.51,2318.54
66512.09,51289.63,36067.0,20845.61,6703.39,2305.42
66486.0,51260.13,36034.11,20809.32,6689.74,2291.77
66459.28,51230.01,36000.59,20772.4,6663.22,2277.13
66396.31999999999,51167.04,35937.62,20709.43,6610.35,2275.82
66387.27,51158.0,35928.57,20700.39,6599.9,2275.8
66333.11,51103.83,35874.4,20646.22,6551.19,2276.6
66301.08,51071.79,35842.37,20614.19,6519.16,2277.14
66293.6,51064.32,35834.89,20606.71,6511.68,2277.29
66315.46,51086.18,35856.75,20628.57,6533.54,2277.32
66342.63,51113.35,35883.93,20655.74,6560.71,2277.32
66346.94,51117.65,35888.24,20660.04,6565.01,2277.68
66337.98,51108.7,35879.28,20651.09,6556.05,2277.69
66309.45,51080.17,35850.76,20622.56,6527.5199999999995,2277.17
66297.4,51068.12,35838.71,20610.51,6515.47,2276.39
66275.71,51046.43,35817.02,20588.82,6493.78,2275.45
66237.3,51008.03,35778.61,20550.42,6459.83,2275.0099999999998
66210.92,50981.65,35752.23,20524.04,6438.25,2274.75
66149.95,50920.68,35691.26,20463.07,6393.38,2274.64
66109.84,50880.57,35651.16,20422.96,6365.87,2274.33
66076.96,50847.68,35618.27,20390.07,6343.07,2274.13
66025.16,50795.87,35566.47,20338.27,6305.09,2273.7599999999998
65957.21,50727.909999999996,35498.52,20270.31,6259.35,2273.0099999999998
65914.93,50685.63,35456.24,20228.03,6234.8099999999995,2272.78
65895.23,50665.94,35436.54,20208.34,6234.48,2272.45
65855.18,50622.48,35389.69,20160.13,6221.11,2259.08
65803.27,50567.17,35330.98,20098.02,6208.3099999999995,2246.28
65754.58,50515.08,35275.49,20039.13,6187.44,2233.2
65727.93,50488.43,35248.84,20012.48,6175.26,2233.71
65683.33,50443.84,35204.24,19967.88,6148.2,2234.2
65690.79,50451.31,35211.7,19975.34,6159.3099999999995,2234.27
65725.5,50486.02,35246.42,20010.05,6194.03,2234.32
65788.03,50548.55,35308.96,20072.579999999998,6256.5599999999995,2234.1
65849.25,50609.78,35370.19,20133.8,6317.79,2234.02
65913.06,50673.6,35434.0,20197.61,6381.6,2234.07
65952.54,50874.31,35795.93,20720.76,7065.98,2981.5299999999997
65967.07,50888.83,35810.46,20735.28,7080.51,2982.68
65990.78,50912.53,35834.17,20758.98,7104.21,2983.91
66039.59,50961.33,35882.98,20807.78,7152.67,2984.86
66097.68,51019.43,35941.08,20865.88,7208.09,2985.68
66117.91,51039.65,35961.31,20886.1,7227.84,2986.1
66120.25,51041.99,35963.66,20888.44,7229.0,2986.18
66101.36,51026.49,35951.57,20879.74,7231.1,3000.95
66069.41,50994.55,35919.63,20847.8,7208.01,3000.9
66049.56,50974.7,35899.79,20827.95,7193.76,3000.47
66027.43,50952.58,35877.66,20805.829999999998,7177.73,2999.9700000000003
65990.43,50915.59,35840.66,20768.829999999998,7148.47,2999.66
65960.06,50888.63,35817.1,20748.67,7149.99,3012.95
65934.25,50862.81,35791.29,20723.68,7149.9,3012.86
65936.6,50865.159999999996,35793.65,20726.03,7150.28,3013.24
65963.63,50892.18,35820.68,20753.05,7161.72,3013.64
66004.06,50932.62,35861.11,20793.48,7190.25,3014.08
66018.12,50943.27,35868.37,20797.34,7190.18,2999.93
66032.06,50957.2,35882.31,20811.28,7204.12,3000.29
66026.81,50951.95,35877.05,20806.03,7198.87,3000.97
66074.13,50999.26,35924.37,20853.34,7246.1900000000005,3001.05
66116.01,51202.36,36288.7,21378.89,7932.97,3769.94
66150.06,51397.64,36645.2,21896.62,8611.92,4544.88
66200.66,51609.46,37018.25,22430.89,9307.41,5320.66
66270.97,51679.76,37088.56,22501.2,9377.71,5320.09
66306.2,51714.99,37123.79,22536.43,9412.94,5320.79
66344.71,51756.89,37169.1,22585.13,9465.05,5336.92
66339.83,51755.4,37171.02,22590.44,9473.76,5352.51
66343.43,51762.4,37181.42,22604.239999999998,9490.95,5367.95
66348.34,51770.72,37193.13,22619.36,9509.46,5383.1
66339.81,51762.19,37184.59,22610.829999999998,9502.71,5382.62
66346.59,51765.56,37184.57,22607.41,9496.53,5367.74
66347.1,51766.06,37185.07,22607.91,9502.87,5367.65
66335.82,51754.77,37173.79,22596.62,9500.52,5367.54
66331.32,51750.28,37169.29,22592.13,9502.43,5367.23
66326.5,51745.46,37164.46,22587.31,9503.19,5366.96
66271.0,51686.56,37102.16,22528.09,9491.27,5355.04
66270.64,51682.81,37095.0,22517.54,9478.16,5341.93
66269.04,51677.8,37086.6,22505.739999999998,9464.9,5328.67
66260.0,51665.36,37070.77,22486.5,9451.63,5315.4
66317.32,51722.68,37128.09,22543.82,9489.74,5315.41
66376.91,51782.27,37187.68,22603.41,9537.34,5315.38
66395.71,51801.07,37206.47,22622.21,9556.13,5314.9
66407.1,51812.46,37217.86,22633.6,9567.52,5314.33
66410.61,51815.98,37221.37,22637.12,9571.03,5313.7300000000005
66381.25,51786.62,37192.01,22607.76,9541.66,5313.76
66360.76,51766.13,37171.52,22587.27,9521.17,5313.83
66332.58,51737.95,37143.34,22559.09,9492.99,5313.9
66340.16,51745.52,37150.92,22566.66,9500.57,5313.45
66351.72,51757.08,37162.48,22578.22,9512.14,5313.22
66350.81,51756.17,37161.56,22577.31,9511.22,5313.0
66347.82,51753.17,37158.57,22574.31,9508.23,5312.7
66337.75,51743.1,37148.5,22564.239999999998,9498.16,5312.57
66339.83,51745.19,37150.58,22566.32,9500.24,5312.57
66349.03,51754.38,37159.78,22575.52,9509.44,5312.66
66342.63,51747.98,37153.38,22569.12,9506.77,5312.72
66325.84,51731.18,37136.59,22552.32,9495.38,5312.29
66319.84,51725.19,37130.6,22546.329999999998,9488.62,5311.9
66327.23,51732.58,37137.99,22553.72,9492.06,5311.69
66366.51,51771.86,37177.27,22593.0,9519.7,5311.77
66392.83,51798.17,37203.59,22619.32,9534.52,5311.9
66437.13,51842.47,37247.88,22662.56,9543.14,5311.82
66453.84,51859.19,37264.6,22679.28,9542.95,5311.63
66476.63,51881.99,37287.39,22702.07,9542.83,5311.51
66513.02,51918.39,37323.78,22738.47,9557.76,5311.97
66568.52,51970.49,37372.48,22783.77,9589.49,5297.71
66588.43,51990.4,37392.4,22803.68,9606.42,5297.53
66630.68,52032.65,37434.65,22845.94,9643.21,5296.75
66651.86,52053.83,37455.83,22867.12,9664.39,5296.22
66643.56,52045.52,37447.53,22858.81,9656.09,5296.1
66605.18,52007.14,37409.16,22820.43,9617.72,5296.05
66560.76,51962.72,37364.73,22776.01,9573.29,5296.02
66548.47,51950.44,37352.44,22763.73,9561.0,5295.51
66573.14,51975.1,37377.11,22788.4,9585.67,5295.29
66589.31,51991.26,37393.27,22804.56,9601.83,5295.57
66585.55,51987.5,37389.51,22800.8,9598.07,5295.96
66595.61,51997.56,37399.57,22810.85,9608.13,5296.6
66628.49,52030.44,37432.45,22843.73,9636.55,5296.900000000001
66654.56,52056.51,37458.52,22869.81,9658.91,5297.06
66695.33,52097.28,37499.29,22910.579999999998,9690.86,5296.95
66717.71,52119.66,37521.66,22932.96,9708.61,5296.87
66743.25,52145.21,37547.2,22958.51,9729.42,5296.87
66798.42,52200.39,37602.37,23013.68,9773.91,5297.46
66858.79,52260.76,37662.74,23074.06,9813.67,5298.26
66887.26,52289.23,37691.21,23102.53,9829.09,5298.71
66922.39,52324.36,37726.35,23137.66,9841.27,5299.07
66967.61,52372.99,37778.38,23191.04,9854.84,5312.64
67024.06,52432.83,37841.63,23257.68,9868.17,5325.97
67110.67,52522.83,37935.04,23354.48,9913.24,5339.78
67180.55,52596.12,38011.72,23434.57,9974.75,5353.85
67264.66,52683.62,38102.63,23528.88,10054.92,5368.58
67282.36,52701.31,38120.33,23546.57,10068.97,5368.34
67296.48,52715.43,38134.45,23560.69,10083.09,5368.0
67291.72,52710.66,38129.68,23555.92,10078.32,5367.97
67283.64,52702.58,38121.59,23547.84,10070.23,5367.91
67265.25,52684.19,38103.2,23529.45,10051.84,5367.91
67276.25,52533.97,37791.75,23056.78,9417.94,4620.52
67296.88,52554.6,37812.38,23077.41,9438.57,4620.58
67302.72,52560.44,37818.22,23083.26,9444.41,4620.82
67297.32,52555.05,37812.82,23077.87,9439.02,4621.4
67282.04,52543.17,37804.33,23072.79,9437.34,4637.37
67288.6,52553.14,37817.69,23089.56,9456.84,4653.18
67304.36,52572.3,37840.25,23115.52,9485.81,4669.02
67333.91,52598.46,37863.0,23134.88,9496.08,4654.51
67372.69,52637.24,37901.77,23173.66,9528.47,4654.81
67385.36,52649.9,37914.43,23186.32,9539.99,4655.3
67386.01,52650.54,37915.08,23186.96,9541.1,4655.64
67406.69,52671.21,37935.76,23207.63,9558.039999999999,4656.11
67423.86,52688.38,37952.93,23224.8,9559.59,4656.42
67432.96,52700.89,37968.83,23243.28,9572.85,4669.68
67449.35,52720.67,37992.01,23269.86,9586.45,4683.28
67432.08,52706.8,37981.54,23262.79,9588.84,4696.71
67464.69,52739.4,38014.15,23295.4,9614.92,4697.02
67526.83,52804.95,38083.1,23367.74,9682.51,4712.16
67579.98,52858.11,38136.25,23420.89,9735.67,4711.24
67605.47,52883.6,38161.75,23446.38,9761.16,4710.79
67611.24,52889.38,38167.52,23452.16,9766.93,4710.7
67618.65,52735.57,37852.49,22975.9,9129.45,3941.7400000000002
67615.41,52732.33,37849.25,22972.66,9126.21,3938.5
67611.52,52728.44,37845.36,22968.77,9122.32,3934.61
67610.7,52888.85,38166.99,23451.62,9766.4,4707.81
67615.92,52897.47,38179.01,23467.04,9785.23,4723.64
67604.92,52883.07,38161.21,23445.85,9760.63,4707.83
67618.35,52893.1,38167.84,23449.08,9760.46,4692.31
67626.91,52898.26,38169.6,23447.44,9755.43,4676.83
67634.73,52902.67,38170.62,23445.05,9749.65,4661.4800000000005
67647.67,52912.2,38176.76,23447.78,9747.2,4646.38
67639.7,52904.23,38168.79,23439.8,9740.6,4646.79
67654.53,52919.07,38183.63,23454.64,9750.0,4646.93
67662.5,52927.05,38191.6,23462.62,9754.79,4646.95
67641.25,52905.8,38170.35,23441.37,9736.97,4647.02
67628.51,52893.05,38157.61,23428.62,9726.36,4647.2300000000005
67679.33,52943.88,38208.43,23472.97,9724.82,4645.69
67685.02,52949.56,38214.12,23478.65,9724.94,4645.81
67687.31,52951.86,38216.41,23480.94,9725.0,4645.87
67725.19,52993.13,38261.08,23529.01,9749.22,4660.06
67741.02,53012.36,38283.72,23555.04,9782.16,4675.62
67745.02,53019.76,38294.52,23569.24,9809.56,4691.94
67756.31,53192.27,38628.26,24064.2,10465.74,5422.78
67763.88,53199.83,38635.83,24071.76,10474.93,5423.1
67770.66,53206.61,38642.61,24078.54,10483.24,5423.59
67804.27,53401.44,38998.67,24595.82,11161.75,6181.77
67833.72,53592.12,39350.57,25108.94,11836.1,6941.08
67849.0,53768.63,39688.3,25607.9,12496.28,7686.65
67850.89,53931.75,40012.64,26093.47,13143.07,8426.4
67867.62,53951.87,40036.17,26120.39,13173.39,8443.18
67881.26,53965.51,40049.82,26134.03,13189.22,8443.4
67893.99,53978.25,40062.55,26146.77,13202.04,8443.76
67907.95,53992.22,40076.51,26160.73,13218.29,8443.91
67892.27,53976.53,40060.83,26145.04,13209.74,8443.75
67864.1,53951.76,40039.46,26127.06,13204.32,8458.47
67838.77,53929.83,40020.93,26111.94,13199.43,8473.01
67825.75,53916.81,40007.91,26098.93,13187.67,8473.28
67833.58,53924.64,40015.73,26106.76,13194.57,8473.7
67836.76,53927.81,40018.91,26109.94,13198.57,8473.99
67811.14,53902.19,39993.29,26084.32,13181.43,8474.44
67755.7,53846.75,39937.85,26030.84,13166.67,8474.37
67698.91,53789.96,39881.07,25978.22,13157.99,8474.39
67678.1,53769.15,39860.25,25958.63,13158.12,8474.52
67692.26,53786.71,39881.21,25982.99,13178.54,8488.59
67687.2,53785.05,39882.96,25988.13,13200.19,8503.210000000001
67669.26,53770.520000000004,39871.82,25980.4,13211.35,8518.65
67708.7,53809.95,39911.25,26019.84,13253.460000000001,8518.56
67750.44,53851.7,39952.99,26061.58,13295.2,8518.81
67803.8,53905.07,40006.35,26114.94,13348.57,8518.94
67847.47,53948.74,40050.02,26158.61,13392.24,8519.25
67899.38,54000.65,40101.93,26210.52,13444.15,8519.39
67954.63,54055.9,40157.18,26265.77,13499.4,8519.4
67979.06,54080.33,40181.61,26290.2,13523.83,8519.49
67966.48,54067.76,40169.04,26277.62,13511.26,8519.72
67955.45,54056.73,40158.01,26266.6,13502.88,8519.66
67984.26,54085.54,40186.82,26295.41,13531.69,8519.85
67992.0,54093.28,40194.56,26303.16,13541.68,8519.74
67977.82,54079.090000000004,40180.38,26288.97,13535.53,8519.7
67957.39,54058.67,40159.96,26268.54,13523.72,8519.57
67936.93,54038.21,40139.5,26248.079999999998,13511.08,8519.42
67903.21,54004.48,40105.78,26214.35,13485.210000000001,8519.24
67864.1,53965.37,40066.67,26175.24,13453.84,8519.33
67804.95,53906.21,40007.52,26116.09,13408.26,8518.89
67741.72,53842.99,39944.29,26052.86,13369.05,8518.64
67704.31,53805.57,39906.88,26015.44,13354.18,8518.74
67664.29,53765.55,39866.85,25975.42,13342.5,8518.880000000001
67647.56999999999,53748.83,39850.13,25958.82,13342.54,8518.92
67632.47,53733.73,39835.03,25943.72,13342.77,8519.15
67569.86,53671.12,39772.42,25881.11,13311.3,8518.94
67514.03,53611.89,39709.79,25815.08,13265.59,8504.55
67486.63,53581.1,39675.6,25777.48,13235.14,8489.19
67456.63,53551.1,39645.6,25747.49,13214.16,8489.47
67409.3,53503.76,39598.26,25700.15,13174.82,8489.9
67383.55,53478.01,39572.51,25674.4,13151.32,8490.08
67356.82,53451.27,39545.78,25647.66,13125.09,8490.27
67321.03,53415.47,39509.99,25611.86,13092.27,8490.39
67262.93,53357.37,39451.89,25553.76,13040.11,8490.5
67206.13,53300.57,39395.090000000004,25496.96,12992.52,8489.47
67171.08,53265.53,39360.04,25461.91,12965.74,8488.48
67138.8,53233.24,39327.76,25429.62,12940.17,8487.33
67121.76,53212.8,39303.92,25402.38,12916.01,8471.03
67105.45,53193.08,39280.81,25375.87,12895.82,8455.210000000001
67073.17,53157.39,39241.72,25333.38,12860.64,8439.46
67039.9,53124.12,39208.45,25300.11,12834.87,8439.03
67003.68,53087.9,39172.23,25263.89,12801.44,8438.7
66979.54,53063.76,39148.09,25239.76,12774.33,8438.44
66961.9,53046.12,39130.45,25222.13,12752.47,8438.39
66933.74,53017.97,39102.3,25193.98,12729.01,8437.99
66899.69,52980.52,39061.44,25149.73,12713.24,8423.460000000001
66873.6,52951.02,39028.55,25113.44,12699.130000000001,8409.35
66838.45,52912.48,38986.6,25068.1,12684.82,8395.04
66828.71,52899.340000000004,38970.06,25048.16,12671.06,8381.28
66753.31,52823.95,38894.67,24972.76,12616.37,8380.45
66649.35,52716.590000000004,38783.9,24858.6,12517.65,8365.17
66529.59,52596.83,38664.14,24738.84,12414.41,8366.14
66448.05,52515.29,38582.590000000004,24657.3,12342.79,8366.72
66353.95,52421.18,38488.49,24563.19,12256.95,8367.53
66284.9,52352.12,38419.43,24494.13,12190.32,8368.0
66243.51,52149.51,38055.59,23969.07,11504.04,7596.41
66216.99,51961.77,37706.62,23458.88,10832.62,6824.61
66183.21,51766.76,37350.39,22941.43,10153.94,6051.74
66169.92,51750.07,37330.31,22917.94,10127.05,6035.88
66167.75,51747.91,37328.14,22915.77,10124.880000000001,6035.89
66147.13,51730.69,37314.32,22905.35,10117.86,6051.13
66115.37,51702.33,37289.36,22883.79,10101.65,6065.9800000000005
66078.84,51669.2,37259.63,22857.47,10084.25,6080.75
66039.6,51633.36,37227.19,22828.44,10067.960000000001,6095.3
66036.01,51633.18,37230.4,22835.06,10078.69,6109.5
66005.34,51602.5,37199.72,22804.38,10050.99,6109.3
65970.72,51567.87,37165.1,22769.75,10016.92,6108.95
65960.54,51557.69,37154.92,22759.57,10000.95,6108.6
65929.91,51527.07,37124.3,22728.95,9981.66,6108.08
65905.06,51502.22,37099.45,22704.1,9981.16,6107.58
65891.75,51488.92,37086.15,22690.8,9980.77,6107.1900000000005
65870.6,51467.76,37065.0,22669.64,9980.47,6106.89
65819.53,51413.3,37007.13,22608.38,9956.04,6092.49
65756.46,51346.82,36937.25,22535.11,9885.77,6076.58
65693.15,51276.7,36860.33,22451.39,9800.08,6045.81
65624.38,51046.71,36469.11,21898.95,9097.97,5315.8
65554.29,50976.62,36399.02,21828.86,9036.34,5316.54
65509.12,50931.44,36353.85,21783.68,8994.86,5316.82
65436.04,50697.14,35958.33,21226.93,8282.35,4559.37
65380.63,50480.51,35580.47,20687.85,7583.9,3800.63
65339.43,50278.09,35216.82,20162.98,6899.33,3055.61
65307.26,50084.69,34862.2,19647.14,6223.17,2316.37
65282.46,50056.49,34830.6,19612.15,6184.77,2299.8
65275.86,50049.88,34823.99,19605.54,6175.98,2299.74
65258.45,50032.46,34806.58,19588.12,6158.48,2299.22
65253.5,50027.51,34801.63,19583.17,6151.25,2298.87
65270.11,50044.12,34818.24,19599.79,6160.73,2298.69
65286.19,50056.81,34827.53,19605.68,6157.46,2283.56
65280.31,50047.54,34814.86,19589.6,6136.7,2268.89
65270.24,50037.47,34804.79,19579.52,6124.9,2268.72
65232.06,49999.28,34766.61,19541.33,6089.01,2268.41
65185.91,49953.14,34720.46,19495.18,6061.36,2268.12
65150.99,49918.23,34685.54,19460.27,6050.15,2267.62
65144.45,49911.7,34679.01,19451.77,6050.13,2267.6
65161.13,49928.38,34695.69,19464.28,6050.14,2267.61
65128.840000000004,49896.09,34663.4,19430.77,6049.5,2266.97
65067.71,49831.55,34595.47,19359.43,6028.84,2252.66
65075.6,49836.04,34596.55,19357.12,6011.69,2238.02
65063.020000000004,49820.06,34577.18,19334.34,5978.36,2223.45
65028.13,49785.18,34542.29,19299.45,5944.4,2223.99
65004.79,49761.84,34518.95,19276.11,5921.07,2224.24
64949.42,49706.47,34463.59,19220.74,5867.26,2225.02
64915.41,49672.46,34429.58,19186.73,5833.34,2225.33
64887.06,49644.11,34401.22,19158.38,5804.98,2225.49
64844.9,49601.94,34359.06,19116.22,5762.82,2225.78
64811.38,49568.41,34325.54,19082.69,5730.17,2226.16
64822.97,49579.99,34337.12,19094.27,5741.75,2226.46
64864.45,49621.47,34378.6,19135.74,5780.58,2226.93
64859.090000000004,49616.11,34373.24,19130.38,5775.23,2227.41
64856.38,49613.409999999996,34370.53,19127.670000000002,5770.28,2227.9
64872.11,49629.15,34386.26,19143.41,5777.98,2228.13
64879.270000000004,49636.31,34393.41,19150.57,5778.79,2228.4
64891.770000000004,49648.8,34405.91,19163.06,5786.94,2229.01
64882.38,49639.41,34396.52,19153.68,5776.26,2229.3
64882.15,49639.17,34396.29,19153.44,5772.28,2229.37
64889.28,49646.31,34403.42,19160.57,5772.64,2229.73
64903.13,49660.16,34417.27,19174.420000000002,5772.93,2230.02
64894.11,49651.15,34408.25,19165.41,5772.74,2229.83
64882.92,49639.95,34397.06,19154.22,5772.6,2229.69
64885.99,49643.01,34400.12,19157.17,5772.63,2229.72
64903.950000000004,49660.97,34418.08,19175.14,5772.7699999999995,2229.86
64945.05,49705.47,34465.98,19226.45,5808.76,2244.42
64997.8,49761.62,34525.53,19289.4,5859.56,2259.24
65020.23,49784.04,34547.95,19311.82,5873.15,2259.37
65057.51,49821.32,34585.23,19349.1,5901.41,2259.32
65095.39,49859.21,34623.12,19386.99,5931.3,2259.27
65103.49,49867.32,34631.22,19395.1,5937.15,2259.59
65110.57,49874.409999999996,34638.3,19402.19,5943.73,2259.88
65130.81,49894.659999999996,34658.55,19422.44,5961.01,2260.14
65171.42,49935.27,34699.17,19463.05,5995.69,2260.33
65214.73,49978.59,34742.48,19506.37,6029.79,2261.36
65252.92,50016.78,34780.67,19544.56,6059.72,2262.19
65298.28,50062.15,34826.04,19589.93,6098.37,2263.23
65334.19,50101.45,34868.75,19636.04,6141.39,2280.04
65354.01,50124.68,34895.38,19666.06,6166.23,2295.98
65348.55,50122.62,34896.72,19670.8,6171.77,2310.74
65335.18,50109.24,34883.35,19657.43,6162.43,2311.02
65327.65,50101.7,34875.82,19649.89,6160.45,2311.05
65293.15,50067.21,34841.32,19615.39,6148.31,2310.93
65254.200000000004,50028.26,34802.37,19576.64,6144.94,2310.68
65195.270000000004,49969.33,34743.44,19524.22,6144.51,2310.25
65169.42,49943.48,34717.6,19505.52,6144.89,2310.63
65184.54,49958.61,34732.72,19522.83,6145.37,2311.11
65191.39,49965.45,34739.57,19531.99,6145.83,2311.57
65223.65,49997.72,34771.83,19564.26,6162.93,2311.76
65259.97,50030.63,34801.340000000004,19590.37,6179.94,2297.56
65294.340000000004,50065.0,34835.71,19624.74,6213.52,2297.28
65332.57,50103.22,34873.94,19662.96,6249.43,2297.03
65346.8,50117.44,34888.17,19677.19,6267.42,2296.7
65359.97,50130.62,34901.340000000004,19690.37,6283.1,2296.29
65355.86,50126.51,34897.23,19686.27,6284.82,2296.12
65343.63,50114.27,34885.0,19674.04,6277.28,2295.83
65310.19,50080.82,34851.56,19640.59,6249.06,2295.54
65279.06,50049.7,34820.43,19609.46,6224.01,2295.32
65232.04,50002.68,34773.4,19562.44,6191.34,2294.36
65207.24,49977.88,34748.6,19537.64,6174.71,2293.33
65193.65,49960.9,34728.21,19513.86,6155.85,2277.35
65191.33,49955.18,34719.090000000004,19501.34,6146.76,2261.79
65201.86,49962.31,34722.82,19501.66,6147.05,2246.67
65213.44,49970.49,34727.6,19503.03,6147.2699999999995,2231.8
65189.73,49943.38,34697.090000000004,19469.12,6120.05,2217.2
65175.79,49929.45,34683.15,19455.19,6114.61,2216.89
65177.28,49930.95,34684.65,19456.69,6120.7,2216.71
65160.91,49914.58,34668.28,19440.32,6114.01,2216.44
65159.65,49913.32,34667.01,19439.06,6113.74,2216.17
65161.47,49915.14,34668.83,19440.88,6113.68,2216.11
65156.62,49910.29,34663.97,19437.12,6113.69,2216.12
65165.98,49919.659999999996,34673.340000000004,19446.59,6113.74,2216.17
65192.81,49946.49,34700.18,19473.42,6113.7,2216.13
65191.43,49945.12,34698.8,19472.04,6117.5199999999995,2215.89
65189.51,49946.61,34703.69,19480.33,6136.25,2229.86
65206.72,49963.82,34720.9,19497.54,6156.92,2229.2599999999998
65225.39,49982.49,34739.57,19516.22,6179.53,2228.78
65231.13,49988.23,34745.31,19521.96,6191.03,2228.62
65243.85,50000.95,34758.03,19534.68,6207.01,2228.55
65245.81,50002.909999999996,34759.99,19536.64,6214.11,2228.52
65249.83,50006.92,34764.01,19540.65,6223.25,2228.52
65253.88,50010.97,34768.06,19544.7,6234.22,2228.5099999999998
65241.3,49998.39,34755.48,19532.11,6231.99,2228.41
65224.67,49981.77,34738.86,19515.49,6224.19,2227.9
65221.07,49978.18,34735.26,19511.9,6227.52,2227.82
65215.270000000004,49972.38,34729.46,19506.1,6229.15,2227.66
65204.89,49962.0,34719.08,19495.72,6227.89,2227.73
65179.35,49936.45,34693.53,19470.17,6213.94,2227.3
65181.53,49938.63,34695.71,19472.35,6220.74,2226.33
65186.73,49943.84,34700.91,19477.56,6230.22,2225.67
65207.69,49964.81,34721.87,19498.53,6251.05,2225.44
65247.22,50004.33,34761.4,19538.05,6270.99,2225.28
65269.89,50026.99,34784.07,19560.71,6270.7,2224.99
65291.38,50048.47,34805.55,19582.19,6270.29,2224.58
65292.61,50049.7,34806.77,19584.33,6270.3,2224.59
65321.25,50078.34,34835.42,19615.1,6270.67,2224.96
65357.71,50114.81,34871.88,19651.57,6270.4,2224.69
65307.67,50064.77,34821.85,19601.53,6250.8,2224.08
65304.54,50065.04,34825.52,19608.6,6267.94,2237.65
65324.76,50085.26,34845.74,19628.82,6282.62,2237.28
65318.63,50079.12,34839.61,19622.68,6276.48,2237.41
65359.66,50120.15,34880.63,19663.71,6315.94,2236.75
65380.16,50140.659999999996,34901.13,19684.22,6336.36,2236.37
65376.04,50136.53,34897.01,19680.09,6332.24,2236.31
65360.71,50121.21,34881.68,19664.76,6318.04,2236.23
65356.340000000004,50116.84,34877.31,19660.4,6313.78,2235.96
65311.63,50068.74,34825.8,19605.5,6263.04,2220.83
65285.15,50042.26,34799.32,19579.02,6236.56,2220.07
65277.43,50034.53,34791.6,19571.29,6228.83,2219.15
65253.43,50010.52,34767.6,19547.28,6205.83,2217.99
65212.62,49969.71,34726.79,19506.47,6167.71,2216.79
65166.4,49923.49,34680.58,19460.25,6125.03,2215.54
65131.89,49888.99,34646.07,19425.75,6089.44,2214.18
65148.33,49905.43,34662.51,19442.18,6095.37,2213.22
65157.76,49914.87,34671.95,19451.62,6095.74,2212.28
65184.95,49942.06,34699.14,19478.81,6110.32,2211.31
65183.01,49940.11,34697.2,19476.87,6109.26,2210.25
65153.41,49910.5,34667.6,19447.26,6108.56,2209.55
65146.770000000004,49903.86,34660.96,19440.62,6108.22,2209.21
65128.51,49885.6,34642.7,19422.35,6107.92,2208.91
65099.71,49856.81,34613.9,19393.55,6107.24,2208.23
65060.31,49814.02,34567.7,19343.95,6070.95,2193.37
64974.19,49724.5,34474.78,19247.63,6002.84,2179.13
64873.76,49624.07,34374.35,19147.21,5925.68,2180.14
64830.42,49580.74,34331.01,19103.87,5883.21,2180.03
64798.73,49549.05,34299.31,19072.18,5851.52,2179.71
64783.24,49533.56,34283.82,19056.69,5836.03,2179.3
64772.45,49522.77,34273.03,19045.9,5825.24,2178.92
64778.67,49528.99,34279.25,19052.12,5831.46,2178.57
64786.42,49536.74,34286.99,19059.87,5839.2,2178.33
64795.47,49545.79,34296.05,19068.92,5848.26,2178.0
64794.82,49545.14,34295.4,19068.27,5847.6,2177.63
64782.88,49533.19,34283.45,19056.32,5835.65,2176.93
64744.0,49490.909999999996,34237.77,19007.24,5783.17,2160.42
64756.54,49500.04,34243.5,19009.57,5780.76,2144.39
64804.04,49544.15,34284.2,19046.88,5802.63,2129.59
64867.39,49607.51,34347.56,19110.23,5844.85,2129.27
64927.21,49667.33,34407.38,19170.06,5880.33,2128.64
65006.770000000004,49746.89,34486.94,19249.62,5922.74,2128.01
65071.7,49811.83,34551.87,19314.35,5941.92,2127.85
65138.64,49878.76,34618.8,19374.78,5942.19,2128.12
65186.94,49927.06,34667.09,19415.93,5942.4,2128.33
65221.15,49961.27,34701.3,19447.95,5942.52,2128.45
65261.67,49998.39,34735.02,19475.95,5928.99,2114.92
65242.39,49979.11,34715.74,19456.67,5912.12,2114.96
65232.53,49972.659999999996,34712.69,19457.02,5904.13,2129.95
65242.6,49986.12,34729.56,19477.28,5913.84,2145.48
65293.05,50039.97,34786.81,19537.93,5963.68,2161.18
65347.72,50094.65,34841.48,19592.6,6004.66,2161.16
65413.62,50160.55,34907.39,19658.5,6059.8,2161.02
65466.37,50213.3,34960.14,19711.25,6104.29,2161.04
65503.64,50250.58,34997.41,19748.52,6136.87,2161.45
65549.66,50296.61,35043.43,19794.55,6177.68,2161.83
65605.24,50352.19,35099.01,19850.13,6227.1900000000005,2161.9
65689.42,50436.37,35183.2,19934.31,6297.02,2163.02
65736.1,50486.45,35236.68,19991.19,6349.14,2180.2
65769.15,50519.5,35269.73,20024.24,6373.86,2180.99
65805.04,50555.38,35305.62,20060.13,6400.96,2181.74
65815.79,50566.14,35316.37,20070.89,6402.82,2182.13
65829.63,50579.98,35330.21,20084.73,6405.2,2182.44
65892.66,50643.0,35393.24,20147.75,6446.4,2182.41
65956.12,50706.45,35456.7,20211.2,6490.14,2182.35
66017.61,50767.94,35518.19,20272.69,6536.52,2182.34
66068.61,50818.94,35569.19,20323.69,6578.03,2183.08
66101.2,50851.53,35601.78,20356.28,6598.0,2183.63
66138.26,50888.59,35638.84,20393.34,6603.9400000000005,2184.09
66160.98,50911.31,35661.56,20414.97,6604.28,2184.43
66180.76,50931.08,35681.33,20434.65,6604.51,2184.66
66249.32,50999.64,35749.89,20503.21,6636.81,2184.96
66340.34,51090.659999999996,35840.91,20594.23,6701.95,2185.81
66426.31,51334.45,36242.52,21153.67,7397.54,2906.27
66486.86,51401.8,36316.67,21234.62,7470.27,2938.08
66553.59,51468.53,36383.4,21301.34,7522.97,2937.85
66601.91,51678.08,36754.17,21833.34,8205.21,3674.67
66636.48,51712.65,36788.73,21867.91,8231.06,3674.66
66631.31,51707.47,36783.56,21862.73,8218.89,3674.33
66635.52,51711.68,36787.77,21866.94,8216.45,3673.95
66626.49,51702.65,36778.74,21857.9,8199.59,3674.0
66649.48,51725.65,36801.73,21880.9,8212.24,3674.4
66652.42,51728.59,36804.66,21883.84,8206.35,3674.8399999999997
66672.5,51748.66,36824.74,21903.92,8219.5,3675.27
66704.88,51781.04,36857.12,21936.3,8244.44,3675.37
66728.47,51804.63,36880.71,21959.88,8258.91,3675.29
66774.62,51850.79,36926.86,22006.04,8290.08,3675.69
66788.75,51864.92,36940.98,22020.17,8294.41,3676.13
66800.62,51876.79,36952.85,22032.04,8298.31,3676.54
66810.69,51886.85,36962.92,22042.1,8303.35,3676.52
66819.31,51898.87,36978.34,22060.93,8325.17,3691.15
66860.5,51940.06,37019.53,22102.12,8357.789999999999,3691.46
66896.64,51976.21,37055.67,22138.27,8370.0,3691.63
66919.11,51998.67,37078.14,22159.82,8370.14,3691.77
66966.19,52045.75,37125.22,22204.77,8377.62,3692.35
67012.99,52092.54,37172.02,22251.56,8391.17,3693.35
67091.25,52170.8,37250.27,22329.82,8427.48,3694.2
67132.98,52209.12,37285.19,22361.34,8437.41,3680.24
67141.48,52217.61,37293.69,22369.829999999998,8445.3,3680.31
67152.5,52228.63,37304.71,22380.86,8456.32,3680.22
67138.02,52214.14,37290.23,22366.38,8441.84,3680.47
67151.59,52227.71,37303.81,22379.95,8455.41,3680.39
67166.29,52242.42,37318.52,22394.66,8470.119999999999,3680.31
67184.74,52260.86,37336.97,22413.11,8487.44,3680.46
67174.78,52250.909999999996,37327.01,22403.15,8476.5,3681.14
67207.22,52286.75,37366.25,22445.79,8514.97,3696.12
67194.03,52273.57,37353.07,22432.61,8501.789999999999,3696.31
67193.49,52273.03,37352.53,22432.07,8501.25,3696.37
67213.75,52293.3,37372.79,22452.34,8520.5,3696.93
67242.71,52322.26,37401.75,22481.3,8546.77,3697.33
67266.33,52345.88,37425.36,22504.92,8571.19,3697.68
67296.84,52376.39,37455.88,22535.43,8600.95,3697.7
67324.68,52404.229999999996,37483.72,22563.28,8632.56,3697.83
67361.59,52441.14,37520.63,22600.19,8672.28,3698.06
67384.55,52464.1,37543.59,22623.15,8700.56,3698.43
67430.43,52509.99,37589.47,22669.03,8736.82,3698.92
67489.62,52569.19,37648.67,22728.23,8738.53,3699.18
67504.91,52584.479999999996,37663.96,22743.51,8738.53,3699.18
67525.6,52605.17,37684.65,22764.2,8738.36,3699.01
67537.03,52613.2,37689.28,22765.43,8724.8,3685.45
67540.14,52612.909999999996,37685.590000000004,22758.34,8711.05,3671.7
67597.38,52670.15,37742.840000000004,22815.579999999998,8734.35,3670.7
67689.16,52761.94,37834.62,22907.36,8801.16,3669.64
67728.18,52800.96,37873.64,22946.38,8839.31,3669.58
67745.03,52817.8,37890.49,22963.22,8856.15,3669.64
67743.23,52816.0,37888.69,22961.42,8854.36,3669.78
67750.59,52823.36,37896.05,22968.78,8861.72,3669.95
67750.26,52823.02,37895.71,22968.45,8861.38,3670.09
67753.49,52826.24,37898.94,22971.68,8864.61,3670.2
67765.15,52837.89,37910.590000000004,22983.329999999998,8876.26,3670.52
67779.21,52851.95,37924.66,22997.39,8890.33,3670.9
67794.79,52867.54,37940.24,23012.98,8905.91,3671.22
67843.18,52915.94,37988.63,23061.37,8954.3,3671.33
67839.27,52912.04,37984.72,23057.47,8950.4,3671.63
67831.14,52903.9,37976.59,23049.34,8942.27,3671.99
67817.27,52890.03,37962.71,23035.47,8929.74,3672.22
67830.81,52903.58,37976.26,23049.01,8945.0,3672.99
67852.29,52925.06,37997.74,23070.49,8969.38,3673.81
67898.4,52971.16,38043.85,23116.59,9013.96,3674.2999999999997
67952.44,53025.2,38097.89,23170.62,9059.93,3674.69
67956.31,53029.07,38101.77,23174.49,9059.91,3674.67
67919.0,52991.76,38064.46,23137.18,9060.05,3674.81
67888.65,52964.81,38040.91,23117.03,9073.74,3688.5
67902.34,52978.49,38054.6,23130.71,9079.88,3688.64
67911.7,52987.85,38063.95,23140.07,9092.41,3688.35
67914.83,52987.59,38060.28,23133.01,9080.71,3673.08
67886.96,52956.33,38025.61,23094.95,9039.25,3657.49
67867.22,52936.59,38005.88,23075.21,9019.52,3657.61
67861.08,52930.45,37999.73,23069.07,9013.369999999999,3657.37
67865.64,52935.02,38004.29,23073.63,9017.94,3657.0499999999997
67874.38,52943.76,38013.03,23082.37,9026.67,3656.71
67883.67,52953.04,38022.32,23091.66,9035.949999999999,3656.44
67871.62,52940.98,38010.27,23079.6,9023.89,3656.58
67824.71,52894.07,37963.36,23032.69,8976.98,3656.31
67789.52,52855.47,37921.37,22987.29,8928.18,3640.12
67787.32,52856.67,37925.97,22995.29,8939.58,3655.81
67785.62,52854.98,37924.28,22993.59,8937.89,3655.89
67800.71,52870.06,37939.37,23008.68,8952.98,3655.93
67795.42,52864.77,37934.08,23003.4,8948.5,3655.7799999999997
67769.18,52838.54,37907.840000000004,22977.17,8927.08,3655.98
67757.6,52826.97,37896.27,22965.6,8917.71,3656.24
67745.39,52814.75,37884.05,22953.38,8907.93,3656.55
67769.64,52839.0,37908.3,22977.63,8923.369999999999,3656.12
67804.05,52873.4,37942.71,23012.03,8946.59,3655.93
67769.47,52838.81,37908.13,22977.45,8940.36,3655.18
67730.9,52800.23,37869.56,22941.329999999998,8939.71,3654.5299999999997
67699.41,52768.75,37838.07,22909.84,8939.22,3654.04
67610.96,52680.3,37749.62,22821.39,8906.83,3653.65
67545.58,52614.92,37684.25,22756.01,8850.31,3652.94
67494.81,52406.33,37317.840000000004,22231.77,8171.0,2932.99
67465.5,52370.21,37274.93,22182.06,8114.49,2901.2
67439.71,52344.43,37249.14,22156.28,8088.7,2901.21
67430.14,52173.64,36917.12,21663.04,7434.23,2164.25
67448.4,52191.89,36935.38,21681.29,7452.48,2163.86
67496.88,52240.38,36983.87,21729.78,7500.97,2163.9
67534.04,52277.55,37021.04,21766.95,7538.14,2163.9
67570.17,52313.68,37057.17,21803.09,7574.2699999999995,2163.75
67530.56,52274.07,37017.56,21763.48,7534.82,2163.51
67522.69,52266.19,37009.69,21755.6,7526.95,2163.61
67533.23,52276.73,37020.23,21766.13,7537.49,2163.57
67521.98,52265.47,37008.98,21754.87,7526.24,2163.84
67507.11,52250.61,36994.12,21740.01,7511.38,2164.47
67499.57,52243.07,36986.58,21732.47,7503.83,2164.94
67515.61,52259.11,37002.62,21748.51,7516.86,2165.44
67540.96,52284.45,37027.97,21773.86,7538.68,2165.92
67564.49,52307.99,37051.5,21797.4,7557.09,2166.51
67593.25,52333.36,37073.46,21815.96,7562.26,2152.43
67603.33,52343.45,37083.54,21826.05,7566.82,2152.84
67604.98,52345.1,37085.19,21827.7,7566.67,2153.06
67580.44,52320.57,37060.66,21803.17,7566.5,2152.89
67539.61,52279.73,37019.82,21762.34,7559.34,2152.63
67501.67,52241.8,36981.88,21724.41,7546.48,2152.32
67474.59,52214.72,36954.8,21697.329999999998,7529.36,2152.15
67433.83,52177.37,36920.84,21666.78,7508.28,2166.73
67440.24,52183.79,36927.25,21673.2,7514.69,2166.48
67420.44,52163.99,36907.45,21653.39,7494.89,2166.6
67414.09,52157.64,36901.1,21647.03,7488.54,2166.57
67400.86,52144.4,36887.86,21633.79,7475.3,2166.72
67398.5,52142.04,36885.49,21631.43,7472.94,2166.87
67407.67,52151.21,36894.66,21640.59,7482.11,2166.82
67425.56,52169.1,36912.55,21658.48,7500.0,2166.44
67417.51,52161.05,36904.51,21650.43,7491.96,2166.34
67439.5,52183.04,36926.49,21672.42,7513.94,2166.86
67424.13,52167.68,36911.13,21657.06,7498.58,2167.53
67401.54,52145.08,36888.54,21634.46,7475.99,2167.39
67377.98,52121.52,36864.98,21610.9,7452.43,2167.37
67368.68,52112.22,36855.68,21601.6,7441.78,2167.2
67356.31,52099.85,36843.3,21589.23,7428.86,2167.2
67340.21,52083.75,36827.2,21573.13,7407.48,2167.29
67313.69,52057.22,36800.67,21546.6,7380.33,2167.34
67282.02,52025.54,36769.0,21514.93,7351.04,2167.31
67249.33,51992.840000000004,36736.31,21482.23,7320.93,2167.2
67222.43,51965.94,36709.4,21455.329999999998,7319.15,2166.87
67201.05,51944.57,36688.03,21433.96,7318.64,2166.36
67173.56,51917.08,36660.54,21406.47,7318.24,2165.96
67165.28,51912.19,36659.06,21408.39,7331.47,2179.19
67186.59,51936.89,36687.17,21439.89,7349.05,2192.63
67173.03,51926.72,36680.4,21436.52,7352.43,2206.84
67126.7,51880.38,36634.07,21390.18,7310.02,2207.02
67068.36,51822.04,36575.74,21331.84,7253.69,2207.44
67023.08,51776.770000000004,36530.46,21286.57,7209.1,2207.86
67008.67,51762.36,36516.06,21272.16,7194.69,2207.79
66978.31999999999,51732.01,36485.71,21241.81,7164.34,2207.72
66943.25,51696.95,36450.64,21206.74,7129.27,2207.58
66886.25,51639.95,36393.64,21149.73,7072.27,2207.71
66824.97,51578.67,36332.36,21088.45,7010.99,2206.47
66779.62,51533.32,36287.0,21043.1,6965.63,2205.66
66707.96,51461.66,36215.35,20971.44,6893.98,2205.21
66616.49,51370.18,36123.88,20879.97,6805.84,2204.45
66555.1,51308.78,36062.49,20818.57,6745.6,2203.35
66510.65,51264.340000000004,36018.04,20774.12,6703.55,2202.07
66472.17,51225.85,35979.56,20735.63,6672.38,2200.84
66415.88,51169.55,35923.26,20679.34,6625.43,2199.51
66346.83,51100.49,35854.21,20610.29,6568.21,2198.57
66275.7,51029.36,35783.08,20539.16,6512.12,2197.73
66214.08,50967.74,35721.46,20477.54,6465.78,2196.97
66192.99,50946.65,35700.37,20456.45,6465.05,2196.24
66182.53,50936.19,35689.91,20447.02,6464.42,2195.61
66166.27,50919.94,35673.65,20430.77,6463.83,2195.02
66117.71,50871.39,35625.09,20382.22,6457.07,2194.2599999999998
66102.94,50853.22,35603.52,20357.25,6424.89,2179.75
66062.24,50812.520000000004,35562.83,20316.55,6390.28,2179.92
66015.96,50766.23,35516.55,20270.26,6348.48,2180.28
65994.31999999999,50744.590000000004,35494.9,20248.62,6326.83,2180.17
65951.75,50702.01,35452.33,20206.05,6284.26,2180.35
65910.04,50660.3,35410.62,20164.34,6242.54,2180.63
65870.01,50620.270000000004,35370.59,20124.31,6202.52,2180.95
65822.39,50576.05,35329.77,20086.89,6168.5,2196.71
65764.63,50521.69,35278.81,20039.329999999998,6124.34,2212.17
65735.6,50492.65,35249.77,20010.29,6095.3,2211.47
65704.12,50461.17,35218.29,19978.81,6063.82,2210.57
65667.3,50420.95,35174.67,19931.79,6013.41,2194.12
65624.52,50378.16,35131.88,19889.01,5970.62,2193.59
65582.83,50336.48,35090.19,19847.32,5929.95,2192.79
65569.44,50323.1,35076.8,19833.93,5920.15,2192.35
65563.3,50316.950000000004,35070.66,19827.78,5916.55,2191.84
65533.55,50287.2,35040.9,19798.03,5894.17,2191.31
65499.33,50252.99,35006.68,19763.82,5869.53,2190.99
65455.62,50209.28,34962.97,19720.11,5837.04,2191.0099999999998
65418.03,50171.7,34925.38,19682.53,5810.72,2191.12
65442.58,50196.25,34949.93,19707.079999999998,5811.07,2191.47
65456.43,50210.11,34963.78,19718.829999999998,5811.43,2191.83
65463.05,50216.72,34970.4,19725.44,5811.68,2192.08
65526.27,50279.94,35033.61,19788.66,5830.82,2192.61
65554.36,50304.62,35054.89,19806.55,5839.24,2178.14
65525.64,50272.5,35019.37,19767.63,5802.56,2163.71
65509.59,50256.45,35003.32,19751.57,5786.51,2163.93
65496.98,50243.840000000004,34990.71,19738.96,5773.91,2164.04
65483.26,50230.12,34976.99,19725.24,5760.19,2163.92
65445.06,50191.93,34938.8,19687.05,5722.0,2163.98
65406.82,50153.69,34900.56,19648.81,5683.76,2164.04
65351.2,50098.07,34844.94,19593.19,5628.14,2164.28
65300.72,50047.590000000004,34794.46,19542.71,5577.66,2164.31
65267.43,50014.29,34761.17,19509.41,5552.69,2163.53
65225.33,49972.2,34719.08,19467.32,5521.07,2162.52
65157.3,49904.18,34651.06,19399.3,5460.11,2161.71
65097.69,49844.57,34591.45,19339.69,5408.3,2160.68
65055.94,49802.82,34549.69,19297.94,5377.63,2159.25
65012.53,49759.41,34506.28,19254.53,5346.59,2158.31
64988.42,49735.29,34482.17,19230.42,5331.61,2157.56
64965.76,49712.63,34459.51,19207.75,5315.78,2156.66
64934.47,49681.340000000004,34428.22,19176.46,5293.65,2155.87
64910.82,49657.68,34404.57,19152.8,5277.51,2155.3
64881.87,49628.73,34375.62,19123.85,5256.48,2154.8
64837.92,49584.77,34331.67,19079.89,5244.12,2154.11
64824.73,49571.58,34318.47,19066.97,5243.74,2153.73
64836.28,49583.14,34330.03,19078.52,5243.64,2153.63
64845.64,49592.49,34339.39,19087.87,5243.58,2153.57
64852.74,49599.590000000004,34346.49,19094.97,5254.17,2153.48
64893.56,49637.0,34380.51,19125.579999999998,5282.5,2138.3
64869.15,49612.590000000004,34356.1,19101.17,5263.28,2138.35
64866.77,49610.21,34353.72,19098.79,5265.56,2138.03
64848.14,49591.590000000004,34335.09,19080.17,5249.58,2137.76
64826.33,49569.78,34313.28,19058.36,5227.7699999999995,2137.57
64806.729999999996,49550.17,34293.68,19038.75,5208.16,2137.44
64779.9,49523.35,34266.86,19011.93,5186.24,2137.45
64756.68,49503.53,34250.44,18998.91,5182.43,2152.58
64728.84,49475.69,34222.59,18971.07,5167.91,2152.4
64703.71,49450.56,34197.46,18945.94,5153.67,2151.69
64692.75,49439.6,34186.5,18934.98,5156.4,2150.77
64676.95,49423.81,34170.71,18919.19,5158.32,2150.47
64659.68,49406.53,34153.44,18901.91,5159.53,2150.14
64650.32,49397.17,34144.09,18892.55,5162.48,2150.02
64635.82,49382.66,34129.59,18878.04,5159.8,2149.98
64627.08,49373.93,34120.85,18869.3,5161.99,2149.84
64625.43,49372.28,34119.2,18867.66,5166.4,2149.62
64628.84,49375.69,34122.61,18871.06,5171.4,2149.49
64639.06,49385.92,34132.83,18881.29,5181.96,2149.42
64652.87,49399.72,34146.64,18895.1,5181.88,2149.34
64663.93,49410.78,34157.69,18906.16,5181.96,2149.42
64685.13,49431.99,34178.89,18927.37,5181.97,2149.43
64684.73,49431.6,34178.49,18926.97,5181.91,2149.37
64692.27,49439.14,34186.03,18934.51,5186.61,2149.23
64692.77,49436.25,34179.74,18924.82,5172.47,2134.96
64692.13,49435.61,34179.1,18924.19,5172.7699999999995,2134.9
64697.93,49441.41,34184.9,18929.99,5176.57,2134.74
64730.11,49473.59,34217.08,18962.17,5208.06,2134.21
64736.77,49480.25,34223.73,18968.83,5214.72,2134.26
64758.19,49501.67,34245.15,18990.25,5236.15,2134.36
64787.63,49531.11,34274.59,19019.69,5265.59,2134.46
64803.74,49547.22,34290.7,19035.81,5281.7,2134.74
64826.44,49569.92,34313.4,19058.52,5304.4,2135.52
64859.33,49602.81,34346.3,19091.41,5337.3,2136.27
64915.14,49658.61,34402.1,19147.21,5393.1,2136.88
64980.51,49723.99,34467.47,19212.58,5455.14,2137.7599999999998
65036.28,49779.77,34523.24,19268.36,5509.76,2138.86
65068.97,49812.45,34555.93,19301.04,5540.05,2139.69
65080.26,49823.74,34567.22,19312.33,5549.17,2140.12
65103.98,49847.47,34590.94,19336.05,5571.92,2140.99
65146.09,49889.59,34633.06,19378.16,5606.26,2141.89
65188.15,49931.65,34675.12,19420.23,5637.87,2142.83
65244.22,49987.72,34731.19,19476.3,5678.11,2143.67
65302.32,50045.81,34789.28,19534.39,5699.6,2144.53
65347.32,50090.8,34834.28,19578.35,5700.4,2145.33
65381.14,50124.62,34868.11,19612.17,5701.03,2145.96
65439.88,50183.35,34926.85,19670.9,5710.42,2146.73
65515.84,50262.71,35009.61,19757.06,5789.79,2161.59
65577.18,50327.45,35077.74,19828.6,5855.77,2176.39
65680.74,50431.02,35181.3,19932.17,5954.84,2175.32
65720.45,50470.73,35221.01,19971.88,5994.56,2175.46
65774.21,50524.5,35274.78,20025.64,6048.33,2175.52
65825.76,50737.27,35648.78,20560.86,6744.78,2945.6
65872.38,50945.11,36017.85,21091.15,7436.29,3716.07
65922.91,51153.47,36384.03,21615.15,8118.12,4470.55
65986.34,51374.73,36763.11,22152.06,8812.85,5212.26
66041.97,51433.77,36825.54,22217.9,8882.09,5228.86
66103.03,51498.24,36893.41,22289.17,8956.76,5245.48
66131.36,51529.97,36928.54,22327.7,8998.68,5261.97
66174.33,51572.95,36971.52,22370.67,9041.66,5262.6
66214.17,51612.79,37011.36,22410.51,9080.49,5263.58
66240.87,51639.49,37038.06,22437.21,9102.67,5264.26
66249.8,51648.42,37046.99,22446.14,9111.87,5264.8099999999995
66277.75,51676.37,37074.94,22474.09,9133.7,5265.61
66312.31,51710.93,37109.5,22508.65,9158.19,5266.2
66346.09,51744.7,37143.28,22542.42,9183.01,5266.68
66356.58,51755.18,37153.77,22552.9,9188.25,5266.82
66347.61,51746.22,37144.8,22543.93,9188.4,5266.97
66360.86,51759.46,37158.05,22556.83,9188.57,5267.14
66373.39,51772.0,37170.58,22569.37,9188.71,5267.28
66352.18,51750.78,37149.37,22548.15,9173.76,5267.32
66361.39,51763.4,37165.38,22567.56,9198.41,5282.38
66433.47,51842.28,37251.06,22660.04,9289.3,5313.14
66493.91,52063.95,37633.95,23204.16,9994.64,6067.58
66519.0,52250.26,37981.49,23712.92,10664.62,6801.89
66542.14,52434.62,38327.08,24219.73,11332.66,7538.82
66587.47,52641.17,38694.85,24748.73,12022.88,8296.28
66640.51,52694.21,38747.88,24801.77,12075.91,8296.28
66710.18,52763.88,38817.54,24871.44,12145.58,8296.19
66772.9,52826.6,38880.26,24934.16,12208.3,8296.27
66862.1,52915.81,38969.46,25023.37,12289.01,8297.38
66928.1,52981.81,39035.45,25089.37,12344.54,8298.5
66981.44,53035.14,39088.78,25142.7,12390.81,8299.33
67034.42,53088.12,39141.76,25195.69,12435.99,8300.41
67084.77,53138.47,39192.11,25246.04,12475.25,8301.39
67116.37,53170.06,39223.71,25277.63,12494.48,8301.98
67140.59,53194.28,39247.93,25301.84,12509.63,8302.57
67159.25,53212.94,39266.59,25320.5,12519.72,8303.38
67195.35,53249.03,39302.69,25356.59,12545.1,8303.99
67224.88,53278.57,39332.23,25386.13,12567.5,8304.52
67257.94,53311.63,39365.29,25419.19,12593.76,8305.039999999999
67292.07,53345.77,39399.42,25453.329999999998,12598.05,8305.62
67333.94,53387.64,39441.29,25494.93,12598.57,8306.14
67369.21,53422.909999999996,39476.55,25530.2,12603.28,8306.44
67416.26,53469.97,39523.6,25577.26,12628.2,8306.9
67471.26,53521.57,39571.81,25622.06,12655.58,8292.06
67515.11,53568.82,39622.46,25676.11,12705.84,8308.01
67569.74,53623.44,39677.09,25730.73,12755.28,8307.83
67599.9,53814.83,40029.7,26244.57,13425.68,9039.8
67654.7,54030.85,40406.95,26783.04,14122.73,9800.04
67704.8,54080.96,40457.05,26833.15,14172.83,9800.06
67753.22,54129.38,40505.47,26881.58,14221.25,9800.01
67801.45,54177.61,40553.69,26929.81,14264.58,9799.9
67848.05,54220.81,40593.49,26966.21,14291.77,9784.72
67912.16,54284.909999999996,40657.6,27030.31,14342.55,9785.43
67966.62,54339.36,40712.06,27084.76,14386.12,9786.38
68000.92,54373.65,40746.35,27119.05,14406.72,9787.78
68055.67,54428.39,40801.09,27173.8,14443.75,9788.77
68100.11,54472.84,40845.53,27218.25,14469.71,9789.89
68140.47,54513.19,40885.88,27258.6,14491.41,9790.75
68192.02,54564.75,40937.43,27310.16,14525.03,9791.58
68224.58,54597.3,40969.99,27342.71,14547.61,9792.4
68249.29,54622.01,40994.7,27367.41,14565.34,9793.26
68281.98,54654.7,41027.39,27400.1,14591.85,9794.21
68289.55,54662.26,41034.96,27407.66,14597.7,9795.0
68271.49,54644.21,41016.9,27389.6,14598.28,9795.58
68291.33,54664.04,41036.74,27409.43,14599.09,9796.39
68307.06,54679.77,41052.48,27425.16,14599.97,9797.27
68333.59,54706.3,41079.01,27451.69,14600.93,9798.23
68372.82,54745.53,41118.24,27490.92,14630.88,9799.36
68419.75,54792.46,41165.17,27537.85,14669.68,9799.62
68464.16,54836.87,41209.58,27582.25,14709.22,9800.01
68548.89,54921.59,41294.3,27666.97,14793.94,9799.68
68616.5,54989.2,41361.909999999996,27734.58,14861.56,9799.61
68680.52,55053.22,41425.93,27798.6,14925.58,9799.41
68732.05,55104.75,41477.47,27850.13,14977.11,9799.1
68764.04,55136.74,41509.46,27882.12,15009.11,9798.9
68821.89,55194.6,41567.32,27939.97,15066.97,9798.26
68847.04,55219.75,41592.47,27965.11,15092.12,9798.44
68830.68,55203.38,41576.1,27948.74,15075.75,9798.54
68822.18,55194.89,41567.61,27940.25,15067.26,9798.68
68813.36,55186.06,41558.79,27931.43,15058.44,9798.64
68785.35,55158.05,41530.79,27903.42,15033.93,9798.42
68769.94,55142.65,41515.39,27888.02,15025.86,9798.42
68766.1,55138.82,41511.56,27884.19,15029.44,9798.83
68756.38,55129.09,41501.84,27874.46,15025.77,9799.09
68734.01,55106.72,41479.46,27852.09,15012.04,9799.22
68703.88,55076.6,41449.34,27821.96,14990.64,9799.2
68670.99,55043.71,41416.45,27789.079999999998,14966.48,9799.25
68629.16,55001.88,41374.62,27747.25,14945.83,9799.23
68604.58,54977.3,41350.04,27722.67,14945.78,9799.18
68609.72,54982.44,41355.17,27727.81,14945.95,9799.35
68572.23,54944.96,41317.68,27690.33,14937.24,9799.26
68510.94,54883.67,41256.39,27629.04,14888.23,9798.85
68499.01,54871.729999999996,41244.46,27617.11,14878.44,9798.89
68468.37,55002.31,41536.27,28070.14,15492.7,10531.9
68469.94,55165.1,41860.29,28555.38,16139.16,11272.83
68446.91,55303.29,42159.7,29016.02,16761.02,12012.93
68437.82,55132.97,41828.16,28523.25,16107.03,11242.87
68426.36,55121.51,41816.7,28511.79,16095.57,11231.41
68414.26,54948.19,41482.16,28016.02,15438.58,10461.51
68404.23,54776.94,41149.68,27522.32,14783.66,9704.47
68402.24,54771.54,41140.89,27510.12,14768.06,9688.68
68398.2,54764.1,41130.05,27495.88,14750.42,9672.69
68411.17,54777.06,41143.02,27508.85,14763.39,9672.43
68415.71,54784.99,41154.35,27523.58,14781.52,9687.88
68413.93000000001,54786.61,41159.37,27532.0,14793.34,9703.17
68411.84,54784.52,41157.29,27529.91,14793.75,9703.01
68423.83,54796.51,41169.28,27541.9,14803.0,9702.9
68397.43000000001,54770.11,41142.89,27515.5,14780.93,9702.73
68377.79,54750.46,41123.25,27495.85,14762.4,9702.23
68355.87,54728.55,41101.33,27473.94,14743.2,9701.63
68362.01,54738.09,41114.27,27490.29,14762.18,9715.89
68362.75,54742.22,41121.81,27501.23,14775.46,9729.17
68361.82,54744.69,41127.68,27510.49,14788.54,9742.25
68360.03,54746.29,41132.69,27518.9,14801.71,9755.42
68340.33,54726.59,41112.99,27499.2,14797.94,9755.27
68343.14,54726.0,41109.01,27491.81,14787.08,9740.18
68318.19,54694.24,41070.45,27446.45,14734.92,9708.98
68288.71,54503.54,40718.53,26933.3,14060.55,8954.45
68276.07,54329.67,40383.44,26436.99,13403.01,8220.21
68281.32,54173.7,40066.25,25958.57,12763.37,7483.12
68257.98,53989.14,39720.47,25451.56,12095.14,6725.69
68231.65,53962.81,39694.14,25425.23,12068.81,6725.77
68207.51,53938.67,39670.0,25401.09,12044.67,6725.85
68163.4,53894.57,39625.89,25356.98,12000.56,6725.89
68157.89,53889.05,39620.38,25351.46,11995.05,6725.61
68151.95,53883.1,39614.44,25345.52,11989.1,6725.44
68166.01,53897.159999999996,39628.5,25359.58,12003.16,6725.09
68164.6,53895.75,39627.09,25358.16,12001.75,6724.3
68135.47,53866.61,39597.96,25329.03,11973.08,6723.4
68120.35,53851.49,39582.84,25313.91,11962.87,6722.61
68097.5,53828.65,39559.99,25291.07,11946.1,6721.76
68050.97,53782.13,39513.46,25244.55,11910.09,6720.54
67982.04,53713.21,39444.53,25175.63,11857.93,6720.0199999999995
67924.36,53655.53,39386.85,25117.95,11810.19,6719.54
67867.97,53599.13,39330.46,25061.55,11767.85,6718.87
67852.55,53583.7,39315.04,25046.13,11763.88,6718.61
67833.5,53564.64,39295.99,25027.08,11763.78,6718.51
67796.32,53527.46,39258.81,24989.9,11759.2,6718.34
67731.57,53462.71,39194.07,24925.15,11734.4,6718.0
67668.91,53403.45,39138.2,24872.69,11695.0,6733.05
67600.49,53335.04,39069.78,24804.28,11627.78,6732.58
67530.09,53268.04,39006.18,24744.08,11570.98,6748.22
67509.04,53085.77,38662.69,24239.36,10905.039999999999,6016.62
67496.41,52911.92,38327.61,23743.06,10247.51,5256.32
67487.77,52903.28,38318.97,23734.42,10238.88,5256.3
67483.39,52898.9,38314.59,23730.03,10234.5,5256.23
67492.74,52908.24,38323.94,23739.38,10243.84,5256.08
67485.58,52901.07,38316.78,23732.22,10236.68,5256.23
67464.58,52876.67,38288.98,23701.02,10202.08,5240.78
67436.71,52848.8,38261.11,23673.16,10174.21,5239.95
67425.81,52837.909999999996,38250.21,23662.27,10163.31,5238.81
67421.84,52833.95,38246.25,23658.3,10159.35,5238.18
67436.12,52848.23,38260.54,23672.579999999998,10173.64,5237.7699999999995
67448.39,52860.51,38272.81,23684.86,10185.91,5237.91
67429.96,52842.07,38254.38,23666.43,10170.36,5238.14
67424.7,52836.81,38249.12,23661.17,10165.04,5238.09
67391.11,52803.22,38215.53,23627.59,10136.63,5237.48
67363.28,52775.4,38187.7,23599.77,10112.51,5236.49
67362.24,52774.36,38186.66,23598.74,10109.69,5235.81
67387.79000000001,52799.909999999996,38212.21,23624.29,10109.56,5235.68
67362.69,52774.82,38187.11,23599.2,10109.1,5235.22
67330.47,52742.59,38154.88,23566.97,10108.52,5234.64
67288.76,52700.87,38113.17,23525.25,10107.77,5233.89
67232.01,52644.13,38056.42,23468.51,10068.95,5232.87
67171.86,52583.979999999996,37996.26,23408.36,10017.039999999999,5233.1
67113.07,52525.2,37937.47,23349.579999999998,9962.64,5233.13
67066.44,52478.57,37890.84,23302.95,9916.01,5232.93
67015.91,52428.03,37840.31,23252.41,9865.47,5232.82
66977.92,52390.04,37802.32,23214.42,9827.47,5232.74
66938.15,52350.27,37762.54,23174.65,9787.69,5232.71
66903.55,52315.67,37727.94,23140.05,9753.08,5232.67
66856.91,52269.03,37681.29,23093.41,9706.43,5232.87
66812.09,52224.21,37636.47,23048.59,9661.61,5232.12
66811.12,52223.24,37635.5,23047.62,9660.64,5231.58
66795.83,52207.94,37620.2,23032.32,9645.34,5231.09
66790.82,52202.93,37615.19,23027.31,9640.33,5230.58
66801.07,52213.17,37625.43,23037.56,9647.07,5230.28
66806.08,52218.18,37630.44,23042.57,9644.75,5229.85
66810.07,52222.17,37634.42,23046.56,9636.76,5229.34
66806.35,52218.46,37630.7,23042.85,9621.95,5228.89
66799.64,52211.74,37623.99,23036.13,9609.64,5228.41
66808.63,52220.72,37632.97,23045.12,9614.01,5227.74
66810.17,52222.27,37634.51,23046.66,9614.13,5226.82
66807.38,52219.49,37631.72,23043.88,9613.6,5226.29
66792.16,52204.28,37616.5,23028.67,9613.12,5225.81
66752.31,52164.43,37576.65,22988.82,9612.43,5225.12
66735.51,52147.62,37559.85,22972.01,9611.85,5224.54
66720.66,52129.37,37538.2,22946.96,9584.789999999999,5210.07
66681.27,52086.58,37492.01,22897.37,9540.52,5195.11
66610.14,51854.22,37098.43,22342.57,8832.92,4463.14
66563.97,51646.82,36729.81,21812.73,8144.32,3722.1
66522.29,51443.91,36365.68,21287.37,7460.35,2982.11
66456.03,51377.65,36299.42,21221.12,7401.49,2982.19
66397.71,51158.11,35918.66,20679.13,6705.91,2223.06
66341.76,51102.15,35862.7,20623.17,6661.66,2222.9
66275.63,51036.02,35796.58,20557.04,6611.88,2222.98
66209.37,50969.77,35730.32,20490.79,6565.28,2222.25
66150.53,50910.93,35671.47,20431.95,6523.19,2221.93
66093.79,50850.8,35607.94,20365.01,6467.34,2205.89
66057.42,50811.03,35564.77,20318.44,6427.46,2189.79
66043.15,50793.35,35543.7,20293.96,6409.99,2174.17
66036.91,50787.1,35537.45,20287.72,6414.75,2174.09
66027.44,50777.64,35527.98,20278.26,6416.96,2173.74
66045.85,50796.05,35546.39,20296.67,6442.79,2173.13
66063.25,50813.46,35563.79,20314.079999999998,6468.36,2173.2
66084.01,50834.21,35584.55,20334.83,6494.07,2173.16
66095.61,50842.42,35589.35,20336.23,6497.7,2158.53
66084.35,50827.76,35571.29,20320.15,6484.04,2144.87
66074.89,50814.9,35555.03,20307.7,6470.66,2131.49
66060.15,50796.76,35533.49,20289.15,6457.12,2117.95
66046.26,50782.88,35519.6,20279.82,6456.75,2117.58
66000.5,50740.52,35480.63,20244.26,6451.36,2132.0
65943.75,50687.18,35430.68,20197.72,6435.72,2146.59
65897.97,50644.79,35391.69,20162.13,6422.46,2161.76
65866.55,50613.37,35360.27,20130.7,6409.06,2161.77
65816.6,50566.82,35317.11,20090.95,6390.04,2177.57
65802.5,50552.72,35303.0,20076.85,6388.0199999999995,2177.36
65779.95,50530.16,35280.45,20054.29,6379.62,2177.12
65761.14,50511.35,35261.64,20035.48,6373.42,2176.87
65770.59,50520.8,35271.1,20044.93,6396.81,2176.53
65757.05,50503.87,35250.77,20021.2,6381.55,2160.64
65771.67,50518.5,35265.39,20035.82,6404.7,2160.49
65749.08,50495.909999999996,35242.8,20013.24,6387.19,2160.42
65750.08,50496.92,35243.8,20014.25,6391.91,2160.7
65783.33,50530.17,35277.05,20047.5,6427.85,2161.12
65797.96,50544.81,35291.68,20062.14,6449.13,2161.53
65800.3,50547.14,35294.02,20064.48,6462.5,2162.02
65819.14,50565.98,35312.86,20083.32,6490.61,2162.54
65873.95,50620.79,35367.67,20138.13,6545.49,2162.57
65925.5,50672.34,35419.21,20189.68,6601.1,2162.57
65980.52,50727.37,35474.23,20244.71,6654.11,2162.79
65977.47,50724.32,35471.18,20246.13,6654.21,2162.7
65975.56,50722.42,35469.27,20250.88,6653.9,2162.39
65977.8,50724.65,35471.51,20258.18,6653.7,2162.19
65996.45,50743.29,35490.15,20278.16,6662.3,2161.79
65995.49,50742.33,35489.19,20277.2,6677.88,2161.6
65983.9,50727.33,35470.8,20255.4,6675.69,2146.68
65989.74,50729.77,35469.840000000004,20251.05,6686.5199999999995,2131.36
65999.42,50739.44,35479.51,20260.72,6709.49,2130.77
65983.25,50723.27,35463.340000000004,20244.55,6704.0199999999995,2130.72
65957.18000000001,50697.2,35437.27,20218.48,6688.58,2130.7
65926.04,50666.07,35406.13,20187.35,6667.85,2130.72
65895.71,50635.74,35375.8,20157.01,6647.45,2130.67
65886.58,50626.61,35366.67,20147.87,6649.97,2130.38
65873.42,50616.86,35360.31,20144.92,6666.41,2145.84
65855.79,50599.24,35342.68,20127.29,6663.47,2146.74
65858.6,50602.05,35345.49,20130.1,6677.49,2147.81
65856.9,50600.35,35343.79,20128.4,6687.09,2148.59
65839.62,50583.07,35326.5,20111.12,6683.25,2148.86
65827.23,50570.67,35314.11,20098.73,6687.18,2148.87
65837.83,50581.28,35324.71,20109.33,6712.42,2148.75
65841.6,50585.05,35328.48,20113.11,6728.82,2148.84
65869.2,50612.65,35356.08,20140.71,6762.86,2149.36
65870.19,50613.64,35357.08,20141.7,6775.09,2149.82
65865.53,50608.99,35352.43,20137.04,6784.74,2149.93
65861.14,50604.6,35348.04,20137.22,6788.07,2150.13
65902.7,50646.15,35389.6,20181.82,6795.71,2150.63
65926.07,50669.53,35412.97,20210.85,6796.0199999999995,2150.94
65962.65,50706.11,35449.55,20248.84,6802.33,2151.69
66005.03,50748.48,35491.93,20291.21,6853.9,2152.69
66048.09,50791.54,35534.99,20334.27,6914.31,2152.21
66100.73,50844.18,35587.63,20386.91,6982.96,2151.74
66121.62,50865.08,35608.52,20407.81,7014.65,2151.89
66136.83,50880.3,35623.73,20423.03,7039.86,2152.11
66150.91,50894.38,35637.81,20437.11,7061.74,2152.17
66166.1,51070.79,35975.45,20935.97,7721.83,2898.8199999999997
66178.96,51244.87,36310.76,21432.5,8379.59,3644.6
66189.49,51416.62,36643.74,21926.7,9035.02,4377.19
66205.14,51432.28,36659.4,21942.36,9064.92,4378.2
66181.15,51411.69,36642.21,21928.57,9071.46,4394.11
66207.82,51438.36,36668.88,21955.239999999998,9105.29,4394.37
66224.09,51454.64,36685.15,21971.51,9129.99,4394.95
66242.65,51473.21,36703.71,21990.07,9156.55,4395.51
66271.22,51501.77,36732.27,22018.63,9196.7,4396.28
66294.6,51525.15,36755.65,22042.01,9237.39,4397.32
66330.72,51561.26,36791.77,22078.13,9287.61,4397.89
66374.47,51605.02,36835.53,22121.89,9339.15,4398.51
66408.91,51639.47,36869.97,22156.329999999998,9379.45,4399.36
66430.3,51660.86,36891.36,22177.72,9407.95,4400.15
66440.11,51670.67,36901.17,22190.26,9412.43,4400.72
66462.19,51692.74,36923.25,22217.55,9412.99,4401.28
66495.2,51725.74,36956.26,22253.36,9415.95,4401.97
66530.61,51761.16,36991.68,22288.9,9429.16,4402.74
66566.16,51803.5,37040.83,22344.85,9505.19,4432.67
66615.3,51859.44,37103.57,22414.39,9588.38,4463.4
66669.09,52074.46,37479.81,22951.85,10278.64,5178.03
66691.53,52258.13,37824.7,23457.96,10943.51,5895.34
66741.97,52469.8,38197.59,23992.079999999998,11636.24,6644.09
66799.1,52526.94,38254.73,24049.21,11685.98,6643.7699999999995
66847.1,52574.94,38302.72,24097.21,11726.34,6643.62
66896.38,52624.23,38352.0,24146.5,11763.91,6643.48
66938.4,52666.25,38394.01,24188.52,11795.1,6643.45
66962.29,52686.73,38411.1,24202.2,11799.18,6628.71
66971.92,52696.36,38420.73,24211.829999999998,11807.79,6628.88
66999.45,52723.89,38448.26,24239.36,11830.86,6629.28
67020.94,52745.38,38469.75,24260.86,11848.61,6629.63
67033.48,52757.93,38482.29,24273.41,11856.86,6629.76
67050.61,52775.06,38499.42,24290.53,11868.08,6629.96
67067.16,52791.61,38515.97,24307.079999999998,11881.58,6630.53
67088.73,52813.17,38537.53,24328.64,11901.17,6631.15
67104.12,52828.55,38552.92,24344.02,11916.51,6631.44
67108.4,52832.84,38557.2,24348.31,11922.65,6632.08
67108.1,52832.54,38556.9,24348.01,11924.78,6632.49
67142.42,52866.86,38591.22,24376.94,11940.5,6633.0199999999995
67172.15,52896.6,38620.95,24401.56,11945.89,6633.49
67200.01,52924.46,38648.81,24425.42,11949.94,6634.02
67240.32,52964.77,38689.13,24461.18,11972.69,6634.63
67287.22,53011.67,38736.03,24508.079999999998,12010.58,6635.32
67344.34,53065.39,38786.35,24555.0,12042.15,6620.44
67379.1,53096.75,38814.31,24579.57,12051.88,6605.2
67432.24,53149.89,38867.45,24632.72,12088.13,6604.73
67489.18000000001,53364.65,39240.04,25163.13,12759.03,7338.26
67520.21,53395.68,39271.07,25194.16,12777.97,7338.25
67557.38,53432.86,39308.24,25231.34,12801.0,7338.21
67589.42,53464.9,39340.28,25263.38,12820.42,7338.18
67595.35,53470.83,39346.2,25269.31,12817.18,7338.55
67591.39,53470.27,39349.03,25275.55,12820.99,7354.7
67575.12,53453.99,39332.76,25259.28,12802.51,7355.0
67569.82,53448.7,39327.46,25253.98,12796.87,7355.72
67568.1,53446.98,39325.75,25252.26,12793.87,7356.18
67562.17,53441.06,39319.82,25246.329999999998,12788.9,7356.6
67574.9,53453.79,39332.56,25259.06,12798.96,7356.96
67608.23,53487.12,39365.89,25292.38,12823.82,7357.24
67640.25,53519.14,39397.91,25324.4,12846.86,7357.92
67653.9,53532.79,39411.56,25338.05,12854.37,7358.44
67653.95,53532.83,39411.61,25338.09,12853.2,7358.81
67664.69,53543.56,39422.35,25348.829999999998,12860.74,7359.03
67669.38,53548.26,39427.04,25352.73,12864.64,7359.41
67709.66,53588.53,39467.32,25386.38,12888.62,7359.69
67742.12,53621.0,39499.79,25413.88,12910.81,7359.88
67776.51,53655.4,39534.18,25446.94,12940.42,7360.37
67804.6,53683.48,39562.27,25475.03,12967.78,7360.64
67832.58,53714.87,39597.05,25513.22,13003.87,7375.44
67838.02,53723.71,39609.29,25528.86,13016.22,7390.55
67828.75,53714.45,39600.02,25519.6,13001.29,7390.54
67825.05,53710.75,39596.32,25515.9,12990.33,7390.6
67841.73,53727.42,39613.0,25532.57,12996.37,7390.62
67860.16,53745.84,39631.43,25550.99,13004.39,7390.68
67878.02,53924.93,39971.74,26052.53,13657.22,8143.72
67865.06,53918.77,39972.38,26059.97,13666.94,8175.63
67862.73,53916.43,39970.05,26057.64,13660.26,8176.01
67859.97,53913.67,39967.29,26054.88,13653.67,8175.92
67857.2,53910.9,39964.53,26052.11,13646.35,8176.07
67862.4,53916.1,39969.72,26057.31,13644.42,8176.1
67873.57,53927.26,39980.89,26068.47,13649.7,8176.21
67885.08,53938.78,39992.4,26079.98,13656.89,8176.26
67901.73,53955.43,40009.05,26096.63,13668.77,8176.39
67912.81,53966.51,40020.13,26107.71,13677.5,8176.46
67928.93,53982.64,40036.25,26123.829999999998,13691.32,8176.76
67971.11,54024.81,40078.42,26166.01,13726.16,8177.3
68007.77,54061.47,40115.07,26202.67,13755.79,8177.94
68009.11,54062.8,40116.409999999996,26203.17,13756.3,8178.03
68011.85,54065.54,40119.15,26205.17,13758.3,8178.18
68040.98,54094.67,40148.29,26228.81,13774.55,8178.64
68057.32,54111.01,40164.63,26243.75,13787.78,8178.8
68078.11,54131.8,40185.42,26264.54,13804.08,8178.97
68085.62,54139.3,40192.93,26272.04,13805.62,8178.72
68100.68,54154.36,40207.99,26287.1,13813.15,8178.26
68083.37,54137.04,40190.68,26269.79,13796.82,8178.26
68072.74,54126.4,40180.05,26259.15,13780.75,8178.2300000000005
68069.58,54123.24,40176.89,26255.99,13771.1,8178.35
68070.85,53963.29,39855.71,25773.59,13127.53,7431.88
68074.35,53805.56,39536.76,25293.41,12486.130000000001,6686.24
68086.17,53656.16,39226.13,24821.56,11853.92,5953.58
68063.33,53633.32,39203.28,24798.72,11830.130000000001,5953.35
68054.89,53621.49,39188.05,24780.09,11806.43,5937.65
68029.48,53599.48,39169.44,24764.88,11799.3,5953.53
68025.5,53598.9,39172.26,24771.1,11809.54,5969.54
68020.03,53596.83,39173.59,24775.83,11819.73,5985.39
68014.98,53595.18,39175.34,24780.98,11827.64,6001.17
68027.32,53607.51,39187.68,24793.32,11834.74,6001.07
68022.43,53602.63,39182.79,24788.43,11830.97,6001.33
68014.11,53594.31,39174.46,24780.11,11824.52,6001.31
68016.84,53597.03,39177.19,24782.83,11827.47,6001.26
68031.11,53611.29,39191.46,24797.1,11841.27,6001.33
68056.42,53636.6,39216.78,24819.68,11863.34,6001.48
68070.24,53650.42,39230.6,24831.98,11869.61,6001.5
68069.39,53649.58,39229.75,24832.49,11870.12,6001.15
68057.58,53637.77,39217.93,24824.2,11861.82,6000.6
68053.83,53630.62,39207.38,24810.24,11843.65,5985.0
68036.21,53606.21,39176.16,24772.22,11800.89,5953.62
68031.28,53440.06,38848.78,24283.62,11160.51,5238.12
68034.69,53282.24,38529.74,23803.36,10525.37,4520.49
68013.22,53099.54,38185.82,23298.22,9861.61,3771.59
67996.13,53082.45,38168.72,23281.13,9844.51,3771.92
68001.83,53088.15,38174.42,23286.83,9850.210000000001,3772.11
68010.89,53097.21,38183.49,23295.89,9859.28,3772.2400000000002
68045.26,53131.58,38217.86,23330.26,9888.13,3771.89
68067.57,53157.29,38246.97,23362.77,9910.59,3787.12
68117.95,53207.67,38297.36,23413.15,9945.24,3787.1
68144.99,53234.7,38324.39,23440.19,9962.25,3787.19
68168.73,53258.45,38348.13,23463.93,9979.65,3787.4100000000003
68193.47,53283.19,38372.87,23488.67,9998.27,3787.58
68217.97,53307.7,38397.37,23513.18,10015.17,3787.76
68244.89,53334.61,38424.29,23540.1,10028.0,3787.9100000000003
68254.75,53344.48,38434.16,23549.97,10019.28,3788.25
68258.24,53347.97,38437.65,23553.46,10004.460000000001,3788.5
68259.39,53349.11,38438.8,23554.6,9991.17,3788.55
68277.8,53367.51,38457.21,23573.0,10000.94,3788.48
68285.55,53375.27,38464.96,23580.76,10005.43,3788.48
68281.47,53371.18,38460.88,23574.79,10000.52,3788.4900000000002
68292.5,53382.22,38471.91,23583.43,10006.12,3788.51
68295.11,53384.83,38474.51,23586.04,10002.98,3788.29
68298.98,53388.69,38478.38,23589.91,9996.34,3788.06
68301.96,53391.67,38481.36,23592.89,9993.95,3787.9700000000003
68325.49,53415.21,38504.89,23616.42,10012.99,3787.5
68293.21,53382.93,38472.61,23584.13,9987.84,3787.9900000000002
68271.92,53200.42,38128.87,23079.17,9326.25,3038.8
68256.55,53185.05,38113.5,23063.8,9314.24,3038.9100000000003
68244.08,53172.57,38101.03,23051.32,9304.34,3039.03
68219.83,53148.32,38076.78,23027.07,9284.97,3039.4
68202.03,53130.51,38058.98,23009.27,9272.46,3039.7000000000003
68155.56,53084.03,38012.51,22962.79,9237.25,3039.5
68115.01,53043.49,37971.96,22922.24,9206.03,3039.2400000000002
68121.63,53053.5,37985.38,22939.05,9226.62,3054.88
68124.02,53059.29,37994.56,22951.64,9243.64,3070.96
68132.55,53071.22,38009.89,22970.37,9264.92,3087.13
68144.25,53086.32,38028.39,22992.27,9285.76,3103.38
68160.94,53106.42,38051.89,23019.170000000002,9311.45,3119.67
68168.46,53113.93,38059.41,23026.68,9315.37,3119.75
68171.19,53116.66,38062.14,23029.41,9316.52,3119.88
68163.89,53109.37,38054.85,23022.12,9311.36,3119.89
68151.73,53097.22,38042.7,23009.96,9302.57,3119.96
68157.32,53106.2,38055.09,23024.05,9320.07,3133.78
68134.98,53083.87,38032.75,23004.23,9300.26,3133.85
68120.7,53066.18,38011.66,22980.7,9273.32,3119.85
68079.25,53021.33,37963.42,22930.88,9223.539999999999,3105.7
68054.69,52993.37,37932.06,22896.11,9186.27,3090.91
68041.2,52976.48,37911.77,22872.420000000002,9159.04,3076.2000000000003
68046.74,52978.63,37910.51,22867.760000000002,9147.9,3061.34
68035.02,52966.91,37898.8,22856.04,9135.17,3061.9900000000002
68029.59,52961.47,37893.37,22850.61,9128.52,3062.38
68013.58,52945.47,37877.36,22834.61,9112.52,3062.75
67994.77,53087.89,38181.0,23299.48,9738.61,3794.3900000000003
67973.75,53066.87,38159.98,23278.46,9717.59,3773.37
67996.1,53243.65,38491.18,23764.09,10350.51,4473.75
67993.85,53238.01,38482.13,23751.64,10333.43,4458.12
67988.58,53236.13,38483.66,23756.57,10341.41,4473.13
68013.8,53264.74,38515.67,23791.98,10374.29,4488.66
68022.46,53276.8,38531.13,23810.84,10393.65,4504.68
68033.36,53291.1,38548.83,23831.94,10413.56,4520.71
68036.7,53297.840000000004,38558.98,23845.48,10427.95,4536.65
68031.8,53296.33,38560.88,23850.77,10436.65,4552.56
68036.67,53304.61,38572.55,23865.84,10453.16,4568.35
68044.11,53312.04,38579.99,23873.28,10458.2,4568.43
68039.03,53306.97,38574.91,23868.2,10454.39,4568.63
68002.87,53270.81,38538.76,23832.04,10424.06,4568.43
68019.91,53287.85,38555.8,23845.4,10437.42,4568.59
68012.59,53283.93,38555.28,23849.02,10444.44,4582.24
67991.55,53266.28,38541.03,23841.71,10442.12,4595.71
67965.25,53243.39,38521.54,23828.96,10436.92,4609.14
67911.85,53189.99,38468.14,23775.57,10393.83,4608.91
67900.25,53178.4,38456.54,23763.98,10385.43,4609.27
67860.73,53138.88,38417.02,23724.46,10351.24,4610.08
67844.97,53123.12,38401.26,23708.69,10332.95,4610.65
67834.17,53112.33,38390.46,23697.9,10323.77,4611.1
67827.41,53105.57,38383.7,23691.14,10317.16,4611.2
67816.11,53094.270000000004,38372.41,23679.84,10307.19,4611.3
67795.82,53073.99,38352.12,23659.56,10291.01,4611.58
67767.78,53045.94,38324.08,23631.510000000002,10268.72,4612.12
67783.29,53064.840000000004,38346.39,23657.22,10294.52,4627.53
67793.64,53078.590000000004,38363.53,23677.77,10313.55,4642.79
67798.84,53083.8,38368.74,23682.98,10311.44,4642.76
67799.63,53084.58,38369.53,23683.760000000002,10307.77,4642.65
67803.42,53084.97,38366.52,23677.35,10294.56,4626.88
67804.53,53082.69,38360.83,23668.27,10282.87,4611.18
67804.5,53082.67,38360.8,23668.24,10283.75,4611.18
67794.87,53073.03,38351.17,23658.61,10274.74,4610.89
67787.36,53065.52,38343.66,23651.1,10268.34,4610.87
67782.32,53060.49,38338.63,23646.07,10263.65,4611.0
67748.9,53027.08,38305.21,23612.65,10234.39,4610.83
67711.55,52989.73,38267.85,23579.46,10208.36,4610.63
67706.25,52984.44,38262.55,23573.61,10202.51,4610.68
67707.81,52989.4,38270.92,23583.260000000002,10215.56,4624.71
67701.27,52986.25,38271.18,23586.24,10224.83,4638.67
67667.43,52955.81,38244.14,23562.6,10210.19,4653.08
67671.04,53120.64,38570.2,24049.88,10838.93,5340.09
67661.43,53272.25,38883.04,24523.94,11464.77,6041.05
67638.64,53410.69,39182.7,24984.82,12080.53,6739.3
67634.38,53567.66,39500.89,25464.23,12718.56,7462.47
67628.43,53561.71,39494.94,25458.28,12715.98,7462.54
67622.16,53555.44,39488.68,25452.010000000002,12709.72,7462.47
67603.95,53537.23,39470.46,25433.8,12692.3,7462.5
67551.54,53484.81,39418.05,25381.38,12647.64,7463.08
67528.51,53458.39,39388.22,25348.16,12620.94,7447.81
67484.07,53413.94,39343.77,25303.71,12586.26,7447.6900000000005
67452.1,53381.98,39311.8,25271.74,12562.43,7447.61
67416.44,53346.31,39276.14,25236.07,12534.49,7447.14
67380.46,53310.33,39240.16,25200.09,12508.99,7446.72
67338.17,53268.03,39197.87,25157.79,12480.06,7446.16
67312.42,53242.29,39172.13,25132.04,12469.34,7445.75
67298.8,53228.66,39158.5,25118.420000000002,12474.42,7445.29
67280.4,53210.26,39140.1,25100.02,12474.92,7445.07
67252.2,53182.07,39111.9,25071.83,12465.27,7444.81
67201.38,53131.26,39061.090000000004,25021.02,12427.86,7444.56
67165.68000000001,53095.55,39025.39,24990.25,12407.95,7444.33
67163.34,53093.22,39023.05,24991.03,12407.92,7444.3
67155.75,53085.63,39015.46,24985.08,12405.02,7444.32
67138.49,53071.77,39005.0,24978.49,12409.66,7458.37
67096.11,53032.79,38969.42,24946.31,12395.97,7472.96
67083.68000000001,53181.58,39279.44,25417.55,13018.25,8166.72
67046.28,53305.4,39564.49,25863.82,13622.74,8867.42
67037.07,53296.19,39555.28,25854.61,13614.03,8867.65
67026.1,53285.22,39544.32,25843.64,13604.1,8867.88
67024.46,53283.58,39542.68,25842.0,13601.36,8867.93
67019.39,53278.51,39537.61,25836.94,13595.93,8868.0
67016.75,53275.86,39534.97,25834.29,13592.550000000001,8867.960000000001
67027.06,53286.18,39545.28,25844.6,13599.36,8867.74
67048.02,53303.74,39559.44,25855.36,13601.81,8852.61
67076.06,53331.78,39587.49,25883.4,13624.3,8852.41
67056.93000000001,53309.25,39561.56,25854.08,13595.380000000001,8836.380000000001
67036.44,53285.36,39534.270000000004,25823.39,13564.58,8820.24
67015.56,53261.08,39506.590000000004,25792.31,13533.02,8803.83
66996.89,53239.01,39481.11,25763.44,13502.47,8787.54
66983.6,53222.31,39461.01,25739.95,13475.710000000001,8771.25
66987.41,53226.12,39464.82,25743.760000000002,13477.7,8770.92
66982.43000000001,53221.13,39459.840000000004,25738.77,13473.03,8770.91
66982.89,53221.59,39460.29,25739.23,13468.85,8771.14
66952.12,53190.81,39429.51,25708.46,13440.460000000001,8770.98
66930.93000000001,53169.63,39408.33,25689.78,13432.48,8770.39
66916.04,53158.14,39400.24,25686.97,13442.08,8783.81
66899.74,53148.65,39397.54,25693.46,13460.6,8811.39
66913.79,53169.5,39425.18,25726.08,13497.6,8839.53
66899.42,53155.14,39410.81,25711.72,13486.1,8839.960000000001
66911.28,53166.99,39422.67,25723.57,13497.84,8839.76
66907.96,53163.67,39419.35,25720.25,13500.45,8839.69
66906.06,53161.77,39417.45,25718.35,13506.8,8839.7
66890.52,53307.46,39724.36,26186.48,14133.94,9546.13
66887.35,53465.51,40043.64,26666.98,14775.66,10273.49
66887.7,53465.86,40043.99,26667.33,14776.01,10273.84
66872.46,53450.62,40028.75,26652.09,14760.77,10258.6
66846.85,53263.79,39680.69,26142.81,14102.66,9526.789999999999
66856.92,53273.85,39690.76,26152.88,14115.51,9526.48
66859.13,53272.67,39686.17,26144.89,14108.37,9511.01
66833.61,53243.76,39653.85,26109.18,14080.44,9495.03
66815.2,53221.94,39628.64,26080.57,14059.64,9479.1
66807.63,53210.97,39614.27,26062.81,14046.93,9463.21
66801.25,53201.19,39601.08,26046.23,14030.8,9447.36
66791.94,53188.479999999996,39584.97,26026.73,14007.62,9431.03
66760.59,53153.72,39546.82,25985.170000000002,13963.52,9413.97
66748.85,53141.979999999996,39535.08,25973.43,13950.24,9412.63
66719.78,53112.9,39506.01,25944.36,13924.35,9410.89
66720.51,53113.62,39506.73,25945.08,13921.22,9409.77
66700.98,53094.09,39487.2,25926.24,13904.11,9409.41
66687.87,53077.58,39467.29,25902.83,13887.76,9395.42
66691.16,53077.479999999996,39463.79,25892.79,13873.49,9381.15
66700.5,53080.01,39459.52,25878.38,13849.16,9353.07
66732.09,53108.21,39484.32,25899.77,13858.960000000001,9338.1
66741.96,53118.07,39494.19,25909.63,13867.539999999999,9337.92
66747.51,53123.62,39499.74,25915.18,13873.74,9337.68
66711.02,53087.13,39463.25,25878.7,13848.54,9337.539999999999
66671.8,53047.909999999996,39424.03,25839.48,13820.83,9337.539999999999
66644.99,53021.1,39397.22,25812.670000000002,13799.19,9337.91
66642.43000000001,53018.53,39394.65,25810.1,13796.95,9337.84
66654.14,53030.229999999996,39406.36,25821.8,13804.83,9337.68
66659.75,53035.85,39411.97,25827.420000000002,13807.57,9337.62
66669.44,53199.97,39730.51,26300.38,14424.97,10012.55
66705.94,53236.46,39767.01,26336.87,14453.48,10013.51
66730.15,53260.67,39791.22,26361.08,14473.7,10013.56
66740.75,53267.88,39795.02,26361.49,14467.9,9997.64
66750.63,53277.76,39804.9,26371.37,14473.41,9997.56
66764.14,53291.27,39818.41,26384.88,14478.07,9997.39
66781.3,53308.42,39835.57,26402.03,14483.47,9997.27
66808.76,53335.89,39863.04,26429.49,14495.24,9997.56
66841.49,53368.62,39895.77,26462.22,14510.23,9997.73
66866.31,53393.44,39920.58,26487.04,14521.64,9997.8
66901.55,53432.08,39962.63,26532.48,14557.18,10013.039999999999
66919.21,53449.74,39980.3,26545.98,14562.58,10013.23
66908.32,53438.85,39969.41,26534.22,14562.14,10013.14
66897.29,53424.42,39951.57,26512.48,14546.2,9999.35
66914.15,53437.89,39961.63,26516.18,14541.21,9985.82
66940.9,53461.25,39981.58,26532.74,14550.8,9971.72
66943.49,53302.62,39661.73,26051.66,13930.44,9284.9
66924.8,53122.7,39320.59,25549.3,13287.0,8584.65
66935.91,52972.58,39009.25,25076.73,12666.5,7886.86
66929.36,52804.81,38680.26,24586.51,12027.83,7164.0
66938.31,52974.98,39011.66,25079.13,12678.31,7901.59
66928.03,52964.7,39001.37,25068.85,12676.58,7901.61
66924.09,52960.76,38997.43,25064.91,12680.31,7901.59
66936.1,52972.77,39009.44,25076.93,12699.28,7901.3099999999995
66943.98,52984.05,39024.12,25095.01,12730.49,7916.7699999999995
66949.4,52989.47,39029.54,25100.43,12744.25,7917.11
66961.46,53001.53,39041.6,25112.49,12759.64,7917.2699999999995
66983.21,53023.29,39063.36,25134.25,12778.92,7917.65
66999.85,53039.92,39080.0,25150.88,12791.4,7918.0
67021.46,53061.54,39101.61,25172.5,12806.24,7918.349999999999
67060.9,53100.98,39141.04,25211.94,12834.48,7918.58
67069.08,53109.17,39149.22,25220.12,12836.97,7918.73
67084.23,53124.32,39164.37,25235.28,12848.79,7918.86
67121.07,53161.159999999996,39201.21,25272.12,12878.74,7919.08
67168.69,53208.77,39248.82,25319.73,12918.58,7919.42
67222.11,53262.2,39302.24,25368.22,12956.26,7919.82
67253.49,53293.57,39333.62,25396.28,12982.04,7920.04
67278.2,53321.67,39365.13,25429.54,13016.3,7934.53
67348.4,53391.87,39435.33,25499.27,13075.289999999999,7936.58
67418.41,53458.49,39498.55,25559.08,13123.96,7922.44
67447.65,53326.5,39205.34,25104.64,12525.29,7228.25
67474.06,53191.69,38909.3,24647.38,11921.4,6527.51
67510.92,53228.55,38946.159999999996,24684.25,11953.78,6526.8
67541.03,53258.65,38976.26,24714.36,11978.25,6526.33
67556.64,53274.26,38991.88,24729.97,11991.61,6526.11
67575.96,53293.59,39011.2,24749.29,12008.71,6525.86
67606.49,53324.12,39041.73,24779.82,12035.1,6525.46
67646.4,53525.25,39404.09,25303.4,12713.35,7279.46
67672.93,53713.01,39753.07,25813.61,13372.38,7994.27
67695.47,53735.55,39775.6,25836.15,13395.11,7994.8
67709.65,53749.73,39789.78,25850.33,13408.7,7995.13
67730.76,53770.83,39810.89,25871.43,13427.64,7995.2699999999995
67748.11,53788.17,39828.24,25888.77,13443.23,7995.67
67753.07,53793.12,39833.2,25893.72,13450.6,7995.85
67756.29,53796.35,39836.43,25896.94,13452.16,7995.92
67755.97,53796.03,39836.11,25896.63,13448.53,7995.91
67763.2,53803.26,39843.34,25903.86,13449.93,7995.8099999999995
67780.41,53820.47,39860.55,25921.07,13459.5,7995.7
67838.72,53878.79,39918.86,25979.38,13501.6,7995.97
67904.56,53941.22,39977.89,26030.52,13524.89,7982.89
67965.17,53998.42,40031.7,26076.5,13545.31,7969.83
68021.74,54051.59,40081.48,26119.43,13566.11,7956.62
68089.77,54116.22,40142.71,26177.26,13603.15,7943.08
68176.44,54206.29,40236.18,26274.13,13681.11,7957.7699999999995
68224.24,54254.1,40283.99,26321.94,13712.86,7957.0
68271.87,54301.72,40331.62,26369.56,13745.74,7956.05
68314.62,54344.47,40374.37,26412.31,13773.62,7955.21
68355.43,54224.06,40092.73,25969.45,13169.53,7248.24
68387.0,54094.409999999996,39801.86,25517.35,12556.21,6520.33
68418.56,53964.74,39510.97,25065.24,11942.87,5788.13
68464.06,53849.02,39234.02,24627.07,11343.48,5071.27
68514.18,53899.14,39284.14,24677.19,11381.78,5070.44
68554.79,53939.76,39324.75,24717.8,11415.41,5069.67
68593.03,53978.0,39363.0,24756.04,11445.59,5070.2
68611.13,53996.1,39381.11,24774.14,11456.94,5070.35
68626.65,54011.63,39396.63,24789.66,11465.05,5070.24
68646.5,54031.49,39416.48,24809.51,11479.82,5069.89
68608.27,53993.26,39378.25,24771.28,11453.19,5070.88
68631.32,54016.32,39401.3,24794.33,11466.88,5071.31
68674.73,54059.74,39444.72,24837.75,11497.25,5072.77
68692.31,54077.33,39462.3,24855.33,11507.48,5074.05
68725.78,54110.81,39495.77,24888.8,11529.78,5075.53
68780.13,54165.159999999996,39550.12,24943.15,11569.39,5076.65
68844.07,54229.11,39614.07,25006.35,11616.55,5077.11
68884.81,54269.86,39654.82,25044.15,11636.33,5077.44
68940.3,54325.35,39710.3,25099.079999999998,11677.3,5078.33
69019.88,54408.34,39796.68,25188.86,11752.43,5093.24
69076.43,54468.29,39860.02,25255.61,11807.67,5108.88
69123.66,54518.93,39914.05,25313.05,11847.28,5124.72
69172.88,54571.54,39970.07,25372.46,11891.25,5140.7300000000005
69242.6,54644.67,40046.59,25452.38,11954.03,5156.81
69311.65,54717.12,40122.44,25531.63,12018.99,5173.0
69351.61,54760.48,40169.21,25581.79,12065.93,5189.2
69367.49,54779.77,40191.89,25607.88,12093.7,5205.84
69376.37,54792.05,40207.57,25626.96,12115.9,5222.44
69397.42,54816.49,40235.42,25658.2,12146.8,5238.62
69428.0,54689.25,39950.35,25215.31,11546.09,4548.91
69436.23,54694.09,39951.79,25213.35,11538.37,4533.2
69438.35,54692.81,39947.11,25205.27,11526.36,4517.24
69446.15,54700.6,39954.909999999996,25213.07,11532.37,4517.14
69453.59,54708.03,39962.35,25220.5,11537.52,4516.9800000000005
69459.25,54713.69,39968.01,25226.16,11541.74,4516.900000000001
69461.06,54715.51,39969.82,25227.98,11547.57,4516.83
69471.87,54726.32,39980.63,25238.79,11561.72,4516.36
69486.57,54741.02,39995.33,25253.489999999998,11579.77,4515.89
69496.05,54750.49,40004.81,25262.96,11590.26,4515.41
69515.71,54766.74,40017.659999999996,25272.41,11593.88,4500.21
69547.12,54798.15,40049.06,25303.82,11616.63,4500.24
69605.07,54856.09,40107.01,25359.49,11649.73,4500.4400000000005
69672.16,54923.18,40174.1,25425.04,11692.51,4500.7300000000005
69756.32,55007.33,40258.26,25509.19,11757.86,4501.17
69803.56,55054.56,40305.5,25556.42,11790.32,4501.6900000000005
69837.16,55091.56,40345.89,25600.22,11823.210000000001,4517.56
69884.27,55142.08,40399.8,25657.53,11867.35,4533.25
69903.96,55165.18,40426.29,25687.43,11891.56,4549.33
69916.32,55180.94,40445.44,25709.99,11908.6,4565.54
69910.74,55017.54,40124.21,25230.94,11274.55,3844.26
69906.3,55016.5,40126.58,25236.7,11277.37,3860.86
69899.67,55013.27,40126.75,25240.27,11278.84,3877.46
69906.57,55023.57,40140.45,25257.36,11289.0,3893.7400000000002
69918.43,55035.42,40152.31,25269.21,11286.24,3894.09
69930.18,55047.17,40164.06,25280.97,11284.05,3894.23
69937.39,55054.38,40171.27,25288.18,11280.55,3893.77
69941.57,55058.56,40175.44,25292.36,11279.48,3893.4500000000003
69950.35,55067.35,40184.22,25301.15,11281.94,3893.15
69955.9,55072.89,40189.77,25306.7,11281.44,3892.98
69936.08,55053.07,40169.95,25286.88,11262.42,3892.77
69948.74,55065.73,40182.61,25299.54,11271.99,3892.5
69968.82,55085.81,40202.69,25319.62,11286.2,3892.09
69990.76,55107.75,40224.63,25341.56,11300.23,3891.7000000000003
70019.89,55136.89,40253.76,25370.7,11317.36,3891.68
70047.71,55164.7,40281.58,25398.52,11334.47,3891.77
70068.59,55185.59,40302.46,25419.4,11345.81,3891.4300000000003
70068.59,55182.2,40295.659999999996,25409.21,11325.94,3876.4900000000002
70039.7,55149.9,40259.97,25370.12,11280.62,3859.82
70009.06,55119.26,40229.32,25339.48,11247.14,3858.9500000000003
69984.17,55097.78,40211.24,25324.8,11233.2,3874.48
69952.58,55069.59,40186.45,25303.41,11210.58,3889.82
69908.11,55025.13,40141.98,25258.94,11170.56,3889.76
69855.22,54972.25,40089.1,25206.05,11126.99,3889.7200000000003
69804.82,54921.84,40038.69,25155.65,11083.84,3889.75
69747.8,54864.82,39981.67,25098.63,11034.45,3889.75
69683.95,54800.97,39917.82,25034.78,10979.09,3889.83
69612.66,54568.46,39524.08,24479.82,10273.89,3135.44
69575.8,54370.37,39164.77,23959.29,9603.43,2419.95
69530.17,54324.74,39119.14,23913.66,9558.25,2418.58
69484.19,54278.76,39073.159999999996,23867.68,9515.05,2417.09
69431.88,54226.45,39020.85,23815.37,9468.3,2415.73
69315.61,54110.18,38904.58,23699.11,9387.93,2416.25
69270.97,54065.55,38859.94,23654.48,9348.67,2415.0
69228.74,54023.31,38817.7,23612.25,9314.75,2413.93
69190.3,53984.88,38779.26,23573.81,9286.91,2412.84
69156.56,53951.15,38745.52,23540.08,9261.15,2411.68
69133.36,53927.95,38722.32,23516.88,9242.87,2410.41
69107.77,53902.36,38696.729999999996,23491.29,9222.59,2409.5
69110.11,53904.71,38699.07,23493.64,9225.7,2408.89
69095.99,53890.6,38684.96,23479.52,9215.61,2408.31
69107.87,53902.48,38696.83,23491.4,9226.41,2407.8
69087.32,53878.52,38669.479999999996,23460.64,9196.65,2391.56
69040.49,53828.29,38615.85,23403.61,9148.67,2375.32
68989.88,53777.67,38565.229999999996,23353.0,9113.4,2375.22
68938.59,53726.39,38513.94,23301.72,9072.97,2375.47
68907.87,53695.66,38483.21,23270.99,9048.04,2375.56
68865.0,53652.79,38440.35,23228.12,9012.21,2375.63
68804.11,53591.89,38379.45,23167.23,8958.71,2375.74
68773.12,53560.91,38348.47,23136.24,8928.48,2375.88
68762.26,53550.05,38337.61,23125.38,8917.62,2376.05
68757.81,53706.82,38655.61,23604.6,9557.49,3128.75
68755.08,53865.31,38975.33,24085.54,10193.44,3871.5
68761.45,53875.08,38988.49,24102.11,10206.71,3887.6
68762.4,53876.03,38989.43,24103.06,10202.51,3887.55
68745.19,53858.81,38972.22,24085.85,10182.33,3887.66
68724.91,53838.52,38951.94,24065.56,10155.9,3887.94
68780.02,53893.63,39007.05,24120.670000000002,10186.11,3886.89
68772.7,53886.31,38999.729999999996,24113.35,10175.39,3886.91
68777.22,53890.83,39004.24,24117.87,10173.61,3886.46
68777.62,53891.22,39004.64,24118.26,10165.62,3886.16
68770.8,53884.4,38997.82,24111.44,10153.24,3885.92
68769.58,53883.18,38996.6,24110.23,10148.61,3885.58
68749.77,53863.37,38976.78,24090.42,10130.96,3884.77
68734.37,53847.97,38961.37,24075.02,10117.14,3884.0299999999997
68703.14,53816.73,38930.14,24043.79,10091.16,3883.21
68679.98,53793.57,38906.979999999996,24020.63,10070.68,3882.17
68652.79,53766.37,38879.79,23993.43,10047.25,3881.21
68620.54,53734.12,38847.54,23961.18,10028.44,3880.19
68586.66,53696.840000000004,38806.86,23917.1,9994.5,3863.52
68558.5,53665.27,38771.9,23878.73,9965.88,3846.98
68527.71,53631.07,38734.31,23837.74,9932.98,3830.39
68509.13,53609.08,38708.92,23808.95,9909.119999999999,3813.69
68488.73,53585.28,38681.72,23778.35,9883.81,3797.0499999999997
68459.86,53553.01,38646.05,23739.28,9851.4,3780.45
68418.06,53507.82,38597.45,23687.29,9810.82,3764.14
68347.48,53433.840000000004,38520.07,23606.51,9748.07,3748.32
68297.98,53384.33,38470.56,23557.0,9713.4,3747.39
68247.24,53333.58,38419.81,23506.25,9670.84,3747.21
68192.08,53278.42,38364.65,23451.09,9619.43,3746.72
68147.27,53233.62,38319.85,23406.29,9576.66,3746.0299999999997
68108.56,53194.9,38281.14,23367.58,9537.36,3745.44
68087.49,53173.83,38260.07,23346.51,9509.119999999999,3745.07
68070.27,53156.6,38242.84,23329.28,9482.71,3744.86
68045.86,53132.18,38218.43,23304.87,9447.92,3744.98
68028.61,53114.94,38201.18,23287.63,9420.369999999999,3745.35
68012.49,53098.83,38185.06,23271.52,9397.62,3745.34
68006.43,53092.77,38179.0,23265.46,9388.16,3745.37
67980.52,53066.87,38153.1,23239.56,9365.64,3745.33
67932.55,53018.89,38105.13,23191.59,9325.68,3745.16
67874.5,52960.840000000004,38047.08,23133.55,9277.6,3744.94
67836.96,52923.3,38009.54,23096.02,9245.18,3744.8399999999997
67775.38,52861.71,37947.96,23034.43,9197.53,3744.62
67726.61,52812.94,37899.19,22985.66,9163.24,3744.49
67707.23,52793.56,37879.81,22966.28,9152.89,3744.5299999999997
67697.02,52783.35,37869.6,22956.07,9150.16,3744.62
67686.28,52772.61,37858.86,22945.33,9147.2,3744.72
67680.27,52766.6,37852.85,22939.32,9148.09,3744.8399999999997
67674.54,52760.87,37847.12,22933.59,9149.39,3744.96
67647.95,52734.29,37820.53,22907.01,9134.25,3744.96
67604.14,52690.49,37776.72,22863.21,9105.94,3744.8599999999997
67581.31,52667.67,37753.89,22840.38,9090.97,3744.88
67581.69,52668.05,37754.27,22840.76,9092.85,3745.0299999999997
67579.54,52665.9,37752.12,22838.61,9092.77,3745.18
67577.73,52664.08,37750.31,22836.8,9092.96,3745.3199999999997
67580.2,52666.56,37752.78,22839.27,9096.96,3745.48
67591.74,52678.1,37764.32,22850.81,9104.85,3745.67
67602.54,52688.9,37775.13,22861.61,9110.7,3745.8599999999997
67608.51,52694.88,37781.1,22867.58,9111.98,3746.0099999999998
67607.14,52693.51,37779.73,22866.21,9106.34,3746.12
67604.42,52690.78,37777.01,22863.49,9103.8,3746.22
67562.7,52649.06,37735.29,22821.76,9071.02,3746.1
67527.83,52614.18,37700.42,22786.89,9044.08,3746.31
67515.42,52601.77,37688.01,22774.48,9036.07,3746.79
67498.18,52584.53,37670.77,22757.23,9024.93,3747.63
67478.41,52564.76,37651.0,22737.46,9010.81,3748.56
67456.38,52542.72,37628.96,22715.420000000002,8994.32,3749.39
67446.23,52532.56,37618.81,22705.26,8992.48,3750.5299999999997
67456.29,52546.01,37635.67,22725.51,9021.68,3767.15
67493.74,52586.86,37679.91,22773.16,9072.4,3783.99
67526.36,52622.89,37719.33,22815.98,9120.289999999999,3800.8399999999997
67560.56,52660.49,37760.33,22860.38,9169.88,3817.75
67587.76,52691.09,37794.33,22897.78,9213.99,3834.52
67603.86,52710.59,37817.24,22924.08,9249.289999999999,3851.0099999999998
67587.33,52697.47,37807.52,22917.75,9257.94,3867.19
67596.93,52707.07,37817.12,22927.35,9273.85,3868.54
67656.36,52766.51,37876.56,22986.78,9326.35,3869.7
67721.43,52831.58,37941.63,23051.85,9381.27,3870.98
67853.51,52963.66,38073.71,23183.92,9473.03,3870.3999999999996
67925.32,53035.46,38145.52,23255.73,9530.9,3871.7
67994.34,53104.49,38214.54,23324.75,9584.52,3872.91
68056.73,53166.88,38276.93,23387.14,9627.81,3874.0699999999997
68129.67,53239.82,38349.87,23460.08,9680.539999999999,3875.12
68183.05,53293.2,38403.25,23513.46,9719.53,3876.23
68216.0,53326.15,38436.2,23546.41,9744.85,3877.16
68198.66,53308.8,38418.86,23529.06,9731.7,3877.81
68180.93,53291.07,38401.12,23511.33,9717.27,3878.2
68126.21,53236.34,38346.4,23456.6,9673.06,3878.37
68077.05,53190.59,38304.04,23417.65,9647.35,3893.67
68065.82,53182.76,38299.62,23416.62,9651.57,3909.34
68055.83,53172.78,38289.64,23406.63,9644.789999999999,3910.1
68042.11,53159.06,38275.92,23392.91,9638.64,3910.85
68039.78,53156.73,38273.59,23390.59,9643.44,3911.37
68018.88,53135.83,38252.69,23369.69,9633.1,3911.48
68003.74,53120.7,38237.55,23354.55,9628.25,3911.6
67956.4,53073.35,38190.2,23307.21,9597.49,3911.65
67878.2,52995.15,38112.01,23229.01,9539.16,3911.91
67785.89,52741.61,37697.25,22653.03,8824.98,3159.89
67686.87,52481.36,37275.78,22070.33,8107.14,2418.2
67604.04,52395.13,37186.15,21977.3,8031.66,2401.16
67549.42,52340.51,37131.53,21922.68,7987.09,2400.56
67513.22,52304.32,37095.33,21886.48,7954.42,2399.73
67488.82,52279.92,37070.93,21862.09,7930.98,2398.78
67455.77,52246.87,37037.88,21829.04,7899.02,2397.88
67436.22,52227.32,37018.33,21809.49,7878.23,2396.98
67419.63,52210.72,37001.74,21792.89,7860.97,2396.47
67420.12,52211.21,37002.23,21793.39,7860.51,2396.16
67424.85,52215.94,37006.96,21798.12,7861.42,2396.19
67421.35,52212.45,37003.46,21794.62,7857.13,2396.37
67402.63,52193.72,36984.74,21775.9,7841.9,2396.73
67384.77,52175.86,36966.88,21758.04,7835.9,2397.1
67362.87,52153.97,36944.98,21736.14,7821.42,2397.54
67338.1,52129.19,36920.21,21711.37,7802.64,2398.04
67306.33,52094.03,36881.64,21669.41,7764.4,2383.54
67298.72,52083.01,36867.23,21651.59,7739.58,2368.72
67300.28,52084.57,36868.79,21653.15,7734.63,2369.33
67305.61,52089.9,36874.12,21658.49,7727.43,2369.79
67327.94,52112.23,36896.45,21680.81,7738.27,2369.77
67333.97,52118.27,36902.48,21686.85,7735.97,2369.83
67318.2,52102.5,36886.71,21671.08,7711.68,2370.08
67303.64,52087.95,36872.15,21656.53,7689.21,2370.4
67292.17,52076.47,36860.68,21645.05,7668.5199999999995,2370.89
67291.15,52078.84,36866.46,21654.23,7669.98,2385.82
67281.63,52069.32,36856.94,21644.71,7652.91,2386.06
67302.49,52090.18,36877.8,21665.58,7665.6,2386.37
67335.88,52123.58,36911.2,21698.97,7695.25,2386.89
67366.52,52154.22,36941.840000000004,21729.61,7723.86,2387.66
67398.67,52186.38,36973.99,21761.76,7755.14,2388.4
67417.51,52205.22,36992.840000000004,21780.6,7773.99,2388.93
67434.34,52222.05,37009.67,21797.43,7791.13,2389.37
67454.27,52241.98,37029.6,21817.35,7815.23,2389.56
67460.63,52251.74,37042.76,21833.91,7843.42,2405.33
67453.52,52248.02,37042.45,21837.0,7857.83,2420.23
67452.69,52250.58,37048.42,21846.37,7874.49,2434.43
67451.56,52249.45,37047.28,21845.24,7868.64,2434.44
67460.24,52258.13,37055.96,21853.91,7869.97,2434.48
67473.71,52271.61,37069.43,21867.38,7875.31,2434.25
67497.76,52295.659999999996,37093.48,21891.420000000002,7890.62,2433.93
67532.25,52326.76,37121.17,21915.72,7899.06,2418.46
67561.13,52352.24,37143.25,21934.4,7896.28,2402.81
67580.57,52368.28,37155.89,21943.64,7888.88,2386.81
67595.98,52380.29,37164.5,21948.85,7879.36,2370.68
67631.93,52412.84,37193.66,21974.6,7891.11,2354.11
67663.51,52441.02,37218.43,21995.98,7899.97,2337.49
67667.07,52441.17,37215.19,21989.34,7879.93,2321.32
67682.65,52453.35,37223.97,21994.72,7866.09,2305.59
67712.51,52483.21,37253.83,22024.58,7875.41,2305.19
67727.37,52498.07,37268.69,22039.44,7878.24,2304.94
67731.76,52502.46,37273.090000000004,22043.83,7880.38,2305.27
67734.65,52505.34,37275.98,22046.72,7881.19,2305.47
67736.62,52507.32,37277.95,22048.69,7881.17,2305.59
67741.99,52512.69,37283.32,22054.06,7884.4800000000005,2305.71
67735.64,52506.33,37276.97,22047.7,7877.15,2305.75
67724.5,52495.19,37265.82,22036.56,7861.04,2305.65
67725.47,52496.159999999996,37266.8,22037.53,7854.18,2305.72
67713.34,52484.03,37254.68,22025.4,7836.29,2306.18
67705.22,52475.909999999996,37246.56,22017.27,7822.04,2306.2
67702.87,52473.57,37244.21,22014.93,7816.71,2306.06
67713.0,52483.71,37254.340000000004,22025.06,7821.54,2306.09
67722.02,52492.73,37263.36,22034.08,7822.79,2306.1
67737.12,52507.83,37278.46,22049.18,7825.83,2305.88
67745.2,52515.909999999996,37286.54,22057.26,7822.39,2305.45
67777.3,52544.62,37311.84,22079.17,7821.84,2289.79
67805.19,52569.12,37332.94,22096.87,7817.86,2274.0
67832.03,52592.57,37352.98,22113.52,7816.84,2257.73
67843.89,52601.03,37358.04,22115.18,7806.11,2241.11
67862.48,52616.22,37369.84,22123.57,7802.18,2224.24
67875.9,52626.24,37376.46,22126.79,7792.59,2207.37
67895.25,52642.19,37389.01,22135.94,7786.54,2190.6
67926.94,52670.47,37413.89,22157.42,7788.04,2174.22
67958.06,52698.19,37438.21,22178.34,7787.0,2158.55
67960.13,52700.26,37440.28,22180.41,7777.24,2157.9
67948.53,52688.65,37428.67,22168.8,7761.46,2157.65
67925.94,52666.06,37406.08,22146.21,7738.87,2157.23
67889.34,52629.47,37369.49,22109.62,7702.33,2156.44
67860.3,52600.44,37340.45,22080.58,7673.3,2155.8
67828.09,52568.22,37308.24,22048.37,7641.08,2155.2
67788.14,52528.26,37268.29,22008.41,7605.06,2154.47
67738.01,52478.12,37218.16,21958.28,7563.95,2154.05
67689.11,52429.22,37169.27,21909.38,7522.13,2153.75
67653.25,52393.35,37133.41,21873.51,7489.47,2153.27
67620.74,52360.84,37100.9,21841.0,7462.67,2152.76
67594.3,52334.4,37074.47,21814.56,7453.3,2152.54
67579.96,52320.07,37060.13,21800.23,7452.39,2152.57
67583.1,52323.2,37063.27,21803.36,7454.47,2152.82
67572.88,52312.98,37053.04,21793.14,7443.83,2152.96
67598.91,52339.01,37079.06,21819.17,7458.16,2152.84
67624.2,52364.3,37104.35,21844.46,7471.21,2152.59
67627.28,52367.39,37107.43,21847.54,7461.37,2152.61
67659.75,52399.85,37139.89,21880.01,7476.24,2153.0
67725.17,52465.26,37205.31,21945.42,7523.97,2152.99
67793.42,52533.52,37273.56,22013.67,7574.89,2152.92
67869.99,52610.09,37350.12,22090.24,7631.58,2152.63
67916.16,52656.26,37396.29,22136.41,7656.83,2152.76
67939.37,52679.48,37419.5,22159.63,7664.05,2153.1
67952.95,52693.05,37433.08,22173.21,7665.18,2153.44
68003.36,52743.46,37483.49,22223.62,7705.54,2154.08
68061.17,52801.27,37541.3,22281.43,7757.72,2154.91
68095.21,52835.32,37575.34,22315.47,7790.61,2155.83
68130.36,52870.47,37610.49,22350.62,7824.67,2156.81
68167.6,52907.71,37647.73,22387.86,7860.71,2157.8
68192.06,52932.18,37672.19,22412.33,7884.65,2158.58
68212.81,52952.93,37692.94,22433.08,7903.86,2159.06
68234.05,52974.17,37714.18,22454.32,7924.46,2159.54
68232.61,52972.73,37712.74,22452.88,7926.68,2159.94
68227.16,52967.29,37707.3,22447.43,7924.01,2160.33
68252.6,52992.73,37732.74,22472.87,7937.29,2160.78
68271.56,53015.08,37758.5,22502.02,7961.75,2174.94
68263.75,53003.88,37743.89,22484.01,7936.55,2160.87
68248.06999999999,52988.19,37728.21,22468.33,7918.7300000000005,2161.3
68241.19,52981.31,37721.33,22461.46,7909.2,2161.55
68227.56999999999,52967.69,37707.71,22447.84,7894.7300000000005,2161.89
68211.8,52951.92,37691.94,22432.07,7882.42,2162.17
68173.26,52913.38,37653.4,22393.54,7847.6,2162.79
68128.56999999999,52868.69,37608.72,22348.85,7811.05,2163.39
68101.36,52841.48,37581.51,22321.64,7795.2300000000005,2163.65
68069.22,52809.33,37549.37,22289.5,7775.21,2163.85
68043.53,52783.65,37523.69,22263.82,7762.01,2163.81
67988.39,52725.12,37461.76,22198.48,7719.32,2149.72
67904.99,52641.73,37378.36,22115.09,7679.17,2148.63
67845.31,52582.05,37318.68,22055.4,7639.2300000000005,2146.95
67788.58,52525.32,37261.95,21998.67,7598.32,2145.79
67725.11,52461.85,37198.48,21935.2,7550.4,2144.46
67649.41,52386.14,37122.78,21859.49,7491.72,2143.15
67571.45,52308.18,37044.81,21781.53,7431.58,2141.92
67500.1,52236.83,36973.46,21710.19,7376.68,2140.4
67421.58,52158.31,36894.94,21631.67,7312.6900000000005,2139.01
67351.85,52085.17,36818.41,21551.74,7239.41,2121.66
67268.4,51998.32,36728.16,21458.08,7178.71,2105.43
67192.87,51919.4,36645.84,21372.35,7142.17,2089.79
67131.42,51857.94,36584.39,21310.89,7136.17,2088.35
67066.78,51793.31,36519.76,21246.26,7130.71,2086.88
66982.61,51709.14,36435.6,21162.09,7098.21,2085.54
66871.78,51598.31,36324.77,21051.27,7036.57,2084.02
66771.08,51497.6,36224.07,20950.57,6977.47,2084.88
66668.93,51395.45,36121.92,20848.42,6914.21,2085.59
66578.17,51304.69,36031.16,20757.66,6837.75,2085.92
66490.5,51217.02,35943.49,20669.99,6762.66,2086.23
66380.88,51107.4,35833.86,20560.37,6665.84,2086.97
66279.18,51005.7,35732.16,20458.67,6574.39,2087.51
66211.13,50937.65,35664.11,20390.61,6515.91,2087.61
66141.67,50868.19,35594.66,20321.15,6461.38,2087.75
66040.44,50763.55,35486.63,20209.71,6392.56,2073.44
65933.53,50656.63,35379.72,20102.8,6330.95,2072.16
65857.17,50580.26,35303.35,20026.44,6267.01,2070.37
65785.08,50508.17,35231.26,19954.34,6204.53,2068.79
65717.39,50440.48,35163.57,19886.65,6145.2300000000005,2067.27
65634.3,50357.38,35080.48,19803.56,6073.59,2065.67
65564.44,50287.52,35010.62,19733.7,6013.72,2064.13
65523.54,50246.62,34969.72,19692.8,5979.37,2062.9
65488.4,50211.48,34934.57,19657.66,5948.4,2061.87
65464.46,50187.54,34910.63,19633.72,5927.25,2060.29
65354.49,50077.57,34800.66,19523.76,5867.05,2058.71
65297.43,50020.51,34743.6,19466.7,5849.71,2057.82
65231.88,49954.96,34678.06,19401.15,5833.6,2056.6
65170.83,49893.9,34617.01,19340.09,5818.5,2055.27
65081.71,49804.79,34527.9,19250.98,5787.72,2053.87
64977.99,49697.66,34417.38,19137.05,5728.58,2039.94
64886.45,49606.11,34325.84,19045.51,5665.36,2040.56
64825.54,49545.2,34264.93,18984.6,5623.85,2040.81
64773.69,49493.34,34213.08,18932.75,5585.9,2041.02
64706.45,49426.09,34145.84,18865.5,5532.75,2041.37
64621.44,49341.08,34060.82,18780.49,5463.64,2041.93
64545.03,49264.659999999996,33984.41,18704.08,5402.78,2042.51
64499.04,49218.68,33938.42,18658.1,5367.68,2043.2
64471.46,49191.11,33910.84,18630.53,5349.48,2043.67
64455.39,49175.04,33894.77,18614.46,5345.07,2044.1
64425.04,49144.68,33864.42,18584.11,5329.68,2044.12
64405.63,49125.28,33845.01,18564.71,5320.85,2043.68
64393.86,49113.52,33833.25,18552.95,5316.72,2043.47
64392.92,49112.58,33832.31,18552.01,5323.26,2043.63
64389.36,49109.01,33828.75,18548.45,5326.28,2043.68
64389.67,49109.32,33829.06,18548.75,5333.14,2043.79
64399.86,49119.52,33839.26,18558.95,5347.77,2044.07
64417.32,49136.98,33856.72,18576.4,5364.25,2044.17
64444.96,49164.61,33884.35,18604.03,5389.43,2044.26
64421.36,49141.02,33860.75,18580.44,5371.11,2044.16
64423.67,49143.34,33863.06,18582.76,5370.99,2044.04
64439.59,49159.26,33878.97,18598.68,5370.96,2044.01
64450.03,49173.09,33896.21,18619.31,5384.28,2057.33
64433.68,49160.14,33886.66,18613.16,5388.57,2070.85
64398.97,49122.03,33845.15,18568.25,5345.68,2056.99
64337.46,49060.52,33783.64,18506.74,5297.51,2058.06
64295.34,49018.39,33741.52,18464.62,5266.08,2058.85
64273.38,48996.42,33719.56,18442.65,5255.51,2059.16
64250.729999999996,48973.77,33696.91,18419.99,5243.14,2059.53
64197.909999999996,48920.96,33644.09,18367.18,5200.16,2060.29
64145.49,48868.54,33591.67,18314.76,5156.36,2061.17
64097.57,48820.62,33543.75,18266.84,5117.1,2061.97
64063.47,48786.53,33509.65,18232.74,5096.83,2062.58
64044.35,48770.81,33497.33,18223.82,5102.98,2077.2
64025.47,48751.93,33478.45,18204.93,5095.0,2077.41
63988.26,48714.72,33441.25,18167.72,5068.65,2077.43
63949.55,48676.01,33402.55,18129.01,5039.93,2077.62
63924.07,48650.53,33377.08,18103.53,5021.68,2077.61
63889.1,48615.56,33342.11,18068.56,4995.21,2077.59
63866.22,48592.68,33319.23,18045.68,4977.86,2077.35
63851.06,48577.52,33304.08,18030.52,4967.92,2077.16
63833.85,48560.31,33286.87,18013.3,4954.72,2076.99
63830.85,48557.3,33283.87,18010.29,4950.31,2076.61
63780.32,48506.77,33233.35,17959.76,4904.84,2076.19
63759.67,48489.51,33219.49,17949.3,4906.67,2089.23
63744.47,48474.31,33204.3,17934.1,4893.71,2089.1
63725.9,48452.35,33178.93,17905.34,4869.33,2075.02
63703.02,48436.26,33169.65,17902.85,4882.61,2102.42
63691.25,48585.72,33480.33,18374.75,5497.15,2740.71
63649.56,48705.26,33761.09,18816.73,6092.860000000001,3385.3
63616.92,48833.85,34050.9,19267.77,6698.9400000000005,4040.61
63614.62,48992.78,34371.05,19749.14,7337.47,4732.88
63611.27,49150.66,34690.15,20229.46,7975.3,5426.64
63624.65,49325.26,35025.97,20726.51,8625.44,6131.37
63642.89,49504.72,35366.66,21228.42,9277.02,6835.45
63666.13,49689.19,35712.35,21735.33,9930.89,7531.92
63685.909999999996,49870.19,36054.57,22238.78,10577.48,8215.04
63734.18,50079.68,36425.28,22770.72,11234.28,8871.84
63807.83,50156.72,36505.73,22854.57,11279.75,8887.69
63854.15,50206.45,36558.85,22911.1,11322.85,8904.23
63906.71,50262.4,36618.2,22973.86,11373.18,8920.53
63950.96,50310.04,36669.24,23028.31,11415.47,8937.13
64016.38,50378.86,36741.46,23103.93,11477.47,8953.79
64076.92,50442.8,36808.8,23174.67,11533.78,8970.32
64140.5,50509.79,36879.18,23248.45,11594.2,8987.12
64207.13,50579.82,36952.61,23325.29,11655.73,9003.66
64275.0,50651.090000000004,37027.28,23403.35,11717.54,9020.38
64361.17,50737.26,37113.45,23489.52,11753.48,9021.69
64420.479999999996,50796.56,37172.75,23548.83,11754.72,9022.93
64453.01,50829.090000000004,37205.28,23581.36,11755.62,9023.83
64483.75,50859.82,37236.01,23612.1,11756.47,9024.68
64500.03,50876.1,37252.28,23628.38,11757.24,9025.45
64527.229999999996,50899.91,37272.69,23645.38,11744.57,9012.78
64546.19,50918.87,37291.65,23664.34,11744.66,9012.87
64584.31,50956.99,37329.78,23702.46,11756.39,9012.6
64602.75,50978.82,37355.02,23731.1,11779.76,9026.89
64614.35,50990.41,37366.62,23742.7,11784.3,9026.99
64627.979999999996,51004.04,37380.25,23756.33,11790.2,9027.04
64633.61,51009.66,37385.88,23761.95,11790.1,9027.43
64638.33,51014.39,37390.6,23766.68,11789.22,9027.88
64671.979999999996,51048.04,37424.24,23800.33,11809.93,9028.07
64742.42,51118.48,37494.68,23870.77,11837.97,9027.74
64810.89,51186.95,37563.15,23939.23,11863.97,9028.83
64840.27,51216.33,37592.53,23968.61,11880.92,9030.13
64868.0,51244.07,37620.26,23996.35,11899.04,9031.58
64893.83,51269.9,37646.1,24022.18,11916.48,9032.73
64946.27,51322.35,37698.54,24074.62,11957.47,9033.62
64987.1,51363.19,37739.37,24115.46,11988.31,9034.3
65002.55,51378.63,37754.82,24130.9,11997.2,9034.61
64989.96,51366.03,37742.23,24118.31,11980.43,9034.43
64966.22,51342.29,37718.49,24094.57,11954.69,9034.41
65024.15,51400.23,37776.43,24152.5,11962.35,9034.71
65055.229999999996,51431.31,37807.51,24183.58,11962.29,9034.65
65062.45,51438.52,37814.72,24190.8,11962.29,9034.65
65050.69,51426.76,37802.96,24179.04,11962.29,9034.65
65052.36,51428.42,37804.62,24180.7,11962.52,9034.88
65055.26,51434.73,37814.32,24193.81,11975.07,9047.43
65028.58,51411.45,37794.44,24177.33,11988.56,9060.92
64989.18,51372.04,37755.03,24137.93,11963.210000000001,9061.53
64972.18,51355.04,37738.03,24120.93,11935.09,9061.63
64953.64,51336.5,37719.49,24102.39,11906.95,9061.88
64950.14,51332.99,37715.99,24098.88,11890.65,9062.1
64944.83,51327.68,37710.68,24093.57,11872.82,9062.29
64911.67,51294.51,37677.52,24060.4,11832.66,9062.4
64848.63,51231.46,37614.48,23997.35,11768.960000000001,9062.8
64764.92,51147.75,37530.77,23913.64,11722.51,9063.64
64686.05,51068.89,37451.9,23834.77,11690.64,9062.37
64589.34,50972.17,37355.19,23738.06,11627.44,9061.12
64515.02,50897.85,37280.86,23663.74,11560.76,9060.44
64457.98,50840.8,37223.81,23606.69,11500.0,9059.63
64396.27,50779.1,37162.1,23544.98,11435.24,9058.85
64333.36,50716.2,37099.2,23482.08,11369.5,9057.99
64281.03,50663.86,37046.86,23429.75,11311.84,9057.14
64234.89,50617.73,37000.72,23383.62,11258.84,9055.98
64184.25,50567.1,36950.08,23332.99,11201.15,9054.75
64184.8,50567.64,36950.63,23333.53,11185.0,9053.89
64150.51,50533.35,36916.35,23299.24,11184.19,9053.08
64101.87,50484.71,36867.71,23250.6,11183.13,9052.02
64064.13,50440.17,36816.37,23192.47,11156.14,9025.03
64029.53,50398.78,36768.18,23137.48,11129.07,8997.96
64001.28,50370.53,36739.93,23109.23,11123.24,8997.81
64002.69,50371.93,36741.34,23110.63,11109.72,8997.18
63964.86,50334.11,36703.51,23072.8,11075.37,8997.22
63928.1,50297.36,36666.75,23036.05,11032.36,8997.26
63897.56,50266.83,36636.22,23005.52,10993.04,8997.17
63870.03,50239.29,36608.69,22977.98,10955.69,8997.02
63835.6,50204.86,36574.26,22943.55,10913.06,8996.9
63799.15,50168.4,36537.81,22907.09,10868.67,8996.88
63778.39,50147.63,36517.05,22886.33,10836.0,8996.7
63761.71,50127.55,36493.57,22859.45,10799.47,8982.43
63737.06,50102.91,36468.92,22834.81,10772.99,8981.47
63686.1,50051.95,36417.95,22783.85,10721.51,8979.67
63637.6,50003.45,36369.44,22735.35,10669.91,8977.9
63586.13,49951.98,36317.96,22683.88,10617.42,8976.44
63555.8,49921.64,36287.63,22653.54,10582.37,8975.0
63517.11,49882.94,36248.94,22614.84,10541.58,8973.74
63463.14,49828.97,36194.96,22560.87,10489.210000000001,8972.4
63402.52,49768.35,36134.34,22500.25,10431.57,8971.01
63337.16,49703.0,36068.98,22434.9,10369.52,8969.35
63341.22,49707.05,36073.03,22438.95,10365.24,8968.0
63328.53,49690.97,36053.54,22416.07,10350.74,8953.5
63291.56,49650.6,36009.76,22368.9,10336.75,8939.51
63254.65,49610.28,35966.05,22321.78,10322.91,8925.67
63220.2,49569.04,35918.0,22266.94,10295.7,8898.46
63173.58,49361.2,35548.93,21736.65,9657.64,8260.4
63132.23,49158.63,35185.13,21211.63,9013.69,7616.45
63090.94,48956.12,34821.39,20686.670000000002,8359.13,6961.89
63049.78,48753.74,34457.78,20161.84,7685.22,6270.04
63048.840000000004,48591.57,34134.39,19677.22,7044.25,5576.33
63047.04,48428.55,33810.15,19191.75,6400.63,4871.55
63051.49,48271.78,33492.15,18712.53,5761.97,4167.51
63063.49,48122.55,33181.7,18240.85,5130.85,3471.01
63072.82,47970.659999999996,32868.58,17766.51,4500.78,2787.88
63087.8,47824.41,32561.11,17297.82,3881.46,2130.71
63043.97,47777.18,32510.48,17243.79,3836.31,2115.18
62985.96,47715.76,32445.67,17175.57,3779.07,2098.56
62929.52,47655.93,32382.44,17108.93,3721.59,2082.52
62877.66,47600.68,32323.78,17046.87,3669.15,2066.22
62815.78,47535.41,32255.1,16974.8,3605.95,2049.63
62784.55,47500.77,32217.07,16933.36,3568.65,2033.63
62754.42,47467.24,32180.15,16893.03,3530.28,2017.83
62731.77,47441.2,32150.7,16860.18,3499.08,2002.23
62716.41,47422.45,32128.54,16834.63,3474.54,1986.85
62707.090000000004,47413.14,32119.23,16825.32,3472.38,1986.69
62689.17,47395.22,32101.31,16807.4,3472.29,1986.6
62696.27,47402.32,32108.41,16814.51,3472.63,1986.94
62714.75,47424.2,32133.69,16843.19,3486.36,2000.67
62733.7,47443.15,32152.64,16862.14,3486.64,2000.95
62736.73,47446.18,32155.66,16865.17,3487.05,2001.36
62774.63,47484.08,32193.56,16903.06,3506.46,2001.25
62772.33,47481.78,32191.26,16900.76,3506.48,2001.8799999999999
62812.23,47518.29,32224.36,16930.46,3531.04,1987.61
62879.23,47585.3,32291.36,16997.46,3592.51,1987.16
62950.62,47817.909999999996,32685.2,17552.52,4303.72,2719.15
63020.73,48049.25,33077.76,18106.31,5014.21,3451.26
63076.08,48265.82,33455.56,18645.33,5710.49,4171.58
63113.47,48303.21,33492.95,18682.72,5747.05,4171.04
63124.8,48314.55,33504.28,18694.06,5763.66,4170.77
63116.61,48306.36,33496.09,18685.87,5765.44,4170.58
63120.51,48310.26,33499.99,18689.76,5776.47,4170.16
63112.33,48302.07,33491.81,18681.58,5775.32,4170.3
63107.12,48296.86,33486.6,18676.37,5775.7699999999995,4170.61
63100.15,48289.88,33479.63,18669.39,5771.15,4170.82
63083.13,48272.86,33462.62,18652.37,5759.7,4171.43
63083.39,48273.13,33462.88,18652.64,5763.15,4171.94
63104.99,48294.729999999996,33484.48,18674.23,5786.78,4172.83
63131.73,48321.47,33511.22,18700.97,5815.93,4173.74
63166.39,48356.12,33545.87,18735.62,5850.28,4174.5
63171.83,48361.55,33551.31,18741.05,5850.89,4175.11
63190.17,48379.9,33569.65,18759.39,5851.66,4175.88
63223.07,48412.81,33602.55,18792.3,5852.58,4176.8
63261.26,48451.0,33640.74,18830.5,5853.56,4177.78
63313.33,48503.07,33692.82,18882.57,5859.69,4178.8
63344.93,48531.28,33717.63,18903.97,5846.67,4165.78
63346.42,48532.78,33719.13,18905.46,5847.11,4166.22
63351.1,48537.47,33723.81,18910.14,5859.26,4166.62
63383.2,48569.58,33755.92,18942.25,5892.78,4166.39
63424.14,48610.52,33796.86,18983.19,5933.9,4166.03
63468.14,48654.52,33840.86,19027.18,5977.58,4165.57
63507.74,48694.12,33880.46,19066.79,6018.0199999999995,4165.07
63535.39,48725.17,33914.91,19104.65,6062.45,4179.29
63594.270000000004,48784.05,33973.78,19163.53,6084.39,4178.62
63656.090000000004,48845.86,34035.6,19225.34,6096.91,4179.5
63695.6,48885.37,34075.11,19264.84,6108.65,4180.69
63707.78,48897.55,34087.29,19277.02,6120.33,4181.32
63709.76,48899.53,34089.27,19279.0,6131.32,4181.93
63730.39,48920.159999999996,34109.91,19299.63,6156.91,4182.27
63771.32,48961.09,34150.83,19340.56,6198.4,4182.72
63820.39,49010.17,34199.9,19389.63,6246.36,4183.35
63867.16,49056.93,34246.67,19436.39,6292.94,4184.3099999999995
63886.74,49076.51,34266.25,19455.97,6318.1,4185.03
63891.01,49080.79,34270.53,19460.25,6331.2699999999995,4185.55
63898.72,49088.5,34278.23,19467.96,6331.97,4186.25
63920.87,49110.65,34300.38,19490.11,6332.72,4187.0
63935.31,49128.49,34321.62,19514.74,6345.93,4200.21
63950.87,49147.44,34343.97,19540.49,6359.18,4213.46
63963.45,49163.42,34363.35,19563.27,6372.72,4227.0
63951.28,49154.659999999996,34357.98,19561.31,6385.6,4241.2699999999995
63962.83,49166.21,34369.53,19572.86,6393.41,4241.7
63997.65,49201.03,34404.35,19607.68,6429.98,4241.64
64039.17,49242.55,34445.86,19649.2,6473.29,4241.47
64080.86,49284.25,34487.55,19690.9,6516.56,4241.29
64126.49,49329.88,34533.19,19736.53,6562.93,4240.97
64170.26,49373.659999999996,34576.97,19780.31,6607.84,4240.71
64209.5,49412.909999999996,34616.21,19819.55,6648.76,4240.54
64239.25,49442.65,34645.96,19849.3,6675.43,4240.3
64274.85,49478.25,34681.56,19884.9,6705.33,4240.96
64325.83,49529.23,34732.55,19935.88,6752.42,4242.12
64374.38,49577.77,34781.1,19984.43,6799.26,4243.92
64425.06,49628.44,34831.78,20035.1,6845.93,4245.58
64478.200000000004,49681.59,34884.92,20088.25,6895.29,4246.98
64549.49,49756.29,34963.01,20169.75,6976.75,4264.47
64636.53,49846.72,35056.85,20266.99,7070.56,4282.05
64731.19,49941.39,35151.51,20361.66,7156.3,4283.68
64786.07,49996.27,35206.39,20416.54,7205.3,4285.42
64821.19,50031.4,35241.51,20451.67,7237.51,4286.7699999999995
64836.99,50047.2,35257.31,20467.47,7238.6,4287.86
64840.58,50054.18,35267.7,20481.26,7251.81,4301.07
64841.99,50059.0,35275.91,20492.88,7264.76,4314.02
64845.64,50066.05,35286.37,20506.73,7277.82,4327.08
64866.81,50090.62,35314.34,20538.1,7290.91,4340.17
64902.840000000004,50126.64,35350.37,20574.13,7304.55,4339.6
64926.72,50150.51,35374.25,20598.01,7316.76,4339.09
64936.590000000004,50160.38,35384.12,20607.88,7325.85,4338.66
64920.36,50144.15,35367.89,20591.65,7312.05,4338.52
64902.68,50126.46,35350.2,20573.96,7296.75,4338.35
64871.68,50095.45,35319.2,20542.95,7270.45,4338.25
64841.44,50065.22,35288.96,20512.72,7244.96,4338.16
64834.54,50058.31,35282.06,20505.81,7238.64,4337.9
64833.020000000004,50056.79,35280.54,20504.29,7235.34,4337.74
64891.3,50115.07,35338.82,20562.56,7279.84,4338.56
64960.43,50184.2,35407.95,20631.69,7332.71,4339.92
65027.94,50251.71,35475.46,20699.2,7387.67,4340.89
65090.23,50314.0,35537.75,20761.49,7436.94,4341.9
65167.96,50391.73,35615.48,20839.22,7502.39,4343.07
65215.5,50439.28,35663.02,20886.77,7542.41,4343.45
65248.4,50472.18,35695.91,20919.67,7569.95,4343.42
65273.44,50497.22,35720.95,20944.71,7589.94,4343.07
65274.520000000004,50498.3,35722.04,20945.79,7586.85,4342.38
65277.770000000004,50501.54,35725.28,20949.03,7585.76,4341.92
65283.14,50506.91,35730.65,20954.39,7585.5,4341.66
65285.56,50509.34,35733.07,20956.81,7585.43,4341.59
65276.68,50497.07,35717.39,20937.73,7571.93,4328.09
65269.12,50489.5,35709.83,20930.17,7571.74,4327.9
65277.58,50501.35,35725.09,20948.82,7584.76,4340.92
65266.56,50490.33,35714.07,20937.8,7575.46,4340.68
65291.07,50514.84,35738.57,20962.31,7594.47,4339.98
65296.35,50520.11,35743.85,20967.58,7598.29,4339.6
65267.55,50491.31,35715.06,20938.78,7573.35,4339.54
65229.29,50291.82,35354.35,20416.84,6894.96,3607.05
65179.65,50080.95,34982.26,19883.52,6207.48,2874.32
65141.72,49881.8,34621.89,19361.92,5531.82,2153.35
65121.87,49861.95,34602.04,19342.07,5516.4,2153.53
65114.11,49854.19,34594.28,19334.31,5510.13,2153.45
65098.06,49838.14,34578.23,19318.26,5498.99,2153.13
65076.12,49816.21,34556.29,19296.33,5482.11,2153.15
65076.4,49816.5,34556.57,19296.61,5481.44,2152.6
65067.15,49807.24,34547.31,19287.35,5473.07,2152.16
65073.73,49813.83,34553.89,19293.94,5477.39,2152.04
65100.18,49840.28,34580.340000000004,19320.39,5498.28,2151.97
65116.020000000004,49856.12,34596.19,19336.23,5510.94,2152.05
65108.520000000004,49848.62,34588.69,19328.73,5504.13,2151.55
65112.12,49852.22,34592.29,19332.33,5505.88,2151.16
65117.590000000004,49857.69,34597.76,19337.81,5508.45,2150.9900000000002
65139.67,49879.78,34619.85,19359.9,5517.68,2151.1
65162.4,49902.51,34642.58,19382.63,5517.9,2151.32
65181.61,49921.72,34661.79,19401.84,5518.07,2151.49
65196.19,49936.31,34676.37,19416.420000000002,5518.11,2151.53
65215.94,49956.06,34696.11,19436.170000000002,5533.66,2151.57
65247.67,49987.78,34727.83,19467.89,5554.59,2151.08
65286.98,50027.090000000004,34767.13,19507.2,5574.7,2150.47
65320.26,50060.37,34800.41,19540.48,5601.76,2149.9
65332.11,50072.22,34812.25,19552.33,5611.77,2149.72
65326.33,50066.44,34806.47,19546.55,5608.36,2149.59
65319.12,50059.24,34799.27,19539.35,5603.93,2149.58
65320.18,50060.31,34800.340000000004,19540.41,5605.9,2149.56
65337.43,50074.16,34810.79,19547.45,5606.57,2134.63
65321.24,50057.97,34794.6,19531.26,5592.84,2134.43
65304.07,50040.8,34777.43,19514.09,5580.72,2133.95
65294.87,50031.6,34768.23,19504.89,5574.13,2133.43
65304.19,50040.91,34777.55,19514.2,5582.02,2133.25
65320.54,50057.26,34793.9,19530.55,5595.63,2133.0
65323.98,50060.69,34797.33,19533.98,5598.77,2132.77
65312.97,50049.67,34786.32,19522.96,5589.93,2132.52
65291.47,50028.17,34764.82,19501.46,5572.72,2131.96
65256.49,49993.2,34729.840000000004,19466.49,5544.73,2131.21
65239.32,49976.03,34712.67,19449.32,5530.73,2130.8
65243.18,49979.89,34716.52,19453.18,5534.03,2130.37
65263.270000000004,49999.97,34736.61,19473.27,5533.53,2129.87
65252.69,49989.38,34726.03,19462.68,5533.0,2129.34
65246.28,49982.98,34719.63,19456.28,5532.6,2128.94
65254.56,49991.270000000004,34727.92,19464.57,5532.3,2128.64
65258.43,49995.14,34731.79,19468.44,5532.03,2128.37
65254.26,49987.56,34720.82,19454.07,5518.17,2114.51
65238.99,49972.29,34705.55,19438.8,5510.57,2114.29
65211.11,49944.4,34677.67,19410.91,5488.47,2114.21
65174.4,49907.69,34640.97,19374.2,5469.91,2114.04
65135.4,49868.69,34601.97,19335.2,5450.56,2113.9
65094.51,49827.8,34561.07,19294.31,5430.02,2113.89
65052.21,49785.5,34518.77,19252.01,5408.5,2113.83
65011.07,49744.36,34477.63,19210.87,5387.66,2113.64
64982.44,49715.74,34449.0,19182.24,5376.24,2113.29
64935.86,49669.15,34402.42,19135.65,5349.48,2112.46
64890.340000000004,49623.63,34356.89,19090.13,5324.69,2111.51
64846.6,49579.9,34313.15,19046.39,5299.32,2110.4
64816.18,49549.48,34282.73,19015.98,5284.86,2109.47
64777.25,49510.54,34243.8,18977.05,5262.49,2108.61
64720.16,49450.05,34179.91,18909.76,5206.88,2091.48
64658.92,49385.41,34111.87,18838.32,5147.69,2074.28
64595.76,49322.24,34048.71,18775.15,5100.88,2073.02
64555.95,49282.42,34008.9,18735.33,5078.3,2071.84
64512.69,49239.16,33965.64,18692.07,5054.49,2071.07
64520.68,49247.15,33973.63,18700.06,5058.95,2070.86
64552.03,49278.51,34004.98,18731.41,5060.05,2071.45
64586.16,49312.64,34039.11,18765.54,5060.91,2072.31
64616.14,49342.62,34069.08,18795.52,5063.33,2073.1
64631.3,49357.78,34084.24,18810.68,5077.6,2073.76
64622.61,49349.090000000004,34075.55,18801.99,5079.15,2074.21
64623.75,49350.24,34076.7,18803.13,5088.93,2074.46
64630.07,49356.56,34083.02,18809.45,5107.49,2074.5
64642.74,49369.24,34095.69,18822.13,5132.88,2074.56
64661.8,49388.3,34114.75,18841.19,5163.76,2074.56
64684.42,49410.92,34137.37,18863.81,5198.26,2074.45
64698.84,49425.33,34151.79,18878.22,5226.52,2074.35
64701.24,49427.73,34154.19,18880.62,5244.33,2074.44
64703.53,49430.03,34156.48,18882.91,5262.06,2074.27
64675.91,49402.42,34128.87,18855.3,5254.5,2074.14
64641.96,49368.47,34094.92,18821.35,5243.57,2073.79
64602.56,49329.07,34055.52,18781.95,5222.59,2073.85
64605.68,49332.18,34058.64,18785.06,5235.54,2073.82
64595.57,49322.07,34048.53,18774.95,5233.5,2073.77
64591.12,49317.62,34044.08,18770.5,5237.64,2073.89
64598.6,49325.090000000004,34051.56,18777.97,5252.31,2073.91
64609.98,49336.46,34062.94,18789.35,5270.72,2074.06
64624.54,49351.020000000004,34077.49,18803.91,5298.76,2074.29
64634.81,49361.3,34087.76,18814.19,5322.91,2074.58
64676.28,49402.78,34129.23,18855.67,5357.37,2074.88
64698.59,49425.08,34151.54,18877.97,5372.67,2075.04
64723.33,49449.82,34176.28,18902.71,5385.76,2075.34
64748.73,49475.22,34201.68,18928.11,5401.06,2075.85
64769.22,49495.72,34222.18,18948.61,5429.0,2076.56
64794.22,49527.52,34260.78,18994.02,5490.42,2105.93
64791.29,49685.81,34580.3,19474.76,6123.07,2769.68
64777.86,49833.61,34889.32,19945.01,6752.11,3457.67
64803.01,49858.76,34914.46,19970.16,6787.86,3457.46
64826.99,50043.97,35260.89,20477.82,7451.97,4175.67
64869.19,50247.4,35625.54,21003.7,8132.01,4900.96
64900.39,50278.59,35656.73,21034.89,8171.889999999999,4900.85
64895.65,50273.84,35651.99,21030.15,8182.14,4900.8
64880.39,50419.8,35959.18,21498.56,8801.4,5559.12
64879.92,50419.34,35958.71,21498.1,8812.74,5559.44
64883.58,50423.0,35962.37,21501.76,8829.59,5559.64
64894.95,50434.36,35973.74,21513.13,8852.25,5559.75
64910.83,50450.25,35989.62,21529.02,8878.89,5559.69
64894.9,50434.31,35973.69,21513.08,8881.2,5559.599999999999
64883.37,50422.78,35962.16,21501.55,8886.22,5559.17
64880.33,50419.74,35959.11,21498.51,8897.81,5559.04
64882.39,50421.8,35961.17,21500.57,8914.28,5558.94
64857.0,50396.41,35935.78,21475.18,8908.22,5558.349999999999
64803.14,50342.56,35881.93,21421.32,8879.15,5557.66
64758.87,50294.89,35830.85,21368.09,8855.91,5543.54
64729.22,50261.84,35794.4,21331.25,8841.78,5529.41
64700.85,50230.06,35759.23,21295.8,8827.67,5515.3
64679.43,50205.23,35731.01,21264.31,8813.3,5500.93
64635.43,50157.82,35680.21,21210.1,8778.48,5486.73
64589.1,50111.5,35633.89,21163.78,8757.15,5486.82
64541.74,50064.13,35586.53,21116.41,8736.49,5486.88
64471.53,49993.92,35516.33,21046.2,8692.91,5487.39
64430.88,49953.27,35475.69,21005.55,8673.24,5487.49
64403.07,49925.47,35447.89,20977.75,8663.8,5487.59
64372.159999999996,49894.56,35416.97,20946.84,8650.72,5487.68
64336.39,49858.79,35381.2,20911.07,8632.949999999999,5487.84
64300.5,49822.9,35345.31,20875.18,8615.21,5488.13
64295.729999999996,49818.13,35340.54,20870.41,8622.09,5488.0199999999995
64304.57,49826.98,35349.38,20879.26,8638.25,5488.07
64308.27,49830.69,35353.09,20882.97,8651.41,5487.79
64301.49,49823.91,35346.31,20876.2,8656.68,5487.47
64290.74,49813.16,35335.56,20865.46,8658.82,5487.65
64277.94,49800.37,35322.76,20852.67,8659.96,5488.0
64269.58,49792.01,35314.4,20844.31,8665.33,5488.05
64265.49,49787.92,35310.31,20840.22,8673.67,5488.17
64270.49,49792.909999999996,35315.31,20845.21,8688.61,5488.3099999999995
64284.29,49806.7,35329.11,20859.01,8710.25,5488.4
64286.24,49808.64,35331.06,20860.95,8723.13,5488.75
64280.9,49803.31,35325.72,20855.61,8723.27,5488.889999999999
64287.19,49806.21,35325.22,20855.06,8710.39,5476.01
64290.52,49806.14,35321.74,20851.57,8697.36,5462.98
64313.5,49825.72,35337.91,20864.35,8692.63,5449.21
64356.39,49865.21,35374.01,20897.04,8716.51,5435.0199999999995
64379.47,49888.3,35397.1,20920.12,8744.86,5434.62
64413.07,49921.9,35430.71,20953.72,8780.35,5433.98
64412.07,49920.9,35429.71,20952.73,8792.62,5433.95
64416.409999999996,49925.24,35434.04,20957.07,8798.61,5434.07
64429.4,49938.22,35447.03,20970.05,8811.67,5434.24
64450.39,49959.2,35468.02,20991.04,8830.99,5434.22
64471.25,49980.05,35488.87,21011.89,8850.1,5434.13
64509.3,50018.09,35526.92,21049.93,8882.98,5433.89
64539.01,50047.8,35556.64,21079.64,8908.779999999999,5433.75
64583.27,50092.07,35600.9,21123.91,8947.43,5434.3
64614.54,50123.33,35632.17,21155.17,8973.48,5434.88
64670.31,50179.09,35687.94,21210.94,9019.23,5435.15
64708.51,50217.3,35726.14,21249.14,9051.7,5435.47
64744.8,50253.6,35762.44,21285.43,9082.8,5436.0
64773.409999999996,50282.21,35791.06,21314.04,9107.89,5436.67
64803.47,50312.27,35821.12,21344.09,9133.539999999999,5437.38
64841.52,50350.32,35859.17,21382.15,9165.56,5438.23
64888.76,50397.57,35906.409999999996,21429.4,9205.14,5439.13
64943.159999999996,50451.96,35960.81,21483.79,9249.57,5439.96
64942.06,50450.86,35959.71,21482.69,9249.03,5440.29
64932.92,50441.72,35950.57,21473.84,9248.49,5440.26
64942.8,50448.2,35953.65,21473.52,9241.58,5426.23
64961.56,50463.56,35965.61,21482.08,9243.53,5412.07
64967.53,50466.12,35964.78,21477.84,9235.16,5398.15
64996.69,50495.29,35993.94,21507.0,9258.86,5397.849999999999
65025.409999999996,50524.01,36022.65,21535.72,9282.22,5397.59
65066.8,50565.4,36064.04,21577.11,9315.8,5397.2
65092.25,50590.85,36089.49,21602.56,9333.98,5396.93
65107.82,50606.43,36105.07,21618.14,9343.89,5396.79
65128.13,50626.74,36125.38,21638.45,9357.57,5396.67
65153.17,50651.78,36150.42,21663.49,9374.89,5396.55
65169.89,50668.51,36167.14,21680.22,9387.69,5396.349999999999
65163.24,50661.86,36160.49,21673.57,9382.36,5396.48
65168.18,50666.79,36165.42,21678.51,9387.24,5396.54
65170.66,50669.28,36167.9,21681.0,9389.65,5396.63
65179.01,50677.63,36176.24,21689.35,9398.05,5396.349999999999
65181.6,50680.229999999996,36178.83,21691.95,9402.78,5396.349999999999
65183.04,50681.67,36180.28,21693.39,9406.44,5396.0199999999995
65175.79,50674.42,36173.04,21686.14,9402.75,5395.63
65164.57,50663.2,36161.82,21674.93,9396.12,5395.54
65143.52,50642.159999999996,36140.78,21653.88,9382.039999999999,5395.48
65136.37,50635.01,36133.63,21646.73,9376.96,5395.5199999999995
65153.81,50652.44,36151.07,21664.16,9391.949999999999,5395.89
65133.32,50631.94,36130.58,21643.67,9375.74,5396.03
65123.95,50622.57,36121.21,21634.3,9368.24,5396.01
65117.7,50616.32,36114.97,21628.05,9363.34,5396.0199999999995
65110.93,50609.55,36108.2,21621.28,9357.49,5396.0199999999995
65090.43,50589.04,36087.69,21600.78,9340.65,5395.89
65065.93,50557.75,36049.59,21555.88,9293.96,5366.63
65089.59,50420.19,35750.8,21095.87,8693.43,4702.46
65113.63,50283.01,35452.39,20636.24,8088.49,4014.21
65099.13,50268.51,35437.89,20621.74,8076.47,4014.41
65091.71,50099.86,35108.02,20130.64,7440.44,3296.1
65074.15,49921.08,34768.01,19629.41,6794.83,2570.75
65070.1,49917.04,34763.97,19625.37,6791.43,2570.74
65076.2,49923.15,34770.07,19631.47,6796.01,2570.58
65090.32,49776.04,34461.74,19161.92,6189.0199999999995,1912.21
65081.84,49767.55,34453.26,19153.44,6178.87,1912.09
65107.38,49793.08,34478.8,19178.98,6196.28,1911.96
65113.01,49798.71,34484.43,19184.61,6200.13,1912.01
65151.7,49837.4,34523.12,19223.3,6227.9,1912.17
65190.41,49876.11,34561.83,19262.01,6254.89,1912.35
65222.51,49908.21,34593.92,19294.11,6276.55,1912.67
65245.69,49931.39,34617.1,19317.29,6291.21,1912.82
65280.61,49966.32,34652.02,19352.22,6321.0,1913.47
65333.96,50019.67,34705.37,19405.57,6359.99,1914.43
65366.32,50052.03,34737.73,19437.93,6386.01,1915.51
65397.64,50086.75,34775.86,19478.21,6410.15,1929.82
65424.22,50116.72,34809.24,19511.97,6425.5,1944.0
65449.28,50145.19,34841.1,19544.11,6439.65,1958.15
65475.21,50177.93,34880.63,19590.31,6480.79,1986.66
65507.51,50217.04,34926.53,19643.02,6531.64,2015.42
65581.62,50297.94,35014.23,19737.53,6614.75,2045.18
65664.66,50542.21,35419.72,20304.25,7302.78,2733.21
65742.47,50781.24,35819.97,20865.73,7994.82,3440.55
65790.47,50829.24,35867.96,20913.73,8033.86,3440.59
65835.57,50874.33,35913.05,20958.82,8070.6,3440.66
65882.97,50921.73,35960.45,21006.22,8109.66,3440.71
65934.15,51134.13,36334.07,21541.07,8782.1,4156.3
65986.62,51186.61,36386.54,21593.55,8825.7,4156.23
66037.37,51237.35,36437.29,21644.3,8868.36,4156.13
66064.03,51264.01,36463.95,21670.96,8890.43,4157.07
66102.65,51302.63,36502.56,21709.58,8923.039999999999,4158.0599999999995
66166.47,51366.45,36566.38,21773.39,8974.72,4158.84
66238.16,51438.14,36638.07,21845.07,9030.22,4159.42
66302.36,51502.34,36702.27,21909.27,9079.92,4159.94
66359.02,51559.01,36758.93,21965.94,9123.369999999999,4160.66
66419.09,51619.07,36819.0,22026.0,9170.039999999999,4161.59
66471.55,51671.53,36871.46,22078.47,9205.06,4162.7699999999995
66496.55,51696.54,36896.46,22103.47,9229.25,4163.83
66496.87,51696.87,36896.78,22103.8,9228.34,4164.5
66507.92,51707.92,36907.83,22114.85,9229.75,4165.29
66525.19,51728.58,36931.89,22138.96,9243.39,4178.93
66545.19,51751.97,36958.69,22165.77,9257.05,4192.59
66547.21,51757.39,36967.51,22177.99,9271.27,4206.99
66516.09,51729.67,36943.18,22157.07,9258.25,4221.59
66502.64,51719.62,36936.52,22153.82,9259.73,4235.8
66494.57,51711.55,36928.44,22145.75,9252.11,4235.63
66495.77,51712.75,36929.64,22146.94,9250.15,4235.46
66497.42,51714.39,36931.29,22148.58,9237.47,4235.37
66496.21,51713.19,36930.09,22147.38,9222.18,4235.13
66485.18,51702.159999999996,36919.06,22136.34,9198.73,4235.04
66479.72,51696.7,36913.6,22130.88,9179.64,4234.97
66460.7,51677.69,36894.59,22111.87,9149.85,4235.05
66446.87,51663.85,36880.75,22098.03,9124.74,4235.11
66441.59,51658.57,36875.47,22092.75,9106.13,4234.8099999999995
66430.65,51647.63,36864.53,22081.81,9084.01,4234.39
66409.71,51626.69,36843.59,22060.86,9055.4,4233.9
66397.59,51614.57,36831.48,22048.74,9033.39,4232.98
66374.02,51590.99,36807.9,22025.17,9002.2,4231.95
66346.92,51563.88,36780.79,21998.07,8968.03,4230.76
66322.37,51539.33,36756.24,21973.53,8935.64,4229.599999999999
66291.0,51507.97,36724.87,21942.16,8897.88,4228.6
66260.14,51477.1,36694.01,21911.3,8860.57,4227.62
66195.01,51411.97,36628.88,21846.17,8798.81,4226.5599999999995
66166.7,51383.65,36600.57,21817.85,8794.3,4225.85
66158.44,51375.39,36592.31,21809.3,8793.8,4225.349999999999
66131.44,51351.78,36572.11,21792.49,8800.0,4238.67
66114.67,51338.409999999996,36562.14,21785.92,8796.03,4252.44
66107.07,51334.22,36561.34,21788.53,8790.83,4266.4
66098.01,51325.15,36552.28,21779.47,8769.7,4266.849999999999
66104.15,51331.29,36558.42,21785.61,8760.47,4266.97
66089.94,51317.07,36544.21,21771.39,8734.24,4267.1
66071.85,51298.97,36526.12,21753.29,8706.869999999999,4267.26
66052.71,51279.83,36506.97,21734.15,8678.51,4267.4
66029.62,51256.74,36483.88,21711.07,8646.9,4267.54
66015.78,51242.9,36470.04,21697.23,8622.12,4267.68
66013.35,51240.46,36467.61,21694.79,8604.15,4267.87
66023.78,51250.89,36478.04,21705.22,8596.4,4267.82
66030.88,51258.0,36485.14,21712.32,8586.14,4267.54
66039.31,51266.42,36493.57,21720.74,8576.99,4267.49
66047.51,51274.62,36501.77,21728.94,8568.93,4267.47
66052.64,51279.74,36506.9,21734.06,8562.09,4267.4
66054.32,51281.42,36508.57,21735.74,8553.48,4267.61
66066.06,51293.15,36520.3,21747.48,8553.06,4267.94
66077.84,51304.93,36532.08,21759.26,8553.06,4268.33
66101.3,51328.39,36555.53,21782.72,8562.52,4268.78
66119.14,51346.23,36573.37,21800.56,8564.57,4269.07
66092.56,51319.65,36546.79,21773.98,8528.94,4268.88
66069.03,51296.13,36523.27,21750.45,8510.98,4268.73
66069.81,51296.91,36524.05,21751.24,8503.119999999999,4268.53
66060.68,51445.6,36830.56,22215.58,9092.61,4865.9
66088.91,51470.44,36851.99,22233.61,9088.67,4851.55
66116.94,51656.3,37195.67,22735.11,9715.86,5489.26
66130.6,51831.18,37531.78,23232.44,10345.11,6143.59
66125.24,51987.04,37848.87,23710.75,10963.94,6826.0599999999995
66131.56,52154.58,38177.64,24200.74,11599.24,7544.67
66145.63,52329.87,38514.16,24698.48,12241.27,8265.33
66168.16,52513.63,38859.14,25204.69,12892.41,8998.75
66193.91,52700.6,39207.34,25714.11,13546.21,9732.29
66212.53,52880.44,39548.4,26216.4,14193.23,10461.22
66233.19,53062.32,39891.51,26720.73,14839.72,11177.42
66244.63,53234.99,40225.4,27215.84,15472.27,11861.35
66285.89,53279.65,40273.46,27267.3,15509.789999999999,11876.34
66286.78,53283.95,40281.15,27278.39,15513.08,11891.4
66307.34,53307.91,40308.51,27309.15,15531.65,11907.11
66303.09,53307.05,40311.06,27315.09,15534.61,11923.15
66307.2,53314.56,40321.97,27329.4,15545.7,11939.45
66311.0,53321.76,40332.57,27343.4,15556.98,11955.73
66314.67,53328.83,40343.04,27357.27,15568.13,11972.04
66316.46,53330.61,40344.83,27359.06,15557.92,11972.28
66323.76,53337.9,40352.12,27366.35,15556.46,11972.46
66368.56,53386.1,40403.71,27421.35,15592.63,11987.75
66405.29,53426.23,40447.23,27468.28,15621.75,12001.92
66421.04,53599.81,40778.63,27957.51,16235.35,12616.69
66441.78,53778.37,41115.02,28451.72,16853.43,13234.77
66449.32,53779.1,41108.96,28438.85,16818.51,13206.75
66460.53,53783.51,41106.57,28429.66,16786.0,13178.24
66461.57,53777.75,41094.01,28410.3,16745.18,13148.14
66448.82,53603.78,40758.81,27913.88,16094.76,12459.93
66438.23,53431.97,40425.78,27419.62,15443.48,11752.49
66422.86,53416.6,40410.41,27404.25,15417.35,11752.82
66404.92,53398.67,40392.47,27386.32,15388.789999999999,11753.09
66385.39,53379.14,40372.94,27366.79,15359.25,11753.23
66352.65,53185.18,40017.75,26850.38,14689.51,11037.91
66335.82,53168.35,40000.92,26833.55,14662.15,11038.130000000001
66322.15,53154.69,39987.25,26819.88,14637.69,11038.51
66315.87,53148.41,39980.98,26813.6,14620.6,11038.22
66342.83,53175.37,40007.95,26840.56,14629.18,11038.12
66352.99,53185.54,40018.11,26850.73,14626.08,11038.26
66354.16,53186.72,40019.28,26851.91,14620.46,11038.39
66363.62,53196.18,40028.74,26861.37,14622.289999999999,11038.7
66375.94,53208.49,40041.06,26873.69,14627.64,11039.08
66383.37,53215.92,40048.49,26881.12,14629.82,11039.39
66397.76,53233.72,40069.69,26905.71,14656.95,11055.4
66442.05,53281.41,40120.78,26960.2,14696.44,11071.45
66487.91,53330.67,40173.45,27016.26,14736.66,11086.99
66525.66,53371.81,40218.0,27064.21,14770.08,11101.35
66540.86,53387.020000000004,40233.2,27079.42,14770.08,11101.35
66566.33,53409.090000000004,40251.87,27094.69,14759.6,11087.64
66573.65,53413.01,40252.4,27091.81,14740.68,11073.72
66571.1,53407.06,40243.05,27079.06,14716.46,11059.95
66599.48,53432.04,40264.63,27097.24,14713.71,11045.68
66611.89,53444.44,40277.04,27109.65,14711.7,11045.9
66630.34,53462.9,40295.49,27128.11,14716.42,11045.94
66633.79,53466.36,40298.95,27131.57,14720.36,11046.08
66623.35,53455.92,40288.5,27121.13,14712.93,11046.37
66615.02,53447.6,40280.17,27112.81,14707.49,11046.58
66605.14,53437.73,40270.29,27102.94,14701.4,11046.78
66590.75,53423.33,40255.89,27088.55,14691.9,11046.99
66574.68,53407.270000000004,40239.82,27072.49,14681.04,11047.16
66531.51,53364.090000000004,40196.65,27029.31,14657.52,11046.74
66512.3,53344.88,40177.44,27010.1,14645.0,11046.3
66486.07,53318.66,40151.21,26983.88,14626.2,11045.58
66459.31,53291.9,40124.45,26957.12,14606.79,11045.26
66457.33,53289.93,40122.48,26955.14,14606.04,11045.06
66462.55,53295.15,40127.7,26960.36,14610.87,11045.06
66465.59,53298.2,40130.74,26963.4,14614.54,11045.0
66474.78,53307.39,40139.93,26972.59,14622.74,11044.68
66465.76,53298.38,40130.91,26963.57,14617.04,11044.53
66489.65,53322.28,40154.8,26987.47,14634.72,11044.53
66505.05,53337.68,40170.2,27002.87,14634.6,11044.41
66491.99,53324.61,40157.14,26989.81,14634.27,11044.08
66476.14,53308.770000000004,40141.3,26975.49,14634.07,11043.880000000001
66446.62,53279.25,40111.78,26945.97,14633.61,11043.42
66418.59,53247.82,40076.96,26907.74,14619.59,11029.4
66378.06999999999,53207.31,40036.44,26867.22,14601.54,11029.08
66338.63,53167.86,39997.0,26827.77,14582.32,11028.89
66314.06,53143.3,39972.43,26803.21,14573.57,11028.85
66304.78,53134.03,39963.15,26793.94,14579.89,11028.67
66293.83,53123.07,39952.2,26782.98,14585.44,11028.68
66295.76,53125.01,39954.13,26784.91,14601.41,11028.73
66301.5,53130.75,39959.87,26790.65,14621.14,11028.69
66307.96,53137.21,39966.33,26797.12,14641.86,11028.57
66315.37,53305.840000000004,40296.19,27288.2,15286.77,11712.93
66302.93,53293.4,40283.76,27275.76,15291.99,11713.2
66290.62,53281.1,40271.45,27263.46,15297.34,11713.08
66280.3,53270.78,40261.13,27253.14,15303.14,11712.55
66227.97,53218.46,40208.81,27200.82,15270.69,11712.1
66192.68,53183.17,40173.52,27165.53,15250.15,11711.32
66173.61,53164.1,40154.45,27146.46,15243.29,11710.630000000001
66157.26,53147.75,40138.1,27130.11,15238.47,11709.99
66152.27,53142.76,40133.11,27125.12,15242.76,11709.54
66129.5,53119.98,40110.34,27102.35,15235.15,11709.32
66134.85,53125.33,40115.69,27107.7,15252.52,11709.380000000001
66147.36,53137.840000000004,40128.19,27120.21,15262.53,11709.42
66124.54,53115.03,40105.37,27100.04,15262.57,11709.460000000001
66112.13,52944.79,39777.31,26616.63,14665.01,11111.9
66074.51,52910.56,39746.49,26589.2,14663.2,11126.17
66058.86,52737.090000000004,39415.2,26100.08,14046.78,10488.54
66053.77,52574.18,39094.46,25621.52,13438.1,9848.54
66043.68,52402.87,38761.93,25127.76,12806.12,9166.35
66020.1,52218.07,38415.91,24620.51,12156.550000000001,8447.99
66002.4,52039.15,38075.76,24119.14,11510.31,7727.35
65980.51,51856.03,37731.42,23613.57,10858.87,6993.95
65948.84,51663.13,37377.3,23098.23,10199.61,6260.49
65921.69,51474.76,37027.71,22587.41,9545.36,5531.7
65901.42,51293.26,36684.99,22083.46,8899.23,4815.45
65896.2,51126.81,36357.32,21594.57,8272.01,4131.4
65872.08,51099.29,36326.4,21560.24,8251.92,4116.57
65868.49,51092.29,36316.01,21546.44,8249.33,4101.66
65837.62,51061.42,36285.14,21515.57,8237.98,4101.3
65824.09,51047.89,36271.61,21502.04,8237.74,4101.07
65799.49,51023.3,36247.01,21477.45,8227.5,4100.56
65782.8,51006.6,36230.32,21460.76,8221.7,4100.18
65784.3,51008.1,36231.82,21462.26,8230.27,4100.29
65775.1,51002.31,36229.43,21463.26,8244.22,4115.92
65757.42,50988.03,36218.55,21455.78,8253.07,4131.55
65742.68,50973.28,36203.81,21441.03,8255.51,4131.88
65754.82,50985.42,36215.95,21453.17,8280.08,4132.99
65743.5,50816.27,35888.98,20968.38,7670.18,3518.21
65722.33,50637.28,35552.16,20473.74,7052.0,2900.03
65706.09,50624.44,35542.72,20467.71,7066.51,2913.91
65688.58,50610.33,35532.01,20460.4,7079.9,2927.89
65643.94,50569.1,35494.18,20425.96,7071.35,2942.28
65610.21,50535.36,35460.45,20392.23,7058.02,2942.34
65608.28,50533.43,35458.51,20390.3,7069.16,2942.01
65630.61,50555.75,35480.84,20412.62,7100.22,2941.47
65645.24,50570.38,35495.48,20427.25,7125.21,2941.19
65655.94,50581.07,35506.18,20437.94,7147.1900000000005,2941.01
65669.64,50594.77,35519.88,20451.64,7171.22,2940.72
65673.22,50598.34,35523.46,20455.21,7186.9800000000005,2940.25
65670.17,50595.29,35520.42,20452.16,7197.76,2939.62
65659.68,50584.79,35509.92,20441.66,7202.34,2939.2200000000003
65611.18,50536.29,35461.41,20393.16,7176.89,2938.5
65542.53,50467.63,35392.76,20324.51,7135.11,2937.27
65474.8,50399.9,35325.03,20256.78,7092.78,2936.02
65411.16,50336.25,35261.39,20193.14,7051.85,2934.6
65339.65,50264.75,35189.88,20121.63,7003.06,2933.05
65266.87,50191.98,35117.1,20048.86,6952.28,2931.44
65215.5,50137.2,35058.92,19987.28,6904.55,2913.92
65157.59,50075.89,34994.21,19919.17,6852.48,2896.39
65117.48,50032.37,34947.29,19868.85,6819.79,2879.7
65094.39,50005.88,34917.4,19835.56,6799.5,2864.36
65071.47,49982.95,34894.48,19813.83,6798.78,2863.64
65035.55,49950.44,34865.37,19789.09,6808.61,2876.7000000000003
64997.22,49915.5,34833.83,19762.15,6817.94,2889.89
64975.8,49897.47,34819.21,19750.92,6831.2,2903.15
64944.04,49869.11,34794.25,19729.36,6831.27,2917.08
64945.08,49870.16,34795.29,19730.4,6843.7300000000005,2916.5
64943.52,49868.59,34793.73,19728.84,6853.59,2916.05
64943.32,49868.38,34793.52,19728.63,6865.3,2915.61
64961.21,49886.26,34811.41,19746.51,6891.67,2914.95
64977.46,49902.51,34827.67,19762.76,6916.4,2914.4
64995.14,49920.19,34845.36,19780.44,6940.95,2913.86
65029.99,49955.05,34880.21,19815.29,6979.41,2913.04
65058.53,49983.58,34908.75,19843.829999999998,7013.49,2912.35
65071.12,49996.17,34921.34,19856.42,7026.04,2912.57
65070.91,49995.97,34921.13,19856.22,7036.83,2912.81
65094.28,50019.33,34944.5,19879.579999999998,7067.46,2913.4100000000003
65119.15,50044.19,34969.36,19904.44,7097.92,2914.2200000000003
65141.71,50066.75,34991.91,19927.0,7127.31,2915.21
65169.3,50094.35,35019.5,19954.59,7159.63,2916.37
65198.96,50124.0,35049.16,19984.24,7195.7,2917.63
65230.11,50158.54,35087.11,20025.59,7248.37,2934.9
65277.59,50209.409999999996,35141.39,20083.26,7313.1,2951.94
65314.92,50250.13,35185.52,20130.79,7369.97,2968.4
65354.46,50293.07,35231.86,20180.53,7410.34,2983.8
65410.35,50352.37,35294.56,20246.62,7446.17,2999.11
65469.54,50414.95,35360.54,20314.49,7480.28,3014.4
65531.73,50480.53,35429.53,20386.88,7524.62,3030.05
65586.99,50542.58,35498.38,20462.53,7586.25,3059.08
65668.62,50785.43,35902.46,21027.829999999998,8277.69,3750.52
65736.51,51014.55,36292.8,21579.4,8962.39,4452.71
65782.51,51221.77,36661.25,22109.07,9633.69,5168.89
65834.25,51434.73,37035.44,22644.48,10311.26,5908.29
65888.7,51650.41,37412.340000000004,23182.61,10991.710000000001,6652.74
65933.42,51856.35,37779.51,23711.0,11664.07,7396.860000000001
65967.29,52051.45,38135.83,24228.55,12327.14,8140.56
65994.2,52239.59,38485.19,24739.13,12982.66,8876.48
66037.01,52121.18,38205.55,24298.27,12392.35,8191.27
66066.14,52150.3,38234.67,24327.39,12413.52,8191.47
66107.2,52191.36,38275.73,24368.45,12446.77,8191.83
66127.54,52215.1,38302.87,24398.99,12479.65,8208.04
66175.35,52266.31,38357.47,24457.0,12537.39,8224.35
66204.86,52295.82,38386.98,24486.51,12568.04,8224.97
66220.65,52311.61,38402.77,24502.29,12586.37,8225.5
66232.55,52326.92,38421.48,24524.39,12614.710000000001,8242.08
66250.93,52348.7,38446.67,24552.97,12649.0,8258.89
66287.9,52389.08,38490.44,24600.14,12697.73,8275.53
66326.26,52430.84,38535.6,24648.71,12744.86,8291.79
66389.73,52497.7,38605.87,24722.37,12809.17,8307.62
66437.43,52545.4,38653.57,24767.42,12837.33,8307.95
66479.26,52587.24,38695.41,24806.78,12861.3,8308.14
66518.22,52626.21,38734.38,24845.75,12890.39,8308.29
66566.76,52674.75,38782.91,24894.29,12927.64,8308.29
66581.68,52686.27,38791.04,24899.01,12923.44,8293.39
66604.12,52708.71,38813.47,24921.45,12940.27,8292.89
66613.61,52718.19,38822.95,24930.94,12946.67,8292.75
66653.23,52757.81,38862.57,24970.56,12978.460000000001,8292.130000000001
66691.38,52795.97,38900.73,25008.72,13008.09,8291.59
66729.44,52834.04,38938.79,25046.78,13037.5,8291.12
66756.5,52861.1,38965.84,25073.84,13057.43,8290.8
66796.22,52900.83,39005.56,25113.57,13087.52,8290.3
66840.5,52945.12,39049.84,25157.85,13120.84,8289.68
66907.36,53011.99,39116.7,25224.72,13172.86,8290.09
66940.72,53045.35,39150.06,25258.08,13199.2,8290.16
66976.44,53077.68,39178.98,25283.6,13215.16,8274.78
66981.25,53079.1,39177.0,25278.22,13207.24,8258.81
66985.26,53079.71,39174.21,25272.03,13197.35,8242.81
66980.79,53071.85,39162.94,25257.36,13182.33,8226.59
66958.14,53045.8,39133.5,25224.51,13152.98,8209.89
66935.93,53020.18,39104.48,25192.09,13124.23,8193.51
66922.62,53003.48,39084.38,25168.59,13102.28,8177.17
66917.07,52994.54,39072.03,25152.85,13085.18,8161.02
66889.53,52963.6,39037.7,25115.11,13049.91,8145.2300000000005
66893.02,52967.09,39041.19,25118.6,13053.27,8144.7
66893.47,52967.54,39041.64,25119.05,13052.61,8144.04
66873.68,52947.75,39021.85,25099.26,13045.48,8143.27
66896.51,52970.57,39044.68,25122.09,13067.41,8142.89
66915.44,52989.49,39063.6,25141.02,13086.83,8142.74
66954.51,53028.57,39102.68,25180.09,13122.71,8141.6900000000005
66936.43,53010.48,39084.6,25162.01,13111.94,8141.3
66905.69,52979.74,39053.86,25131.27,13090.77,8141.02
66881.52,52955.56,39029.68,25107.09,13074.22,8140.650000000001
66860.51,52934.55,39008.67,25086.08,13060.11,8140.32
66852.52,52926.56,39000.68,25078.09,13056.79,8139.99
66860.61,52934.66,39008.77,25086.19,13066.79,8139.68
66868.27,52942.31,39016.42,25093.84,13075.24,8139.5
66866.52,52937.17,39007.87,25081.9,13062.04,8125.2300000000005
66863.41,52934.06,39004.76,25078.79,13062.5,8125.35
66879.51,52950.16,39020.86,25094.88,13079.92,8125.77
66889.61,52960.25,39030.96,25104.97,13091.46,8126.150000000001
66909.0,52979.64,39050.35,25124.35,13110.95,8126.6
66937.31,53007.95,39078.66,25152.66,13138.6,8127.04
66977.39,53048.03,39118.74,25192.739999999998,13176.62,8127.650000000001
66996.7,53067.34,39138.05,25212.06,13197.78,8128.18
67003.04,53073.68,39144.39,25218.4,13207.56,8128.74
67022.89,53093.53,39164.24,25238.25,13227.25,8129.47
67074.02,53144.67,39215.37,25289.38,13272.69,8130.62
67125.33,53195.99,39266.68,25339.5,13303.61,8131.37
67159.86,53230.52,39301.2,25373.06,13321.33,8131.88
67201.37,53272.03,39342.71,25413.37,13343.5,8132.54
67259.64,53330.31,39400.98,25471.65,13386.44,8133.33
67296.61,53367.28,39437.96,25508.62,13420.51,8133.900000000001
67312.92,53383.59,39454.27,25524.93,13438.19,8134.13
67340.51,53411.18,39481.86,25552.51,13465.04,8134.27
67385.18,53455.86,39526.53,25597.19,13504.41,8134.1900000000005
67418.34,53489.02,39559.69,25630.35,13534.78,8134.35
67451.72,53522.39,39593.06,25663.72,13565.77,8134.49
67483.36,53554.03,39624.69,25695.36,13597.29,8134.67
67517.5,53588.17,39658.84,25729.5,13630.210000000001,8134.83
67575.33,53646.0,39716.67,25787.329999999998,13681.49,8134.64
67644.71,53718.78,39792.85,25866.91,13755.48,8151.42
67702.61,53780.07,39857.55,25935.0,13820.01,8168.24
67747.08,53827.94,39908.82,25989.67,13873.46,8185.1900000000005
67779.38,53860.25,39941.12,26021.98,13905.710000000001,8185.78
67796.76,53877.63,39958.5,26039.36,13926.66,8186.12
67809.12,53893.38,39977.66,26061.91,13959.28,8202.59
67798.83,53883.1,39967.38,26051.63,13958.27,8203.17
67803.96,53888.24,39972.51,26056.76,13967.83,8203.72
67812.85,53897.14,39981.4,26065.66,13980.27,8204.25
67823.2,53907.5,39991.75,26076.01,13992.12,8204.69
67856.23,53940.53,40024.78,26109.04,14022.56,8205.83
67852.73,53937.03,40021.27,26105.54,14023.57,8205.89
67854.79,53939.1,40023.33,26107.6,14029.25,8206.05
67857.42,53941.73,40025.96,26110.22,14035.87,8206.12
67866.05,53950.36,40034.59,26118.85,14047.65,8206.42
67869.33,53953.64,40037.87,26122.13,14050.93,8209.7
67866.36,53950.67,40034.9,26119.16,14047.96,8206.73
67874.49,53958.8,40043.03,26127.29,14056.09,8214.86
67871.68,53955.99,40040.22,26124.48,14053.28,8212.05
67862.93,53947.24,40031.47,26115.73,14044.53,8203.3
67854.58,53938.89,40023.12,26107.38,14036.18,8194.95
67848.55,53932.86,40017.09,26101.35,14030.15,8188.92
67850.5,53934.81,40019.04,26103.3,14032.1,8190.87
67846.68,54092.21,40337.67,26583.15,14661.4,8915.07
67841.2,54244.56,40647.84,27051.15,15267.619999999999,9578.3
67810.46,54217.21,40623.9,27030.6,15259.74,9593.39
67786.53,54193.28,40599.97,27006.67,15240.88,9593.0
67780.69,54187.44,40594.14,27000.829999999998,15235.36,9593.24
67782.52,54189.27,40595.97,27002.66,15236.32,9593.58
67780.73,54187.48,40594.18,27000.88,15234.53,9593.91
67775.68,54179.03,40582.32,26985.63,15216.41,9578.07
67765.04,54164.98,40564.87,26964.79,15191.69,9561.72
67750.03,54146.56,40543.06,26939.57,15165.39,9545.36
67723.6,54116.74,40509.83,26902.94,15131.36,9529.22
67704.11,54093.85,40483.54,26873.26,15105.97,9513.75
67688.64,54078.37,40468.07,26857.78,15097.61,9513.66
67673.44,54063.16,40452.86,26842.61,15090.12,9513.69
67661.63,54054.75,40447.84,26841.0,15099.41,9528.09
67635.82,54032.34,40428.83,26825.39,15097.88,9543.06
67652.13,54055.45,40458.73,26862.1,15145.43,9573.47
67655.77,54220.31,40784.82,27349.41,15776.57,10272.15
67659.52,54385.29,41111.02,27836.83,16409.4,10980.31
67624.78,54511.77,41398.73,28285.76,17011.03,11688.75
67583.66,54631.87,41680.05,28728.31,17607.98,12397.83
67551.76,54761.19,41970.6,29180.08,18212.32,13106.25
67530.89,54901.54,42272.18,29642.88,18825.68,13814.4
67502.84,55034.71,42566.58,30098.5,19433.12,14522.55
67486.89,55179.98,42873.08,30566.22,20050.13,15230.33
67474.35,55167.44,42860.55,30553.68,20046.13,15230.27
67456.31,55149.41,42842.52,30535.65,20036.94,15230.23
67419.09,55112.19,42805.31,30498.43,20009.06,15230.57
67387.31,55080.4,42773.52,30466.65,19985.33,15231.12
67361.16,55054.24,42747.37,30440.49,19965.46,15231.65
67339.22,55032.29,42725.43,30418.54,19948.03,15232.13
67323.21,55016.27,42709.41,30402.52,19935.33,15232.5
67320.96,55014.02,42707.16,30400.27,19932.99,15232.99
67326.33,55019.38,42712.52,30405.63,19937.05,15233.63
67338.49,55031.53,42724.68,30417.79,19946.41,15234.27
67394.29,55087.32,42780.47,30473.58,19992.06,15235.11
67477.42,55170.45,42863.6,30556.7,20057.65,15236.05
67570.24,55263.270000000004,42956.43,30649.52,20132.44,15237.24
67668.42,55361.45,43054.61,30747.69,20202.05,15238.72
67715.03,55411.47,43108.02,30804.5,20248.94,15255.49
67771.68,55471.53,43171.47,30871.35,20303.96,15272.2
67803.58,55664.65,43525.81,31386.92,20956.32,15985.89
67839.93,55862.23,43884.61,31906.94,21612.98,16699.8
67876.08,55898.38,43920.76,31943.09,21637.37,16700.12
67929.34,56112.87,44296.47,32480.03,22312.5,17440.46
67986.34,56331.1,44675.92,33020.71,22991.24,18183.66
68038.61,56544.590000000004,45050.64,33556.65,23665.51,18924.84
68083.35,56750.55,45417.83,34085.06,24333.39,19666.24
68123.14,56951.57,45780.07,34608.53,24991.93,20378.81
68141.22,57130.87,46120.6,35110.28,25622.84,21036.21
68166.44,57159.49,46152.62,35145.7,25652.96,21051.88
68185.24,57181.69,46178.22,35174.7,25674.71,21068.21
68223.44,57223.3,46223.23,35223.11,25709.73,21085.01
68262.41,57265.68,46269.0,35272.29,25747.18,21102.02
68292.82,57296.090000000004,46299.41,35302.7,25763.5,21103.15
68316.55,57323.22,46329.94,35336.63,25787.38,21120.14
68347.22,57353.9,46360.61,35367.3,25804.24,21121.07
68399.28,57409.35,46419.47,35429.55,25851.72,21138.31
68421.26,57434.74,46448.25,35461.74,25878.32,21154.51
68395.82,57412.69,46429.61,35446.5,25868.16,21169.12
68387.67,57407.94,46428.27,35448.55,25873.59,21183.56
68391.61,57411.88,46432.22,35452.49,25875.48,21183.97
68414.98,57435.25,46455.59,35475.86,25893.18,21184.36
68449.13,57469.4,46489.75,35510.01,25919.75,21184.94
68481.04,57501.31,46521.66,35541.92,25944.7,21185.81
68510.0,57533.67,46557.42,35581.08,25981.31,21201.42
68522.32,57546.0,46569.75,35593.41,25990.89,21201.46
68522.2,57707.1,46892.08,36076.96,26619.81,21923.19
68536.66,57882.79,47228.99,36575.1,27263.23,22661.02
68553.19,58060.55,47567.97,37075.31,27908.25,23400.14
68573.45,58242.03,47910.68,37579.24,28555.61,24141.93
68590.69,58420.49,48250.36,38080.15,29200.4,24882.33
68594.3,58585.33,48576.42,38567.43,29830.26,25604.01
68587.34,58574.98,48562.66,38550.28,29803.61,25588.33
68581.39,58565.63,48549.91,38534.13,29780.55,25572.57
68577.71,58558.55,48539.43,38520.25,29760.01,25556.6
68570.8,58551.63,48532.52,38513.33,29749.87,25556.71
68569.87,58550.69,48531.59,38512.39,29744.23,25556.91
68558.78,58536.21,48513.7,38491.11,29715.86,25540.81
68567.58,58545.01,48522.49,38499.91,29716.72,25540.24
68549.74,58523.76,48497.85,38471.86,29682.64,25523.67
68527.23,58497.85,48468.54,38439.15,29645.09,25506.89
68517.95,58485.16,48452.46,38419.66,29621.59,25490.53
68498.13,58461.94,48425.84,38389.65,29590.48,25474.68
68494.57,58454.98,48415.48,38375.89,29573.18,25459.78
68477.57,58434.58,48391.68,38348.69,29545.03,25444.53
68451.07,58404.68,48358.38,38311.99,29509.09,25429.0
68415.95,58366.17,48316.46,38266.68,29466.73,25413.3
68355.93,58148.32,47940.79,37733.18,28807.12,24732.41
68312.59,57947.16,47581.8,37216.37,28158.19,24047.25
68253.31,57726.65,47200.07,36673.41,27477.85,23322.8
68182.88,57495.0,46807.19,36119.31,26786.18,22586.2
68118.94,57269.83,46420.8,35571.69,26099.68,21850.31
68062.6,57052.27,46042.01,35031.68,25419.39,21114.16
68003.83,56832.27,45660.79,34489.23,24736.86,20376.21
67943.58,56610.8,45278.1,33945.31,24053.04,19637.97
67893.94,56399.94,44906.01,33412.0,23380.48,18913.77
67873.79,56221.97,44570.21,32918.38,22753.62,18249.53
67849.23,56194.01,44538.85,32883.63,22714.95,18233.35
67835.04,56176.41,44517.86,32859.23,22686.59,18217.07
67801.56,56139.53,44477.57,32815.55,22642.83,18199.76
67761.99,56099.95,44438.0,32775.97,22607.95,18198.4
67717.82,56055.78,44393.83,32731.79,22570.27,18197.2
67674.41,56012.37,44350.43,32688.38,22533.46,18196.0
67617.35,55955.32,44293.37,32631.32,22487.82,18194.81
67572.5,55910.48,44248.52,32586.48,22450.39,18193.58
67541.41,55879.39,44217.44,32555.39,22423.08,18192.43
67524.37,55862.35,44200.4,32538.34,22407.25,18191.37
67514.88,55852.86,44190.91,32528.85,22398.06,18190.62
67532.3,55866.89,44201.54,32536.04,22396.64,18175.670000000002
67531.39,55859.18,44187.03,32514.73,22366.82,18146.3
67534.65,55855.64,44176.69,32497.59,22341.0,18116.15
67523.55,55837.74,44151.99,32466.09,22303.59,18085.39
67513.3,55666.270000000004,43819.29,31972.17,21670.6,17386.53
67528.24,55519.99,43511.78,31503.44,21054.52,16677.85
67539.55,55370.07,43200.64,31031.08,20435.41,15969.49
67549.5,55218.79,42888.14,30557.36,19815.0,15260.55
67565.84,55073.91,42582.04,30090.03,19199.93,14552.1
67579.84,54926.69,42273.59,29620.36,18584.26,13843.79
67592.06999999999,54777.7,41963.38,29148.92,17966.89,13135.64
67579.22,54603.63,41628.09,28652.4,17329.27,12428.119999999999
67535.23,54559.63,41584.09,28608.41,17291.63,12427.71
67499.28,54523.67,41548.13,28572.45,17260.88,12427.34
67506.1,54530.48,41554.94,28579.27,17265.46,12426.95
67515.49,54539.87,41564.33,28588.65,17272.49,12426.59
67534.0,54558.39,41582.84,28607.17,17288.69,12426.45
67541.65,54566.05,41590.5,28614.83,17297.19,12426.62
67554.96,54579.36,41603.81,28628.15,17309.92,12426.78
67568.31999999999,54592.72,41617.17,28641.52,17323.23,12426.84
67579.85,54604.25,41628.7,28653.06,17334.91,12426.88
67542.52,54566.93,41591.37,28615.73,17306.04,12426.85
67495.55,54519.96,41544.4,28568.76,17270.0,12426.55
67415.89,54440.31,41464.74,28489.11,17210.02,12425.93
67316.49,54340.9,41365.33,28391.9,17135.42,12424.93
67221.55,54245.96,41270.39,28299.4,17066.24,12423.88
67153.84,54174.85,41195.88,28221.49,17002.29,12407.43
67106.14,54123.74,41141.38,28163.59,16954.64,12390.92
67046.58,53902.95,40759.37,27620.35,16278.96,11677.78
66993.66,53688.8,40384.0,27083.76,15608.45,10964.5
66969.8,53664.95,40360.14,27059.91,15584.19,10964.52
66933.2,53467.12,40001.09,26539.64,14912.56,10224.4
66895.52,53268.21,39640.96,26018.29,14240.01,9481.49
66862.91,53074.38,39285.9,25502.01,13571.82,8740.65
66829.68,52879.92,38930.22,24985.11,12903.46,7999.62
66798.3,52687.32,38576.39,24470.06,12242.92,7287.46
66779.31,52510.5,38241.75,23977.6,11616.78,6644.85
66778.08,52505.87,38233.73,23966.17,11597.06,6629.98
66767.2,52491.6,38216.05,23945.1,11569.88,6614.68
66781.49,52505.88,38230.33,23959.38,11579.289999999999,6614.89
66784.82,52509.2,38233.66,23962.71,11577.28,6614.85
66790.41,52514.78,38239.25,23968.29,11576.75,6614.78
66787.45,52508.42,38229.49,23955.13,11555.77,6598.51
66793.13,52514.1,38235.17,23960.81,11556.16,6598.48
66779.7,52497.28,38214.94,23937.19,11528.75,6581.98
66782.01,52496.18,38210.45,23929.3,11511.39,6566.32
66822.05,52532.83,38243.69,23959.14,11523.57,6551.87
66812.07,52522.85,38233.7,23949.16,11508.51,6551.36
66799.46,52513.64,38227.88,23946.75,11505.28,6564.93
66782.11,52499.7,38217.33,23939.61,11497.97,6578.94
66752.7,52473.69,38194.72,23920.4,11480.51,6593.4
66741.09,52465.48,38189.9,23918.99,11476.43,6608.36
66750.53,52478.32,38206.14,23938.63,11488.35,6624.09
66750.91,52639.92,38528.96,24422.68,12116.63,7340.18
66773.07,52662.08,38551.12,24444.84,12138.79,7362.34
66786.24,52675.25,38564.29,24458.01,12151.96,7375.51
66795.15,52684.16,38573.2,24466.92,12160.87,7384.42
66804.79,52693.8,38582.840000000004,24476.56,12170.51,7394.06
66807.06,52696.07,38585.11,24478.83,12172.78,7396.33
66796.83,52531.42,38266.03,24005.33,11555.78,6706.49
66793.38,52527.97,38262.58,24001.88,11551.26,6706.56
66786.53,52521.12,38255.73,23995.03,11541.82,6706.75
66793.0,52527.590000000004,38262.2,24001.51,11542.27,6706.9800000000005
66795.43,52530.020000000004,38264.63,24003.95,11538.33,6707.18
66791.37,52525.97,38260.57,23999.9,11528.27,6707.1900000000005
66787.28,52521.88,38256.49,23995.81,11518.62,6707.12
66783.68,52518.270000000004,38252.89,23992.2,11510.2,6707.28
66808.21,52542.81,38277.43,24016.74,11523.87,6707.49
66830.95,52565.54,38300.17,24039.48,11536.7,6707.83
66845.62,52580.21,38314.840000000004,24054.15,11540.11,6708.33
66832.64,52567.24,38301.87,24041.17,11521.12,6708.45
66902.95,52637.55,38372.18,24111.48,11572.47,6709.2300000000005
66985.8,52720.39,38455.03,24194.32,11634.45,6710.36
67068.4,52803.0,38537.64,24276.93,11696.06,6711.59
67147.8,52882.4,38617.05,24356.33,11754.8,6712.81
67220.63,52955.23,38689.88,24429.17,11810.13,6714.04
67271.85,53006.45,38741.1,24480.39,11851.93,6715.39
67315.38,53056.78,38798.23,24544.33,11914.58,6747.24
67381.33,53129.53,38877.78,24630.68,11993.35,6779.7300000000005
67447.99,53202.99,38958.04,24717.74,12072.9,6812.5
67506.38,53264.77,39023.23,24786.33,12132.47,6829.06
67564.61,53326.4,39088.26,24854.77,12191.89,6845.59
67620.33,53385.51,39150.77,24920.68,12249.61,6862.05
67645.81,53414.39,39183.05,24956.36,12282.92,6878.18
67662.46,53431.04,39199.7,24973.01,12296.85,6879.32
67695.28,53463.86,39232.52,25005.82,12324.72,6880.43
67744.79,53513.38,39282.04,25055.34,12364.89,6881.45
67781.96,53550.55,39319.21,25092.51,12394.65,6882.53
67820.02,53588.62,39357.27,25130.58,12418.98,6883.4800000000005
67867.75,53636.35,39405.0,25178.31,12449.5,6884.32
67911.81,53680.41,39449.05,25222.37,12476.69,6884.99
67965.2,53733.79,39502.44,25275.75,12510.66,6885.52
68015.31,53783.9,39552.55,25325.86,12546.57,6886.2
68062.48,53831.07,39599.72,25373.03,12582.71,6887.1900000000005
68076.87,53845.46,39614.11,25387.43,12591.12,6888.07
68104.6,53873.19,39641.840000000004,25415.17,12614.4,6888.89
68120.92,53892.91,39664.95,25441.69,12643.08,6903.85
68155.54,53930.92,39706.37,25486.5,12686.39,6918.74
68168.74,53947.51,39726.37,25509.9,12711.8,6933.99
68195.4,53974.17,39753.03,25536.56,12734.95,6933.58
68208.27,53987.04,39765.9,25549.43,12747.42,6933.4400000000005
68189.81,53968.58,39747.45,25530.97,12734.58,6933.77
68198.47,53977.24,39756.11,25539.63,12739.75,6933.62
68204.09,53982.86,39761.73,25545.25,12742.67,6933.43
68201.19,53979.96,39758.82,25542.35,12738.65,6933.24
68200.47,53979.23,39758.1,25541.62,12735.5,6933.07
68194.35,53973.11,39751.97,25535.5,12728.44,6932.9800000000005
68182.21,53960.96,39739.82,25523.35,12716.62,6932.9800000000005
68203.2,53978.56,39754.01,25534.14,12716.09,6917.6900000000005
68227.11,54002.47,39777.92,25558.05,12731.14,6917.63
68248.28,54023.64,39799.090000000004,25579.21,12746.27,6917.900000000001
68250.84,54026.21,39801.65,25581.78,12744.24,6917.99
68242.96,54018.33,39793.77,25573.9,12733.95,6917.6
68253.76,54029.12,39804.56,25584.69,12738.59,6916.93
68257.73,54033.09,39808.53,25588.66,12737.92,6916.53
68258.73,54034.1,39809.53,25589.66,12735.07,6916.01
68255.09,54030.46,39805.89,25586.01,12728.51,6915.47
68290.34,54065.71,39841.14,25621.26,12754.45,6915.16
68319.15,54094.53,39869.95,25650.08,12774.49,6915.18
68384.59,54156.57,39928.590000000004,25705.32,12810.53,6899.9800000000005
68468.36,54236.95,40005.57,25776.7,12860.21,6885.14
68564.21,54329.41,40094.62,25859.92,12918.5,6869.9800000000005
68644.59,54406.39,40168.2,25930.1,12968.49,6854.41
68705.97,54464.38,40222.78,25981.28,13002.46,6838.74
68776.38,54534.79,40293.19,26051.69,13058.22,6837.86
68852.95,54611.37,40369.77,26128.26,13118.4,6836.84
68910.0,54668.41,40426.82,26185.3,13168.21,6836.07
68962.86,54721.28,40479.68,26238.16,13214.88,6835.41
69014.14,54772.56,40530.96,26289.43,13259.43,6834.71
69057.42,54815.84,40574.24,26332.71,13297.28,6834.02
69099.68,54858.11,40616.5,26374.97,13333.6,6833.35
69148.95,54907.38,40665.77,26424.24,13374.96,6832.56
69210.59,54965.63,40720.61,26475.68,13412.34,6817.34
69250.04,55005.07,40760.05,26515.12,13446.47,6817.28
69303.55,55058.57,40813.56,26568.63,13493.65,6817.06
69314.05,55065.68,40817.26,26568.94,13492.74,6800.84
69306.55,55054.79,40802.96,26551.24,13478.1,6784.81
69305.46,55053.7,40801.87,26550.15,13482.6,6784.46
69303.13,55051.36,40799.54,26547.81,13485.8,6784.25
69282.75,55030.97,40779.16,26527.42,13475.01,6783.96
69273.15,55021.36,40769.56,26517.82,13473.68,6783.84
69268.61,55016.82,40765.02,26513.27,13477.69,6783.68
69275.36,55023.57,40771.77,26520.02,13489.4,6783.63
69306.09,55050.9,40795.7,26540.55,13506.76,6770.04
69335.79,55077.2,40818.6,26560.05,13522.77,6756.4800000000005
69366.18,55104.18,40842.19,26580.24,13539.86,6742.53
69394.95,55129.54,40864.15,26598.8,13555.64,6728.01
69411.75,55142.94,40874.16,26605.4,13561.61,6712.93
69396.92,55121.3,40845.73,26570.16,13528.6,6681.53
69419.59,54982.75,40545.95,26109.16,12915.21,5965.02
69415.6,54817.54,40219.51,25621.5,12269.15,5221.1
69401.37,54642.09,39882.83,25123.6,11613.32,4470.16
69392.15,54471.65,39551.17,24630.71,10962.11,3722.18
69376.76,54295.04,39213.33,24131.65,10305.22,2970.79
69372.15,54129.21,38886.27,23643.37,9658.76,2228.17
69380.9,54131.16,38881.42,23631.72,9635.66,2196.53
69388.58,54135.44,38882.3,23629.2,9625.32,2181.22
69405.5,54152.36,38899.22,23646.12,9638.3,2180.97
69392.83,54139.7,38886.56,23633.45,9629.08,2180.33
69407.08,54153.95,38900.81,23647.69,9642.67,2180.19
69426.4,54173.27,38920.13,23667.01,9661.15,2180.11
69455.35,54202.21,38949.07,23695.96,9686.97,2180.14
69485.74,54236.01,38986.26,23736.56,9726.08,2196.61
69494.81999999999,54248.48,39002.13,23755.83,9748.98,2213.03
69500.33,54257.39,39014.44,23771.53,9771.76,2229.44
69516.22,54276.69,39037.13,23797.63,9802.92,2245.66
69573.34,54337.21,39101.04,23864.95,9871.01,2261.89
69551.21,54318.48,39085.72,23853.02,9869.31,2277.03
69525.15,54295.82,39066.46,23837.16,9863.07,2292.07
69477.52,54251.590000000004,39025.62,23799.73,9838.74,2306.46
69448.03,54222.1,38996.12,23770.24,9816.35,2306.3
69415.66,54189.74,38963.76,23737.87,9791.51,2306.1
69398.18,54175.66,38953.08,23730.59,9788.789999999999,2321.08
69396.51,54328.42,39260.26,24192.19,10389.06,2996.26
69408.21,54494.54,39580.81,24667.16,11009.18,3707.59
69415.11,54655.87,39896.56,25137.34,11625.75,4420.33
69420.17,54818.76,40217.27,25615.87,12253.58,5147.03
69424.48,54980.9,40537.23,26093.65,12880.46,5872.22
69419.6,54972.62,40525.55,26078.58,12857.91,5855.94
69418.61,54968.23,40517.76,26067.39,12838.61,5840.41
69412.71,54962.32,40511.86,26061.48,12829.44,5840.17
69418.16,54967.78,40517.31,26066.94,12828.88,5840.37
69425.4,54975.01,40524.54,26074.18,12829.03,5840.91
69424.99,54974.6,40524.13,26073.77,12823.24,5841.36
69436.14,54985.74,40535.28,26084.91,12832.69,5841.7300000000005
69443.34,54992.95,40542.49,26092.12,12839.83,5842.02
69460.06,55009.67,40559.21,26108.84,12854.86,5842.5
69467.93,55017.55,40567.08,26116.72,12866.48,5843.19
69466.83,55016.45,40565.98,26115.62,12867.99,5843.96
69464.78,55014.4,40563.92,26113.57,12869.86,5844.1
69485.26,55034.88,40584.4,26134.04,12892.0,5844.25
69484.19,55033.82,40583.33,26132.97,12892.52,5844.22
69464.85,55017.87,40570.79,26123.83,12890.76,5858.59
69438.69,54991.71,40544.63,26097.67,12869.92,5858.650000000001
69438.0,54991.03,40543.95,26096.98,12870.05,5858.87
69446.84,55003.270000000004,40559.6,26116.02,12891.04,5875.03
69460.78,55020.61,40580.34,26140.16,12914.89,5891.1
69473.61,55033.43,40593.16,26152.99,12922.49,5891.15
69460.01,55019.840000000004,40579.57,26139.39,12907.75,5891.78
69475.98,55035.81,40595.54,26155.36,12916.78,5892.01
69501.77,55061.590000000004,40621.33,26181.14,12933.56,5892.17
69529.45,55089.28,40649.01,26208.83,12951.53,5892.24
69559.2,55119.02,40678.76,26238.58,12971.02,5892.26
69565.84,55125.67,40685.4,26245.23,12971.81,5892.65
69536.4,55099.63,40662.76,26225.99,12957.89,5907.99
69512.29,55075.53,40638.66,26201.89,12934.63,5908.3
69538.78,55102.02,40665.15,26228.39,12952.12,5908.07
69580.44,55143.67,40706.81,26270.04,12983.53,5908.2
69626.97,55190.2,40753.35,26316.57,13017.38,5908.82
69663.37,55226.6,40789.75,26352.98,13042.57,5909.64
69691.37,55254.6,40817.75,26380.97,13061.2,5910.38
69730.09,55293.32,40856.47,26419.69,13091.72,5911.15
69773.3,55336.53,40899.68,26462.9,13127.39,5911.69
69808.25,55371.48,40934.64,26497.85,13159.25,5912.07
69812.91,55379.53,40946.1,26512.71,13183.05,5927.96
69750.31,55323.72,40897.1,26470.96,13165.13,5957.650000000001
69701.87,55282.07,40862.25,26442.91,13158.6,5987.59
69648.59,55232.19,40815.77,26399.83,13134.15,6003.31
69611.96,55198.96,40785.94,26373.4,13122.08,6019.55
69588.87,55179.27,40769.65,26360.51,13121.15,6036.04
69575.22,55169.02,40762.8,26357.06,13125.29,6052.34
69552.74,55146.53,40740.31,26334.57,13106.52,6052.92
69533.05,55126.85,40720.63,26314.89,13088.34,6053.47
69515.03,55108.83,40702.61,26296.87,13071.2,6053.96
69496.45,55090.26,40684.03,26278.3,13053.95,6054.42
69475.76,55069.57,40663.34,26257.61,13035.95,6054.89
69453.09,55046.9,40640.67,26234.94,13016.37,6055.39
69412.75,55006.55,40600.33,26194.6,12982.05,6056.16
69351.96,54949.159999999996,40546.35,26144.01,12945.47,6071.35
69295.41,54892.62,40489.81,26087.47,12898.28,6071.29
69271.33,54868.55,40465.74,26063.39,12877.57,6071.7
69270.9,54868.12,40465.31,26062.96,12875.47,6072.0
69282.4,54879.62,40476.82,26074.46,12882.64,6072.04
69290.06,54887.28,40484.48,26082.13,12886.12,6072.33
69297.2,54894.42,40491.62,26089.27,12890.08,6072.83
69312.12,54912.74,40513.34,26114.4,12912.27,6089.37
69331.03,54935.05,40539.05,26143.51,12935.8,6105.97
69358.9,54966.33,40573.72,26181.59,12967.45,6122.4400000000005
69340.78,54951.6,40562.4,26173.67,12964.15,6137.61
69319.04,54933.25,40547.46,26162.12,12959.67,6151.67
69327.36,54944.97,40562.58,26180.64,12980.07,6166.47
69338.4,54959.42,40580.43,26201.88,13001.69,6181.74
69345.13,54969.55,40593.96,26218.82,13019.93,6197.39
69359.69,54987.5,40615.31,26243.58,13044.81,6213.52
69378.66,55013.28,40647.89,26282.96,13087.06,6245.26
69359.25,55155.09,40950.93,26747.22,13703.71,6965.03
69356.3,55313.36,41270.43,27227.94,14342.83,7702.01
69357.69,55475.97,41594.27,27713.0,14985.82,8440.11
69356.76,55636.26,41915.78,28195.74,15626.88,9177.94
69358.62,55799.34,42240.09,28681.27,16270.24,9915.8
69358.68,55960.62,42562.6,29165.0,16912.15,10653.87
69345.59,56108.75,42871.96,29635.58,17537.68,11360.78
69330.39,56100.35,42870.36,29640.78,17560.11,11391.14
69299.28,56072.65,42846.05,29619.88,17549.2,11406.14
69296.48,56073.24,42850.04,29627.27,17560.76,11422.38
69269.37,56049.53,42829.73,29610.37,17551.37,11438.03
69257.63,56041.19,42824.79,29608.83,17553.579999999998,11454.0
69248.69,56035.659999999996,42822.65,29610.09,17558.66,11469.91
69237.78,56021.34,42804.94,29588.98,17535.75,11453.37
69220.9,56001.07,42781.26,29561.91,17511.65,11436.99
69228.09,56004.87,42781.66,29558.91,17505.51,11420.82
69232.93,56006.31,42779.71,29553.55,17500.27,11404.91
69198.33,55968.31,42738.31,29508.75,17460.35,11388.98
69152.33,55918.909999999996,42685.51,29452.55,17413.19,11373.6
69101.22,55864.409999999996,42627.6,29391.25,17362.18,11358.23
69091.33,55851.11,42610.91,29371.16,17345.81,11343.53
69084.12,55843.89,42603.7,29363.94,17344.63,11343.51
69124.22,55883.99,42643.79,29404.04,17382.41,11343.75
69155.13,55911.49,42667.9,29424.74,17397.94,11328.61
69160.64,55759.18,42357.76,28956.78,16785.39,10637.45
69161.19,55601.909999999996,42042.66,28483.86,16154.65,9909.65
69171.89,55454.79,41737.71,28021.09,15534.05,9180.3
69175.83,55297.51,41419.2,27541.36,14893.1,8436.9
69179.89,55140.34,41100.81,27061.75,14252.26,7695.08
69194.91,55155.37,41115.83,27076.77,14261.63,7694.87
69220.44,55184.3,41148.17,27112.5,14291.56,7710.37
69212.47,55176.34,41140.21,27104.54,14282.06,7710.3099999999995
69189.32,55153.19,41117.06,27081.39,14262.18,7710.03
69178.5,55142.38,41106.24,27070.57,14253.76,7709.63
69183.23,55147.11,41110.98,27075.3,14257.81,7709.55
69177.05,55140.94,41104.8,27069.13,14251.8,7709.45
69173.8,55137.68,41101.54,27065.88,14248.16,7709.43
69156.62,55120.49,41084.36,27048.69,14231.19,7709.63
69148.83,55112.69,41076.57,27040.9,14220.64,7709.44
69152.2,55116.06,41079.94,27044.27,14219.9,7709.44
69161.31,55125.159999999996,41089.05,27053.37,14225.38,7709.6
69150.93,55114.79,41078.67,27043.0,14216.35,7709.5199999999995
69157.82,55121.68,41085.56,27049.89,14221.47,7709.45
69181.28,55141.74,41102.22,27063.14,14226.19,7695.16
69214.36,55174.82,41135.3,27096.22,14252.09,7695.29
69240.85,55201.31,41161.78,27122.71,14271.95,7695.35
69246.65,55207.11,41167.57,27128.51,14274.9,7695.3099999999995
69234.88,55195.33,41155.8,27116.73,14263.07,7695.18
69228.84,55192.69,41156.56,27120.89,14268.89,7711.03
69245.93,55209.77,41173.64,27137.97,14280.41,7710.82
69242.66,55206.5,41170.37,27134.69,14275.64,7710.88
69232.49,55196.33,41160.2,27124.52,14264.51,7711.0
69214.31,55178.14,41142.02,27106.34,14246.82,7711.21
69202.27,55166.11,41129.979999999996,27094.3,14234.05,7711.33
69219.85,55183.69,41147.56,27111.88,14245.22,7711.03
69247.99,55211.83,41175.7,27140.02,14265.289999999999,7711.09
69272.69,55236.52,41200.39,27164.72,14282.91,7711.14
69239.21,55203.04,41166.909999999996,27131.23,14252.78,7711.45
69210.44,55174.28,41138.14,27102.47,14224.01,7711.51
69116.43,55080.27,41044.12,27008.46,14144.1,7713.07
69099.75,55063.6,41027.44,26991.78,14126.119999999999,7712.66
69084.36,55048.21,41012.05,26976.4,14109.18,7712.06
69052.66,55016.51,40980.35,26944.7,14079.1,7711.76
69026.65,54990.51,40954.35,26918.7,14054.15,7711.75
68997.61,54961.47,40925.31,26889.66,14027.99,7711.78
68982.85,54943.32,40903.76,26864.7,13999.61,7695.86
68990.16,54947.23,40904.27,26861.35,13989.84,7681.43
69004.71,54958.38,40912.02,26865.7,13985.9,7666.93
69013.8,54967.47,40921.12,26874.79,13991.18,7666.89
69010.36,54964.02,40917.68,26871.34,13986.94,7666.81
69021.02,54974.68,40928.35,26882.0,13994.61,7666.82
69010.17,54963.84,40917.5,26871.16,13984.5,7666.7
69003.77,54960.84,40917.9,26874.97,13990.28,7682.49
68999.47,54959.94,40920.39,26880.87,13999.33,7698.58
68988.23,54952.09,40915.95,26879.82,14003.06,7714.66
68982.65,54946.51,40910.37,26874.24,13996.289999999999,7714.75
68984.82,54948.67,40912.54,26876.41,13995.03,7714.7699999999995
68989.65,54956.89,40924.17,26891.44,14009.87,7730.8
68999.88,54967.13,40934.4,26901.67,14017.31,7730.58
69031.35,54998.59,40965.86,26933.14,14041.81,7730.69
69073.46,55040.7,41007.96,26975.25,14073.05,7730.88
69092.61,55059.85,41027.1,26994.4,14084.88,7730.74
69088.7,55055.94,41023.19,26990.49,14078.11,7730.66
69086.89,55054.13,41021.38,26988.68,14073.5,7730.56
69073.79,55041.03,41008.28,26975.57,14060.33,7730.16
69063.08,55030.33,40997.57,26964.87,14046.74,7729.67
69058.7,55022.55,40986.39,26950.29,14028.789999999999,7713.42
69041.72,55002.17,40962.61,26923.1,14003.24,7697.36
69012.82,54969.87,40926.91,26884.0,13969.0,7681.18
69005.51,54959.17,40912.8,26866.49,13951.99,7665.86
69020.27,54970.53,40920.76,26871.06,13950.73,7651.64
69011.45,54958.31,40905.14,26852.04,13930.19,7636.8
68978.03,54921.49,40864.91,26808.42,13890.2,7621.29
68922.09,54862.16,40802.18,26742.28,13831.83,7605.22
68873.2,54809.88,40746.49,26683.19,13780.119999999999,7588.82
68835.74,54769.020000000004,40702.22,26635.53,13738.19,7572.55
68841.5,54616.96,40392.34,26167.82,13123.46,6869.11
68839.42,54453.66,40067.82,25682.07,12480.03,6132.25
68829.94,54286.35,39742.69,25199.11,11842.82,5410.12
68818.65,54113.840000000004,39408.95,24704.15,11190.42,4672.26
68811.4,53945.36,39079.25,24213.23,10541.46,3934.37
68807.68,53783.82,38759.88,23736.04,9908.7,3212.39
68813.71,53632.03,38450.26,23268.6,9290.08,2521.24
68801.02,53615.94,38430.77,23245.71,9258.35,2505.87
68800.98,53612.49,38423.93,23235.47,9242.1,2490.86
68809.02,53617.14,38425.17,23233.32,9230.96,2475.04
68820.56,53625.29,38429.91,23234.66,9223.78,2459.36
68816.76,53618.08,38419.31,23220.65,9205.42,2443.18
68812.46,53610.38,38408.22,23206.15,9186.85,2427.08
68811.76,53609.69,38407.52,23205.45,9184.66,2427.11
68813.53,53611.45,38409.29,23207.22,9184.45,2426.97
68792.33,53590.25,38388.08,23186.02,9166.12,2426.7
68770.79,53568.71,38366.53,23164.48,9148.12,2426.47
68770.27,53568.19,38366.01,23163.96,9145.44,2426.46
68770.37,53571.69,38372.9,23174.26,9156.43,2440.58
68803.49,53608.21,38412.82,23217.58,9195.26,2455.46
68819.62,53624.35,38428.96,23233.71,9206.2,2455.38
68825.18,53626.520000000004,38427.72,23229.08,9194.85,2440.09
68811.47,53609.41,38407.21,23205.170000000002,9167.23,2424.11
68796.61,53591.16,38385.56,23180.12,9140.63,2408.16
68800.74,53591.89,38382.9,23174.05,9129.77,2392.02
68775.06,53562.81,38350.43,23138.170000000002,9096.52,2375.62
68719.97,53504.32,38288.55,23072.88,9037.39,2359.26
68665.38,53449.72,38233.96,23018.28,8993.43,2359.37
68607.09,53391.43,38175.67,22959.98,8947.42,2359.42
68550.09,53334.43,38118.67,22902.98,8903.37,2359.38
68488.35,53269.29,38050.12,22831.04,8842.74,2343.59
68453.55,53231.08,38008.51,22786.03,8802.73,2328.74
68419.4,53196.92,37974.36,22751.87,8775.03,2327.47
68386.73,53164.24,37941.69,22719.19,8748.88,2326.0
68337.14,53114.65,37892.09,22669.6,8708.02,2324.32
68281.91,53059.42,37836.87,22614.37,8662.71,2322.89
68231.14,53008.65,37786.1,22563.6,8620.89,2321.45
68192.36,52969.87,37747.32,22524.82,8590.87,2319.78
68142.0,52919.520000000004,37696.96,22474.46,8549.71,2318.39
68100.64,52878.15,37655.6,22433.09,8516.95,2316.71
68039.26,52816.77,37594.22,22371.71,8464.45,2315.17
68002.88,52780.39,37557.84,22335.33,8431.52,2313.96
67944.24,52721.75,37499.2,22278.77,8391.3,2313.06
67903.03,52680.54,37457.99,22237.57,8354.84,2311.86
67850.59,52628.11,37405.55,22185.14,8309.81,2310.68
67795.85,52573.36,37350.81,22130.4,8263.42,2309.43
67752.58,52530.090000000004,37307.54,22087.13,8226.31,2308.21
67715.52,52489.64,37263.68,22039.88,8182.55,2292.31
67673.92,52444.65,37215.29,21988.08,8134.44,2276.41
67615.23,52385.96,37156.6,21929.4,8076.96,2276.6
67556.44,52327.18,37097.81,21870.62,8019.09,2276.85
67499.49,52270.23,37040.86,21813.670000000002,7963.7,2277.07
67451.12,52221.86,36992.49,21765.29,7914.86,2277.21
67413.8,52184.54,36955.18,21727.97,7874.65,2277.18
67398.36,52169.090000000004,36939.74,21712.52,7853.38,2276.73
67364.46,52135.18,36905.840000000004,21678.62,7820.11,2275.7
67338.06,52108.79,36879.44,21652.22,7793.15,2274.66
67337.81,52108.54,36879.19,21651.97,7787.99,2273.44
67316.71,52087.44,36858.090000000004,21630.87,7768.9,2272.43
67359.78,52130.51,36901.16,21673.94,7801.92,2269.96
67331.9,52102.62,36873.28,21646.06,7778.18,2269.53
67308.71,52079.43,36850.09,21622.87,7757.67,2269.51
67310.39,52081.1,36851.77,21624.54,7757.31,2269.22
67305.75,52076.45,36847.12,21619.89,7751.1,2269.07
67288.04,52058.73,36829.4,21602.170000000002,7733.11,2268.77
67297.75,52068.43,36839.1,21611.88,7740.3,2268.72
67309.88,52080.56,36851.23,21624.010000000002,7749.95,2268.7
67297.54,52068.23,36838.89,21611.68,7738.6,2268.43
67292.51,52063.2,36833.86,21606.65,7733.17,2268.06
67278.19,52048.88,36819.54,21592.33,7719.25,2267.66
67267.47,52038.16,36808.81,21581.61,7708.75,2267.16
67264.04,52031.32,36798.58,21567.97,7689.64,2251.31
67262.68,52026.57,36790.43,21556.41,7673.13,2235.23
67244.63,52005.12,36765.590000000004,21528.16,7643.08,2219.06
67239.15,51996.25,36753.31,21512.49,7623.22,2202.93
67235.8,51992.89,36749.96,21509.14,7620.18,2202.81
67236.39,51993.49,36750.56,21509.73,7620.56,2202.77
67235.54,51989.25,36742.92,21498.68,7606.33,2186.65
67253.14,52006.840000000004,36760.52,21516.28,7619.82,2186.43
67264.54,52014.85,36765.12,21517.48,7615.0,2171.55
67267.89,52018.2,36768.48,21520.83,7620.09,2171.39
67265.48,52019.18,36772.87,21528.62,7635.46,2187.09
67270.63,52024.33,36778.02,21533.77,7644.56,2186.99
67283.17,52036.86,36790.55,21546.3,7659.34,2186.82
67307.74,52061.44,36815.13,21570.88,7682.55,2187.01
67334.79,52088.48,36842.18,21597.93,7709.05,2187.14
67345.37,52099.06,36852.76,21608.5,7721.52,2186.89
67376.68,52130.38,36884.07,21639.82,7750.67,2186.43
67391.81999999999,52145.51,36899.21,21654.96,7766.11,2186.23
67403.24,52160.33,36917.43,21676.58,7793.26,2201.75
67395.67,52152.770000000004,36909.86,21669.010000000002,7791.17,2201.83
67405.05,52162.15,36919.25,21678.39,7802.68,2201.99
67438.8,52195.9,36953.0,21712.14,7833.64,2202.3
67483.79,52244.29,37004.78,21767.33,7887.27,2218.2
67526.35,52286.85,37047.34,21809.89,7925.06,2218.63
67570.04,52333.94,37097.83,21863.78,7974.43,2235.13
67560.87,52482.590000000004,37404.3,22328.08,8585.75,2935.16
67567.4,52650.340000000004,37733.27,22818.28,9233.63,3676.4700000000003
67587.66,52828.43,38069.18,23312.02,9881.62,4409.38
67609.25,53011.24,38413.22,23817.28,10544.32,5157.54
67625.71,53027.71,38429.68,23833.74,10557.66,5157.48
67638.47,53037.07,38435.64,23836.3,10554.78,5141.3
67670.05,53065.24,38460.42,23857.670000000002,10566.77,5125.16
67673.89,53065.68,38457.46,23851.31,10556.52,5110.57
67681.8,53073.6,38465.37,23859.22,10563.9,5110.54
67665.79,53057.590000000004,38449.36,23843.21,10553.15,5110.28
67666.67,53058.47,38450.25,23844.09,10555.11,5109.77
67655.51,53047.32,38439.09,23832.94,10547.35,5109.41
67623.65,53015.46,38407.22,23801.08,10522.37,5108.5
67575.34,52967.14,38358.91,23752.76,10484.21,5107.25
67533.09,52924.89,38316.66,23710.5,10450.54,5105.98
67503.9,52895.69,38287.47,23681.31,10426.64,5104.95
67457.83,52849.62,38241.4,23635.24,10382.37,5103.85
67439.89,52828.270000000004,38216.66,23607.09,10354.72,5088.24
67440.17,52825.14,38210.14,23597.16,10343.63,5073.13
67421.73,52803.3,38184.9,23568.52,10316.37,5057.44
67402.59,52784.15,38165.75,23549.37,10301.2,5056.4800000000005
67386.14,52767.7,38149.31,23532.920000000002,10287.99,5055.87
67352.71,52734.26,38115.88,23499.48,10260.18,5055.57
67306.96,52688.51,38070.12,23453.73,10222.97,5055.58
67262.99,52644.53,38026.14,23409.75,10189.78,5055.63
67226.13,52607.66,37989.27,23372.88,10159.87,5055.78
67213.16,52594.68,37976.29,23359.9,10148.43,5055.74
67205.77,52587.3,37968.9,23352.52,10141.87,5055.76
67202.25,52583.79,37965.38,23349.01,10137.7,5055.81
67201.46,52583.0,37964.59,23348.22,10135.11,5055.82
67216.78,52598.31,37979.91,23363.54,10146.63,5055.52
67240.97,52625.91,38010.9,23397.94,10177.51,5069.36
67264.54,52649.49,38034.47,23421.52,10194.11,5069.44
67266.99,52651.95,38036.92,23423.98,10193.67,5069.65
67271.69,52656.64,38041.62,23428.670000000002,10196.710000000001,5069.87
67277.29,52662.24,38047.21,23434.27,10201.61,5070.1
67275.58,52660.54,38045.5,23432.56,10201.1,5070.3
67271.52,52656.48,38041.44,23428.51,10198.64,5070.48
67271.39,52656.340000000004,38041.31,23428.37,10202.02,5070.75
67267.73,52652.69,38037.65,23424.72,10200.47,5070.8
67281.6,52666.56,38051.52,23438.6,10215.5,5070.9
