slack_0,non_interrupt,interrupt
38719.77,38719.77,37569.01
38777.73,38777.73,37596.43
38832.27,38832.27,37620.77
38875.58,38875.58,37636.26
38918.0,38918.0,37647.92
38950.18,38950.18,37663.28
38984.65,38984.65,37687.38
39034.86,39034.86,37727.39
39091.67,39091.67,37774.52
39151.6,39151.6,37825.48
39213.91,39213.91,37878.37
39272.12,39272.12,37932.96
39331.55,39331.55,37983.42
39387.53,39387.53,38030.37
39447.85,39447.85,38088.4
39500.46,39500.46,38154.79
39546.36,39546.36,38222.65
39577.85,39577.85,38285.02
39598.35,39591.55,38341.03
39598.74,39591.55,38383.11
39597.26,39591.55,38425.4
39591.55,39591.55,38459.07
39591.8,39591.8,38483.23
39615.39,39615.39,38503.11
39635.21,39635.21,38513.42
39653.51,39653.51,38523.92
39667.89,39667.89,38530.84
39681.02,39681.02,38538.38
39694.39,39694.39,38546.51
39706.67,39706.67,38556.35
39718.45,39718.45,38570.18
39747.21,39747.21,38605.47
39785.54,39785.54,38648.71
39832.43,39832.43,38697.17
39883.79,39883.79,38747.24
39940.77,39940.77,38799.31
40009.41,40009.41,38851.47
40079.77,40079.77,38894.13
40138.77,40138.77,38939.76
40171.11,40171.11,38988.04
40176.88,40176.88,39025.0
40183.64,40183.64,39065.42
40184.87,40184.87,39095.0
40187.49,40187.49,39123.37
40199.33,40199.33,39149.95
40211.38,40211.38,39171.36
40220.02,40220.02,39179.95
40246.0,40246.0,39184.31
40273.41,40273.41,39184.9
40302.38,40302.38,39186.76
40338.02,40338.02,39197.42
40375.16,40375.16,39216.32
40422.3,40422.3,39244.68
40465.86,40465.86,39269.58
40499.81,40499.81,39287.82
40532.0,40532.0,39304.71
40563.93,40563.93,39321.23
40598.5,40598.5,39341.3
40634.49,40634.49,39361.77
40670.27,40668.72,39384.75
40707.0,40668.72,39404.83
40741.69,40668.72,39419.16
40746.8,40668.72,39419.16
40734.16,40668.72,39419.16
40720.72,40668.72,39419.16
40708.87,40668.72,39419.16
40694.57,40668.72,39419.16
40679.38,40668.72,39420.68
40668.72,40668.72,39429.49
40670.63,40670.63,39442.65
40676.07,40676.07,39443.15
40676.18,40676.18,39443.15
40684.03,40684.03,39443.15
40688.54,40688.54,39443.15
40690.8,40690.8,39443.15
40690.86,40690.86,39443.15
40705.39,40705.39,39443.15
40716.14,40716.14,39443.15
40726.87,40726.87,39443.15
40744.89,40744.89,39443.15
40754.92,40754.92,39443.15
40773.85,40773.85,39443.15
40809.25,40809.25,39443.15
40849.36,40849.36,39443.15
40880.08,40880.08,39443.15
40901.18,40901.18,39443.15
40926.99,40913.95,39446.31
40943.52,40913.95,39464.22
40951.96,40913.95,39484.7
40952.72,40913.95,39504.25
40949.67,40913.95,39527.46
40938.57,40913.95,39551.58
40922.34,40913.95,39573.21
40920.72,40913.95,39599.71
40930.61,40913.95,39613.93
40927.3,40913.95,39613.93
40923.71,40913.95,39613.93
40924.42,40913.95,39613.93
40922.62,40913.95,39613.93
40921.99,40913.95,39613.93
40913.95,40913.95,39613.93
40914.72,40914.72,39613.93
40918.57,40918.57,39618.32
40924.89,40924.89,39622.85
40926.2,40926.2,39627.58
40927.21,40927.21,39633.25
40927.56,40927.56,39638.38
40934.6,40934.6,39649.65
40937.62,40935.43,39656.17
40935.43,40935.43,39662.82
40942.13,40942.13,39676.05
40958.62,40958.62,39704.98
40975.29,40975.29,39742.38
40992.97,40992.97,39788.09
41014.8,41014.8,39838.3
41037.89,41037.89,39894.84
41064.5,41064.5,39952.62
41098.46,41098.46,40006.82
41128.01,41128.01,40045.87
41142.75,41128.14,40057.61
41150.94,41128.14,40064.63
41151.71,41128.14,40073.19
41149.56,41128.14,40081.84
41155.79,41128.14,40092.34
41160.26,41128.14,40102.95
41160.84,41128.14,40116.06
41153.91,41128.14,40133.47
41149.8,41128.14,40155.57
41139.28,41128.14,40175.72
41128.14,41128.14,40192.45
41128.4,41128.4,40206.56
41134.48,41134.48,40217.39
41139.08,41139.08,40217.39
41142.06,41142.06,40217.39
41155.98,41155.98,40219.6
41191.79,41191.79,40251.26
41240.04,41240.04,40298.43
41277.090000000004,41277.09,40348.21
41300.33,41300.33,40395.22
41316.66,41300.72,40441.69
41317.21,41300.72,40479.5
41307.2,41300.72,40508.38
41300.72,41300.72,40525.14
41300.88,41300.88,40525.14
41306.04,41306.04,40525.14
41310.31,41307.29,40525.14
41309.08,41307.29,40525.14
41307.29,41307.29,40525.14
41309.26,41309.26,40525.14
41313.22,41313.22,40525.14
41326.05,41326.05,40525.91
41339.71,41339.71,40526.99
41359.19,41359.19,40528.51
41381.12,41381.12,40530.97
41394.66,41394.66,40532.85
41399.41,41399.41,40537.6
41403.83,41403.83,40539.75
41417.93,41417.93,40539.75
41433.24,41433.24,40552.28
41442.8,41436.87,40577.43
41447.81,41436.87,40598.72
41449.14,41436.87,40623.26
41450.42,41436.87,40654.33
41452.28,41436.87,40688.99
41451.83,41436.87,40718.4
41443.48,41436.87,40736.74
41436.87,41436.87,40751.67
41452.46,41452.46,40751.67
41474.85,41474.85,40751.67
41495.45,41495.45,40751.67
41513.36,41513.36,40751.67
41533.15,41533.15,40751.67
41553.58,41553.58,40751.67
41576.88,41576.88,40751.67
41600.98,41600.98,40751.67
41628.53,41628.53,40751.67
41656.2,41656.2,40751.67
41679.9,41679.9,40751.67
41698.62,41698.62,40751.67
41708.19,41708.19,40751.67
41714.66,41714.66,40751.67
41726.41,41726.41,40751.67
41739.39,41739.39,40751.67
41754.07,41754.07,40772.28
41777.44,41777.44,40791.23
41802.57,41802.57,40820.44
41824.91,41824.91,40859.7
41851.3,41851.3,40901.57
41882.2,41882.2,40947.96
41918.97,41918.97,40987.11
41942.63,41942.63,41009.93
41970.51,41970.51,41024.45
41991.02,41991.02,41027.84
42012.47,42012.47,41031.46
42034.73,42034.73,41037.82
42058.37,42058.37,41046.0
42091.39,42091.39,41059.43
42125.52,42125.52,41079.0
42159.11,42159.11,41102.02
42194.57,42194.57,41122.89
42236.05,42236.05,41150.79
42276.21,42276.21,41179.66
42317.63,42317.63,41208.76
42352.39,42352.39,41236.59
42388.2,42388.2,41263.61
42440.71,42440.71,41296.78
42483.43,42483.43,41327.56
42504.0,42504.0,41364.59
42525.04,42525.04,41412.74
42545.4,42545.4,41467.92
42562.68,42562.68,41523.57
42582.7,42582.7,41584.55
42598.13,42598.13,41643.42
42605.71,42605.71,41690.64
42619.02,42619.02,41727.13
42642.17,42642.17,41751.1
42670.96,42670.96,41775.49
42707.62,42707.62,41808.98
42750.62,42750.62,41845.73
42782.7,42782.7,41876.07
42822.85,42822.85,41908.04
42867.25,42867.25,41947.04
42928.33,42928.33,41998.0
42995.62,42995.62,42050.66
43069.7,43069.7,42107.93
43140.19,43140.19,42162.45
43192.75,43192.75,42202.58
43236.6,43236.6,42233.34
43260.35,43260.35,42254.22
43285.98,43285.98,42265.24
43306.58,43296.95,42279.83
43304.97,43296.95,42301.93
43296.95,43296.95,42327.17
43298.01,43298.01,42366.01
43309.39,43309.39,42416.23
43331.46,43331.46,42473.31
43369.4,43369.4,42537.76
43418.56,43418.56,42604.36
43464.21,43464.21,42655.18
43497.31,43497.31,42678.25
43526.22,43526.22,42691.28
43552.08,43552.08,42705.02
43592.97,43592.97,42726.32
43649.090000000004,43649.09,42755.42
43694.86,43694.86,42781.13
43732.54,43732.54,42805.17
43761.71,43761.71,42823.35
43785.96,43785.96,42841.23
43801.2,43801.2,42853.34
43814.85,43814.85,42864.01
43836.37,43836.37,42882.42
43863.08,43863.08,42912.45
43883.25,43883.25,42939.02
43883.53,43883.53,42952.16
43889.71,43889.71,42978.12
43900.590000000004,43900.59,43022.42
43910.58,43910.58,43068.12
43925.23,43925.23,43120.23
43943.97,43943.97,43179.07
43971.25,43971.25,43242.88
44013.16,44013.16,43311.85
44069.51,44069.51,43380.32
44112.32,44074.09,43430.82
44129.07,44074.09,43443.84
44132.56,44074.09,43443.84
44141.66,44074.09,43448.31
44145.78,44074.09,43454.16
44148.47,44074.09,43458.7
44143.85,44074.09,43458.7
44134.590000000004,44074.09,43458.7
44127.87,44074.09,43458.7
44115.56,44074.09,43458.7
44103.46,44074.09,43458.7
44088.58,44074.09,43458.7
44074.090000000004,44074.09,43458.7
44074.99,44074.99,43459.17
44089.25,44089.25,43467.99
44098.75,44098.75,43472.6
44114.8,44114.8,43487.71
44155.23,44155.23,43524.86
44197.82,44197.82,43563.04
44248.67,44248.67,43606.75
44308.1,44308.1,43654.57
44373.34,44373.34,43700.44
44443.43,44443.43,43741.81
44505.63,44505.63,43767.65
44553.33,44553.33,43794.81
44587.59,44587.59,43812.18
44614.41,44614.41,43825.61
44637.03,44637.03,43838.23
44660.17,44660.17,43852.61
44684.0,44684.0,43866.69
44711.63,44711.63,43875.98
44741.17,44741.17,43889.52
44770.93,44770.93,43906.92
44795.66,44795.66,43920.18
44818.84,44818.84,43932.58
44847.45,44847.45,43947.23
44874.14,44874.14,43960.97
44901.48,44901.48,43980.19
44917.2,44917.2,43997.03
44928.31,44928.31,44002.64
44941.27,44941.27,44015.6
44972.85,44972.85,44039.73
45014.43,45014.43,44077.84
45066.91,45066.91,44120.92
45123.55,45123.55,44167.45
45182.11,45182.11,44211.38
45241.76,45241.76,44248.66
45300.26,45300.26,44286.54
45352.06,45352.06,44329.08
45396.9,45396.9,44349.35
45437.1,45437.1,44364.29
45472.58,45472.58,44380.11
45507.55,45507.55,44392.57
45547.3,45547.3,44409.0
45582.21,45582.21,44419.75
45622.13,45622.13,44432.56
45650.0,45650.0,44440.36
45672.87,45672.87,44444.1
45701.19,45701.19,44445.51
45731.92,45731.92,44447.82
45759.73,45759.73,44454.7
45777.04,45777.04,44460.97
45801.9,45801.9,44477.38
45814.19,45814.19,44482.08
45822.91,45822.91,44495.38
45851.86,45851.86,44538.57
45883.86,45883.86,44591.07
45905.11,45896.04,44648.55
45922.63,45896.04,44704.07
45933.89,45896.04,44746.22
45928.36,45896.04,44785.98
45910.48,45896.04,44821.16
45896.04,45896.04,44844.37
45898.23,45898.23,44852.52
45911.09,45911.09,44854.99
45921.94,45921.94,44861.33
45925.93,45925.93,44861.33
45929.23,45929.23,44861.33
45936.4,45936.4,44861.33
45944.62,45944.62,44864.67
45950.97,45950.97,44870.57
45963.07,45963.07,44880.87
45979.14,45979.14,44894.59
45993.53,45993.53,44908.98
46011.38,46011.38,44922.93
46033.57,46033.57,44943.36
46057.45,46057.45,44966.89
46087.98,46079.4,44996.87
46113.8,46079.4,45033.79
46125.12,46079.4,45084.38
46121.1,46079.4,45135.28
46122.35,46079.4,45170.36
46128.88,46079.4,45201.55
46125.55,46079.4,45227.51
46114.64,46079.4,45242.84
46091.07,46079.4,45245.07
46079.4,46079.4,45259.67
46083.659999999996,46083.66,45271.18
46095.83,46095.83,45282.4
46108.61,46108.61,45292.78
46129.05,46129.05,45309.13
46149.15,46149.15,45325.36
46173.92,46173.92,45340.46
46196.83,46196.83,45358.62
46217.59,46217.59,45376.78
46234.9,46234.9,45395.59
46248.34,46248.34,45412.39
46263.19,46263.19,45430.95
46280.83,46280.83,45449.75
46296.72,46296.72,45463.73
46305.31,46305.31,45472.35
46322.14,46322.14,45481.59
46336.36,46336.36,45495.2
46341.27,46341.27,45493.09
46353.57,46353.25,45494.71
46354.3,46353.25,45479.36
46353.25,46353.25,45457.98
46363.53,46363.53,45429.72
46377.33,46377.33,45393.14
46383.16,46383.16,45351.8
46402.94,46402.94,45325.21
46427.4,46427.4,45325.21
46447.41,46447.41,45325.21
46466.8,46466.8,45329.08
46485.7,46485.7,45334.21
46502.14,46502.14,45338.48
46517.91,46517.91,45338.48
46539.05,46539.05,45338.48
46563.37,46563.37,45339.81
46586.79,46586.79,45341.97
46610.22,46610.22,45344.98
46632.57,46632.57,45344.98
46657.78,46657.78,45345.37
46686.07,46686.07,45350.25
46717.34,46717.34,45361.83
46746.99,46746.99,45369.1
46784.17,46784.17,45381.86
46829.49,46829.49,45403.86
46877.52,46877.52,45423.15
46918.52,46918.52,45439.29
46968.47,46968.47,45454.76
47021.74,47021.74,45470.32
47077.92,47077.92,45487.09
47131.75,47131.75,45501.98
47178.91,47178.91,45506.75
47211.8,47211.8,45506.75
47233.9,47233.9,45506.75
47249.19,47249.19,45506.75
47261.51,47261.51,45506.75
47276.44,47276.44,45506.75
47297.84,47297.84,45506.75
47322.14,47322.14,45506.75
47351.26,47351.26,45506.75
47377.93,47377.93,45506.75
47396.02,47396.02,45506.75
47415.25,47415.25,45506.75
47439.65,47439.65,45506.75
47455.73,47455.73,45506.75
47456.16,47456.16,45508.19
47461.92,47461.92,45511.08
47486.03,47486.03,45526.34
47526.74,47526.74,45539.82
47579.95,47579.95,45567.19
47638.34,47638.34,45611.62
47691.81,47642.43,45655.73
47739.2,47642.43,45700.58
47794.86,47642.43,45749.65
47858.23,47642.43,45800.51
47910.12,47642.43,45845.8
47946.75,47642.43,45860.88
47990.26,47642.43,45860.88
48041.52,47642.43,45865.03
48084.4,47642.43,45869.52
48103.4,47642.43,45869.52
48135.42,47642.43,45869.52
48179.36,47642.43,45874.2
48228.32,47642.43,45883.79
48281.32,47642.43,45892.5
48336.76,47642.43,45900.32
48395.26,47642.43,45910.11
48448.91,47642.43,45917.48
48496.86,47642.43,45926.88
48532.22,47642.43,45937.52
48560.96,47642.43,45947.97
48583.21,47642.43,45968.2
48609.77,47642.43,45999.51
48652.37,47642.43,46055.29
48692.0,47642.43,46100.37
48722.9,47642.43,46129.65
48753.29,47642.43,46157.04
48779.17,47642.43,46172.08
48802.63,47642.43,46181.36
48821.97,47642.43,46183.95
48846.6,47642.43,46195.58
48880.91,47642.43,46205.59
48920.42,47642.43,46213.94
48955.77,47642.43,46220.75
48995.11,47642.43,46227.49
49029.55,47642.43,46228.53
49060.68,47642.43,46235.08
49089.22,47642.43,46244.29
49120.65,47642.43,46257.89
49160.22,47642.43,46273.67
49199.52,47642.43,46289.84
49236.53,47642.43,46303.43
49262.68,47642.43,46313.97
49279.58,47642.43,46326.43
49292.659999999996,47642.43,46329.18
49286.55,47642.43,46328.27
49264.85,47642.43,46325.31
49241.8,47642.43,46316.78
49224.29,47642.43,46296.85
49210.09,47642.43,46273.33
49178.92,47642.43,46233.0
49128.44,47642.43,46175.82
49082.67,47642.43,46116.69
49052.33,47642.43,46063.74
49039.19,47642.43,46040.44
49036.82,47642.43,46037.65
49036.0,47642.43,46031.15
49036.48,47642.43,46022.23
49045.03,47642.43,46017.52
49043.81,47642.43,46017.52
49036.72,47642.43,46015.3
49022.48,47642.43,46011.63
49012.28,47642.43,46009.95
49000.49,47642.43,46009.95
48985.95,47642.43,46009.95
48964.409999999996,47642.43,46009.95
48945.47,47642.43,46009.95
48926.159999999996,47642.43,45991.51
48903.9,47642.43,45970.65
48876.26,47642.43,45936.36
48850.7,47642.43,45883.34
48822.04,47642.43,45821.43
48793.09,47642.43,45750.59
48748.29,47642.43,45676.85
48691.26,47642.43,45601.89
48638.94,47642.43,45520.23
48591.58,47642.43,45439.27
48549.88,47642.43,45379.39
48515.22,47642.43,45350.26
48490.44,47642.43,45338.24
48475.8,47642.43,45328.75
48465.1,47642.43,45318.4
48457.51,47642.43,45311.3
48442.979999999996,47642.43,45304.7
48423.34,47642.43,45297.91
48404.94,47635.34,45287.43
48385.97,47576.77,45271.88
48365.99,47515.6,45255.96
48350.07,47450.7,45241.73
48333.54,47389.94,45228.56
48329.65,47330.33,45214.07
48348.53,47283.03,45196.89
48372.78,47242.45,45182.21
48380.75,47210.65,45160.69
48369.73,47174.14,45115.47
48340.77,47129.47,45070.8
48304.38,47078.43,45021.91
48271.05,47028.43,44969.6
48244.1,46977.48,44916.11
48215.82,46936.21,44868.25
48184.34,46901.76,44826.72
48165.37,46865.64,44793.78
48150.36,46817.72,44785.56
48121.24,46766.06,44785.56
48092.25,46718.85,44784.78
48078.09,46671.03,44779.27
48079.89,46622.41,44775.05
48078.33,46570.97,44769.35
48068.05,46514.85,44761.17
48051.2,46449.46,44751.25
48034.13,46379.88,44740.94
48016.99,46302.76,44728.26
48001.5,46228.93,44715.94
47987.07,46161.69,44700.93
47967.33,46107.01,44687.43
47945.39,46059.68,44677.6
47933.659999999996,46029.35,44677.6
47924.57,46003.74,44664.56
47925.74,45977.26,44642.83
47931.77,45935.68,44614.43
47923.56,45906.8,44591.0
47913.79,45904.66,44587.24
47904.9,45904.66,44599.8
47897.04,45904.66,44612.6
47885.09,45904.66,44632.22
47875.12,45904.66,44642.9
47865.32,45904.66,44642.9
47844.51,45904.66,44636.57
47817.19,45901.3,44623.44
47792.07,45842.3,44608.24
47764.37,45785.81,44597.19
47738.4,45725.15,44587.37
47726.7,45668.66,44573.44
47720.25,45597.24,44539.7
47713.56,45518.99,44496.09
47704.75,45427.99,44445.93
47697.42,45332.36,44398.49
47686.12,45237.92,44354.72
47669.93,45162.85,44319.25
47652.3,45114.63,44295.65
47642.43,45089.54,44289.39
47660.0,45080.76,44289.36
47707.3,45080.76,44308.52
47758.55,45078.66,44319.92
47798.48,45078.66,44329.83
47829.11,45078.66,44338.14
47866.81,45078.66,44352.17
47918.59,45078.66,44377.3
47973.1,45078.66,44401.24
47999.89,45078.66,44401.24
48022.4,45078.66,44401.24
48050.93,45078.66,44401.24
48082.69,45078.66,44395.97
48114.71,45078.66,44388.49
48145.69,45078.66,44383.73
48184.03,45078.66,44383.73
48220.35,45078.66,44383.73
48263.7,45078.66,44383.73
48299.32,45078.66,44383.73
48338.45,45078.66,44383.73
48382.84,45078.66,44383.73
48428.31,45078.66,44383.73
48470.09,45078.66,44383.73
48502.92,45078.66,44383.73
48529.37,45078.66,44383.73
48543.06,45078.66,44375.84
48536.69,45078.66,44344.46
48535.63,45078.66,44307.35
48540.45,45078.66,44263.38
48546.56,45078.66,44204.72
48560.52,45078.66,44150.49
48564.3,45078.66,44087.74
48562.1,45078.66,44028.42
48560.94,45078.66,43983.44
48587.76,45078.66,43960.13
48628.82,45078.66,43958.92
48664.19,45078.66,43958.92
48691.39,45078.66,43958.92
48713.78,45078.66,43958.92
48736.28,45078.66,43958.92
48760.12,45078.66,43958.92
48792.37,45078.66,43958.92
48831.48,45078.66,43958.92
48877.37,45078.66,43958.92
48913.12,45078.66,43958.92
48940.7,45078.66,43958.92
48962.26,45078.66,43958.92
48974.55,45078.66,43958.92
48969.09,45078.66,43958.92
48955.63,45078.66,43958.92
48936.84,45078.66,43950.09
48937.7,45078.66,43933.7
48948.95,45078.66,43914.4
48953.57,45078.66,43896.98
48951.67,45078.66,43881.03
48940.47,45078.66,43870.04
48923.95,45078.66,43862.51
48900.27,45078.66,43850.48
48891.95,45078.66,43849.5
48904.46,45078.66,43849.5
48915.94,45078.66,43849.5
48923.98,45078.66,43849.5
48934.2,45078.66,43849.5
48941.96,45078.66,43849.5
48942.95,45078.66,43849.5
48944.88,45078.66,43849.5
48938.47,45078.66,43849.15
48934.71,45078.66,43849.15
48935.17,45078.66,43849.15
48937.7,45078.66,43849.15
48941.67,45078.66,43846.7
48946.02,45078.66,43846.7
48940.42,45078.66,43846.7
48940.12,45078.66,43846.7
48944.18,45078.66,43848.05
48946.33,45078.66,43848.05
48942.48,45078.66,43858.62
48939.29,45078.66,43876.83
48937.5,45078.66,43901.02
48929.46,45078.66,43926.67
48923.43,45078.66,43956.38
48909.31,45078.66,43972.02
48891.99,45078.66,43972.02
48888.17,45078.66,43972.02
48879.87,45078.66,43972.02
48868.99,45078.66,43972.02
48860.22,45078.66,43972.02
48853.97,45078.66,43972.02
48838.41,45078.66,43972.02
48820.69,45078.66,43972.02
48806.11,45078.66,43972.02
48791.15,45078.66,43972.02
48777.53,45078.66,43972.02
48769.58,45078.66,43972.02
48769.35,45078.66,43972.02
48761.68,45078.66,43971.86
48739.7,45078.66,43971.86
48702.43,45078.66,43970.77
48639.16,45078.66,43965.77
48556.19,45078.66,43965.77
48478.3,45078.66,43955.24
48406.65,45078.66,43925.82
48330.29,45078.66,43894.35
48241.9,45078.66,43862.69
48146.47,45078.66,43827.04
48073.73,45078.66,43794.9
48014.69,45078.66,43782.02
47963.21,45078.66,43782.02
47913.23,45078.66,43782.02
47862.02,45078.66,43782.02
47808.36,45078.66,43782.02
47749.41,45078.66,43782.02
47694.09,45078.66,43782.02
47635.34,45078.66,43782.02
47576.77,45078.66,43782.02
47515.6,45078.66,43782.02
47450.7,45078.66,43782.02
47389.94,45078.66,43782.02
47330.33,45078.66,43779.86
47283.03,45078.66,43779.86
47242.45,45078.66,43779.86
47210.65,45078.66,43764.68
47174.14,45078.66,43723.35
47129.47,45078.66,43680.4
47078.43,45078.66,43632.93
47028.43,45078.66,43574.73
46977.48,45078.66,43510.59
46936.21,45078.66,43441.95
46901.76,45078.66,43369.5
46865.64,45078.66,43308.54
46817.72,45078.66,43279.55
46766.06,45078.66,43276.1
46718.85,45078.66,43276.1
46671.03,45078.66,43276.1
46622.41,45078.66,43276.1
46570.97,45078.66,43273.3
46514.85,45078.66,43266.19
46449.46,45078.66,43258.4
46379.88,45078.66,43254.81
46302.76,45078.66,43254.09
46228.93,45078.66,43251.39
46161.69,45078.66,43249.41
46107.01,45078.66,43244.75
46059.68,45078.66,43239.45
46029.35,45078.66,43239.45
46003.74,45078.66,43224.23
45977.26,45078.66,43189.07
45935.68,45078.66,43144.09
45906.8,45078.66,43087.35
45904.659999999996,45078.66,43033.21
45920.22,45078.66,42980.43
45943.86,45078.66,42934.42
45977.659999999996,45078.66,42887.87
46005.09,45078.66,42842.86
45999.31,45078.66,42815.12
45954.34,45078.66,42810.93
45901.3,45078.66,42807.09
45842.3,45078.66,42800.17
45785.81,45078.66,42792.01
45725.15,45078.66,42787.2
45668.659999999996,45078.66,42780.84
45597.24,45071.32,42773.62
45518.99,45059.09,42767.46
45427.99,45044.96,42762.0
45332.36,45032.52,42758.75
45237.92,45018.88,42758.08
45162.85,45000.58,42745.26
45114.63,44979.84,42732.95
45089.54,44959.41,42732.95
45080.76,44914.33,42709.22
45081.78,44857.23,42668.82
45078.659999999996,44786.93,42624.38
45090.99,44692.44,42564.34
45108.62,44603.47,42511.66
45131.81,44511.03,42460.29
45164.88,44414.98,42416.7
45204.07,44325.79,42383.4
45241.15,44245.19,42352.74
45257.2,44190.62,42329.78
45242.06,44153.81,42326.24
45223.08,44120.92,42324.69
45204.659999999996,44082.64,42322.54
45185.27,44040.72,42320.05
45167.17,44008.56,42317.59
45157.69,43969.71,42306.14
45146.39,43934.96,42293.23
45135.97,43900.51,42273.67
45124.38,43863.96,42253.15
45109.0,43828.52,42232.82
45093.46,43790.18,42217.51
45085.75,43761.54,42206.82
45094.35,43738.81,42196.57
45103.31,43709.0,42186.81
45111.53,43680.76,42171.05
45114.99,43650.38,42168.2
45121.55,43606.23,42167.26
45129.89,43567.13,42167.99
45126.28,43543.57,42168.27
45121.58,43518.65,42167.2
45121.67,43494.9,42173.75
45126.22,43486.02,42190.93
45124.14,43486.02,42200.14
45113.02,43479.06,42191.92
45106.64,43464.72,42191.28
45109.79,43441.86,42190.3
45114.31,43410.36,42189.06
45120.54,43381.13,42188.31
45128.99,43357.96,42188.31
45146.75,43334.15,42185.92
45163.31,43308.56,42179.39
45186.8,43286.01,42175.54
45212.28,43257.78,42172.75
45237.24,43228.79,42172.75
45261.02,43199.95,42172.75
45281.23,43194.3,42172.75
45302.45,43176.13,42172.75
45324.27,43155.74,42170.59
45343.94,43154.77,42167.72
45367.71,43154.77,42181.79
45384.0,43154.77,42190.96
45393.31,43154.77,42189.78
45401.92,43154.77,42184.76
45412.51,43154.77,42180.08
45421.1,43154.77,42169.11
45429.05,43154.77,42143.35
45439.28,43154.77,42119.08
45435.9,43154.77,42118.49
45434.38,43154.77,42118.49
45443.24,43154.77,42118.49
45456.95,43154.77,42118.49
45466.23,43154.77,42118.49
45475.4,43154.77,42118.49
45479.47,43154.77,42118.49
45480.1,43154.77,42118.49
45480.55,43154.77,42118.49
45485.9,43154.77,42118.49
45491.16,43154.77,42118.49
45502.56,43154.77,42118.49
45505.16,43154.77,42118.49
45507.75,43154.77,42118.49
45513.55,43154.77,42118.49
45532.67,43154.77,42118.49
45564.97,43154.77,42113.02
45613.24,43154.77,42114.54
45659.06,43154.77,42116.38
45686.15,43154.77,42110.35
45703.98,43154.77,42101.16
45727.74,43154.77,42091.21
45746.03,43154.77,42079.07
45761.2,43154.77,42076.67
45774.85,43154.77,42076.67
45798.99,43154.77,42076.67
45827.98,43154.77,42076.67
45863.72,43154.77,42076.67
45898.07,43154.77,42076.67
45921.81,43154.77,42076.67
45947.62,43154.77,42076.67
45987.78,43154.77,42089.45
46030.71,43154.77,42112.38
46081.36,43154.77,42142.26
46127.62,43154.77,42169.55
46178.32,43154.77,42194.44
46215.72,43154.77,42212.01
46236.39,43154.77,42218.58
46247.5,43154.77,42218.58
46243.86,43154.77,42218.58
46235.66,43154.77,42213.5
46235.75,43154.77,42204.35
46227.71,43154.77,42192.86
46202.22,43154.77,42176.34
46173.38,43154.77,42146.92
46141.94,43154.77,42117.14
46102.29,43154.77,42089.84
46062.090000000004,43154.77,42073.07
46032.45,43154.77,42073.07
46027.83,43154.77,42073.07
46039.29,43154.77,42073.07
46061.340000000004,43154.77,42073.07
46078.81,43154.77,42073.07
46086.96,43154.77,42073.07
46085.06,43154.77,42073.07
46084.11,43154.77,42073.07
46079.89,43154.77,42073.07
46079.7,43154.77,42073.07
46085.38,43154.77,42073.07
46091.92,43154.77,42073.07
46074.17,43154.77,42073.07
46067.5,43154.77,42073.07
46062.79,43154.77,42073.07
46052.12,43154.77,42060.13
46038.89,43154.77,42040.1
46029.8,43154.77,42022.8
46023.35,43154.77,42018.5
46020.97,43154.77,42035.18
46015.83,43154.77,42057.76
46007.340000000004,43154.77,42084.67
45990.02,43154.77,42116.17
45969.97,43154.77,42142.76
45960.1,43154.77,42147.92
45954.39,43154.77,42147.92
45943.95,43154.77,42147.92
45932.8,43154.77,42147.92
45916.85,43154.77,42147.92
45892.21,43154.77,42147.92
45854.92,43154.77,42147.92
45821.99,43154.77,42147.92
45791.11,43154.77,42147.92
45762.24,43154.77,42147.92
45730.97,43154.77,42147.92
45700.72,43154.77,42147.92
45672.53,43154.77,42147.92
45645.51,43154.77,42147.92
45626.340000000004,43154.77,42147.92
45595.25,43154.77,42144.36
45563.67,43154.77,42131.66
45530.06,43154.77,42118.32
45496.19,43154.77,42115.39
45464.090000000004,43154.77,42113.89
45425.36,43154.77,42113.49
45379.14,43154.77,42111.98
45323.6,43154.77,42109.98
45268.43,43154.77,42109.98
45236.43,43154.77,42109.98
45215.42,43154.77,42109.98
45187.69,43154.77,42109.98
45156.81,43154.77,42109.98
45128.0,43154.77,42109.98
45103.77,43154.77,42109.98
45085.58,43154.77,42109.98
45071.32,43154.77,42109.98
45059.09,43154.77,42109.98
45044.96,43154.77,42109.98
45032.52,43154.77,42109.98
45018.88,43154.77,42109.98
45000.58,43154.77,42109.98
44979.84,43154.77,42109.98
44959.41,43154.77,42109.98
44914.33,43154.77,42109.98
44857.23,43154.77,42109.98
44786.93,43154.77,42109.98
44692.44,43154.77,42096.73
44603.47,43154.77,42070.26
44511.03,43154.77,42034.45
44414.98,43154.77,41997.86
44325.79,43154.77,41962.08
44245.19,43154.77,41934.03
44190.62,43154.77,41934.03
44153.81,43154.77,41934.03
44120.92,43154.77,41934.03
44082.64,43154.77,41934.03
44040.72,43154.77,41934.03
44008.56,43154.77,41934.03
43969.71,43154.77,41934.03
43934.96,43154.77,41934.03
43900.51,43154.77,41934.03
43863.96,43154.77,41934.03
43828.52,43154.77,41934.03
43790.18,43154.77,41934.03
43761.54,43154.77,41934.03
43738.81,43154.77,41934.03
43709.0,43154.77,41934.03
43680.76,43154.77,41914.57
43650.38,43154.77,41878.98
43606.23,43154.77,41843.59
43567.13,43154.77,41805.3
43543.57,43154.77,41774.72
43518.65,43154.77,41745.38
43494.9,43154.77,41710.9
43486.02,43154.77,41680.44
43486.47,43154.77,41649.13
43479.06,43154.77,41639.61
43464.72,43154.77,41639.61
43441.86,43154.77,41639.61
43410.36,43154.77,41639.61
43381.13,43154.77,41639.61
43357.96,43154.77,41639.61
43334.15,43154.77,41639.61
43308.56,43154.77,41639.61
43286.01,43154.77,41639.61
43257.78,43154.77,41639.61
43228.79,43154.77,41639.61
43199.95,43154.77,41639.61
43194.3,43154.77,41639.61
43176.13,43154.77,41639.61
43155.74,43154.77,41637.53
43154.77,43154.77,41614.72
43178.91,43178.91,41591.95
43199.44,43199.44,41567.47
43209.56,43209.56,41542.13
43222.92,43222.92,41526.6
43240.62,43240.62,41508.45
43263.4,43263.4,41498.13
43281.77,43281.77,41494.56
43298.78,43298.78,41490.21
43315.68,43315.68,41491.34
43326.65,43326.65,41491.34
43334.0,43334.0,41491.34
43340.51,43340.51,41491.34
43351.43,43351.43,41491.34
43370.3,43370.3,41491.34
43400.79,43400.79,41491.34
43439.41,43439.41,41491.34
43468.92,43468.92,41491.34
43498.74,43498.74,41491.34
43533.92,43533.92,41491.34
43563.32,43563.32,41491.34
43579.97,43579.97,41491.34
43605.47,43605.47,41480.23
43628.6,43628.6,41468.22
43650.45,43650.45,41450.24
43660.24,43660.24,41447.55
43679.91,43679.91,41466.41
43717.29,43717.29,41504.72
43760.79,43760.79,41545.69
43806.81,43806.81,41592.52
43855.57,43821.22,41644.09
43905.69,43821.22,41699.66
43954.19,43821.22,41744.2
43996.88,43821.22,41754.44
44027.32,43821.22,41747.86
44055.43,43808.26,41739.87
44082.91,43784.6,41733.73
44111.2,43771.19,41733.73
44145.19,43758.97,41733.73
44185.84,43744.17,41733.73
44229.6,43737.26,41733.73
44273.46,43734.58,41733.73
44319.24,43725.72,41733.73
44371.58,43709.77,41729.25
44419.64,43691.35,41727.32
44471.01,43673.07,41726.18
44518.31,43649.3,41726.18
44548.8,43624.54,41726.18
44584.25,43586.11,41714.97
44614.65,43534.32,41701.89
44645.03,43478.35,41685.74
44693.55,43439.07,41689.98
44735.4,43409.27,41689.27
44767.42,43390.73,41693.18
44798.78,43376.47,41699.81
44824.13,43371.63,41707.99
44850.83,43365.59,41713.81
44878.59,43347.4,41708.14
44899.32,43320.17,41697.87
44925.75,43290.24,41687.79
44952.64,43259.7,41677.85
44971.4,43237.07,41675.77
44996.84,43216.26,41675.77
45033.84,43192.45,41675.77
45073.5,43171.94,41675.77
45116.05,43148.02,41682.01
45157.17,43118.64,41689.37
45196.98,43083.43,41697.46
45232.95,43045.48,41701.32
45256.45,43023.1,41701.32
45269.22,43020.2,41701.32
45283.43,43013.41,41701.32
45282.83,43013.41,41698.86
45269.11,43013.41,41698.92
45259.31,43013.41,41696.02
45262.62,43013.41,41687.88
45275.41,43013.41,41675.74
45294.36,43013.41,41666.71
45314.81,43013.41,41658.69
45333.68,43013.41,41646.08
45350.96,43013.41,41632.18
45366.47,43013.41,41629.1
45386.76,43013.41,41629.1
45416.67,43013.41,41629.1
45434.38,43013.41,41629.1
45451.14,43011.85,41629.1
45468.92,43006.45,41629.1
45492.95,42999.26,41629.1
45522.55,42979.06,41629.1
45549.48,42959.28,41629.1
45571.13,42943.7,41629.1
45588.73,42925.21,41629.1
45607.82,42901.14,41629.1
45622.67,42894.31,41629.1
45631.58,42894.14,41629.1
45634.32,42894.14,41629.1
45630.94,42894.14,41629.1
45619.43,42894.14,41617.64
45611.78,42894.14,41589.39
45619.34,42894.14,41569.75
45631.47,42894.14,41561.18
45646.34,42894.14,41563.3
45664.39,42894.14,41567.98
45696.1,42894.14,41588.68
45730.39,42894.14,41610.86
45738.48,42894.14,41610.86
45723.51,42894.14,41610.86
45702.72,42894.14,41610.63
45690.47,42894.14,41608.62
45675.82,42894.14,41608.62
45664.3,42894.14,41608.62
45643.22,42894.14,41607.48
45603.32,42894.14,41603.53
45564.89,42894.14,41603.53
45526.08,42894.14,41603.53
45485.63,42894.14,41603.53
45455.08,42894.14,41603.53
45440.76,42894.14,41603.53
45426.83,42894.14,41601.41
45408.14,42894.14,41601.41
45400.53,42894.14,41592.51
45419.91,42894.14,41579.53
45436.18,42894.14,41560.38
45429.19,42894.14,41537.16
45404.9,42894.14,41514.71
45375.06,42894.14,41493.61
45344.55,42894.14,41474.7
45316.9,42894.14,41463.99
45287.27,42894.14,41454.63
45257.61,42894.14,41454.63
45230.1,42894.14,41454.63
45206.92,42894.14,41454.63
45188.2,42894.14,41454.63
45170.04,42894.14,41454.63
45148.86,42894.14,41454.63
45125.53,42894.14,41454.63
45095.52,42894.14,41454.63
45070.81,42894.14,41454.63
45045.51,42894.14,41454.63
45016.27,42894.14,41454.63
44991.69,42894.14,41454.63
44967.3,42894.14,41454.63
44927.67,42894.14,41454.63
44894.01,42894.14,41454.63
44851.0,42894.14,41438.88
44813.61,42894.14,41402.12
44780.71,42894.14,41357.25
44747.55,42894.14,41311.52
44719.94,42894.14,41268.28
44704.3,42894.14,41240.85
44683.68,42894.14,41216.99
44660.71,42894.14,41193.57
44630.24,42894.14,41170.93
44603.3,42894.14,41170.12
44589.88,42894.14,41170.12
44571.31,42894.14,41170.12
44553.65,42894.14,41170.12
44546.18,42894.14,41170.12
44531.27,42894.14,41170.12
44516.56,42894.14,41170.12
44505.67,42894.14,41170.12
44496.51,42894.14,41170.12
44487.74,42894.14,41170.12
44481.73,42894.14,41170.12
44479.22,42894.14,41170.12
44471.01,42894.14,41170.12
44465.71,42894.14,41170.12
44449.42,42894.14,41170.12
44433.79,42894.14,41165.54
44417.82,42894.14,41169.76
44401.55,42894.14,41169.76
44374.06,42894.14,41163.21
44339.47,42894.14,41147.81
44293.6,42894.14,41131.41
44247.88,42894.14,41121.51
44195.49,42894.14,41115.17
44142.52,42894.14,41115.17
44117.3,42894.14,41115.17
44101.23,42894.14,41115.17
44073.77,42894.14,41115.17
44058.340000000004,42894.14,41115.17
44044.45,42894.14,41115.17
44025.88,42894.14,41115.17
44007.99,42894.14,41115.17
43989.86,42894.14,41115.17
43968.26,42894.14,41115.17
43952.63,42894.14,41115.17
43941.45,42894.14,41115.17
43927.86,42894.14,41115.17
43906.9,42894.14,41115.17
43877.42,42894.14,41115.17
43855.4,42894.14,41115.17
43834.28,42894.14,41115.17
43821.22,42894.14,41116.41
43821.24,42894.14,41119.93
43830.36,42894.14,41123.74
43841.77,42894.14,41130.92
43850.27,42894.14,41137.26
43857.37,42894.14,41140.25
43863.67,42894.14,41140.25
43861.5,42894.14,41140.25
43845.5,42894.14,41140.25
43826.48,42894.14,41140.25
43808.26,42894.14,41140.25
43784.6,42894.14,41140.25
43771.19,42894.14,41140.25
43758.97,42894.14,41140.25
43744.17,42894.14,41140.25
43737.26,42894.14,41140.25
43734.58,42894.14,41140.25
43725.72,42894.14,41140.25
43709.77,42894.14,41140.25
43691.35,42894.14,41140.25
43673.07,42894.14,41140.25
43649.3,42894.14,41140.25
43624.54,42894.14,41140.25
43586.11,42894.14,41137.94
43534.32,42894.14,41118.71
43478.35,42894.14,41099.74
43439.07,42894.14,41077.51
43409.27,42894.14,41062.23
43390.73,42894.14,41054.37
43376.47,42894.14,41042.39
43371.63,42894.14,41033.37
43365.590000000004,42894.14,41027.54
43347.4,42894.14,41025.9
43320.17,42894.14,41025.9
43290.24,42894.14,41025.9
43259.7,42894.14,41025.9
43237.07,42894.14,41025.9
43216.26,42894.14,41025.9
43192.45,42894.14,41025.9
43171.94,42894.14,41025.9
43148.020000000004,42894.14,41025.9
43118.64,42894.14,41025.9
43083.43,42894.14,41025.9
43045.48,42894.14,41025.9
43023.1,42894.14,41025.9
43020.2,42894.14,41025.9
43013.41,42894.14,41025.9
43022.05,42894.14,41008.23
43043.3,42894.14,41004.79
43054.35,42894.14,40995.83
43056.08,42894.14,40985.84
43050.96,42894.14,40969.84
43046.35,42894.14,40956.05
43049.06,42894.14,40942.98
43058.03,42894.14,40936.18
43075.89,42894.14,40936.85
43080.96,42894.14,40935.98
43069.72,42894.14,40935.98
43051.13,42894.14,40935.98
43030.95,42894.14,40935.98
43011.85,42894.14,40935.98
43006.45,42894.14,40935.98
42999.26,42894.14,40935.98
42979.06,42894.14,40935.98
42959.28,42894.14,40935.98
42943.7,42894.14,40935.98
42925.21,42894.14,40935.98
42901.14,42894.14,40935.98
42894.31,42894.14,40935.98
42894.14,42894.14,40928.95
42912.65,42896.38,40915.39
42937.19,42896.38,40894.96
42966.46,42896.38,40884.15
42982.29,42896.38,40874.4
42998.11,42896.38,40860.67
43018.43,42896.38,40848.46
43056.4,42896.38,40847.86
43094.18,42896.38,40846.4
43136.82,42896.38,40845.18
43182.17,42896.38,40849.93
43188.47,42896.38,40840.31
43174.11,42896.38,40836.57
43161.06,42896.38,40836.57
43146.68,42896.38,40835.91
43140.43,42896.38,40835.91
43128.49,42896.38,40834.69
43112.54,42896.38,40828.97
43092.69,42896.38,40822.19
43081.68,42896.38,40811.11
43070.05,42896.38,40803.89
43054.7,42896.38,40797.31
43035.46,42875.6,40790.01
43028.05,42840.05,40785.69
43035.25,42812.47,40778.82
43049.88,42784.08,40774.16
43057.3,42720.49,40742.37
43056.8,42641.31,40694.54
43038.46,42554.3,40626.66
43011.57,42466.51,40552.65
42985.79,42380.18,40479.19
42963.08,42298.8,40409.23
42940.88,42230.26,40348.04
42920.45,42166.29,40292.38
42899.16,42102.66,40244.24
42896.38,42053.51,40220.61
42906.58,42006.66,40208.5
42914.47,41968.01,40192.22
42920.75,41919.45,40169.96
42920.51,41867.97,40152.87
42917.44,41815.79,40138.31
42923.2,41757.45,40117.1
42930.92,41693.12,40087.72
42939.89,41632.56,40056.19
42954.93,41580.31,40032.01
42977.01,41527.82,40009.25
42994.93,41483.8,39991.5
43009.73,41447.51,39975.66
43016.31,41397.55,39954.21
43022.0,41346.79,39935.14
43023.88,41311.45,39915.05
43023.28,41276.43,39896.79
43021.75,41220.06,39864.45
43019.66,41159.25,39820.69
43018.98,41102.49,39778.45
43019.66,41051.9,39738.54
43020.53,41007.89,39696.81
43014.28,40961.0,39645.74
43012.52,40914.81,39599.76
43022.32,40861.98,39558.55
43037.12,40805.3,39534.97
43047.3,40763.92,39523.5
43058.12,40722.06,39507.56
43060.23,40696.59,39507.56
43059.07,40665.84,39507.56
43059.23,40631.96,39502.43
43064.55,40604.39,39501.68
43069.8,40583.54,39501.68
43076.61,40557.59,39501.68
43086.54,40532.3,39501.68
43094.44,40503.65,39501.68
43096.47,40475.4,39498.23
43092.89,40453.36,39496.79
43090.72,40424.2,39490.66
43088.0,40395.55,39449.03
43078.44,40357.69,39396.49
43071.54,40326.72,39345.51
43076.44,40309.27,39316.34
43085.97,40308.52,39304.71
43097.55,40308.52,39298.86
43116.12,40308.52,39296.31
43139.02,40308.52,39288.52
43160.5,40308.52,39271.47
43171.53,40308.52,39271.03
43175.0,40296.78,39271.03
43184.41,40270.94,39271.03
43189.76,40253.3,39271.03
43195.54,40239.62,39271.03
43196.46,40227.02,39271.03
43200.17,40214.91,39271.03
43213.34,40206.02,39271.03
43234.57,40194.1,39271.03
43254.78,40180.63,39271.03
43275.65,40170.57,39271.03
43301.24,40158.4,39271.03
43315.38,40154.89,39271.03
43317.27,40154.89,39271.03
43311.42,40154.89,39271.03
43322.75,40154.89,39271.03
43347.17,40154.89,39269.21
43386.63,40154.89,39276.29
43425.86,40154.89,39288.93
43459.27,40154.89,39298.15
43482.23,40154.89,39298.64
43498.59,40154.89,39298.64
43508.42,40154.89,39286.87
43512.03,40154.89,39278.47
43527.29,40154.89,39278.47
43551.1,40154.89,39278.47
43563.35,40154.89,39278.47
43580.76,40154.89,39278.47
43596.71,40154.89,39278.47
43621.91,40154.89,39278.47
43648.87,40154.89,39278.47
43676.33,40154.89,39278.47
43692.75,40154.89,39278.47
43705.97,40154.89,39278.47
43720.42,40154.89,39278.47
43732.52,40154.89,39278.47
43736.58,40154.89,39278.47
43753.08,40154.89,39278.47
43765.48,40154.89,39278.47
43770.72,40154.89,39278.47
43768.05,40154.89,39278.47
43771.53,40154.89,39282.6
43766.52,40154.89,39286.13
43754.22,40154.89,39289.47
43738.42,40154.89,39291.79
43715.08,40154.89,39292.91
43689.12,40154.89,39292.91
43670.66,40154.89,39292.91
43667.58,40154.89,39292.91
43679.36,40154.89,39292.91
43691.08,40154.89,39292.91
43697.77,40154.89,39292.91
43701.41,40154.89,39292.91
43703.78,40154.89,39292.91
43699.97,40154.89,39292.91
43694.8,40154.89,39292.91
43686.71,40154.89,39292.91
43677.07,40154.89,39292.91
43667.33,40154.89,39292.91
43661.84,40154.89,39292.91
43653.1,40154.89,39292.91
43645.0,40154.89,39292.91
43636.27,40154.89,39292.91
43620.37,40154.89,39292.91
43623.62,40154.89,39312.26
43629.82,40154.89,39341.04
43633.04,40154.89,39371.38
43632.67,40154.89,39405.11
43630.67,40154.89,39435.98
43620.84,40154.89,39464.2
43614.49,40154.89,39490.01
43607.33,40154.89,39505.09
43603.15,40154.89,39505.09
43601.62,40154.89,39505.09
43609.26,40154.89,39505.09
43610.3,40154.89,39505.09
43613.35,40154.89,39505.09
43620.2,40154.89,39505.09
43618.79,40154.89,39505.09
43610.9,40154.89,39505.09
43599.35,40154.89,39505.09
43591.92,40154.89,39505.09
43580.24,40154.89,39505.09
43573.59,40154.89,39505.09
43561.71,40154.89,39505.09
43546.86,40154.89,39505.09
43525.35,40154.89,39505.09
43493.87,40154.89,39505.09
43462.87,40154.89,39509.4
43436.85,40154.89,39521.2
43402.18,40154.89,39533.43
43370.78,40154.89,39542.16
43340.71,40154.89,39543.45
43303.43,40154.89,39529.25
43258.4,40154.89,39508.95
43219.88,40154.89,39499.56
43195.21,40154.89,39499.56
43176.53,40154.89,39499.56
43162.91,40154.89,39499.56
43151.3,40154.89,39499.56
43138.21,40154.89,39499.56
43115.2,40154.89,39499.56
43083.85,40154.89,39499.56
43049.76,40154.89,39499.56
43005.15,40154.89,39499.56
42962.7,40154.89,39499.56
42921.55,40154.89,39499.56
42875.6,40154.89,39499.56
42840.05,40154.89,39499.56
42812.47,40154.89,39499.56
42784.08,40154.89,39499.56
42720.49,40154.89,39499.56
42641.31,40154.89,39499.56
42554.3,40154.89,39499.56
42466.51,40154.89,39499.56
42380.18,40154.89,39499.56
42298.8,40154.89,39499.56
42230.26,40154.89,39499.56
42166.29,40154.89,39499.56
42102.66,40154.89,39499.56
42053.51,40154.89,39499.56
42006.66,40154.89,39499.56
41968.01,40154.89,39499.56
41919.45,40154.89,39499.56
41867.97,40154.89,39499.56
41815.79,40154.89,39499.56
41757.45,40154.89,39499.56
41693.12,40154.89,39499.56
41632.56,40154.89,39499.56
41580.31,40154.89,39499.56
41527.82,40154.89,39499.56
41483.8,40154.89,39499.56
41447.51,40154.89,39499.56
41397.55,40154.89,39499.56
41346.79,40154.89,39499.56
41311.45,40154.89,39499.56
41276.43,40154.89,39504.89
41220.06,40154.89,39510.44
41159.25,40154.89,39523.77
41102.49,40154.89,39544.14
41051.9,40154.89,39566.85
41007.89,40154.89,39596.09
40961.0,40154.89,39622.28
40914.81,40154.89,39637.92
40861.98,40154.89,39637.92
40805.3,40154.89,39637.92
40763.92,40154.89,39637.92
40722.06,40154.89,39637.92
40696.59,40154.89,39637.92
40665.84,40154.89,39637.92
40631.96,40154.89,39637.92
40604.39,40154.89,39637.92
40583.54,40154.89,39637.92
40557.59,40154.89,39637.92
40532.3,40154.89,39637.92
40503.65,40154.89,39637.92
40475.4,40154.89,39637.92
40453.36,40154.89,39637.92
40424.2,40154.89,39637.92
40395.55,40154.89,39657.56
40357.69,40154.89,39679.15
40326.72,40154.89,39706.24
40309.27,40154.89,39737.62
40308.52,40154.89,39776.31
40311.85,40154.89,39811.65
40325.08,40154.89,39847.58
40333.06,40154.89,39874.99
40333.2,40154.89,39896.94
40319.95,40154.89,39896.94
40296.78,40154.89,39896.94
40270.94,40154.89,39896.94
40253.3,40154.89,39896.94
40239.62,40154.89,39896.94
40227.02,40154.89,39896.94
40214.91,40154.89,39896.94
40206.02,40154.89,39896.94
40194.1,40154.89,39896.94
40180.63,40154.89,39896.94
40170.57,40154.89,39896.94
40158.4,40154.89,39896.94
40154.89,40154.89,39896.94
40163.8,40163.8,39896.94
40181.54,40181.54,39901.6
40209.07,40209.07,39930.27
40237.54,40237.54,39968.9
40285.6,40285.6,40004.59
40335.88,40335.88,40043.17
40386.13,40386.13,40079.32
40432.04,40432.04,40116.41
40469.92,40469.92,40155.67
40492.85,40480.95,40197.82
40502.33,40480.95,40224.2
40508.29,40480.95,40228.16
40506.67,40480.95,40228.16
40494.69,40480.95,40228.16
40482.76,40480.95,40228.16
40480.95,40480.95,40228.16
40486.67,40486.67,40228.16
40491.12,40491.12,40228.16
40499.53,40499.53,40228.16
40515.39,40515.39,40232.25
40529.53,40529.53,40233.32
40543.69,40543.69,40234.63
40558.62,40558.62,40237.01
40569.42,40569.42,40237.23
40582.03,40582.03,40242.88
40599.87,40599.87,40247.73
40651.28,40651.28,40285.97
40720.11,40720.11,40342.0
40792.23,40792.23,40407.71
40862.51,40862.51,40479.91
40933.8,40933.8,40553.03
40998.61,40998.61,40623.08
41058.29,41058.29,40686.02
41128.65,41128.65,40743.64
41183.42,41183.42,40793.95
41221.07,41221.07,40820.41
41242.5,41242.5,40835.49
41263.88,41263.88,40854.86
41292.69,41292.69,40881.1
41332.8,41332.8,40903.25
41387.89,41387.89,40922.93
41441.58,41441.58,40949.64
41492.78,41492.78,40984.8
41544.93,41544.93,41022.23
41588.85,41588.85,41053.62
41633.01,41633.01,41083.76
41672.11,41672.11,41110.07
41705.97,41705.97,41134.93
41752.9,41752.9,41166.08
41787.31,41787.31,41194.28
41823.48,41823.48,41227.02
41888.590000000004,41888.59,41266.6
41978.2,41978.2,41314.49
42071.74,42071.74,41367.72
42167.66,42167.66,41419.53
42262.04,42262.04,41468.65
42356.42,42356.42,41520.73
42452.65,42452.65,41580.49
42535.88,42535.88,41637.7
42595.98,42595.98,41683.64
42632.42,42632.42,41718.88
42652.55,42652.55,41742.79
42679.77,42679.77,41772.21
42699.52,42699.52,41782.94
42728.66,42728.66,41796.84
42755.15,42755.15,41816.11
42776.15,42776.15,41826.38
42791.0,42791.0,41832.35
42809.98,42809.98,41837.95
42826.46,42826.46,41839.78
42845.45,42845.45,41839.29
42870.33,42870.33,41848.66
42893.35,42893.35,41866.1
42914.96,42914.96,41880.75
42967.27,42967.27,41906.72
43037.06,43037.06,41920.89
43096.07,43096.07,41922.78
43142.37,43142.37,41919.16
43172.26,43172.26,41901.55
43190.98,43190.98,41877.9
43197.9,43197.9,41849.63
43202.63,43202.63,41823.6
43215.89,43215.89,41801.75
43225.4,43225.4,41786.44
43247.97,43247.97,41794.33
43259.97,43259.97,41801.78
43268.32,43268.32,41804.04
43279.18,43279.18,41803.12
43285.41,43285.41,41796.8
43288.66,43288.66,41793.54
43290.3,43290.3,41788.93
43306.1,43306.1,41784.14
43315.05,43315.05,41775.85
43325.28,43325.28,41765.23
43343.04,43343.04,41757.84
43356.54,43307.64,41747.44
43367.13,43243.53,41733.71
43370.95,43182.52,41718.08
43390.44,43145.57,41707.05
43426.39,43117.21,41690.8
43445.51,43097.36,41658.58
43458.99,43093.15,41642.67
43474.09,43093.15,41640.13
43494.69,43093.15,41640.43
43520.67,43093.15,41648.91
43559.06,43093.15,41668.2
43593.39,43093.15,41684.56
43614.4,43088.69,41678.09
43638.8,43034.66,41670.66
43668.3,42969.77,41673.22
43701.62,42898.81,41675.24
43727.38,42824.68,41662.77
43752.53,42768.61,41649.99
43783.03,42715.71,41636.3
43811.23,42663.59,41618.36
43836.97,42610.85,41596.21
43861.03,42557.15,41572.23
43884.39,42493.27,41547.22
43906.52,42440.48,41519.53
43933.68,42387.97,41493.81
43976.64,42330.95,41473.73
44026.74,42276.91,41456.77
44073.48,42240.15,41440.68
44112.94,42208.1,41414.13
44139.56,42159.02,41375.32
44156.36,42103.35,41339.59
44166.87,42035.13,41298.02
44178.88,41960.28,41256.25
44188.01,41886.62,41209.89
44175.91,41818.95,41166.38
44172.09,41762.63,41134.04
44182.04,41720.14,41114.69
44241.46,41676.14,41099.21
44314.37,41636.46,41089.75
44379.49,41603.88,41082.16
44423.89,41559.4,41072.36
44443.97,41511.82,41058.79
44479.52,41480.36,41046.19
44534.87,41443.95,41031.98
44593.72,41408.67,41019.04
44655.47,41369.32,41004.64
44702.6,41332.24,40991.65
44746.22,41300.28,40977.31
44791.75,41280.68,40967.22
44834.87,41268.65,40962.53
44879.49,41245.64,40944.75
44901.91,41188.15,40892.2
44902.62,41124.44,40823.51
44905.14,41064.65,40746.19
44906.48,41008.45,40665.93
44899.8,40952.64,40581.95
44879.35,40897.35,40499.71
44853.67,40835.88,40415.32
44823.32,40771.71,40336.58
44799.1,40713.27,40272.58
44793.13,40673.21,40234.82
44832.22,40644.76,40225.55
44883.04,40620.79,40225.55
44934.62,40603.44,40225.55
44977.88,40589.07,40225.55
45016.86,40574.29,40225.55
45065.14,40558.38,40220.53
45113.82,40548.17,40215.87
45162.39,40534.89,40209.34
45209.09,40527.08,40203.88
45257.04,40519.58,40197.85
45296.65,40515.23,40191.82
45330.79,40500.92,40180.77
45375.53,40482.75,40177.46
45422.23,40466.96,40166.13
45444.13,40452.17,40131.41
45436.91,40452.17,40092.05
45431.65,40452.17,40040.98
45423.33,40450.74,39984.84
45419.35,40443.65,39930.25
45425.08,40435.99,39880.22
45441.26,40427.38,39836.42
45464.340000000004,40417.83,39796.11
45482.96,40409.04,39752.21
45504.77,40398.91,39722.32
45538.75,40385.16,39714.32
45598.46,40380.52,39714.32
45661.95,40378.8,39714.32
45717.75,40377.89,39714.32
45752.72,40375.52,39714.32
45790.98,40370.6,39714.32
45827.33,40360.89,39709.58
45849.48,40358.62,39708.4
45876.95,40358.62,39708.4
45910.76,40358.62,39707.98
45923.21,40358.62,39707.98
45936.87,40358.62,39705.85
45958.52,40358.62,39705.85
45985.35,40357.13,39698.19
45994.26,40336.7,39670.85
45980.2,40319.43,39633.02
45970.2,40294.99,39589.38
45977.65,40260.95,39545.45
45989.85,40217.19,39505.83
46001.38,40173.93,39468.33
46011.56,40129.99,39431.89
46022.79,40093.47,39401.55
46034.49,40063.67,39378.14
46039.18,40047.96,39365.53
46045.44,40047.96,39365.53
46051.88,40047.96,39365.53
46052.21,40047.96,39365.53
46057.44,40047.96,39365.53
46056.31,40047.96,39365.53
46040.56,40047.96,39365.53
46027.25,40047.96,39362.92
46013.12,40047.96,39355.71
46001.54,40047.96,39348.09
45989.89,40047.96,39343.35
45973.0,40047.96,39339.11
45944.7,40047.96,39337.54
45901.57,40047.96,39337.54
45842.76,40047.96,39337.54
45786.46,40047.96,39337.54
45727.39,40047.96,39337.54
45674.41,40047.96,39337.54
45632.73,40047.96,39337.54
45592.93,40047.96,39337.54
45555.8,40047.96,39337.45
45522.17,40047.96,39337.45
45501.840000000004,40047.96,39337.45
45490.31,40047.96,39337.45
45465.41,40047.96,39337.45
45412.66,40047.96,39337.45
45358.01,40047.96,39337.45
45304.46,40047.96,39337.45
45253.54,40047.96,39337.45
45206.66,40047.96,39337.45
45146.72,40047.96,39337.45
45071.93,40047.96,39337.45
44995.93,40047.96,39337.45
44914.53,40047.96,39337.38
44844.66,40047.96,39336.58
44775.8,40047.96,39336.58
44713.22,40047.96,39336.58
44657.83,40047.96,39336.58
44601.66,40047.96,39336.58
44546.46,40047.96,39331.0
44477.86,40047.96,39324.96
44393.66,40047.96,39316.32
44322.6,40047.96,39294.13
44256.19,40047.96,39265.87
44200.53,40047.96,39238.19
44149.56,40047.96,39209.26
44104.1,40047.96,39194.09
44060.44,40047.96,39186.94
44026.66,40047.96,39186.94
43979.12,40047.96,39186.66
43925.77,40047.96,39186.31
43867.02,40047.96,39183.45
43806.9,40047.96,39183.45
43746.46,40047.96,39183.45
43683.13,40047.96,39183.45
43620.5,40047.96,39180.27
43554.84,40047.96,39175.62
43488.16,40047.96,39172.14
43419.15,40047.96,39169.01
43360.28,40047.96,39169.01
43307.64,40047.96,39169.01
43243.53,40047.96,39169.01
43182.52,40047.96,39156.49
43145.57,40047.96,39119.11
43117.21,40047.96,39076.81
43097.36,40047.96,39027.51
43093.15,40047.96,38974.21
43104.71,40047.96,38919.79
43113.83,40047.96,38866.34
43120.93,40047.96,38813.02
43121.0,40047.96,38756.92
43114.97,40047.96,38701.81
43088.69,40047.96,38664.48
43034.66,40047.96,38653.34
42969.77,40047.96,38653.34
42898.81,40047.96,38652.67
42824.68,40047.96,38652.16
42768.61,40047.96,38652.16
42715.71,40047.96,38651.09
42663.59,40047.96,38648.2
42610.85,40047.96,38648.2
42557.15,40047.96,38648.2
42493.27,40047.96,38648.2
42440.48,40047.96,38648.2
42387.97,40047.96,38648.2
42330.95,40047.96,38648.2
42276.91,40047.96,38642.57
42240.15,40047.96,38602.24
42208.1,40047.96,38552.77
42159.02,40047.96,38494.78
42103.35,40047.96,38433.81
42035.13,40047.96,38372.48
41960.28,40047.96,38304.1
41886.62,40047.96,38234.68
41818.95,40047.96,38165.55
41762.63,40047.96,38105.86
41720.14,40047.96,38074.19
41676.14,40047.96,38074.19
41636.46,40047.96,38074.19
41603.88,40047.96,38074.19
41559.4,40047.96,38074.19
41511.82,40047.96,38074.19
41480.36,40047.96,38074.19
41443.95,40047.96,38074.19
41408.67,40047.96,38072.47
41369.32,40047.96,38072.47
41332.24,40047.96,38072.47
41300.28,40047.96,38072.47
41280.68,40047.96,38072.47
41268.65,40047.96,38069.58
41245.64,40047.96,38054.16
41188.15,40047.96,38001.42
41124.44,40047.96,37934.21
41064.65,40047.96,37864.66
41008.45,40012.7,37797.4
40952.64,39926.77,37735.39
40897.35,39847.96,37674.78
40835.88,39774.12,37617.34
40771.71,39697.98,37555.61
40713.27,39627.73,37502.82
40673.21,39583.65,37476.38
40644.76,39568.51,37476.38
40620.79,39543.23,37476.38
40603.44,39521.22,37476.38
40589.07,39508.58,37476.38
40574.29,39503.96,37476.38
40558.38,39498.95,37476.38
40548.17,39498.95,37476.38
40534.89,39497.86,37476.38
40527.08,39496.13,37476.38
40519.58,39496.13,37476.38
40515.23,39496.13,37476.38
40500.92,39487.43,37476.38
40482.75,39472.91,37476.38
40466.96,39441.7,37461.45
40452.17,39406.71,37435.52
40455.63,39365.41,37425.64
40457.64,39322.1,37421.66
40450.74,39290.21,37411.74
40443.65,39266.33,37407.44
40435.99,39245.46,37407.42
40427.38,39226.09,37407.04
40417.83,39199.97,37410.34
40409.04,39174.23,37415.5
40398.91,39164.68,37422.64
40385.16,39164.68,37422.64
40380.52,39164.68,37422.64
40378.8,39164.68,37422.64
40377.89,39164.68,37422.64
40375.52,39164.68,37422.64
40370.6,39164.68,37422.64
40360.89,39164.68,37422.64
40358.62,39164.68,37422.64
40360.33,39164.68,37422.64
40362.94,39164.68,37422.64
40365.85,39164.68,37422.64
40361.67,39164.68,37422.64
40363.62,39164.68,37422.64
40357.13,39164.68,37422.64
40336.7,39164.68,37417.28
40319.43,39164.68,37414.84
40294.99,39164.68,37399.32
40260.95,39164.68,37370.99
40217.19,39164.68,37341.96
40173.93,39164.68,37314.1
40129.99,39164.68,37290.54
40093.47,39164.68,37277.11
40063.67,39164.68,37276.83
40047.96,39164.68,37276.83
40053.29,39164.68,37276.83
40057.67,39164.68,37276.83
40059.07,39164.68,37276.83
40059.71,39164.68,37276.83
40062.55,39164.68,37276.83
40064.09,39164.68,37276.83
40063.93,39164.68,37276.83
40063.53,39164.68,37276.83
40064.04,39164.68,37276.83
40068.7,39164.68,37276.83
40076.4,39164.68,37277.57
40084.32,39164.68,37277.57
40095.04,39164.68,37277.57
40108.55,39164.68,37277.57
40124.27,39164.68,37277.57
40148.35,39164.68,37273.65
40184.44,39164.68,37273.49
40215.56,39164.68,37274.58
40251.76,39164.68,37282.51
40286.61,39164.68,37293.69
40324.87,39164.68,37310.06
40360.96,39164.68,37314.49
40389.02,39164.68,37307.77
40403.93,39164.68,37306.85
40412.63,39164.68,37306.85
40427.21,39164.68,37306.85
40438.15,39164.68,37306.85
40455.14,39164.68,37306.85
40466.37,39164.68,37306.85
40473.5,39164.68,37306.85
40477.82,39164.68,37306.85
40480.17,39164.68,37306.85
40484.05,39164.68,37306.85
40485.76,39164.68,37306.85
40491.03,39164.68,37306.85
40497.48,39164.68,37306.85
40502.94,39164.68,37306.85
40519.22,39164.68,37306.85
40556.42,39164.68,37339.4
40609.19,39164.68,37389.36
40668.35,39164.68,37448.57
40717.11,39164.68,37504.06
40763.52,39164.68,37556.13
40808.81,39164.68,37604.25
40854.92,39164.68,37655.53
40909.17,39164.68,37698.21
40956.65,39164.68,37732.94
40988.7,39164.68,37754.41
40988.57,39164.68,37754.41
40976.38,39164.68,37754.41
40960.77,39164.68,37754.41
40955.14,39164.68,37754.41
40952.96,39164.68,37754.41
40950.7,39164.68,37754.41
40944.09,39164.68,37754.41
40937.87,39164.68,37754.41
40931.79,39164.68,37754.41
40927.26,39164.68,37753.05
40927.56,39164.68,37753.05
40934.26,39164.68,37753.05
40932.59,39164.68,37753.05
40924.35,39164.68,37749.2
40914.28,39164.68,37733.0
40903.61,39164.68,37709.5
40897.69,39164.68,37691.06
40892.72,39164.68,37677.39
40888.909999999996,39164.68,37670.22
40888.9,39164.68,37666.64
40889.44,39164.68,37669.56
40884.67,39164.68,37672.41
40873.65,39164.68,37680.26
40857.64,39164.68,37680.77
40846.11,39164.68,37680.77
40836.68,39164.68,37680.77
40825.41,39164.68,37680.77
40811.54,39164.68,37680.77
40800.42,39164.68,37680.77
40789.62,39164.68,37680.77
40782.84,39164.68,37680.77
40776.93,39164.68,37680.77
40771.18,39164.68,37680.77
40765.93,39164.68,37680.77
40760.45,39164.68,37680.77
40768.0,39164.68,37680.77
40772.51,39164.68,37680.77
40766.36,39164.68,37680.77
40745.16,39164.68,37695.63
40725.79,39164.68,37722.27
40703.78,39164.68,37754.95
40679.04,39164.68,37786.78
40649.7,39164.68,37811.69
40611.3,39164.68,37838.77
40570.48,39164.68,37861.41
40523.75,39164.68,37873.03
40479.47,39164.68,37882.72
40452.21,39164.68,37879.35
40438.87,39164.68,37879.35
40423.03,39164.68,37879.35
40413.62,39164.68,37879.35
40416.77,39164.68,37879.35
40412.92,39164.68,37879.35
40408.67,39164.68,37879.35
40404.77,39164.68,37879.35
40402.13,39164.68,37879.35
40402.39,39164.68,37879.35
40401.02,39164.68,37879.35
40399.99,39164.68,37879.35
40399.36,39164.68,37879.35
40384.12,39164.68,37879.35
40350.59,39164.68,37879.35
40276.65,39164.68,37852.76
40190.18,39164.68,37816.58
40100.23,39164.68,37767.54
40012.7,39164.68,37717.19
39926.77,39164.68,37669.86
39847.96,39164.68,37620.23
39774.12,39164.68,37575.71
39697.98,39164.68,37535.82
39627.73,39164.68,37507.95
39583.65,39164.68,37504.02
39568.51,39164.68,37504.02
39543.23,39164.68,37504.02
39521.22,39164.68,37504.02
39508.58,39164.68,37504.02
39503.96,39164.68,37504.02
39498.95,39164.68,37504.02
39499.34,39164.68,37504.02
39497.86,39164.68,37504.02
39496.13,39164.68,37504.02
39498.81,39164.68,37504.02
39496.6,39164.68,37504.02
39487.43,39164.68,37504.02
39472.91,39164.68,37504.02
39441.7,39164.68,37504.02
39406.71,39164.68,37504.02
39365.41,39164.68,37504.02
39322.1,39164.68,37504.02
39290.21,39164.68,37515.41
39266.33,39164.68,37533.65
39245.46,39164.68,37551.62
39226.09,39164.68,37571.24
39199.97,39164.68,37577.78
39174.23,39164.68,37577.78
39164.68,39164.68,37577.78
39176.81,39176.81,37577.78
39188.83,39188.83,37577.78
39204.74,39204.74,37577.78
39209.53,39207.39,37577.78
39207.39,39207.39,37577.78
39212.5,39212.5,37577.78
39221.07,39221.07,37577.78
39231.44,39231.44,37577.78
39243.93,39243.93,37577.78
39257.14,39257.14,37577.78
39273.47,39273.47,37577.78
39286.78,39286.78,37577.78
39287.31,39287.31,37577.78
39301.65,39301.65,37582.72
39327.88,39327.88,37612.93
39352.69,39352.69,37648.8
39373.09,39373.09,37692.84
39393.09,39393.09,37741.21
39415.04,39415.04,37792.69
39434.98,39434.98,37841.79
39459.12,39459.12,37891.16
39496.11,39496.11,37943.83
39544.36,39544.36,37996.09
39584.55,39584.55,38030.98
39607.14,39607.14,38039.88
39621.95,39621.95,38039.88
39638.39,39638.39,38039.88
39656.36,39656.36,38039.88
39679.9,39679.9,38039.88
39701.77,39701.77,38039.88
39719.54,39719.54,38041.32
39735.11,39735.11,38041.32
39750.11,39750.11,38041.32
39764.59,39764.59,38041.32
39778.99,39778.99,38041.32
39795.88,39795.88,38041.32
39814.45,39814.45,38041.32
39847.78,39847.78,38045.9
39900.63,39900.63,38085.59
39939.44,39939.44,38134.61
39977.99,39977.99,38192.22
40019.03,40019.03,38253.16
40061.68,40061.68,38315.12
40111.5,40111.5,38384.31
40166.65,40166.65,38455.0
40216.99,40216.99,38525.89
40257.7,40257.7,38587.49
40284.22,40284.22,38621.51
40294.59,40294.59,38621.51
40309.77,40309.77,38621.51
40327.45,40327.45,38621.51
40343.98,40343.98,38621.51
40366.65,40366.65,38621.51
40397.65,40397.65,38621.51
40418.22,40418.22,38622.74
40422.82,40422.82,38625.72
40424.48,40424.48,38620.33
40426.28,40426.28,38605.84
40426.85,40426.69,38601.15
40426.69,40426.69,38600.81
40436.43,40436.43,38606.57
40461.71,40461.71,38624.88
40531.66,40531.66,38665.34
40617.42,40617.42,38712.34
40695.64,40695.64,38752.69
40762.19,40762.19,38790.05
40820.46,40820.46,38822.1
40873.9,40873.9,38852.75
40921.15,40921.15,38874.3
40962.48,40962.48,38898.67
41001.77,40980.88,38917.32
41027.95,40980.88,38919.03
41050.090000000004,40980.88,38915.21
41073.36,40980.88,38918.56
41095.81,40980.88,38920.76
41098.76,40980.88,38920.76
41104.38,40980.88,38920.76
41105.2,40980.88,38920.76
41098.28,40980.88,38908.4
41095.71,40980.88,38893.21
41091.14,40980.88,38876.6
41079.83,40980.88,38861.13
41072.69,40980.88,38851.69
41070.19,40980.88,38840.43
41079.62,40980.88,38840.43
41089.69,40980.88,38839.34
41084.63,40980.88,38834.45
41074.47,40980.88,38831.28
41062.02,40980.88,38825.36
41051.37,40980.88,38816.61
41041.41,40980.88,38805.52
41030.19,40980.88,38791.02
41024.88,40980.88,38779.87
41014.88,40980.88,38772.22
41008.78,40980.88,38766.27
40991.13,40980.88,38753.99
40981.48,40980.88,38753.99
40980.88,40980.88,38753.99
40986.2,40986.2,38753.99
40994.5,40994.5,38753.99
41005.32,41005.32,38753.99
41011.73,41011.73,38746.95
41022.64,41022.64,38732.92
41034.81,41034.81,38721.26
41046.81,41046.81,38712.23
41060.41,41060.41,38706.46
41070.52,41070.52,38706.25
41084.1,41083.24,38706.25
41100.79,41083.24,38706.25
41104.84,41083.24,38687.69
41118.43,41083.24,38665.28
41144.51,41053.25,38653.68
41183.46,40968.63,38654.6
41210.51,40886.39,38654.1
41235.69,40802.63,38643.3
41266.17,40702.45,38614.8
41287.27,40597.06,38572.52
41293.61,40493.12,38516.62
41292.76,40408.33,38454.84
41279.98,40348.02,38407.25
41273.75,40330.77,38396.52
41271.66,40314.52,38389.61
41279.29,40294.17,38383.19
41302.52,40260.51,38377.16
41314.95,40236.83,38377.16
41327.61,40212.69,38372.81
41343.21,40192.75,38366.23
41357.5,40180.93,38363.36
41370.38,40173.15,38363.36
41383.13,40161.61,38361.65
41390.24,40155.84,38361.65
41388.95,40140.67,38361.65
41388.62,40105.49,38361.65
41367.52,40044.48,38349.49
41325.05,39970.08,38319.9
41296.19,39885.96,38280.85
41263.17,39796.66,38232.43
41228.76,39712.65,38178.82
41196.16,39626.85,38123.4
41160.87,39541.16,38067.26
41126.68,39457.15,38016.09
41100.93,39383.71,37976.12
41087.17,39314.51,37950.49
41083.24,39265.64,37933.51
41096.9,39246.46,37933.51
41117.4,39230.54,37933.51
41121.21,39216.31,37933.51
41130.53,39205.54,37933.51
41139.9,39192.89,37933.51
41140.32,39179.73,37933.51
41151.74,39168.42,37933.51
41188.62,39168.42,37933.51
41227.909999999996,39168.42,37933.51
41268.22,39168.42,37933.51
41319.12,39168.42,37933.51
41362.0,39168.42,37933.51
41404.32,39168.42,37933.51
41414.63,39168.42,37933.51
41406.29,39168.42,37919.22
41391.46,39168.42,37913.02
41388.17,39168.42,37906.94
41394.69,39168.42,37902.21
41407.79,39168.42,37908.99
41427.51,39168.42,37913.52
41449.77,39168.42,37919.73
41481.73,39168.42,37928.91
41508.08,39168.42,37938.46
41532.84,39168.42,37938.46
41545.82,39168.42,37938.46
41565.26,39168.42,37938.46
41580.88,39168.42,37938.46
41615.51,39168.42,37938.46
41662.159999999996,39168.42,37938.46
41709.409999999996,39168.42,37938.46
41755.18,39168.42,37938.46
41796.06,39168.42,37938.46
41837.15,39168.42,37938.46
41885.07,39168.42,37938.46
41946.94,39168.42,37938.46
42001.01,39168.42,37938.46
42041.4,39168.42,37938.46
42098.66,39168.42,37940.11
42194.79,39168.42,37954.63
42301.27,39168.42,37986.89
42419.73,39168.42,38032.67
42530.17,39168.42,38082.6
42628.44,39168.42,38134.29
42723.63,39168.42,38183.81
42808.5,39168.42,38227.48
42885.91,39168.42,38269.31
42938.3,39168.42,38299.21
42970.04,39168.42,38314.55
42969.03,39168.42,38314.55
42962.1,39168.42,38314.55
42950.83,39168.42,38314.55
42950.35,39168.42,38314.55
42950.39,39168.42,38314.55
42949.57,39168.42,38314.55
42938.57,39168.42,38314.55
42921.65,39168.42,38314.55
42901.15,39168.42,38314.55
42879.41,39168.42,38314.55
42860.08,39168.42,38314.55
42852.58,39168.42,38314.55
42870.48,39168.42,38314.55
42905.22,39168.42,38314.55
42938.94,39168.42,38314.55
42962.54,39168.42,38314.55
42972.09,39168.42,38314.55
42986.96,39168.42,38314.59
43005.74,39168.42,38317.66
43017.92,39168.42,38317.66
43042.45,39168.42,38320.1
43067.91,39168.42,38327.73
43098.22,39168.42,38330.37
43132.74,39168.42,38335.43
43149.09,39168.42,38335.43
43160.02,39168.42,38335.43
43159.92,39168.42,38335.43
43148.38,39168.42,38335.43
43137.99,39168.42,38335.43
43125.71,39168.42,38335.43
43105.72,39168.42,38335.43
43073.98,39168.42,38335.43
43036.53,39168.42,38335.43
42991.52,39168.42,38335.43
42959.37,39168.42,38335.43
42931.22,39168.42,38335.43
42907.99,39168.42,38335.43
42902.76,39168.42,38335.43
42918.92,39168.42,38361.7
42936.31,39168.42,38398.06
42955.98,39168.42,38447.47
42970.25,39168.42,38501.09
42977.24,39168.42,38551.89
42988.04,39168.42,38604.27
42991.83,39168.42,38649.85
42997.47,39168.42,38692.83
42994.41,39168.42,38717.5
42977.01,39168.42,38720.59
42944.82,39168.42,38720.59
42909.94,39168.42,38720.59
42888.02,39168.42,38720.59
42861.89,39168.42,38720.59
42831.07,39168.42,38720.59
42799.77,39168.42,38720.59
42756.85,39168.42,38713.15
42704.78,39168.42,38708.21
42649.92,39168.42,38706.05
42594.07,39168.42,38705.15
42533.96,39168.42,38705.15
42478.31,39168.42,38705.15
42434.79,39168.42,38705.15
42396.81,39168.42,38691.2
42348.64,39168.42,38654.51
42300.92,39168.42,38610.11
42245.68,39168.42,38554.44
42191.79,39168.42,38501.23
42138.06,39168.42,38452.81
42080.14,39168.42,38404.41
42022.19,39168.42,38358.98
41968.03,39168.42,38317.25
41922.74,39168.42,38283.36
41886.69,39168.42,38261.53
41866.79,39168.42,38261.53
41830.93,39168.42,38261.53
41800.8,39168.42,38261.53
41762.24,39168.42,38261.53
41705.4,39168.42,38261.53
41645.34,39168.42,38261.4
41587.01,39168.42,38245.98
41534.09,39168.42,38228.45
41485.48,39168.42,38210.68
41436.07,39168.42,38191.46
41376.87,39168.42,38176.75
41334.84,39168.42,38162.6
41288.42,39168.42,38154.67
41219.87,39168.42,38142.9
41133.69,39168.42,38129.76
41053.25,39168.42,38113.34
40968.63,39168.42,38097.22
40886.39,39168.42,38070.75
40802.63,39168.42,38043.45
40702.45,39168.42,38010.22
40597.06,39168.42,37980.37
40493.12,39168.42,37954.76
40408.33,39168.42,37939.9
40348.02,39168.42,37931.8
40330.77,39168.42,37925.7
40314.52,39168.42,37920.96
40294.17,39168.42,37918.92
40260.51,39168.42,37918.92
40236.83,39168.42,37918.38
40212.69,39168.42,37909.75
40192.75,39168.42,37898.09
40180.93,39168.42,37884.25
40173.15,39168.42,37866.65
40161.61,39168.42,37851.44
40155.84,39168.42,37839.27
40140.67,39168.42,37828.35
40105.49,39168.42,37820.91
40044.48,39168.42,37804.46
39970.08,39168.42,37770.67
39885.96,39168.42,37729.82
39796.66,39168.42,37687.22
39712.65,39168.42,37647.89
39626.85,39168.42,37612.69
39541.16,39168.42,37583.76
39457.15,39168.42,37568.73
39383.71,39168.42,37554.67
39314.51,39168.42,37548.09
39265.64,39168.42,37545.64
39246.46,39168.42,37541.76
39230.54,39168.42,37541.76
39216.31,39168.42,37541.76
39205.54,39168.42,37541.76
39192.89,39168.42,37541.76
39179.73,39168.42,37536.38
39168.42,39168.42,37531.36
39168.86,39168.86,37526.04
39178.17,39178.17,37521.13
39197.07,39197.07,37517.68
39212.99,39212.99,37517.68
39236.63,39231.7,37517.68
39245.84,39231.7,37517.68
39238.45,39231.7,37517.68
39231.7,39231.7,37517.68
39241.22,39241.22,37515.75
39261.43,39261.43,37518.61
39285.89,39285.89,37539.4
39318.89,39265.52,37559.03
39346.21,39239.47,37574.56
39378.12,39213.22,37590.1
39404.26,39184.64,37598.86
39445.42,39158.44,37600.39
39496.7,39131.01,37593.45
39535.43,39114.98,37593.45
39553.81,39104.3,37593.45
39572.72,39089.25,37593.45
39592.2,39076.44,37593.45
39608.12,39071.86,37593.45
39626.27,39070.96,37593.45
39654.38,39070.96,37593.45
39684.2,39070.96,37593.45
39715.94,39070.96,37593.45
39746.5,39070.96,37593.45
39773.5,39070.96,37593.45
39801.63,39070.96,37593.45
39815.45,39070.96,37593.45
39829.14,39058.4,37570.99
39843.49,39042.58,37556.07
39868.76,39040.12,37551.8
39908.01,39040.12,37550.35
39956.04,39040.12,37559.76
40011.03,39040.12,37573.16
40066.8,39040.12,37587.16
40117.9,39040.12,37595.41
40158.9,39040.12,37594.97
40190.31,39040.12,37588.12
40209.94,39040.12,37570.36
40218.409999999996,39040.12,37570.36
40236.14,39040.12,37570.36
40257.24,39040.12,37570.36
40278.77,39040.12,37570.36
40307.33,39040.12,37570.36
40345.83,39040.12,37570.36
40382.92,39040.12,37570.36
40416.71,39040.12,37570.36
40444.58,39040.12,37570.36
40468.27,39040.12,37570.36
40489.87,39040.12,37570.36
40508.35,39040.12,37570.36
40540.38,39040.12,37570.36
40581.26,39040.12,37572.67
40618.83,39040.12,37577.19
40651.19,39040.12,37567.19
40681.48,39040.12,37555.21
40714.9,39040.12,37545.23
40764.82,39040.12,37547.58
40835.68,39040.12,37567.3
40921.19,39040.12,37595.4
41013.41,39040.12,37628.57
41098.49,39040.12,37661.18
41162.04,39040.12,37690.82
41191.19,39040.12,37690.82
41224.88,39040.12,37690.82
41264.95,39040.12,37690.82
41301.409999999996,39040.12,37690.82
41328.92,39040.12,37690.82
41361.27,39040.12,37690.82
41389.85,39040.12,37690.82
41407.33,39040.12,37690.82
41418.68,39040.12,37690.82
41436.53,39040.12,37690.82
41451.28,39040.12,37690.82
41469.86,39040.12,37690.82
41492.79,39040.12,37690.82
41536.01,39040.12,37686.64
41587.55,39040.12,37705.25
41648.19,39040.12,37738.61
41721.7,39040.12,37784.13
41796.32,39040.12,37838.48
41870.409999999996,39040.12,37896.41
41943.64,39040.12,37954.09
42006.2,39040.12,38004.16
42063.4,39040.12,38047.75
42099.94,39040.12,38077.46
42116.08,39040.12,38085.29
42118.64,39040.12,38085.29
42118.7,39040.12,38085.29
42125.04,39040.12,38085.29
42125.69,39040.12,38085.29
42123.63,39040.12,38085.29
42118.17,39040.12,38085.29
42110.46,39040.12,38085.29
42104.2,39040.12,38085.29
42097.4,39040.12,38085.29
42089.909999999996,39040.12,38085.29
42084.08,39040.12,38085.29
42073.45,39040.12,38085.29
42065.35,39040.12,38085.29
42054.22,39040.12,38081.83
42034.85,39040.12,38075.44
41999.73,39040.12,38059.49
41953.06,39040.12,38048.94
41911.1,39040.12,38044.27
41869.0,39040.12,38044.27
41833.09,39040.12,38044.27
41797.17,39040.12,38044.27
41765.06,39040.12,38044.27
41722.72,39040.12,38044.27
41673.35,39040.12,38044.27
41637.29,39040.12,38044.27
41615.3,39040.12,38044.27
41596.75,39040.12,38044.27
41576.11,39040.12,38044.27
41559.67,39040.12,38044.27
41532.87,39040.12,38044.27
41495.63,39040.12,38044.27
41457.5,39040.12,38044.27
41417.52,39040.12,38044.27
41375.85,39040.12,38044.27
41336.46,39040.12,38044.27
41298.32,39040.12,38044.27
41266.05,39040.12,38044.27
41253.4,39040.12,38040.97
41260.12,39040.12,38032.61
41257.62,39040.12,38022.02
41248.46,39040.12,38014.15
41224.94,39040.12,38012.76
41193.43,39040.12,38012.76
41155.06,39040.12,38012.76
41121.03,39040.12,38012.76
41090.8,39040.12,38012.76
41070.56,39040.12,38012.76
41048.33,39040.12,38012.76
41011.96,39040.12,38012.76
40974.71,39040.12,38012.76
40933.88,39040.12,38012.76
40893.42,39040.12,38012.76
40848.88,39040.12,38012.76
40797.2,39040.12,38012.76
40750.61,39040.12,38012.76
40702.98,39040.12,38012.76
40655.44,39040.12,38012.76
40611.13,39040.12,38012.76
40565.91,39040.12,38012.76
40512.59,39040.12,38012.76
40456.05,39040.12,38012.76
40405.45,39040.12,38012.76
40351.92,39040.12,38002.75
40292.06,39040.12,37995.31
40231.72,39040.12,37995.31
40177.51,39040.12,37995.31
40122.03,39040.12,37995.31
40068.82,39040.12,37995.31
40024.26,39040.12,37995.31
39977.63,39040.12,37995.31
39939.090000000004,39040.12,37995.31
39907.03,39040.12,37995.31
39871.56,39040.12,37995.31
39832.63,39040.12,37995.31
39790.04,39040.12,37995.31
39757.5,39040.12,37995.31
39722.090000000004,39040.12,37995.31
39677.93,39040.12,37995.31
39639.9,39040.12,37995.31
39608.76,39040.12,37995.31
39580.38,39040.12,37995.31
39548.45,39040.12,37995.31
39516.32,39040.12,37995.31
39480.37,39040.12,37995.31
39446.86,39040.12,37995.31
39410.92,39040.12,37995.31
39381.1,39040.12,37995.31
39346.11,39040.12,37995.31
39310.53,39040.12,37995.31
39290.17,39040.12,37995.31
39265.52,39040.12,37995.31
39239.47,39040.12,37995.31
39213.22,39040.12,37995.31
39184.64,39040.12,37995.31
39158.44,39040.12,37995.31
39131.01,39040.12,37995.31
39114.98,39040.12,37995.31
39104.3,39040.12,37995.31
39089.25,39040.12,37995.31
39076.44,39040.12,37995.31
39071.86,39040.12,37995.31
39070.96,39040.12,37995.31
39092.22,39040.12,37995.31
39107.75,39040.12,37995.31
39119.75,39040.12,37995.31
39130.37,39040.12,37995.31
39122.11,39040.12,37995.31
39105.4,39040.12,37995.31
39083.04,39040.12,37995.31
39058.4,39040.12,37995.31
39042.58,39040.12,38017.97
39040.12,39040.12,38048.66
39044.47,39044.47,38091.47
39053.2,39053.2,38132.91
39061.29,39055.41,38170.57
39068.47,39055.41,38207.02
39070.74,39055.41,38241.1
39071.03,39055.41,38272.38
39067.06,39055.41,38295.83
39058.12,39055.41,38307.46
39058.99,39055.41,38307.46
39061.47,39055.41,38307.46
39062.07,39055.41,38307.46
39055.73,39055.41,38307.46
39055.41,39055.41,38307.46
39069.6,39069.6,38307.46
39101.68,39101.68,38313.08
39135.46,39135.46,38321.09
39169.54,39169.54,38330.65
39201.55,39201.55,38343.13
39232.97,39210.99,38351.28
39264.3,39210.99,38359.25
39280.42,39210.99,38361.13
39282.25,39210.99,38367.81
39275.48,39210.99,38376.09
39261.76,39210.99,38387.86
39247.0,39210.99,38400.2
39238.81,39210.99,38419.58
39233.32,39210.99,38434.14
39233.93,39210.99,38457.65
39230.28,39210.99,38483.05
39223.8,39210.99,38506.31
39212.69,39210.99,38518.74
39210.99,39210.99,38525.21
39230.41,39230.41,38530.39
39249.38,39249.38,38534.53
39263.35,39263.35,38536.61
39281.25,39281.25,38536.61
39304.56,39304.56,38537.77
39334.46,39334.46,38547.79
39365.3,39365.3,38561.25
39397.6,39397.6,38577.06
39433.31,39433.31,38597.01
39462.79,39462.79,38615.51
39500.19,39500.19,38632.54
39526.82,39526.82,38648.94
39535.37,39535.37,38663.42
39542.82,39542.82,38686.99
39575.29,39575.29,38729.04
39613.62,39613.62,38774.76
39647.47,39647.47,38821.43
39681.02,39681.02,38862.44
39713.47,39713.47,38899.4
39738.97,39738.97,38927.28
39755.65,39755.65,38939.49
39773.63,39773.63,38943.81
39787.85,39787.85,38941.8
39795.07,39795.07,38942.93
39819.45,39819.45,38957.7
39844.31,39844.31,38967.7
39872.89,39872.89,38976.31
39912.91,39912.91,38978.37
39960.04,39960.04,38986.24
40003.11,40003.11,39003.62
40044.73,40044.73,39021.74
40078.93,40078.93,39040.44
40111.86,40111.86,39059.34
40142.22,40142.22,39078.71
40164.45,40158.07,39091.08
40180.36,40158.07,39100.19
40187.62,40158.07,39107.45
40178.73,40158.07,39119.58
40165.79,40158.07,39135.51
40158.07,40158.07,39162.24
40161.45,40160.15,39191.21
40160.15,40160.15,39207.75
40169.76,40169.76,39234.54
40188.87,40188.87,39255.02
40216.62,40216.62,39282.35
40252.81,40252.81,39316.04
40293.21,40293.21,39354.54
40343.81,40343.81,39390.84
40392.96,40392.96,39402.86
40438.95,40438.95,39407.39
40483.74,40483.74,39409.82
40527.44,40527.44,39409.82
40564.29,40564.29,39409.82
40601.34,40601.34,39411.43
40620.87,40620.87,39411.43
40643.32,40643.32,39411.43
40668.5,40668.5,39411.43
40693.03,40693.03,39411.43
40723.3,40723.3,39417.63
40744.09,40744.09,39423.88
40767.0,40767.0,39438.43
40789.03,40789.03,39479.63
40809.94,40809.94,39511.96
40828.89,40828.89,39543.95
40859.48,40859.48,39584.93
40890.11,40890.11,39628.85
40921.49,40921.49,39675.93
40962.61,40962.61,39721.02
41017.21,41017.21,39770.22
41078.13,41078.13,39819.76
41136.21,41136.21,39865.99
41184.03,41184.03,39905.3
41216.93,41216.93,39913.43
41246.96,41246.96,39915.19
41280.12,41280.12,39916.3
41309.16,41309.16,39917.58
41335.42,41335.42,39917.58
41357.25,41357.25,39917.58
41369.28,41369.28,39917.58
41384.1,41384.1,39917.58
41399.73,41399.73,39917.58
41415.94,41415.94,39917.58
41425.96,41425.96,39917.58
41435.28,41435.28,39917.58
41445.590000000004,41445.59,39921.34
41450.54,41449.94,39944.64
41449.94,41449.94,39978.4
41462.18,41462.18,40014.58
41487.72,41487.72,40046.11
41526.02,41526.02,40086.1
41569.72,41569.72,40133.3
41621.8,41621.8,40181.47
41680.01,41680.01,40230.9
41741.16,41741.16,40279.16
41798.69,41798.69,40322.33
41836.72,41836.72,40349.55
41859.53,41859.53,40354.25
41888.62,41888.62,40358.4
41925.08,41925.08,40365.43
41953.22,41953.22,40365.43
41983.69,41983.69,40365.43
42010.85,42010.85,40365.43
42038.82,42038.82,40366.08
42059.68,42059.68,40368.0
42078.7,42078.7,40370.92
42103.48,42103.48,40379.1
42121.08,42121.08,40379.1
42155.23,42155.23,40386.81
42195.36,42195.36,40409.54
42225.83,42225.83,40442.76
42237.23,42237.23,40469.11
42249.64,42249.64,40494.6
42275.77,42275.77,40529.17
42313.36,42313.36,40560.89
42344.68,42344.68,40590.39
42388.11,42388.11,40620.86
42420.83,42420.83,40647.84
42448.02,42448.02,40672.24
42469.71,42469.71,40693.9
42499.46,42499.46,40718.59
42527.68,42527.68,40728.3
42559.4,42559.4,40732.75
42592.43,42592.43,40732.75
42611.64,42611.64,40732.75
42634.97,42634.97,40732.75
42669.44,42669.44,40732.75
42692.65,42692.65,40732.75
42719.11,42719.11,40735.41
42746.77,42746.77,40739.25
42776.55,42776.55,40745.27
42806.14,42806.14,40750.41
42845.44,42845.44,40757.9
42886.27,42849.02,40772.34
42928.32,42849.02,40807.6
42963.85,42849.02,40850.22
43004.86,42849.02,40898.21
43043.05,42849.02,40941.09
43083.33,42849.02,40978.55
43119.63,42849.02,41010.78
43149.0,42849.02,41036.64
43171.14,42849.02,41056.96
43182.25,42849.02,41070.08
43193.26,42849.02,41083.8
43193.36,42849.02,41087.05
43180.36,42849.02,41087.05
43170.43,42849.02,41087.05
43167.66,42849.02,41087.05
43170.81,42849.02,41087.05
43175.07,42849.02,41087.05
43178.76,42849.02,41087.05
43181.17,42849.02,41087.05
43182.07,42849.02,41087.05
43180.58,42849.02,41087.05
43180.4,42849.02,41087.05
43187.15,42849.02,41087.05
43209.06,42849.02,41088.1
43231.82,42849.02,41095.39
43256.41,42849.02,41134.59
43281.99,42849.02,41189.06
43304.01,42849.02,41240.06
43319.18,42849.02,41284.34
43323.03,42849.02,41322.77
43316.29,42849.02,41357.13
43302.08,42849.02,41381.12
43281.7,42849.02,41394.12
43257.92,42849.02,41399.09
43230.29,42849.02,41403.45
43213.76,42849.02,41411.25
43203.76,42849.02,41411.25
43207.74,42849.02,41411.25
43214.36,42849.02,41411.25
43230.81,42849.02,41411.25
43246.09,42849.02,41411.25
43254.9,42849.02,41411.25
43264.54,42849.02,41411.25
43270.61,42849.02,41411.25
43274.65,42849.02,41411.25
43284.14,42849.02,41411.25
43296.93,42849.02,41411.37
43324.01,42849.02,41411.9
43351.63,42849.02,41420.58
43378.6,42849.02,41453.31
43400.77,42849.02,41502.04
43416.75,42849.02,41548.45
43419.81,42849.02,41583.63
43411.71,42849.02,41610.3
43397.06,42849.02,41630.62
43370.79,42849.02,41644.34
43337.64,42849.02,41653.87
43293.23,42849.02,41659.33
43247.62,42849.02,41662.74
43212.57,42849.02,41669.61
43194.26,42849.02,41669.61
43182.44,42849.02,41669.61
43182.42,42849.02,41669.61
43189.09,42849.02,41669.61
43194.47,42849.02,41669.61
43203.42,42849.02,41669.61
43209.69,42849.02,41669.61
43224.17,42849.02,41669.61
43243.76,42849.02,41670.15
43259.06,42849.02,41670.15
43269.6,42849.02,41670.15
43279.55,42849.02,41670.15
43294.89,42849.02,41670.15
43307.01,42849.02,41687.89
43313.83,42849.02,41718.03
43321.04,42849.02,41748.78
43316.29,42849.02,41773.43
43295.15,42849.02,41783.71
43282.13,42849.02,41799.07
43248.68,42849.02,41803.15
43225.87,42849.02,41809.27
43212.3,42849.02,41812.92
43204.75,42849.02,41817.24
43186.41,42849.02,41822.76
43154.04,42849.02,41818.87
43130.55,42849.02,41818.87
43118.65,42849.02,41818.87
43112.87,42849.02,41818.87
43102.92,42849.02,41818.87
43090.04,42849.02,41818.87
43084.28,42849.02,41818.87
43080.93,42849.02,41818.87
43080.01,42849.02,41818.28
43080.26,42849.02,41818.28
43080.13,42849.02,41818.28
43072.12,42849.02,41818.28
43057.99,42849.02,41809.85
43034.51,42849.02,41777.14
43002.51,42849.02,41744.39
42975.08,42849.02,41709.94
42949.52,42849.02,41672.37
42924.9,42849.02,41625.09
42905.43,42849.02,41575.02
42885.1,42849.02,41525.63
42867.13,42849.02,41480.77
42856.47,42849.02,41439.69
42849.02,42849.02,41402.83
42857.98,42856.63,41370.18
42862.6,42856.63,41347.5
42862.7,42856.63,41335.18
42862.39,42856.63,41324.74
42858.67,42856.63,41324.74
42856.63,42856.63,41324.74
42859.14,42859.14,41324.74
42865.54,42865.54,41324.74
42876.09,42876.09,41324.74
42884.74,42884.74,41324.74
42894.53,42894.16,41324.39
42900.97,42894.16,41324.39
42898.91,42894.16,41323.76
42894.16,42894.16,41307.38
42910.21,42910.21,41283.42
42926.93,42926.93,41263.31
42935.46,42935.46,41241.97
42938.01,42938.01,41222.42
42950.43,42950.43,41208.35
42977.58,42977.58,41197.46
43011.26,43011.26,41186.32
43040.23,43040.23,41171.78
43064.25,43064.25,41157.55
43092.73,43092.73,41149.2
43116.37,43116.37,41138.18
43132.13,43128.82,41127.05
43139.42,43128.82,41121.81
43143.69,43128.82,41112.31
43148.45,43128.82,41106.52
43142.7,43128.82,41100.87
43136.9,43128.82,41090.15
43133.85,43128.82,41078.12
43131.84,43128.82,41065.29
43133.08,43128.82,41051.73
43132.62,43128.82,41043.85
43134.09,43128.82,41038.12
43128.82,43128.82,41038.12
43129.64,43129.64,41030.43
43148.4,43148.4,41000.03
43172.83,43172.83,40983.45
43190.93,43190.93,40971.6
43215.0,43215.0,40956.95
43249.77,43194.04,40943.87
43288.82,43120.13,40929.55
43332.26,43032.22,40912.68
43370.53,42948.49,40897.39
43408.59,42878.55,40889.92
43448.3,42810.98,40886.21
43483.97,42736.81,40876.8
43510.26,42667.49,40862.84
43535.36,42603.78,40853.25
43553.87,42527.44,40847.58
43573.88,42441.38,40842.14
43588.7,42355.86,40839.15
43599.38,42280.04,40835.56
43614.06,42214.76,40831.61
43620.37,42151.34,40825.65
43620.2,42093.62,40818.79
43623.84,42037.29,40811.54
43630.48,41986.36,40807.13
43637.19,41937.32,40807.13
43639.62,41876.63,40797.65
43644.54,41785.51,40759.72
43656.53,41692.43,40725.69
43671.87,41611.88,40692.39
43699.46,41549.43,40667.64
43743.9,41490.22,40646.7
43787.88,41429.92,40624.19
43835.45,41377.24,40609.04
43879.81,41329.09,40589.82
43922.08,41285.14,40563.09
43957.06,41245.9,40535.72
43987.18,41202.61,40516.29
44025.23,41178.76,40517.14
44055.29,41160.26,40516.53
44075.87,41138.72,40516.53
44095.31,41124.5,40516.53
44114.36,41111.13,40516.53
44136.03,41088.6,40516.53
44154.14,41071.17,40511.86
44174.07,41052.7,40506.39
44190.38,41036.05,40501.24
44203.82,41014.92,40495.49
44219.49,40996.28,40492.77
44241.76,40981.85,40492.77
44278.37,40976.47,40491.41
44328.84,40976.47,40482.79
44385.83,40975.24,40480.2
44425.71,40975.24,40473.41
44466.18,40975.24,40468.48
44508.01,40975.24,40457.66
44548.67,40975.24,40445.99
44587.89,40975.24,40438.86
44617.49,40975.24,40428.43
44642.92,40975.24,40413.03
44667.61,40975.24,40397.08
44675.18,40975.24,40378.65
44695.31,40975.24,40375.65
44721.91,40975.24,40375.65
44756.94,40975.24,40375.65
44797.8,40975.24,40375.65
44838.25,40975.24,40375.65
44882.07,40975.24,40375.65
44920.82,40975.24,40375.65
44941.31,40975.24,40375.65
44964.12,40975.24,40375.65
44985.53,40975.24,40375.65
45007.08,40975.24,40375.65
45034.96,40975.24,40375.65
45070.73,40975.24,40375.65
45090.18,40975.24,40355.37
45109.76,40975.24,40331.65
45140.88,40975.24,40318.69
45181.81,40975.24,40312.46
45221.78,40975.24,40308.28
45263.22,40975.24,40303.52
45303.49,40975.24,40294.38
45338.97,40975.24,40281.03
45361.75,40975.24,40260.18
45385.51,40975.24,40242.6
45414.23,40975.24,40230.97
45442.45,40975.24,40230.97
45473.2,40975.24,40230.97
45517.06,40975.24,40230.97
45564.15,40975.24,40230.97
45622.56,40975.24,40230.97
45681.14,40975.24,40230.97
45732.23,40975.24,40230.97
45779.63,40975.24,40230.97
45819.32,40975.24,40230.97
45856.38,40975.24,40230.97
45887.58,40975.24,40230.97
45914.33,40975.24,40230.97
45944.34,40975.24,40230.97
45982.55,40975.24,40230.97
46025.81,40975.24,40227.77
46067.19,40975.24,40225.15
46089.38,40975.24,40219.7
46101.87,40975.24,40212.18
46114.4,40975.24,40210.07
46116.09,40975.24,40206.68
46121.13,40975.24,40193.05
46127.57,40975.24,40174.58
46130.1,40975.24,40158.23
46135.79,40975.24,40146.66
46127.48,40975.24,40146.1
46117.68,40975.24,40146.1
46104.77,40975.24,40146.1
46086.31,40975.24,40146.1
46063.96,40975.24,40146.1
46049.95,40975.24,40146.1
46024.51,40975.24,40146.1
46007.13,40975.24,40146.1
45991.24,40975.24,40146.1
45978.19,40975.24,40146.1
45963.72,40975.24,40146.1
45942.51,40975.24,40146.1
45917.18,40975.24,40146.1
45881.58,40975.24,40145.28
45841.74,40975.24,40133.92
45797.6,40975.24,40118.91
45745.04,40975.24,40104.59
45675.76,40975.24,40087.98
45600.83,40975.24,40081.34
45531.87,40975.24,40078.91
45465.21,40975.24,40073.49
45394.85,40975.24,40068.98
45331.9,40975.24,40068.95
45283.53,40975.24,40068.95
45246.93,40975.24,40068.95
45213.66,40975.24,40068.95
45173.57,40975.24,40068.95
45134.69,40975.24,40068.95
45099.43,40975.24,40068.95
45066.35,40975.24,40068.95
45040.69,40975.24,40068.95
45014.83,40975.24,40068.95
44988.28,40975.24,40068.95
44961.71,40975.24,40068.95
44933.58,40975.24,40068.95
44897.94,40975.24,40068.95
44843.26,40975.24,40068.95
44774.25,40975.24,40055.28
44711.31,40975.24,40032.14
44659.07,40975.24,40014.68
44603.83,40975.24,40005.7
44538.49,40975.24,40005.64
44464.5,40975.24,40005.64
44395.96,40975.24,40005.64
44336.84,40975.24,40005.64
44283.24,40975.24,40005.64
44230.01,40975.24,40005.64
44182.96,40975.24,40005.64
44141.05,40975.24,40005.64
44100.76,40975.24,40005.64
44040.04,40975.24,40005.64
43969.87,40975.24,40005.64
43901.74,40975.24,40005.64
43828.29,40975.24,40005.64
43762.03,40975.24,40005.64
43710.61,40975.24,40005.64
43658.88,40975.24,40005.64
43610.98,40975.24,40005.64
43564.47,40975.24,40005.64
43522.15,40975.24,40005.64
43470.17,40975.24,40005.64
43414.9,40975.24,40005.64
43366.32,40975.24,40001.86
43315.39,40975.24,39993.83
43256.88,40975.24,39986.78
43194.04,40975.24,39986.21
43120.13,40975.24,39986.21
43032.22,40975.24,39986.21
42948.49,40975.24,39986.21
42878.55,40975.24,39986.21
42810.98,40975.24,39986.21
42736.81,40975.24,39986.21
42667.49,40975.24,39986.21
42603.78,40975.24,39986.21
42527.44,40975.24,39986.21
42441.38,40975.24,39986.21
42355.86,40975.24,39986.21
42280.04,40975.24,39986.21
42214.76,40975.24,39986.21
42151.34,40975.24,39986.21
42093.62,40975.24,39986.21
42037.29,40975.24,39986.21
41986.36,40975.24,39986.21
41937.32,40975.24,39986.21
41876.63,40975.24,39986.21
41785.51,40975.24,39986.21
41692.43,40975.24,39980.44
41611.88,40975.24,39974.42
41549.43,40975.24,39968.96
41490.22,40975.24,39968.96
41429.92,40975.24,39968.96
41377.24,40975.24,39968.96
41329.09,40975.24,39968.96
41285.14,40975.24,39968.96
41245.9,40975.24,39968.96
41202.61,40975.24,39968.96
41178.76,40975.24,39968.96
41160.26,40975.24,39968.96
41138.72,40975.24,39968.96
41124.5,40975.24,39968.96
41111.13,40975.24,39968.96
41088.6,40975.24,39968.96
41071.17,40975.24,39968.96
41052.7,40975.24,39968.96
41036.05,40975.24,39968.96
41014.92,40975.24,39968.96
40996.28,40975.24,39968.96
40981.85,40975.24,39968.96
40976.47,40975.24,39968.96
40977.08,40975.24,39989.86
40975.24,40975.24,40025.29
40975.47,40975.47,40058.03
40982.55,40982.55,40093.78
40994.39,40994.39,40132.97
41013.32,41013.32,40173.86
41035.25,41035.25,40214.9
41051.71,41051.71,40252.0
41066.73,41066.73,40289.28
41080.19,41080.19,40322.46
41095.43,41095.43,40351.67
41106.14,41106.14,40361.23
41117.43,41117.43,40361.23
41136.98,41136.98,40361.23
41154.1,41154.1,40361.23
41166.18,41154.58,40361.23
41175.6,41154.58,40361.23
41180.22,41154.58,40361.23
41173.83,41154.58,40361.23
41167.06,41154.58,40361.23
41161.08,41154.58,40361.23
41154.58,41154.58,40361.23
41155.23,41155.23,40361.23
41165.97,41165.97,40363.69
41181.37,41181.37,40395.59
41194.48,41194.48,40437.92
41211.39,41211.39,40481.56
41227.26,41227.26,40523.4
41249.57,41249.57,40565.6
41282.85,41282.85,40611.12
41318.53,41318.53,40653.98
41348.69,41348.69,40695.31
41366.09,41366.09,40731.71
41384.43,41384.43,40765.48
41403.38,41403.38,40794.15
41413.92,41413.92,40799.79
41422.95,41422.95,40799.79
41443.47,41443.47,40799.79
41468.39,41468.39,40799.79
41489.97,41489.97,40799.79
41511.82,41511.82,40799.79
41528.99,41528.99,40800.18
41541.71,41541.71,40802.22
41555.27,41555.27,40805.53
41565.78,41565.78,40805.53
41577.39,41577.39,40805.53
41584.71,41584.71,40805.53
41602.85,41602.85,40806.89
41640.49,41640.49,40837.35
41674.5,41674.5,40874.47
41701.83,41701.83,40910.66
41735.1,41735.1,40951.52
41768.3,41768.3,40993.32
41808.14,41808.14,41036.65
41852.29,41852.29,41085.94
41886.48,41886.48,41136.17
41913.54,41913.54,41186.2
41939.3,41939.3,41231.54
41967.99,41967.99,41275.82
41987.76,41987.76,41300.57
42007.38,42007.38,41308.77
42035.13,42035.13,41313.16
42059.33,42059.33,41318.15
42079.33,42079.33,41320.94
42101.15,42101.15,41324.47
42117.14,42117.14,41328.83
42130.02,42130.02,41335.48
42141.91,42141.91,41343.44
42156.39,42156.39,41352.18
42167.91,42167.91,41359.06
42178.43,42178.43,41361.79
42194.31,42194.31,41374.53
42226.73,42226.73,41409.82
42259.89,42259.89,41462.89
42288.74,42288.74,41515.52
42314.16,42314.16,41564.45
42335.31,42335.31,41612.19
42363.2,42363.2,41657.08
42397.13,42397.13,41704.62
42427.15,42427.15,41751.74
42459.62,42459.62,41800.62
42492.75,42492.75,41846.22
42527.63,42527.63,41890.01
42558.85,42558.85,41913.73
42581.99,42581.99,41921.36
42608.54,42608.54,41925.93
42625.49,42625.49,41925.93
42646.18,42646.18,41925.93
42661.43,42661.43,41931.85
42677.79,42677.79,41944.47
42693.92,42693.92,41958.46
42709.53,42709.53,41972.97
42723.5,42723.5,41988.19
42735.64,42735.64,42001.11
42745.71,42745.71,42010.19
42748.98,42748.98,42022.36
42757.49,42757.49,42059.38
42773.16,42773.16,42105.31
42793.54,42793.54,42144.81
42816.07,42816.07,42174.98
42844.52,42844.52,42207.74
42876.34,42876.34,42242.88
42915.0,42915.0,42277.76
42956.19,42956.19,42314.25
42998.63,42998.63,42352.11
43045.07,43045.07,42387.76
43090.11,43090.11,42417.78
43123.25,43123.25,42432.66
43152.59,43152.59,42434.42
43174.07,43174.07,42434.42
43193.69,43193.69,42434.42
43208.48,43208.48,42434.42
43210.99,43210.99,42434.42
43219.2,43219.2,42434.42
43236.34,43236.34,42439.82
43252.909999999996,43252.91,42448.23
43269.94,43269.94,42457.82
43289.36,43289.36,42466.95
43309.25,43309.25,42470.46
43332.96,43332.96,42480.36
43357.2,43357.2,42515.01
43382.09,43382.09,42562.35
43399.95,43399.95,42607.28
43417.97,43417.97,42651.52
43435.5,43435.5,42684.52
43460.909999999996,43460.91,42708.69
43487.6,43487.6,42733.59
43516.21,43516.21,42762.68
43557.03,43557.03,42799.64
43594.51,43594.51,42833.04
43629.77,43629.77,42860.75
43662.5,43662.5,42874.3
43700.29,43700.29,42876.68
43742.08,43742.08,42876.68
43771.51,43771.51,42876.68
43794.18,43794.18,42876.68
43803.21,43803.21,42876.68
43816.15,43816.15,42878.44
43831.88,43831.88,42886.12
43849.16,43849.16,42892.48
43862.57,43862.57,42898.43
43878.49,43878.49,42901.45
43897.97,43889.49,42903.54
43907.42,43889.49,42899.51
43901.26,43889.49,42898.99
43894.33,43889.49,42902.67
43892.82,43889.49,42914.47
43889.49,43889.49,42925.27
43893.85,43893.85,42942.78
43900.35,43900.35,42957.83
43919.6,43919.6,42974.89
43951.26,43951.26,43002.42
43983.51,43983.51,43040.09
44010.72,44010.72,43073.73
44031.55,44031.55,43103.9
44059.76,44059.76,43123.38
44091.04,44091.04,43125.68
44116.42,44116.42,43125.68
44149.27,44149.27,43125.68
44173.98,44173.98,43125.68
44184.59,44184.59,43125.68
44197.4,44197.4,43127.19
44213.31,44213.31,43133.94
44232.1,44232.1,43143.09
44251.12,44251.12,43150.51
44272.11,44272.11,43158.7
44294.22,44294.22,43163.44
44311.94,44311.94,43173.17
44320.79,44320.79,43173.19
44330.94,44330.94,43191.74
44339.33,44339.33,43215.45
44349.44,44349.44,43235.04
44366.41,44366.41,43265.49
44382.12,44382.12,43293.54
44402.74,44402.74,43317.77
44428.83,44428.83,43336.1
44452.91,44452.91,43348.62
44472.85,44472.85,43350.95
44496.67,44496.67,43353.16
44514.27,44514.27,43342.93
44537.74,44537.74,43339.27
44562.69,44562.69,43337.46
44588.25,44588.25,43333.72
44611.03,44611.03,43326.81
44646.88,44646.88,43319.04
44679.68,44679.68,43312.03
44705.85,44705.85,43305.97
44728.44,44728.44,43298.02
44755.84,44755.84,43292.67
44785.0,44785.0,43286.06
44815.32,44815.32,43278.93
44851.92,44851.92,43284.03
44898.2,44873.02,43309.15
44946.02,44873.02,43343.56
44982.45,44873.02,43371.24
45006.9,44873.02,43388.56
45023.6,44873.02,43399.3
45044.85,44873.02,43393.69
45068.69,44873.02,43371.67
45092.72,44842.5,43340.25
45111.14,44801.67,43303.83
45122.63,44758.12,43266.32
45137.06,44717.61,43235.42
45160.74,44681.89,43216.93
45183.74,44647.67,43204.68
45214.75,44616.09,43201.16
45236.02,44575.8,43195.57
45255.47,44540.96,43193.23
45280.74,44506.12,43187.75
45298.3,44471.93,43180.3
45316.02,44433.55,43170.27
45335.94,44391.23,43157.67
45357.2,44344.66,43144.22
45375.27,44296.2,43131.36
45390.53,44242.34,43119.79
45407.28,44186.29,43106.48
45433.07,44123.59,43092.82
45459.14,44054.27,43076.25
45483.02,43987.31,43057.25
45509.02,43932.81,43036.96
45536.37,43896.41,43016.03
45551.12,43864.4,42982.78
45567.01,43821.56,42943.67
45581.55,43773.23,42900.63
45590.06,43717.34,42856.87
45600.9,43661.12,42812.22
45612.46,43613.06,42773.88
45625.91,43575.23,42753.32
45635.8,43546.0,42746.8
45642.51,43513.16,42740.11
45656.98,43476.78,42733.34
45680.28,43442.84,42726.88
45717.9,43414.6,42722.03
45745.75,43393.84,42717.84
45771.64,43378.54,42714.17
45788.62,43371.64,42709.98
45796.86,43361.02,42702.45
45798.93,43348.09,42692.1
45795.0,43333.29,42683.48
45783.45,43299.12,42649.32
45783.51,43246.68,42602.52
45800.69,43197.17,42563.62
45818.55,43151.98,42531.74
45840.74,43106.06,42499.95
45862.91,43058.72,42465.76
45896.8,43015.18,42430.77
45928.37,42971.87,42388.73
45952.05,42925.68,42344.05
45974.22,42872.25,42297.82
45998.65,42822.53,42254.53
46034.25,42775.21,42220.86
46067.51,42733.65,42197.01
46076.74,42693.71,42182.5
46081.28,42653.67,42171.62
46079.52,42612.54,42162.63
46085.05,42571.72,42153.66
46102.18,42535.67,42144.98
46117.01,42497.79,42134.94
46128.38,42457.82,42124.22
46136.15,42413.91,42109.74
46141.12,42370.73,42095.98
46145.22,42329.28,42081.5
46143.9,42285.82,42065.74
46140.99,42235.08,42032.15
46146.9,42193.65,41981.89
46153.86,42141.76,41938.4
46160.85,42093.82,41905.78
46162.35,42054.27,41875.71
46164.93,42017.74,41852.66
46166.96,41981.13,41828.39
46162.98,41946.23,41804.61
46162.19,41921.7,41782.24
46166.15,41902.4,41760.34
46173.95,41888.39,41737.59
46177.4,41875.74,41720.13
46177.68,41870.68,41714.92
46168.73,41869.59,41714.92
46156.82,41861.55,41714.92
46150.83,41861.55,41714.92
46146.12,41861.55,41714.92
46136.75,41861.55,41714.92
46133.2,41861.55,41714.92
46139.16,41861.55,41714.92
46150.47,41861.55,41714.92
46162.03,41861.55,41714.89
46173.63,41861.55,41711.88
46188.77,41861.55,41703.52
46207.46,41846.77,41682.89
46231.43,41810.46,41647.88
46255.33,41769.37,41607.76
46275.68,41730.96,41569.24
46286.96,41703.59,41539.76
46284.43,41685.44,41521.81
46267.15,41685.2,41514.59
46246.77,41685.2,41512.54
46226.52,41685.2,41508.38
46218.96,41685.2,41501.14
46211.1,41685.2,41497.75
46193.97,41685.2,41497.75
46171.81,41685.2,41497.75
46145.43,41685.2,41497.75
46111.82,41685.2,41497.75
46085.01,41685.2,41497.75
46062.42,41685.2,41497.75
46045.1,41685.2,41497.75
46029.56,41685.2,41497.75
46011.09,41685.2,41497.75
45984.29,41685.2,41497.75
45956.61,41685.2,41497.75
45928.45,41685.2,41497.75
45900.47,41685.2,41497.75
45866.98,41685.2,41497.75
45842.86,41685.2,41497.75
45824.31,41685.2,41497.75
45814.85,41685.2,41492.39
45803.55,41685.2,41488.9
45790.69,41685.2,41488.9
45777.71,41685.2,41488.9
45757.84,41685.2,41488.9
45741.51,41685.2,41488.9
45732.38,41685.2,41488.9
45718.14,41685.2,41488.9
45704.75,41685.2,41488.9
45685.08,41685.2,41488.9
45660.25,41685.2,41488.9
45631.08,41685.2,41488.9
45601.03,41685.2,41488.9
45571.27,41685.2,41488.9
45541.12,41685.2,41488.9
45522.82,41685.2,41488.9
45510.78,41685.2,41488.9
45506.59,41685.2,41486.85
45513.91,41685.2,41480.98
45520.17,41685.2,41478.12
45526.22,41685.2,41478.12
45537.87,41685.2,41474.04
45535.02,41685.2,41459.73
45533.659999999996,41685.2,41437.25
45533.32,41685.2,41428.82
45524.66,41685.2,41428.82
45517.66,41685.2,41428.82
45498.97,41685.2,41428.82
45471.48,41685.2,41428.82
45440.75,41685.2,41428.82
45412.28,41685.2,41428.82
45377.05,41685.2,41428.82
45336.5,41685.2,41428.82
45284.34,41685.2,41428.82
45244.47,41685.2,41428.82
45204.9,41685.2,41428.82
45165.49,41685.2,41428.82
45125.56,41685.2,41428.82
45085.91,41685.2,41428.82
45049.11,41685.2,41428.82
45017.43,41685.2,41428.82
44985.83,41685.2,41428.82
44955.31,41685.2,41428.82
44923.54,41685.2,41428.82
44893.79,41685.2,41428.82
44877.09,41685.2,41428.82
44873.02,41685.2,41427.31
44877.17,41685.2,41427.82
44885.73,41685.2,41433.82
44895.41,41685.2,41443.18
44901.84,41685.2,41447.12
44892.91,41685.2,41447.12
44874.67,41685.2,41447.12
44842.5,41685.2,41447.12
44801.67,41685.2,41447.12
44758.12,41685.2,41447.12
44717.61,41685.2,41447.12
44681.89,41685.2,41447.12
44647.67,41685.2,41447.12
44616.09,41685.2,41447.12
44575.8,41685.2,41447.12
44540.96,41685.2,41447.12
44506.12,41685.2,41447.12
44471.93,41685.2,41447.12
44433.55,41685.2,41447.12
44391.23,41685.2,41447.12
44344.66,41685.2,41447.12
44296.2,41685.2,41447.12
44242.34,41685.2,41447.12
44186.29,41685.2,41447.12
44123.59,41685.2,41430.17
44054.27,41685.2,41406.73
43987.31,41685.2,41400.1
43932.81,41685.2,41400.1
43896.41,41685.2,41400.1
43864.4,41685.2,41400.1
43821.56,41685.2,41400.1
43773.23,41685.2,41400.1
43717.34,41685.2,41400.1
43661.12,41685.2,41400.1
43613.06,41685.2,41400.1
43575.23,41685.2,41400.1
43546.0,41685.2,41400.1
43513.16,41685.2,41400.1
43476.78,41685.2,41400.1
43442.84,41685.2,41400.1
43414.6,41685.2,41400.1
43393.84,41685.2,41400.1
43378.54,41685.2,41400.1
43371.64,41685.2,41400.1
43361.02,41685.2,41399.02
43348.09,41685.2,41397.34
43333.29,41685.2,41394.67
43299.12,41685.2,41387.89
43246.68,41685.2,41364.79
43197.17,41685.2,41344.96
43151.98,41685.2,41335.29
43106.06,41685.2,41332.78
43058.72,41685.2,41332.78
43015.18,41685.2,41332.78
42971.87,41685.2,41332.78
42925.68,41685.2,41332.78
42872.25,41685.2,41328.81
42822.53,41685.2,41328.81
42775.21,41685.2,41328.81
42733.65,41685.2,41328.81
42693.71,41685.2,41328.81
42653.67,41685.2,41328.81
42612.54,41685.2,41328.81
42571.72,41685.2,41328.81
42535.67,41685.2,41328.81
42497.79,41685.2,41328.81
42457.82,41685.2,41324.41
42413.91,41685.2,41313.9
42370.73,41685.2,41299.57
42329.28,41685.2,41284.71
42285.82,41685.2,41269.47
42235.08,41685.2,41250.55
42193.65,41685.2,41230.58
42141.76,41685.2,41208.28
42093.82,41685.2,41198.81
42054.27,41685.2,41198.81
42017.74,41685.2,41198.81
41981.13,41685.2,41198.81
41946.23,41685.2,41198.81
41921.7,41685.2,41198.81
41902.4,41685.2,41198.81
41888.39,41685.2,41201.97
41875.74,41685.2,41201.97
41870.68,41685.2,41201.97
41869.59,41685.2,41201.97
41861.55,41685.2,41201.97
41862.19,41685.2,41201.97
41864.38,41685.2,41201.97
41862.6,41685.2,41201.97
41864.49,41685.2,41201.97
41867.37,41685.2,41201.97
41871.62,41685.2,41201.97
41874.31,41685.2,41201.97
41874.63,41685.2,41201.97
41868.2,41685.2,41201.97
41846.77,41685.2,41201.97
41810.46,41685.2,41201.97
41769.37,41685.2,41201.97
41730.96,41685.2,41201.97
41703.59,41685.2,41201.97
41685.44,41685.2,41201.97
41685.2,41685.2,41204.59
41696.25,41696.25,41213.49
41713.52,41713.52,41231.12
41732.32,41732.32,41253.97
41753.68,41753.68,41275.89
41776.26,41776.26,41291.48
41802.36,41802.36,41295.07
41832.63,41832.63,41295.07
41854.93,41854.93,41295.07
41883.38,41883.38,41295.07
41906.86,41906.86,41295.07
41921.17,41921.17,41295.07
41940.86,41940.86,41295.07
41960.26,41960.26,41295.07
41981.32,41981.32,41295.07
42000.31,42000.31,41295.97
42019.25,42019.25,41296.73
42038.73,42038.73,41296.73
42058.76,42058.76,41298.82
42079.77,42079.77,41312.37
42109.73,42109.73,41340.87
42140.72,42140.72,41376.4
42173.88,42173.88,41412.31
42208.59,42208.59,41442.84
42253.49,42253.49,41470.12
42305.95,42305.95,41498.77
42356.18,42356.18,41531.82
42407.09,42407.09,41565.84
42455.64,42455.64,41601.13
42504.87,42504.87,41630.37
42551.0,42551.0,41642.15
42599.34,42599.34,41642.15
42659.39,42659.39,41642.15
42721.7,42721.7,41642.15
42768.4,42768.4,41642.15
42797.99,42795.23,41642.15
42808.24,42795.23,41642.15
42805.94,42795.23,41642.15
42800.92,42795.23,41642.15
42795.23,42795.23,41643.79
42795.45,42795.45,41648.67
42798.4,42798.4,41651.99
42821.18,42821.18,41680.54
42853.73,42853.73,41724.27
42885.31,42885.31,41780.03
42923.95,42923.95,41830.06
42985.16,42985.16,41879.64
43049.72,43049.72,41925.61
43110.07,43110.07,41965.31
43171.54,43171.54,42004.29
43231.37,43231.37,42046.17
43289.48,43289.48,42087.0
43346.28,43346.28,42124.42
43398.17,43398.17,42158.35
43453.64,43453.64,42179.64
43514.12,43514.12,42191.84
43578.33,43578.33,42200.53
43644.82,43644.82,42207.95
43709.33,43709.33,42216.32
43749.63,43749.63,42224.81
43777.93,43777.93,42235.71
43792.78,43792.78,42247.37
43802.7,43802.7,42263.05
43812.1,43812.1,42277.57
43822.93,43822.93,42295.04
43838.07,43838.07,42313.83
43869.92,43869.92,42350.86
43916.49,43916.49,42406.47
43967.68,43967.68,42463.63
44049.49,44049.49,42516.84
44140.46,44140.46,42565.45
44217.92,44217.92,42602.62
44286.03,44286.03,42632.51
44346.38,44346.38,42660.46
44397.21,44397.21,42687.47
44443.87,44443.87,42714.49
44489.17,44489.17,42742.79
44535.66,44535.66,42765.99
44578.48,44578.48,42777.61
44617.9,44617.9,42777.61
44673.94,44619.54,42782.08
44724.54,44619.54,42782.08
44770.24,44619.54,42782.08
44800.1,44619.54,42787.02
44814.17,44619.54,42791.1
44824.31,44619.54,42782.56
44833.79,44619.54,42775.83
44841.18,44619.54,42771.3
44851.76,44619.54,42771.35
44870.55,44619.54,42781.84
44889.58,44619.54,42796.46
44905.15,44619.54,42807.88
44919.29,44619.54,42824.08
44948.51,44619.54,42847.78
44983.97,44619.54,42868.41
45022.78,44619.54,42884.02
45051.5,44619.54,42898.27
45072.32,44619.54,42908.05
45091.29,44619.54,42918.74
45112.08,44619.54,42931.21
45135.81,44619.54,42937.86
45158.25,44619.54,42941.6
45175.67,44619.54,42941.6
45193.24,44619.54,42941.6
45219.44,44619.54,42941.6
45244.88,44619.54,42941.6
45267.91,44619.54,42941.6
45293.83,44619.54,42935.73
45294.95,44619.54,42921.88
45280.9,44619.54,42907.87
45260.66,44619.54,42895.31
45242.53,44619.54,42881.48
45223.06,44619.54,42862.18
45200.85,44619.54,42842.53
45175.88,44619.54,42818.3
45144.67,44619.54,42791.21
45118.97,44619.54,42764.99
45111.73,44619.54,42740.7
45110.66,44619.54,42729.39
45118.3,44602.21,42724.15
45115.3,44578.05,42717.79
45101.03,44551.75,42707.92
45082.42,44529.53,42697.97
45059.33,44514.61,42691.69
45046.07,44504.22,42688.24
45035.16,44490.11,42686.46
45021.93,44470.77,42686.46
45004.61,44445.59,42686.46
44981.55,44418.48,42686.46
44956.57,44398.45,42686.46
44945.99,44387.24,42686.46
44942.83,44381.97,42686.46
44941.06,44378.52,42686.46
44933.42,44377.92,42692.36
44922.78,44377.92,42701.59
44912.61,44377.92,42715.55
44898.88,44377.92,42726.86
44880.22,44377.92,42733.66
44863.23,44377.92,42726.5
44854.72,44369.33,42715.3
44852.75,44359.79,42729.94
44849.77,44359.79,42747.19
44837.0,44358.91,42747.19
44819.28,44358.91,42747.19
44804.32,44358.91,42747.19
44783.47,44358.91,42747.19
44768.3,44358.91,42747.19
44756.67,44358.91,42747.19
44752.08,44358.91,42747.19
44756.92,44358.91,42747.19
44752.2,44358.91,42747.19
44739.23,44358.91,42747.19
44725.31,44358.91,42747.19
44711.85,44358.91,42747.19
44698.83,44358.91,42747.19
44698.6,44358.91,42747.19
44696.2,44358.91,42747.19
44697.31,44358.91,42747.19
44699.75,44358.91,42755.73
44704.47,44358.91,42764.79
44712.88,44358.91,42773.51
44722.01,44358.91,42779.22
44726.01,44358.91,42786.55
44726.2,44358.91,42797.74
44725.75,44358.91,42807.45
44708.09,44358.91,42807.45
44677.83,44358.91,42807.45
44663.58,44358.91,42807.45
44648.85,44358.91,42807.45
44642.66,44358.91,42807.45
44641.52,44358.91,42807.45
44635.89,44358.91,42807.45
44628.54,44358.91,42807.45
44633.2,44358.91,42807.45
44637.47,44358.91,42807.45
44632.16,44358.91,42807.45
44624.32,44358.91,42807.45
44619.54,44358.91,42807.45
44620.38,44358.91,42807.45
44633.86,44358.91,42807.45
44644.53,44358.91,42807.45
44650.25,44358.91,42807.45
44657.13,44358.91,42807.45
44668.51,44358.91,42807.45
44680.78,44358.91,42807.45
44689.42,44358.91,42807.45
44708.43,44358.91,42816.36
44739.0,44358.91,42843.48
44774.11,44358.91,42877.31
44801.43,44358.91,42894.61
44814.78,44358.91,42897.05
44816.68,44358.91,42897.05
44819.56,44358.91,42897.05
44823.71,44358.91,42897.05
44827.65,44358.91,42897.05
44829.5,44358.91,42897.05
44822.7,44358.91,42897.05
44814.74,44358.91,42897.05
44815.02,44358.91,42897.05
44825.76,44358.91,42897.05
44834.3,44358.91,42897.05
44837.25,44358.91,42897.05
44835.48,44358.91,42897.05
44834.24,44358.91,42897.05
44831.95,44358.91,42897.05
44840.92,44358.91,42901.0
44848.38,44358.91,42912.45
44856.88,44358.91,42925.51
44866.93,44358.91,42939.55
44879.6,44358.91,42954.72
44888.82,44358.91,42974.4
44905.64,44358.91,43011.08
44931.72,44358.91,43048.16
44954.25,44358.91,43073.56
44979.8,44358.91,43091.73
44993.55,44358.91,43094.6
45003.29,44358.91,43094.68
45005.409999999996,44358.91,43100.8
45012.09,44358.91,43117.65
45019.09,44358.91,43139.5
45017.48,44358.91,43155.24
45010.76,44358.91,43161.75
45007.36,44358.91,43161.75
45014.409999999996,44358.91,43161.75
45026.39,44358.91,43161.75
45045.92,44358.91,43161.75
45062.72,44358.91,43161.75
45074.12,44358.91,43161.75
45093.51,44358.91,43166.01
45119.25,44358.91,43189.15
45140.51,44358.91,43219.05
45161.35,44358.91,43253.18
45186.39,44358.91,43288.29
45214.92,44358.91,43324.41
45248.14,44358.91,43364.79
45282.29,44358.91,43411.2
45312.67,44358.91,43455.29
45332.1,44358.91,43486.67
45350.31,44358.91,43504.88
45374.13,44358.91,43520.33
45389.68,44358.91,43530.55
45407.4,44358.91,43544.67
45419.92,44358.91,43557.45
45435.35,44358.91,43570.2
45447.73,44358.91,43576.19
45448.92,44358.91,43576.19
45453.59,44358.91,43576.19
45464.71,44358.91,43576.19
45473.42,44358.91,43576.19
45483.88,44358.91,43576.19
45481.72,44358.91,43576.19
45465.48,44358.91,43576.19
45453.51,44358.91,43576.19
45440.12,44358.91,43586.48
45434.68,44358.91,43604.56
45428.31,44358.91,43620.92
45419.17,44358.91,43633.14
45411.31,44358.91,43641.65
45401.77,44358.91,43657.15
45382.22,44358.91,43680.36
45361.19,44358.91,43702.58
45330.5,44358.91,43706.05
45304.3,44358.91,43708.92
45270.61,44358.91,43708.92
45248.61,44358.91,43708.92
45224.81,44358.91,43708.92
45202.41,44358.91,43708.92
45186.64,44358.91,43708.99
45172.57,44358.91,43713.18
45144.94,44358.91,43713.18
45118.11,44358.91,43713.18
45108.68,44358.91,43713.18
45094.28,44358.91,43713.18
45071.64,44358.91,43713.18
45036.55,44358.91,43713.18
44992.4,44358.91,43713.18
44958.77,44358.91,43713.18
44933.03,44358.91,43715.45
44909.47,44358.91,43718.66
44883.37,44358.91,43721.59
44850.72,44358.91,43723.99
44818.35,44358.91,43727.26
44783.15,44358.91,43732.59
44749.67,44358.91,43738.64
44713.24,44358.91,43741.92
44663.95,44358.91,43740.42
44628.27,44358.91,43739.64
44602.21,44358.91,43736.76
44578.05,44358.91,43730.49
44551.75,44358.91,43720.78
44529.53,44358.91,43716.42
44514.61,44358.91,43712.97
44504.22,44358.91,43712.49
44490.11,44358.91,43714.85
44470.77,44358.91,43714.85
44445.59,44358.91,43714.85
44418.48,44358.91,43714.85
44398.45,44358.91,43714.85
44387.24,44358.91,43714.85
44381.97,44358.91,43714.85
44378.52,44358.91,43716.66
44377.92,44358.91,43725.71
44387.73,44358.91,43744.9
44397.54,44358.91,43765.42
44405.61,44358.91,43785.8
44404.64,44358.91,43801.74
44391.71,44358.91,43811.21
44369.33,44358.91,43805.54
44359.79,44358.91,43785.4
44360.79,44358.91,43760.23
44358.91,44358.91,43730.05
44361.73,44361.73,43703.52
44365.65,44365.65,43685.48
44384.78,44384.78,43675.91
44411.14,44411.14,43675.31
44444.1,44444.1,43686.3
44482.36,44482.36,43706.89
44522.67,44522.67,43726.31
44561.92,44561.92,43735.35
44588.09,44588.09,43735.35
44614.15,44614.15,43735.35
44634.17,44634.17,43735.35
44657.53,44657.53,43735.35
44689.47,44689.47,43735.35
44720.82,44720.82,43735.35
44756.55,44756.55,43743.8
44792.03,44792.03,43764.77
44828.76,44828.76,43790.83
44861.88,44861.88,43814.07
44891.31,44891.31,43834.43
44927.62,44927.62,43849.31
44966.64,44966.64,43851.78
45006.52,45006.52,43849.84
45045.33,45045.33,43847.98
45075.56,45075.56,43837.71
45100.42,45100.42,43827.84
45126.1,45126.1,43822.89
45149.54,45149.54,43821.24
45174.83,45174.83,43820.48
45197.89,45197.89,43814.64
45214.29,45214.29,43802.81
45234.43,45234.43,43795.48
45257.32,45257.32,43795.48
45280.79,45280.79,43795.48
45305.97,45305.97,43795.48
45334.77,45334.77,43795.48
45380.82,45380.82,43795.48
45451.44,45451.44,43806.66
45529.16,45529.16,43830.47
45620.18,45620.18,43866.76
45703.27,45703.27,43903.35
45782.52,45782.52,43939.69
45863.08,45863.08,43974.5
45942.66,45942.66,44004.34
46033.57,46033.57,44042.51
46126.21,46126.21,44093.95
46210.33,46210.33,44144.44
46274.54,46274.54,44183.41
46329.99,46329.99,44216.96
46387.27,46387.27,44250.49
46441.46,46424.86,44276.08
46491.83,46409.37,44300.72
46543.79,46386.55,44318.16
46604.97,46360.4,44335.22
46671.43,46345.71,44357.58
46735.84,46339.05,44381.37
46800.0,46332.73,44399.54
46855.2,46319.01,44400.98
46910.14,46292.24,44400.98
46961.39,46268.5,44403.16
47027.81,46251.76,44419.47
47100.61,46243.22,44453.04
47168.57,46243.22,44494.73
47236.4,46243.22,44537.04
47295.81,46243.22,44577.98
47348.22,46243.22,44620.39
47408.37,46243.22,44668.42
47469.35,46243.22,44717.1
47522.62,46243.22,44770.77
47561.62,46243.22,44827.44
47603.43,46243.22,44879.81
47665.33,46243.22,44947.82
47724.99,46243.22,45001.19
47783.92,46243.22,45041.63
47840.84,46243.22,45078.79
47899.49,46243.22,45119.88
47952.909999999996,46243.22,45156.39
48000.0,46243.22,45186.88
48048.28,46243.22,45214.35
48097.73,46243.22,45248.17
48152.159999999996,46243.22,45269.2
48209.89,46243.22,45275.3
48269.02,46243.22,45276.85
48328.05,46243.22,45276.85
48389.31,46243.22,45276.85
48442.95,46243.22,45277.08
48501.53,46243.22,45298.67
48558.86,46243.22,45324.36
48611.74,46243.22,45348.72
48660.47,46243.22,45373.91
48708.72,46243.22,45400.53
48765.17,46243.22,45434.64
48833.52,46243.22,45488.58
48906.659999999996,46243.22,45553.11
48949.09,46243.22,45585.58
48977.15,46243.22,45603.54
49004.06,46243.22,45624.49
49030.52,46243.22,45638.81
49051.85,46243.22,45653.41
49069.12,46243.22,45652.89
49079.96,46243.22,45651.53
49083.37,46243.22,45654.03
49084.86,46243.22,45656.97
49088.6,46243.22,45656.97
49099.57,46243.22,45656.97
49117.85,46243.22,45656.97
49131.07,46243.22,45656.97
49143.63,46243.22,45656.97
49159.17,46243.22,45656.97
49181.12,46243.22,45656.97
49198.07,46243.22,45656.97
49209.85,46243.22,45656.97
49224.27,46243.22,45656.97
49233.19,46243.22,45658.28
49248.4,46243.22,45659.79
49266.38,46243.22,45661.98
49273.52,46243.22,45661.98
49270.95,46243.22,45657.33
49273.28,46243.22,45646.86
49273.39,46243.22,45641.62
49266.07,46243.22,45635.37
49263.69,46243.22,45634.02
49266.59,46243.22,45634.02
49271.13,46243.22,45627.8
49274.95,46243.22,45619.16
49279.08,46243.22,45611.22
49277.5,46243.22,45609.71
49269.48,46243.22,45609.71
49268.21,46243.22,45609.71
49278.91,46243.22,45609.71
49292.41,46243.22,45609.71
49296.03,46243.22,45609.71
49287.84,46243.22,45609.71
49274.06,46243.22,45609.71
49243.1,46243.22,45609.71
49206.44,46243.22,45609.71
49170.58,46243.22,45609.71
49136.26,46243.22,45609.43
49098.07,46243.22,45609.43
49056.71,46243.22,45605.28
49005.6,46243.22,45597.36
48953.73,46243.22,45584.11
48905.94,46243.22,45574.45
48873.07,46243.22,45561.94
48845.02,46243.22,45549.12
48809.96,46243.22,45533.44
48765.48,46243.22,45513.9
48720.13,46243.22,45492.16
48676.03,46243.22,45473.3
48621.57,46243.22,45453.75
48564.91,46243.22,45437.84
48513.6,46243.22,45433.29
48469.06,46243.22,45433.29
48428.87,46243.22,45433.29
48388.96,46243.22,45433.29
48358.79,46243.22,45433.29
48324.7,46243.22,45433.29
48292.99,46243.22,45428.3
48263.05,46243.22,45422.36
48232.42,46243.22,45414.59
48207.97,46243.22,45403.73
48192.02,46243.22,45395.76
48172.14,46243.22,45387.61
48147.14,46243.22,45379.26
48120.35,46243.22,45361.59
48088.38,46243.22,45343.49
48053.03,46243.22,45322.42
48005.54,46243.22,45289.92
47951.49,46243.22,45262.21
47892.66,46243.22,45236.8
47839.71,46243.22,45219.3
47784.72,46243.22,45201.53
47737.91,46243.22,45181.08
47701.5,46243.22,45161.83
47668.98,46243.22,45141.43
47636.66,46243.22,45128.65
47601.85,46243.22,45128.65
47559.03,46243.22,45128.65
47516.83,46243.22,45128.65
47472.14,46243.22,45128.65
47416.57,46243.22,45128.65
47365.42,46243.22,45128.65
47326.47,46243.22,45128.65
47290.92,46243.22,45123.64
47258.41,46243.22,45117.8
47230.2,46243.22,45113.03
47204.4,46243.22,45110.49
47177.02,46243.22,45108.87
47146.94,46243.22,45101.62
47113.11,46243.22,45081.72
47082.51,46243.22,45064.77
47048.63,46243.22,45050.31
47011.41,46243.22,45035.05
46974.9,46243.22,45022.15
46945.48,46243.22,45011.6
46919.07,46243.22,45002.77
46895.05,46243.22,44986.96
46873.92,46243.22,44969.65
46849.51,46243.22,44949.23
46822.12,46243.22,44933.97
46787.47,46243.22,44933.63
46755.1,46243.22,44933.63
46722.45,46243.22,44933.63
46690.64,46243.22,44933.63
46654.52,46243.22,44933.63
46613.5,46243.22,44933.63
46582.5,46243.22,44928.19
46563.79,46243.22,44917.4
46552.33,46243.22,44903.97
46550.4,46243.22,44889.38
46543.78,46243.22,44870.88
46537.18,46243.22,44856.84
46527.62,46243.22,44836.4
46514.21,46243.22,44804.81
46495.04,46229.16,44774.21
46474.92,46195.79,44748.32
46459.19,46165.38,44724.42
46441.93,46127.94,44698.16
46424.86,46083.6,44669.34
46409.37,46054.0,44646.48
46386.55,46015.81,44612.53
46360.4,45976.19,44577.94
46345.71,45939.74,44552.91
46339.05,45900.82,44534.59
46332.73,45862.84,44530.01
46319.01,45825.79,44530.01
46292.24,45790.34,44530.01
46268.5,45746.03,44530.01
46251.76,45700.92,44530.01
46243.22,45658.03,44525.62
46253.9,45621.82,44509.08
46265.94,45584.38,44489.27
46284.97,45550.87,44472.29
46305.57,45520.27,44455.62
46330.53,45489.85,44439.9
46356.17,45465.85,44426.13
46377.6,45440.11,44406.82
46394.74,45414.1,44388.9
46407.4,45379.34,44370.47
46429.03,45345.07,44345.53
46450.74,45312.46,44319.9
46471.74,45289.53,44299.71
46495.5,45273.8,44285.28
46522.76,45259.33,44273.57
46541.41,45241.45,44260.01
46560.43,45225.19,44250.05
46577.99,45213.28,44247.07
46596.52,45197.8,44243.08
46613.78,45176.34,44242.82
46636.09,45146.38,44242.82
46664.21,45126.13,44242.82
46695.95,45111.07,44242.82
46736.68,45106.71,44242.82
46782.05,45106.71,44242.82
46826.15,45094.94,44233.77
46858.8,45075.4,44217.82
46889.73,45055.87,44198.66
46920.55,45033.72,44180.27
46953.11,45013.14,44163.9
46990.9,44996.21,44151.26
47035.03,44992.87,44156.57
47082.85,44992.87,44187.25
47125.92,44992.87,44218.89
47170.05,44992.87,44237.65
47219.3,44992.87,44248.21
47265.94,44992.87,44255.81
47303.23,44992.87,44255.5
47331.41,44991.25,44258.97
47357.01,44980.13,44258.97
47381.48,44971.81,44255.44
47402.09,44971.81,44254.22
47427.44,44971.81,44255.99
47453.78,44971.81,44255.99
47488.84,44969.9,44255.99
47522.4,44962.91,44255.99
47554.19,44955.97,44255.99
47600.38,44955.97,44255.99
47650.81,44952.39,44255.99
47693.78,44945.33,44255.99
47720.33,44937.16,44253.98
47738.3,44927.78,44249.19
47753.57,44916.44,44243.64
47769.75,44903.08,44238.33
47790.75,44891.63,44235.99
47818.52,44885.27,44233.17
47847.27,44885.27,44240.39
47875.94,44885.27,44253.02
47907.83,44885.27,44264.72
47935.0,44882.98,44270.28
47958.02,44874.47,44263.89
47983.45,44858.85,44250.8
47998.04,44837.92,44232.27
48013.01,44820.59,44213.16
48030.68,44801.4,44192.4
48056.42,44789.95,44178.23
48085.84,44783.14,44168.3
48113.32,44773.73,44167.41
48130.0,44757.59,44167.41
48146.62,44743.36,44167.41
48166.94,44726.63,44167.41
48187.66,44712.65,44167.41
48200.04,44702.47,44167.41
48198.14,44700.53,44167.41
48194.74,44700.53,44165.75
48191.07,44700.53,44161.35
48183.64,44700.53,44157.32
48175.17,44700.53,44156.66
48160.07,44700.53,44156.03
48147.37,44700.53,44146.66
48144.79,44700.53,44128.53
48146.96,44700.53,44112.87
48148.66,44700.53,44098.09
48149.49,44700.53,44085.18
48140.92,44700.53,44072.46
48124.44,44700.53,44060.25
48106.43,44700.53,44047.13
48101.17,44700.53,44035.52
48097.13,44700.53,44022.36
48093.5,44700.53,44018.84
48094.3,44700.53,44018.84
48088.35,44700.53,44018.84
48078.03,44700.53,44018.84
48072.33,44700.53,44018.84
48059.18,44700.53,44018.84
48034.84,44700.53,44018.84
47998.97,44700.53,44018.84
47964.85,44700.53,44018.84
47931.9,44700.53,44018.84
47895.31,44700.53,44018.84
47861.32,44700.53,44018.84
47823.77,44700.53,44018.84
47784.27,44700.53,44018.58
47746.39,44700.53,44007.61
47710.62,44700.53,43983.16
47678.99,44700.53,43958.24
47638.97,44700.53,43937.44
47606.19,44700.53,43920.25
47574.87,44700.53,43905.21
47551.8,44700.53,43890.98
47528.27,44700.53,43876.34
47509.49,44700.53,43865.29
47494.47,44700.53,43855.07
47478.7,44700.53,43849.82
47461.22,44700.53,43846.4
47444.32,44700.53,43846.4
47423.39,44700.53,43846.4
47399.6,44700.53,43846.4
47368.71,44700.53,43846.4
47319.18,44700.53,43846.4
47270.5,44700.53,43846.4
47230.42,44700.53,43846.4
47196.2,44700.53,43846.4
47162.75,44700.53,43845.92
47130.24,44700.53,43843.3
47099.83,44700.53,43839.26
47069.66,44700.53,43836.08
47041.7,44700.53,43820.81
47020.78,44700.53,43801.79
47013.11,44700.53,43783.33
47002.82,44700.53,43766.15
46980.2,44700.53,43756.2
46954.98,44700.53,43754.39
46934.09,44700.53,43751.85
46927.87,44700.53,43744.78
46914.27,44700.53,43729.77
46892.48,44700.53,43712.26
46863.9,44700.53,43699.71
46832.67,44700.53,43693.93
46799.2,44700.53,43693.93
46765.26,44700.53,43693.93
46730.57,44700.53,43693.93
46696.43,44700.53,43693.93
46651.03,44700.53,43693.93
46599.8,44700.53,43693.93
46543.91,44700.53,43693.93
46500.87,44700.53,43693.93
46463.62,44700.53,43693.93
46428.14,44700.53,43693.93
46386.84,44700.53,43693.93
46345.43,44700.53,43693.93
46301.21,44700.53,43693.93
46261.9,44700.53,43689.36
46229.159999999996,44700.53,43677.94
46195.79,44700.53,43671.89
46165.38,44700.53,43671.89
46127.94,44700.53,43671.89
46083.6,44700.53,43671.89
46054.0,44700.53,43671.89
46015.81,44700.53,43668.77
45976.19,44700.53,43663.58
45939.74,44700.53,43659.81
45900.82,44700.53,43659.81
45862.84,44700.53,43659.81
45825.79,44700.53,43659.81
45790.34,44700.53,43659.81
45746.03,44700.53,43659.81
45700.92,44700.53,43659.81
45658.03,44700.53,43659.81
45621.82,44700.53,43659.81
45584.38,44700.53,43659.81
45550.87,44700.53,43659.81
45520.27,44700.53,43659.81
45489.85,44700.53,43659.81
45465.85,44700.53,43659.81
45440.11,44700.53,43659.81
45414.1,44700.53,43659.81
45379.34,44700.53,43659.81
45345.07,44700.53,43659.81
45312.46,44700.53,43659.81
45289.53,44700.53,43659.81
45273.8,44700.53,43659.81
45259.33,44700.53,43659.81
45241.45,44700.53,43659.81
45225.19,44700.53,43659.81
45213.28,44700.53,43659.81
45197.8,44700.53,43659.81
45176.34,44700.53,43659.81
45146.38,44700.53,43659.81
45126.13,44700.53,43659.81
45111.07,44700.53,43659.81
45106.71,44700.53,43659.81
45109.43,44700.53,43659.81
45094.94,44700.53,43659.81
45075.4,44700.53,43659.81
45055.87,44700.53,43659.81
45033.72,44700.53,43659.81
45013.14,44700.53,43659.81
44996.21,44700.53,43659.81
44992.87,44700.53,43659.81
45009.68,44700.53,43673.22
45027.04,44700.53,43691.99
45030.81,44700.53,43706.21
45023.15,44700.53,43711.44
45017.99,44700.53,43714.73
45004.44,44700.53,43714.73
44991.25,44700.53,43714.73
44980.13,44700.53,43714.73
44971.81,44700.53,43714.73
44974.65,44700.53,43714.73
44978.02,44700.53,43714.73
44977.09,44700.53,43714.73
44969.9,44700.53,43714.73
44962.91,44700.53,43714.73
44955.97,44700.53,43714.73
44957.71,44700.53,43714.73
44952.39,44700.53,43714.73
44945.33,44700.53,43714.73
44937.16,44700.53,43714.73
44927.78,44700.53,43714.73
44916.44,44700.53,43714.73
44903.08,44700.53,43714.73
44891.63,44700.53,43714.73
44885.27,44700.53,43714.73
44888.19,44700.53,43715.85
44887.85,44700.53,43715.85
44886.06,44700.53,43715.85
44882.98,44700.53,43715.85
44874.47,44700.53,43715.85
44858.85,44700.53,43715.85
44837.92,44700.53,43715.85
44820.59,44700.53,43715.85
44801.4,44700.53,43715.85
44789.95,44700.53,43718.95
44783.14,44700.53,43718.95
44773.73,44700.53,43718.95
44757.59,44700.53,43718.95
44743.36,44700.53,43718.95
44726.63,44700.53,43718.95
44712.65,44700.53,43718.95
44702.47,44700.53,43718.95
44700.53,44700.53,43718.95
44700.88,44700.88,43718.95
44700.9,44700.9,43718.95
44702.4,44702.4,43718.95
44711.1,44711.1,43721.77
44715.31,44715.31,43721.77
44716.92,44716.92,43727.42
44721.14,44721.14,43744.73
44726.87,44726.87,43759.74
44728.9,44728.9,43770.53
44730.67,44730.67,43779.09
44734.75,44734.75,43791.78
44741.65,44741.65,43807.37
44741.89,44741.89,43817.48
44754.4,44754.4,43838.86
44766.09,44766.09,43857.83
44778.14,44778.14,43870.97
44794.19,44794.19,43877.72
44801.37,44801.37,43877.72
44810.58,44810.58,43877.72
44817.7,44810.65,43877.72
44828.72,44810.65,43877.72
44838.78,44810.65,43877.72
44850.24,44810.65,43875.6
44869.02,44810.65,43876.32
44885.37,44810.65,43879.51
44897.25,44810.65,43879.47
44908.8,44810.65,43878.59
44917.49,44810.65,43878.55
44923.65,44810.65,43876.56
44924.45,44810.65,43878.57
44917.67,44810.65,43881.31
44915.37,44810.65,43889.98
44919.58,44810.65,43891.0
44926.11,44810.65,43895.54
44927.97,44810.65,43896.78
44927.99,44810.65,43899.25
44928.25,44810.65,43903.26
44932.8,44810.65,43908.67
44937.52,44810.65,43914.97
44939.13,44810.65,43921.24
44935.29,44810.65,43921.24
44933.1,44810.65,43921.24
44931.98,44810.65,43921.24
44927.2,44810.65,43921.24
44921.29,44810.65,43921.24
44916.69,44810.65,43921.24
44912.79,44810.65,43921.24
44921.97,44810.65,43921.24
44931.4,44810.65,43928.4
44941.34,44810.65,43938.86
44948.74,44810.65,43949.57
44953.31,44810.65,43959.04
44955.36,44810.65,43965.27
44940.94,44810.65,43967.56
44921.38,44810.65,43968.59
44906.94,44810.65,43974.32
44902.62,44810.65,43989.01
44907.66,44810.65,44006.28
44916.16,44810.65,44019.47
44924.48,44810.65,44033.39
44928.22,44810.65,44047.66
44924.53,44810.65,44060.71
44914.16,44810.65,44069.65
44898.92,44810.65,44071.07
44882.37,44810.65,44071.07
44863.9,44810.65,44071.07
44853.38,44810.65,44071.07
44843.08,44810.65,44071.07
44835.21,44810.65,44071.07
44825.75,44810.65,44071.07
44819.58,44810.65,44071.07
44816.85,44810.65,44071.07
44819.78,44810.65,44071.07
44824.25,44810.65,44071.7
44828.89,44810.65,44073.41
44834.72,44810.65,44075.4
44838.68,44810.65,44075.4
44838.25,44810.65,44075.41
44832.08,44810.65,44079.6
44819.19,44810.65,44084.14
44810.65,44810.65,44087.86
44810.83,44810.83,44094.29
44822.49,44822.49,44103.9
44839.16,44839.16,44118.39
44851.85,44851.85,44136.62
44863.9,44863.9,44154.35
44877.16,44877.16,44175.03
44887.07,44887.07,44196.24
44891.41,44891.41,44207.95
44898.96,44898.96,44207.95
44911.9,44911.9,44207.95
44926.23,44926.23,44207.95
44945.08,44945.08,44207.95
44963.91,44963.91,44207.95
44982.35,44982.35,44207.95
45000.94,45000.94,44207.95
45015.49,45015.49,44208.6
45033.14,45033.14,44212.51
45050.65,45050.65,44216.31
45064.39,45064.39,44217.1
45078.88,45078.88,44218.68
45098.65,45098.65,44229.18
45115.61,45115.61,44246.13
45131.49,45131.49,44253.96
45154.28,45154.28,44270.42
45179.97,45179.97,44285.3
45209.98,45209.98,44299.82
45241.64,45241.64,44310.77
45270.33,45270.33,44317.2
45295.48,45295.48,44309.25
45318.62,45318.62,44297.47
45335.39,45335.39,44276.96
45347.43,45347.43,44255.18
45363.71,45363.71,44251.03
45381.27,45381.27,44251.03
45398.19,45398.19,44251.03
45421.52,45421.52,44251.03
45449.04,45433.7,44251.03
45484.55,45433.7,44251.03
45513.02,45433.7,44248.55
45534.65,45433.7,44241.99
45554.82,45433.7,44236.48
45575.340000000004,45433.7,44230.08
45595.57,45433.7,44227.34
45618.11,45433.7,44227.9
45648.340000000004,45433.7,44242.17
45680.51,45433.7,44262.76
45710.61,45433.7,44279.35
45736.71,45433.7,44293.05
45769.4,45433.7,44308.36
45810.57,45433.7,44318.03
45848.28,45433.7,44325.96
45878.69,45433.7,44336.03
45905.340000000004,45433.7,44336.85
45926.31,45433.7,44337.3
45945.35,45433.7,44336.58
45973.27,45433.7,44336.11
46002.25,45433.7,44336.11
46042.86,45433.7,44336.11
46081.25,45433.7,44336.11
46126.22,45433.7,44336.11
46165.88,45433.7,44336.11
46201.07,45433.7,44336.11
46238.26,45433.7,44336.11
46268.27,45433.7,44338.76
46293.78,45433.7,44344.32
46321.74,45433.7,44352.22
46349.78,45433.7,44361.62
46376.83,45433.7,44370.66
46415.81,45433.7,44392.08
46446.24,45433.7,44417.36
46470.38,45433.7,44442.22
46495.87,45433.7,44466.03
46516.13,45433.7,44478.87
46529.47,45433.7,44482.37
46548.54,45433.7,44484.65
46578.84,45433.7,44486.06
46618.34,45433.7,44492.33
46657.26,45433.7,44500.68
46690.0,45433.7,44502.23
46721.03,45433.7,44506.62
46750.14,45433.7,44509.16
46771.01,45433.7,44509.16
46792.58,45433.7,44509.16
46820.48,45433.7,44509.16
46850.23,45433.7,44509.16
46870.79,45433.7,44509.16
46885.31,45433.7,44509.16
46900.57,45433.7,44509.16
46918.76,45433.7,44506.21
46935.97,45433.7,44501.74
46951.73,45432.7,44497.95
46966.56,45417.88,44493.65
46983.87,45389.35,44486.47
46998.1,45356.73,44480.01
47009.3,45326.38,44481.08
47015.45,45300.69,44477.12
47015.03,45290.33,44475.73
47008.41,45282.14,44467.17
47010.48,45274.57,44463.56
47015.56,45269.6,44464.13
47020.78,45267.06,44467.27
47025.3,45265.49,44473.12
47032.51,45260.91,44480.63
47045.5,45258.97,44488.83
47051.35,45257.46,44488.83
47043.46,45257.46,44488.83
47028.38,45257.46,44488.83
47008.0,45257.46,44488.83
46982.42,45257.46,44488.83
46947.2,45257.46,44488.83
46915.88,45257.46,44488.83
46890.86,45257.46,44488.83
46865.2,45257.46,44488.83
46838.71,45257.46,44488.83
46814.31,45256.73,44487.14
46789.74,45252.01,44483.31
46767.39,45242.67,44473.78
46751.49,45220.06,44451.16
46735.01,45205.56,44428.61
46700.78,45183.32,44407.17
46666.77,45168.94,44394.47
46631.93,45157.31,44382.69
46599.0,45149.06,44371.08
46570.75,45146.13,44359.18
46545.63,45146.13,44343.57
46525.63,45146.13,44331.16
46510.93,45146.13,44326.63
46493.16,45146.13,44326.63
46471.51,45146.13,44326.63
46449.24,45146.13,44326.63
46430.58,45146.13,44326.63
46403.86,45146.13,44326.63
46371.54,45146.13,44326.63
46326.52,45146.13,44326.63
46292.13,45146.13,44326.63
46269.13,45146.13,44326.63
46247.58,45146.13,44326.63
46227.41,45146.13,44326.63
46211.43,45146.13,44326.63
46196.26,45146.13,44326.63
46184.77,45146.13,44326.63
46185.65,45146.13,44319.3
46189.75,45146.13,44313.71
46190.32,45146.13,44312.98
46177.56,45146.13,44312.98
46154.71,45146.13,44312.98
46137.04,45146.13,44312.98
46127.35,45146.13,44312.98
46111.51,45146.13,44312.98
46100.4,45146.13,44311.36
46088.9,45146.13,44311.36
46072.75,45146.13,44311.36
46052.8,45146.13,44311.36
46020.19,45146.13,44311.36
45992.08,45146.13,44311.36
45963.85,45146.13,44311.36
45935.04,45146.13,44311.36
45904.44,45146.13,44311.36
45878.98,45146.13,44311.36
45863.01,45146.13,44311.36
45853.13,45146.13,44311.36
45842.33,45146.13,44311.36
45833.13,45146.13,44311.36
45825.85,45146.13,44311.36
45826.71,45146.13,44311.36
45834.97,45146.13,44310.84
45847.22,45146.13,44310.84
45852.53,45146.13,44310.84
45849.37,45146.13,44310.84
45843.83,45146.13,44310.84
45837.26,45146.13,44310.84
45819.01,45146.13,44310.84
45795.6,45146.13,44310.84
45774.75,45146.13,44309.81
45761.05,45146.13,44304.03
45745.8,45146.13,44298.11
45726.53,45146.13,44298.11
45706.38,45146.13,44298.11
45687.47,45146.13,44298.11
45665.31,45146.13,44298.11
45641.52,45146.13,44298.11
45631.77,45146.13,44298.11
45626.52,45146.13,44298.11
45617.61,45146.13,44298.11
45601.56,45146.13,44298.11
45585.26,45146.13,44298.11
45568.83,45146.13,44298.11
45552.31,45146.13,44298.11
45537.15,45146.13,44298.11
45532.48,45146.13,44295.27
45531.03,45146.13,44295.07
45539.36,45146.13,44298.12
45548.88,45146.13,44303.67
45554.41,45146.13,44307.14
45547.7,45146.13,44307.14
45540.12,45146.13,44307.14
45523.3,45146.13,44310.51
45504.24,45146.13,44317.41
45482.12,45146.13,44320.55
45455.55,45146.13,44320.55
45438.3,45146.13,44320.55
45433.7,45146.13,44320.55
45435.0,45146.13,44320.55
45441.43,45146.13,44320.55
45443.69,45146.13,44320.55
45451.54,45146.13,44326.07
45459.95,45146.13,44335.23
45465.02,45146.13,44345.39
45471.43,45146.13,44356.26
45477.46,45146.13,44367.9
45483.45,45146.13,44378.22
45492.16,45146.13,44388.66
45505.22,45146.13,44401.16
45516.29,45146.13,44419.1
45521.91,45146.13,44436.58
45538.8,45146.13,44464.13
45556.1,45146.13,44482.45
45566.39,45146.13,44497.86
45571.87,45146.13,44508.94
45578.19,45146.13,44512.61
45578.15,45146.13,44517.01
45577.02,45146.13,44519.62
45570.92,45146.13,44516.04
45563.9,45146.13,44514.77
45564.51,45146.13,44514.77
45562.41,45146.13,44514.77
45560.12,45146.13,44514.77
45561.25,45146.13,44514.77
45562.01,45146.13,44514.77
45570.04,45146.13,44514.77
45575.36,45146.13,44514.77
45579.15,45146.13,44514.77
45583.17,45146.13,44516.35
45585.18,45146.13,44516.46
45586.19,45146.13,44516.46
45585.25,45146.13,44516.46
45587.6,45146.13,44516.46
45587.38,45146.13,44510.16
45583.08,45146.13,44499.04
45585.93,45146.13,44492.0
45584.25,45146.13,44487.48
45580.78,45146.13,44480.99
45572.89,45146.13,44476.34
45559.31,45146.13,44476.34
45548.84,45146.13,44474.13
45537.88,45146.13,44467.87
45522.65,45146.13,44466.69
45510.97,45146.13,44466.69
45498.52,45146.13,44466.69
45497.21,45146.13,44466.69
45495.74,45146.13,44466.69
45491.26,45146.13,44466.69
45488.92,45146.13,44466.69
45488.47,45146.13,44466.69
45479.85,45146.13,44466.69
45470.53,45146.13,44466.69
45458.409999999996,45146.13,44466.69
45445.26,45146.13,44466.69
45432.7,45146.13,44466.69
45417.88,45146.13,44466.69
45389.35,45146.13,44466.69
45356.73,45146.13,44459.79
45326.38,45146.13,44451.03
45300.69,45146.13,44441.14
45290.33,45146.13,44438.05
45282.14,45146.13,44438.05
45274.57,45146.13,44438.05
45269.6,45146.13,44438.05
45267.06,45146.13,44441.69
45265.49,45146.13,44446.11
45260.91,45146.13,44446.11
45258.97,45146.13,44446.11
45257.46,45146.13,44446.11
45261.11,45146.13,44446.11
45264.43,45146.13,44446.11
45270.0,45146.13,44446.11
45269.74,45146.13,44446.11
45266.29,45146.13,44446.11
45260.76,45146.13,44446.11
45259.73,45146.13,44446.11
45260.47,45146.13,44446.11
45259.62,45146.13,44446.11
45256.73,45146.13,44446.11
45252.01,45146.13,44446.11
45242.67,45146.13,44446.11
45220.06,45146.13,44434.08
45205.56,45146.13,44428.88
45183.32,45146.13,44413.48
45168.94,45146.13,44405.61
45157.31,45146.13,44405.61
45149.06,45146.13,44407.6
45146.13,45146.13,44415.3
45152.36,45152.36,44436.34
45166.74,45166.74,44462.89
45188.08,45188.08,44489.55
45209.3,45209.3,44510.82
45221.21,45221.21,44514.62
45233.13,45233.13,44514.62
45247.01,45247.01,44514.62
45259.74,45259.74,44514.62
45279.39,45279.39,44514.62
45298.62,45298.62,44514.62
45310.91,45310.91,44516.89
45323.72,45323.72,44523.79
45332.93,45332.93,44530.36
45340.58,45340.58,44538.01
45348.59,45348.59,44544.28
45358.28,45358.28,44547.89
45364.59,45363.0,44548.82
45363.0,45363.0,44553.47
45367.9,45367.9,44558.66
45376.42,45376.42,44570.18
45382.8,45382.8,44576.8
45396.37,45396.37,44587.18
45411.9,45411.9,44598.69
45424.45,45424.45,44608.86
45439.9,45439.9,44624.79
45450.6,45450.6,44640.3
45461.46,45461.46,44652.67
45468.64,45468.64,44663.29
45470.9,45470.9,44663.29
45478.32,45478.32,44663.29
45485.75,45485.75,44663.29
45489.05,45489.05,44663.29
45492.02,45492.02,44663.29
45493.14,45493.14,44663.29
45499.37,45499.37,44663.29
45506.83,45506.83,44663.29
45513.68,45513.68,44663.29
45519.55,45519.55,44663.51
45526.99,45526.43,44663.51
45535.67,45526.43,44663.51
45540.37,45526.43,44663.51
45533.08,45526.43,44656.13
45530.53,45526.43,44644.35
45526.43,45526.43,44633.2
45532.74,45532.74,44632.44
45543.340000000004,45543.34,44631.85
45553.77,45553.77,44633.68
45567.7,45567.7,44640.64
45586.9,45586.9,44650.69
45599.590000000004,45599.59,44658.13
45609.04,45608.89,44666.75
45608.89,45608.89,44671.2
45615.89,45615.89,44674.97
45621.98,45617.77,44674.97
45626.85,45617.77,44674.97
45624.14,45617.77,44674.97
45619.05,45617.77,44674.97
45618.15,45617.77,44674.97
45617.77,45617.77,44674.97
45620.63,45620.63,44674.97
45626.72,45626.72,44679.02
45634.48,45634.48,44685.29
45643.12,45643.12,44690.83
45655.3,45655.3,44697.19
45672.69,45672.69,44709.79
45685.94,45685.94,44731.54
45695.87,45695.87,44752.92
45709.03,45709.03,44774.13
45717.69,45717.69,44786.68
45731.51,45731.51,44798.69
45750.89,45750.89,44806.13
45768.0,45768.0,44816.29
45782.03,45782.03,44827.72
45790.94,45790.94,44834.25
45796.340000000004,45796.34,44839.9
45801.43,45801.43,44842.64
45810.16,45810.16,44842.79
45817.75,45817.75,44842.79
45823.76,45823.76,44842.79
45826.02,45826.02,44842.79
45842.32,45842.32,44842.79
45860.07,45860.07,44842.79
45887.47,45887.47,44842.79
45910.51,45910.51,44842.79
45934.8,45934.8,44842.79
45960.37,45960.37,44846.19
45985.97,45985.97,44851.97
46014.9,46014.9,44859.97
46045.68,46045.68,44873.71
46077.19,46077.19,44896.66
46103.8,46103.8,44915.49
46129.58,46117.52,44938.27
46137.65,46117.52,44953.42
46145.340000000004,46117.52,44969.64
46152.45,46117.52,44985.93
46153.06,46117.52,45002.77
46159.21,46117.52,45023.79
46162.36,46117.52,45042.06
46160.02,46117.52,45051.49
46157.52,46117.52,45056.74
46157.01,46117.52,45056.74
46152.32,46117.52,45056.74
46142.8,46117.52,45056.74
46138.45,46117.52,45056.74
46142.56,46117.52,45056.74
46141.36,46117.52,45056.74
46149.94,46117.52,45056.74
46159.07,46117.52,45056.74
46166.02,46117.52,45058.33
46173.68,46117.52,45062.75
46175.65,46117.52,45065.43
46176.54,46117.52,45065.43
46175.08,46117.52,45065.43
46177.53,46117.52,45079.49
46173.39,46117.52,45085.14
46168.47,46117.52,45092.73
46162.19,46117.52,45097.44
46150.78,46117.52,45098.87
46140.52,46117.52,45097.31
46136.52,46117.52,45095.32
46128.85,46117.52,45090.46
46121.3,46117.52,45087.72
46117.52,46117.52,45086.04
46120.96,46120.96,45091.24
46128.75,46124.19,45091.24
46133.19,46124.19,45091.24
46134.16,46124.19,45091.24
46133.63,46124.19,45091.24
46140.24,46124.19,45091.24
46147.74,46124.19,45091.24
46149.56,46124.19,45091.24
46152.31,46124.19,45091.24
46156.55,46124.19,45090.28
46162.54,46124.19,45089.01
46165.98,46124.19,45089.01
46170.99,46124.19,45083.33
46170.14,46124.19,45074.93
46164.37,46124.19,45059.32
46155.61,46124.19,45032.93
46143.43,46124.19,45011.01
46135.3,46124.19,44992.4
46127.25,46124.19,44977.48
46124.19,46124.19,44962.27
46127.44,46127.44,44948.84
46129.76,46129.76,44931.75
46137.48,46137.48,44922.88
46151.45,46151.45,44917.87
46171.04,46171.04,44919.39
46191.93,46191.93,44919.39
46210.66,46204.74,44919.39
46225.27,46204.74,44919.39
46238.68,46204.74,44919.39
46253.93,46204.74,44919.39
46259.7,46204.74,44918.26
46276.09,46204.74,44914.06
46290.5,46204.74,44904.36
46306.64,46204.74,44891.78
46321.53,46204.74,44874.9
46333.63,46204.17,44848.55
46339.09,46160.43,44819.95
46333.7,46095.54,44779.07
46324.44,46026.43,44727.75
46317.99,45969.69,44683.07
46305.6,45932.27,44654.87
46296.38,45886.02,44620.1
46291.65,45844.37,44586.05
46281.96,45802.91,44550.06
46277.54,45767.48,44518.97
46278.35,45742.24,44493.29
46283.63,45721.98,44470.65
46286.97,45704.68,44453.6
46294.62,45683.27,44437.32
46302.75,45660.54,44433.55
46309.06,45633.69,44433.55
46311.01,45600.3,44433.55
46308.86,45570.09,44433.55
46298.49,45548.37,44433.55
46287.9,45530.65,44433.55
46273.32,45514.8,44433.55
46259.44,45498.93,44430.49
46248.17,45485.37,44428.29
46239.21,45474.08,44428.29
46235.8,45462.13,44428.29
46231.659999999996,45444.78,44428.29
46227.2,45435.27,44428.29
46218.13,45429.16,44416.36
46208.4,45414.9,44394.32
46204.74,45393.68,44370.72
46217.0,45373.79,44357.91
46227.37,45346.87,44344.64
46237.26,45314.68,44330.97
46253.659999999996,45287.27,44322.97
46266.97,45258.52,44309.45
46280.74,45228.08,44295.33
46293.11,45202.28,44281.3
46311.0,45175.89,44269.81
46327.41,45154.43,44268.73
46338.28,45134.86,44268.73
46346.76,45111.41,44268.73
46345.44,45084.65,44268.73
46345.85,45057.89,44268.73
46358.39,45044.23,44268.73
46359.68,45021.73,44265.11
46359.49,45001.61,44257.85
46361.56,44984.85,44252.22
46362.67,44966.23,44247.41
46372.43,44947.16,44244.46
46380.9,44926.33,44242.09
46389.59,44912.17,44242.09
46390.63,44900.76,44247.25
46391.4,44897.03,44253.31
46389.52,44881.25,44250.87
46391.6,44858.95,44242.93
46394.03,44837.51,44239.91
46394.81,44831.63,44242.73
46390.29,44830.87,44243.98
46392.08,44830.87,44247.59
46394.82,44830.87,44252.07
46389.39,44830.87,44254.12
46383.78,44830.87,44254.12
46379.92,44830.87,44254.12
46384.87,44830.87,44254.12
46396.01,44830.87,44254.12
46411.23,44818.93,44254.12
46416.95,44794.65,44253.18
46422.89,44779.51,44253.18
46426.75,44769.45,44249.85
46425.01,44753.17,44244.21
46423.91,44742.94,44237.43
46421.91,44732.49,44230.0
46421.68,44722.29,44225.9
46424.83,44722.02,44224.25
46442.96,44722.02,44224.25
46463.62,44722.02,44231.65
46477.74,44722.02,44234.1
46493.78,44722.02,44232.36
46509.64,44722.02,44223.21
46523.29,44722.02,44217.92
46531.8,44722.02,44215.65
46535.07,44722.02,44215.65
46532.26,44722.02,44215.65
46526.53,44722.02,44215.65
46521.67,44722.02,44215.65
46519.53,44722.02,44215.65
46516.4,44722.02,44215.65
46510.73,44722.02,44215.65
46509.9,44722.02,44215.65
46514.45,44722.02,44215.65
46515.95,44722.02,44215.65
46520.88,44722.02,44215.65
46517.96,44722.02,44215.65
46515.23,44722.02,44215.65
46510.04,44722.02,44215.65
46507.1,44722.02,44215.65
46508.68,44722.02,44215.65
46518.11,44722.02,44215.65
46532.08,44722.02,44215.65
46544.45,44722.02,44230.85
46553.98,44722.02,44241.26
46572.19,44722.02,44252.71
46584.01,44722.02,44255.65
46592.4,44722.02,44254.42
46599.96,44722.02,44254.42
46601.29,44722.02,44254.42
46599.32,44722.02,44254.42
46598.59,44722.02,44254.42
46598.2,44722.02,44254.42
46596.1,44722.02,44254.42
46599.28,44722.02,44254.42
46605.77,44722.02,44254.42
46617.17,44722.02,44254.42
46629.41,44722.02,44254.42
46638.9,44722.02,44254.42
46639.56,44722.02,44254.42
46639.99,44722.02,44254.42
46638.55,44722.02,44254.42
46634.84,44722.02,44254.42
46633.86,44722.02,44254.42
46631.68,44722.02,44254.42
46631.04,44722.02,44254.42
46634.59,44722.02,44254.42
46647.37,44722.02,44257.76
46652.73,44722.02,44265.48
46658.15,44722.02,44265.76
46659.33,44722.02,44265.76
46664.42,44722.02,44265.76
46662.9,44722.02,44265.76
46659.71,44722.02,44265.76
46652.55,44722.02,44265.76
46643.0,44722.02,44265.76
46637.29,44722.02,44265.76
46626.03,44722.02,44265.76
46611.92,44722.02,44265.76
46605.14,44722.02,44265.76
46602.58,44722.02,44265.76
46603.090000000004,44722.02,44265.76
46594.75,44722.02,44265.76
46581.98,44722.02,44265.76
46570.46,44722.02,44265.76
46567.25,44722.02,44265.76
46559.67,44722.02,44265.76
46554.3,44722.02,44265.76
46547.19,44722.02,44265.76
46530.51,44722.02,44265.76
46513.85,44722.02,44265.76
46501.29,44722.02,44272.14
46484.13,44722.02,44283.48
46472.21,44722.02,44292.69
46460.67,44722.02,44297.53
46455.58,44722.02,44303.79
46448.97,44722.02,44309.72
46442.51,44722.02,44316.3
46434.57,44722.02,44323.21
46430.95,44722.02,44333.62
46426.77,44722.02,44344.73
46423.69,44722.02,44350.73
46419.37,44722.02,44350.73
46407.93,44722.02,44350.73
46389.28,44722.02,44350.73
46366.44,44722.02,44350.73
46341.23,44722.02,44350.73
46319.36,44722.02,44350.73
46301.43,44722.02,44350.73
46284.11,44722.02,44350.73
46263.46,44722.02,44350.73
46238.91,44722.02,44350.73
46204.17,44722.02,44350.73
46160.43,44722.02,44350.73
46095.54,44722.02,44350.73
46026.43,44722.02,44350.73
45969.69,44722.02,44341.2
45932.27,44722.02,44329.82
45886.02,44722.02,44325.76
45844.37,44722.02,44325.37
45802.91,44722.02,44325.37
45767.48,44722.02,44325.37
45742.24,44722.02,44325.37
45721.98,44722.02,44328.27
45704.68,44722.02,44329.44
45683.27,44722.02,44329.44
45660.54,44722.02,44329.44
45633.69,44722.02,44329.44
45600.3,44722.02,44329.44
45570.09,44722.02,44329.44
45548.37,44722.02,44329.44
45530.65,44722.02,44329.44
45514.8,44722.02,44329.44
45498.93,44722.02,44329.44
45485.37,44722.02,44329.44
45474.08,44722.02,44329.44
45462.13,44722.02,44329.44
45444.78,44722.02,44329.44
45435.27,44722.02,44329.44
45429.16,44722.02,44333.73
45414.9,44722.02,44341.07
45393.68,44722.02,44342.21
45373.79,44722.02,44342.42
45346.87,44722.02,44342.42
45314.68,44722.02,44342.42
45287.27,44722.02,44334.35
45258.52,44722.02,44323.66
45228.08,44722.02,44311.45
45202.28,44722.02,44305.11
45175.89,44722.02,44304.74
45154.43,44722.02,44304.74
45134.86,44722.02,44304.74
45111.41,44722.02,44304.74
45084.65,44722.02,44304.74
45057.89,44722.02,44304.74
45044.23,44722.02,44304.74
45021.73,44722.02,44304.74
45001.61,44722.02,44304.74
44984.85,44722.02,44304.74
44966.23,44722.02,44304.74
44947.16,44722.02,44304.74
44926.33,44722.02,44304.74
44912.17,44722.02,44304.74
44900.76,44722.02,44304.74
44897.03,44722.02,44303.62
44881.25,44722.02,44299.83
44858.95,44722.02,44295.19
44837.51,44722.02,44293.81
44831.63,44722.02,44292.96
44830.87,44722.02,44286.64
44831.67,44722.02,44280.53
44831.340000000004,44722.02,44279.09
44831.29,44722.02,44279.66
44835.71,44722.02,44278.93
44839.56,44722.02,44278.93
44840.52,44722.02,44278.93
44834.1,44722.02,44278.93
44818.93,44722.02,44278.93
44794.65,44722.02,44278.93
44779.51,44722.02,44278.93
44769.45,44722.02,44278.93
44753.17,44722.02,44278.93
44742.94,44722.02,44278.93
44732.49,44722.02,44278.93
44722.29,44722.02,44278.93
44722.02,44722.02,44280.31
44727.43,44727.43,44285.06
44744.67,44744.67,44304.52
44764.75,44764.75,44333.81
44772.75,44772.75,44356.62
44774.08,44774.08,44373.63
44777.02,44777.02,44384.3
44786.35,44786.35,44393.17
44806.91,44806.91,44398.5
44821.56,44821.56,44407.79
44835.83,44835.83,44416.5
44855.3,44855.3,44428.87
44874.2,44874.2,44437.59
44894.09,44894.09,44437.59
44913.85,44913.85,44437.59
44934.35,44934.35,44437.59
44963.17,44963.17,44437.59
44997.21,44997.21,44437.59
45025.94,45025.94,44437.59
45049.75,45049.75,44438.25
45072.74,45072.74,44441.77
45099.63,45099.63,44451.84
45131.05,45131.05,44466.92
45172.02,45172.02,44490.71
45216.87,45216.87,44516.8
45272.28,45272.28,44555.42
45329.61,45329.61,44614.53
45378.25,45378.25,44667.51
45405.51,45405.51,44699.36
45434.0,45434.0,44728.05
45463.08,45463.08,44753.73
45503.57,45503.57,44782.08
45542.48,45542.48,44804.66
45568.44,45568.44,44817.55
45594.59,45594.59,44824.09
45620.22,45620.22,44822.91
45648.14,45648.14,44816.54
45674.5,45674.5,44813.69
45703.1,45703.1,44813.69
45736.77,45736.77,44813.69
45768.9,45768.9,44813.69
45803.61,45803.61,44813.69
45832.69,45832.69,44813.69
45861.81,45861.81,44813.69
45897.71,45897.71,44815.62
45929.76,45929.76,44815.92
45960.68,45960.68,44814.42
45988.54,45988.54,44813.57
46016.66,46016.66,44813.57
46043.3,46035.81,44813.57
46066.8,46021.91,44822.93
46090.98,46013.19,44838.97
46118.97,45998.57,44847.05
46143.72,45976.92,44847.29
46174.14,45959.92,44852.19
46208.93,45937.2,44853.76
46238.29,45925.58,44856.19
46268.36,45914.41,44860.4
46298.52,45901.52,44861.98
46325.17,45883.64,44862.03
46346.25,45864.21,44858.53
46366.89,45846.31,44850.33
46389.76,45830.73,44850.33
46419.2,45815.86,44850.33
46454.54,45805.83,44850.33
46490.99,45795.32,44850.33
46517.73,45779.01,44850.33
46544.49,45761.43,44852.9
46577.78,45741.59,44856.84
46612.07,45721.15,44858.78
46643.37,45698.0,44858.52
46672.67,45675.13,44856.93
46701.67,45648.08,44852.48
46723.06,45620.12,44845.15
46735.04,45607.64,44840.87
46741.09,45603.26,44839.1
46750.86,45589.76,44833.26
46766.62,45575.66,44829.76
46778.71,45557.23,44821.67
46783.55,45534.61,44801.96
46789.66,45515.69,44777.34
46805.12,45503.05,44757.79
46826.89,45486.42,44740.05
46848.08,45465.1,44719.35
46864.48,45452.52,44704.73
46879.59,45446.57,44704.73
46891.15,45440.71,44704.73
46906.54,45424.71,44704.73
46934.84,45408.29,44704.73
46976.32,45388.67,44706.21
47011.3,45367.3,44706.21
47039.37,45350.74,44710.22
47072.159999999996,45329.66,44716.92
47102.24,45306.36,44721.23
47130.659999999996,45281.12,44724.46
47158.28,45262.73,44729.91
47183.49,45242.23,44733.08
47200.28,45211.47,44728.29
47203.69,45177.54,44711.57
47204.19,45140.68,44691.55
47208.09,45102.72,44674.31
47219.979999999996,45076.93,44664.29
47228.38,45054.25,44649.34
47237.09,45030.53,44625.16
47236.909999999996,45015.73,44601.94
47248.09,45002.78,44583.63
47262.09,44991.55,44566.9
47276.17,44973.5,44545.77
47286.27,44954.41,44528.22
47287.77,44944.77,44524.28
47280.59,44937.87,44524.28
47270.11,44920.73,44524.28
47249.54,44902.42,44524.28
47224.59,44893.23,44524.28
47213.19,44893.23,44524.28
47207.51,44893.23,44524.28
47205.33,44893.23,44524.28
47203.83,44893.23,44522.94
47200.62,44893.23,44520.47
47199.04,44893.23,44519.77
47202.73,44893.23,44518.33
47205.87,44883.15,44518.33
47220.12,44868.27,44510.2
47229.74,44850.03,44496.3
47237.979999999996,44835.29,44486.15
47248.86,44831.39,44482.45
47253.8,44829.12,44476.78
47250.89,44826.43,44469.04
47233.29,44817.04,44453.79
47220.64,44807.82,44434.34
47205.71,44799.03,44409.32
47192.21,44794.61,44386.12
47178.03,44794.61,44370.07
47163.56,44794.61,44366.17
47147.32,44794.61,44366.17
47131.94,44794.61,44366.17
47114.49,44794.61,44366.17
47090.57,44794.61,44366.17
47080.24,44794.61,44366.17
47066.68,44794.61,44366.17
47049.8,44794.61,44366.17
47035.55,44794.61,44366.17
47020.64,44794.61,44366.17
47006.06,44794.61,44366.17
46993.98,44794.61,44366.17
46983.27,44794.61,44366.17
46974.94,44794.61,44364.34
46967.31,44794.61,44355.82
46957.18,44794.61,44344.52
46946.98,44794.61,44331.37
46934.19,44794.61,44319.41
46918.47,44794.61,44304.63
46903.86,44794.61,44279.41
46887.35,44794.61,44249.2
46874.09,44794.61,44215.63
46868.7,44794.61,44181.76
46862.18,44794.61,44150.95
46847.12,44794.61,44139.54
46822.78,44794.61,44139.54
46796.7,44794.61,44139.54
46768.6,44794.61,44139.54
46749.01,44794.61,44139.54
46739.63,44794.61,44139.54
46736.62,44794.61,44135.53
46730.85,44794.61,44131.55
46721.71,44794.61,44126.25
46714.75,44794.61,44121.09
46710.93,44794.61,44119.98
46709.27,44794.61,44119.98
46709.75,44794.61,44119.98
46715.54,44794.61,44116.76
46723.96,44794.61,44106.69
46731.55,44794.61,44094.31
46731.37,44794.61,44078.23
46730.31,44794.61,44056.39
46725.69,44794.61,44035.85
46712.68,44794.61,44018.73
46696.75,44794.61,44002.7
46678.33,44794.61,43979.71
46657.85,44794.61,43949.83
46637.05,44785.24,43919.86
46616.33,44764.46,43903.97
46595.78,44753.09,43903.94
46583.57,44748.33,43903.94
46569.6,44744.52,43903.94
46545.55,44737.97,43903.94
46514.04,44736.27,43903.94
46489.08,44730.36,43903.94
46459.21,44726.4,43903.94
46436.27,44724.91,43903.94
46416.43,44724.91,43903.94
46397.39,44715.82,43903.48
46381.97,44707.37,43903.48
46377.43,44707.37,43903.48
46382.25,44707.37,43903.48
46389.66,44707.37,43907.4
46397.97,44707.37,43911.68
46393.53,44707.37,43908.47
46388.1,44707.37,43903.66
46377.61,44707.37,43897.56
46364.33,44707.37,43892.56
46342.75,44707.37,43878.15
46311.62,44707.37,43856.06
46273.71,44707.37,43838.3
46232.86,44707.37,43823.1
46202.96,44707.37,43816.5
46176.79,44707.37,43816.5
46159.27,44707.37,43816.5
46154.12,44707.37,43816.5
46154.3,44707.37,43816.5
46142.35,44707.37,43816.5
46129.82,44707.37,43816.3
46117.61,44707.37,43816.3
46102.49,44707.37,43816.3
46088.29,44707.37,43815.53
46072.23,44707.37,43811.45
46050.65,44707.37,43804.85
46035.81,44707.37,43804.85
46021.91,44707.37,43804.85
46013.19,44707.37,43797.61
45998.57,44707.37,43794.32
45976.92,44707.37,43790.61
45959.92,44707.37,43779.19
45937.2,44707.37,43761.74
45925.58,44699.83,43743.38
45914.41,44683.65,43717.56
45901.52,44668.63,43689.07
45883.64,44657.46,43661.0
45864.21,44646.79,43640.49
45846.31,44640.7,43637.17
45830.73,44631.08,43637.17
45815.86,44615.3,43637.17
45805.83,44600.37,43637.17
45795.32,44579.96,43637.17
45779.01,44560.88,43637.17
45761.43,44543.62,43637.17
45741.59,44527.28,43637.14
45721.15,44512.02,43635.84
45698.0,44496.26,43634.7
45675.13,44484.16,43634.7
45648.08,44467.67,43634.7
45620.12,44455.06,43634.7
45607.64,44433.55,43618.49
45603.26,44412.87,43596.19
45589.76,44389.32,43568.31
45575.66,44366.74,43539.51
45557.23,44345.04,43512.72
45534.61,44327.65,43487.26
45515.69,44324.09,43465.79
45503.05,44324.09,43449.59
45486.42,44324.09,43433.25
45465.1,44324.09,43425.19
45452.52,44324.09,43421.97
45446.57,44324.09,43421.97
45440.71,44324.09,43421.97
45424.71,44324.09,43421.97
45408.29,44324.09,43421.97
45388.67,44324.09,43421.97
45367.3,44324.09,43421.57
45350.74,44324.09,43415.14
45329.659999999996,44324.09,43406.98
45306.36,44315.01,43396.63
45281.12,44299.21,43382.8
45262.73,44279.79,43369.36
45242.23,44255.94,43356.27
45211.47,44236.64,43350.06
45177.54,44222.21,43339.9
45140.68,44216.6,43331.63
45102.72,44201.67,43311.82
45076.93,44189.53,43291.94
45054.25,44182.23,43271.15
45030.53,44172.53,43249.29
45015.73,44163.36,43231.33
45002.78,44156.31,43217.05
44991.55,44156.31,43206.05
44973.5,44156.31,43196.45
44954.409999999996,44156.31,43196.38
44944.77,44156.31,43196.38
44937.87,44156.31,43196.38
44920.73,44156.31,43196.38
44902.42,44156.31,43196.38
44893.23,44156.31,43196.38
44894.93,44156.31,43196.38
44899.75,44156.31,43196.38
44910.0,44156.31,43196.38
44909.21,44156.31,43196.38
44906.53,44156.31,43196.38
44902.25,44156.31,43196.38
44893.6,44156.31,43196.38
44883.15,44156.31,43196.38
44868.27,44156.31,43196.38
44850.03,44156.31,43196.38
44835.29,44156.31,43196.38
44831.39,44156.31,43195.47
44829.12,44156.31,43195.47
44826.43,44156.31,43193.37
44817.04,44156.31,43184.99
44807.82,44156.31,43175.57
44799.03,44156.31,43168.04
44794.61,44156.31,43166.93
44798.34,44156.31,43173.1
44798.2,44156.31,43173.1
44804.73,44156.31,43173.1
44815.69,44156.31,43173.1
44821.2,44156.31,43173.1
44832.11,44156.31,43173.1
44842.91,44156.31,43173.1
44849.5,44156.31,43173.1
44856.39,44156.31,43173.1
44862.71,44156.31,43173.1
44870.22,44156.31,43173.1
44874.88,44156.31,43173.1
44882.71,44156.31,43173.1
44885.33,44156.31,43173.1
44883.47,44156.31,43173.1
44879.0,44156.31,43173.1
44880.4,44156.31,43173.1
44885.29,44156.31,43178.43
44886.58,44156.31,43179.07
44889.01,44156.31,43184.01
44881.15,44156.31,43189.5
44870.55,44156.31,43196.13
44860.06,44156.31,43207.11
44848.26,44156.31,43213.8
44835.2,44156.31,43220.18
44829.1,44156.31,43220.18
44827.5,44156.31,43220.18
44828.72,44156.31,43220.18
44827.08,44156.31,43220.18
44826.01,44156.31,43220.18
44820.65,44156.31,43220.18
44813.58,44156.31,43218.53
44809.0,44156.31,43214.53
44803.98,44156.31,43210.74
44800.43,44156.31,43206.99
44800.39,44156.31,43205.49
44807.56,44156.31,43205.49
44817.13,44156.31,43205.49
44818.24,44156.31,43205.49
44813.8,44156.31,43205.49
44815.26,44156.31,43209.13
44814.38,44156.31,43214.28
44808.8,44156.31,43220.67
44808.12,44156.31,43230.98
44812.54,44156.31,43234.82
44817.02,44156.31,43224.17
44815.76,44156.31,43218.14
44805.42,44156.31,43214.39
44785.24,44156.31,43206.36
44764.46,44156.31,43199.69
44753.09,44156.31,43198.95
44748.33,44156.31,43198.95
44744.52,44156.31,43198.95
44737.97,44156.31,43198.95
44736.27,44156.31,43198.95
44730.36,44156.31,43198.95
44726.4,44156.31,43198.95
44724.91,44156.31,43198.95
44725.57,44156.31,43198.95
44715.82,44156.31,43198.95
44707.37,44156.31,43198.95
44713.77,44156.31,43198.95
44734.16,44156.31,43204.47
44758.6,44156.31,43220.28
44784.02,44156.31,43238.79
44801.62,44156.31,43250.95
44815.5,44156.31,43261.27
44831.99,44156.31,43275.62
44844.59,44156.31,43285.14
44843.53,44156.31,43281.55
44832.56,44156.31,43269.83
44830.26,44156.31,43268.57
44826.75,44156.31,43265.13
44817.98,44156.31,43265.13
44807.06,44156.31,43265.13
44802.56,44156.31,43265.13
44793.81,44156.31,43265.13
44784.55,44156.31,43265.13
44774.58,44156.31,43265.13
44764.09,44156.31,43265.13
44751.51,44156.31,43265.13
44746.61,44156.31,43265.13
44742.08,44156.31,43264.05
44732.43,44156.31,43262.06
44721.02,44156.31,43262.06
44716.19,44156.31,43262.06
44721.15,44156.31,43262.06
44727.19,44156.31,43267.04
44734.8,44156.31,43268.21
44736.51,44156.31,43264.16
44726.42,44156.31,43255.95
44710.07,44156.31,43248.59
44699.83,44156.31,43245.68
44683.65,44156.31,43242.16
44668.63,44156.31,43240.0
44657.46,44156.31,43232.43
44646.79,44156.31,43224.48
44640.7,44156.31,43221.04
44631.08,44156.31,43221.04
44615.3,44156.31,43221.04
44600.37,44156.31,43221.04
44579.96,44156.31,43221.04
44560.88,44156.31,43221.04
44543.62,44156.31,43221.04
44527.28,44156.31,43221.04
44512.02,44156.31,43219.86
44496.26,44156.31,43216.77
44484.16,44156.31,43213.3
44467.67,44156.31,43207.97
44455.06,44156.31,43202.97
44433.55,44156.31,43194.42
44412.87,44156.31,43181.74
44389.32,44156.31,43164.1
44366.74,44156.31,43147.25
44345.04,44156.31,43134.66
44327.65,44156.31,43128.75
44324.09,44156.31,43138.96
44327.84,44156.31,43155.98
44337.31,44156.31,43176.58
44355.98,44156.31,43197.63
44376.57,44156.31,43215.89
44385.43,44156.31,43215.89
44386.11,44156.31,43215.89
44374.94,44156.31,43215.89
44366.42,44156.31,43215.89
44358.17,44156.31,43215.89
44347.73,44156.31,43215.89
44338.36,44156.31,43215.89
44327.18,44156.31,43215.89
44315.01,44156.31,43215.09
44299.21,44156.31,43213.84
44279.79,44156.31,43211.85
44255.94,44156.31,43211.85
44236.64,44156.31,43206.66
44222.21,44156.31,43198.43
44216.6,44156.31,43187.04
44201.67,44156.31,43173.18
44189.53,44156.31,43164.85
44182.23,44156.31,43171.83
44172.53,44156.31,43181.29
44163.36,44156.31,43180.21
44156.31,44156.31,43176.9
44159.52,44159.52,43182.45
44170.9,44160.45,43201.87
44191.56,44160.45,43221.44
44205.84,44160.45,43227.16
44206.29,44160.45,43227.16
44199.07,44160.45,43227.16
44196.46,44160.45,43227.16
44198.59,44160.45,43227.16
44190.59,44160.45,43227.16
44182.04,44160.45,43227.16
44176.44,44160.45,43227.16
44170.61,44160.45,43227.16
44163.86,44160.45,43227.16
44161.88,44160.45,43227.16
44169.05,44160.45,43227.16
44173.51,44160.45,43227.16
44176.74,44160.45,43227.16
44186.08,44160.45,43227.16
44191.82,44160.45,43227.16
44185.22,44160.45,43224.91
44181.54,44160.45,43224.91
44176.75,44160.45,43224.91
44164.61,44160.45,43224.91
44160.45,44160.45,43229.71
44163.55,44163.55,43239.65
44166.06,44166.06,43245.12
44173.68,44173.68,43251.16
44178.47,44178.47,43251.16
44181.3,44181.3,43251.16
44182.06,44182.06,43251.16
44190.66,44189.85,43251.16
44199.77,44189.85,43251.16
44210.44,44189.85,43251.16
44217.42,44189.85,43251.16
44224.34,44189.85,43251.16
44229.28,44189.85,43251.16
44234.44,44189.85,43251.16
44241.66,44189.85,43251.16
44258.71,44189.85,43251.16
44277.65,44189.85,43251.16
44295.22,44189.85,43251.16
44318.39,44189.85,43251.16
44329.87,44189.85,43251.16
44339.61,44189.85,43251.16
44357.91,44189.85,43254.64
44374.14,44189.85,43264.3
44390.28,44189.85,43275.47
44411.56,44189.85,43296.94
44438.14,44189.85,43323.1
44455.85,44189.85,43344.01
44473.86,44189.85,43357.41
44483.09,44189.85,43357.41
44491.67,44189.85,43357.41
44500.04,44189.85,43357.41
44504.19,44189.85,43357.41
44509.48,44189.85,43357.41
44503.29,44189.85,43357.41
44494.55,44189.85,43357.41
44484.73,44189.85,43357.41
44476.17,44189.85,43357.41
44467.63,44189.85,43357.41
44459.91,44189.85,43357.41
44454.11,44189.85,43357.41
44459.78,44189.85,43357.41
44481.88,44189.85,43367.7
44508.27,44189.85,43384.12
44531.35,44189.85,43406.24
44560.44,44189.85,43429.39
44591.5,44189.85,43450.74
44612.03,44189.85,43470.95
44620.69,44189.85,43488.05
44613.6,44189.85,43502.96
44607.28,44189.85,43515.62
44596.55,44189.85,43519.54
44586.47,44189.85,43519.54
44571.19,44189.85,43519.54
44556.32,44189.85,43519.54
44549.4,44189.85,43519.54
44544.64,44189.85,43519.54
44539.55,44189.85,43519.54
44540.76,44189.85,43519.54
44547.02,44189.85,43522.41
44551.09,44189.85,43527.3
44557.5,44189.85,43534.62
44568.46,44189.85,43545.54
44581.17,44189.85,43556.29
44603.74,44189.85,43567.13
44628.74,44189.85,43571.19
44659.91,44189.85,43579.57
44684.74,44189.85,43586.26
44721.46,44189.85,43604.62
44755.7,44189.85,43624.55
44792.68,44189.85,43645.9
44825.19,44189.85,43668.42
44843.19,44189.85,43687.13
44848.3,44189.85,43702.69
44844.49,44189.85,43715.28
44845.55,44189.85,43726.87
44838.7,44189.85,43729.3
44833.82,44189.85,43729.3
44836.25,44189.85,43729.3
44846.26,44189.85,43729.3
44850.5,44189.85,43729.3
44843.56,44189.85,43729.3
44838.53,44189.85,43729.3
44835.05,44189.85,43729.3
44831.24,44189.85,43729.3
44829.1,44189.85,43729.3
44825.97,44189.85,43729.3
44817.83,44189.85,43729.3
44802.5,44189.85,43729.3
44784.8,44189.85,43729.3
44768.79,44189.85,43729.3
44749.68,44189.85,43729.3
44734.4,44189.85,43729.3
44731.63,44189.85,43732.64
44723.42,44189.85,43735.09
44718.26,44189.85,43740.19
44722.07,44189.85,43751.8
44722.46,44189.85,43764.94
44719.04,44189.85,43779.34
44708.16,44189.85,43790.2
44696.6,44189.85,43793.93
44687.0,44189.85,43793.93
44679.25,44189.85,43793.93
44672.29,44189.85,43793.93
44660.98,44189.85,43793.93
44644.9,44189.85,43793.93
44632.2,44189.85,43793.93
44620.9,44189.85,43793.93
44606.31,44189.85,43793.93
44592.36,44189.85,43793.93
44577.18,44189.85,43793.93
44562.99,44189.85,43793.93
44539.67,44189.85,43793.93
44504.22,44189.85,43793.93
44468.08,44189.85,43793.93
44431.57,44189.85,43788.9
44397.68,44189.85,43785.27
44366.79,44189.85,43782.58
44339.15,44189.85,43780.37
44324.99,44189.85,43777.42
44317.94,44189.85,43771.54
44320.32,44189.85,43771.2
44319.57,44189.85,43770.46
44332.51,44189.85,43776.88
44342.89,44189.85,43776.88
44345.57,44189.85,43776.88
44341.74,44189.85,43776.88
44329.88,44189.85,43776.88
44316.1,44189.85,43776.88
44302.96,44189.85,43776.88
44302.44,44189.85,43776.88
44304.909999999996,44189.85,43781.31
44308.39,44189.85,43788.26
44310.57,44189.85,43795.47
44312.21,44189.85,43803.31
44310.85,44189.85,43809.48
44309.37,44189.85,43813.6
44287.97,44189.85,43813.6
44266.8,44189.85,43813.6
44244.21,44189.85,43813.6
44227.16,44189.85,43816.46
44206.76,44189.85,43805.1
44191.81,44189.85,43789.41
44190.35,44189.85,43779.04
44189.85,44189.85,43775.46
44201.67,44201.67,43784.06
44211.99,44211.99,43791.82
44228.15,44228.15,43807.31
44245.05,44245.05,43819.62
44268.89,44263.68,43830.65
44288.65,44263.68,43836.01
44305.54,44263.68,43836.01
44312.32,44263.68,43836.01
44319.89,44263.68,43830.43
44325.03,44263.68,43818.92
44332.62,44263.68,43809.53
44342.7,44263.68,43802.52
44350.27,44263.68,43795.24
44357.36,44263.68,43787.75
44363.91,44263.68,43777.28
44363.0,44263.68,43765.09
44353.62,44263.68,43752.91
44334.95,44263.68,43730.54
44320.07,44263.68,43699.46
44301.12,44263.68,43664.28
44281.87,44263.68,43628.79
44266.35,44263.68,43596.64
44263.68,44263.68,43567.71
44268.27,44268.27,43542.73
44276.35,44276.35,43525.23
44287.04,44287.04,43508.82
44291.47,44291.47,43489.68
44300.75,44300.75,43479.97
44312.75,44312.75,43476.52
44326.06,44326.06,43476.52
44339.21,44339.21,43475.83
44356.87,44356.87,43470.56
44378.26,44378.26,43466.75
44399.15,44399.15,43456.96
44410.08,44410.08,43447.24
44419.72,44419.72,43432.88
44428.18,44428.18,43413.36
44436.72,44436.72,43395.55
44447.85,44447.85,43386.11
44458.15,44458.15,43375.85
44476.21,44476.21,43360.1
44496.37,44496.37,43326.12
44514.82,44483.14,43287.78
44529.32,44439.15,43254.11
44545.11,44403.17,43226.82
44570.8,44368.96,43212.5
44599.81,44332.6,43199.77
44618.43,44305.57,43191.44
44639.6,44281.27,43185.71
44664.32,44259.3,43183.5
44688.15,44239.29,43189.43
44706.62,44219.66,43199.33
44733.04,44206.23,43204.27
44763.84,44182.73,43204.27
44800.47,44155.62,43204.27
44830.72,44127.02,43204.27
44853.87,44100.55,43204.27
44868.99,44076.26,43204.27
44879.37,44060.94,43203.51
44896.7,44039.83,43202.09
44917.45,44015.89,43200.65
44934.89,43990.1,43197.05
44955.62,43966.01,43194.45
44982.03,43946.08,43199.61
45010.18,43929.44,43206.59
45031.19,43920.42,43214.74
45046.73,43910.64,43217.73
45065.59,43896.25,43222.42
45089.78,43883.16,43228.46
45114.4,43867.87,43227.89
45135.15,43856.22,43224.86
45145.57,43850.24,43218.84
45152.94,43840.48,43206.36
45163.66,43826.99,43192.88
45168.17,43819.64,43187.45
45170.6,43810.4,43187.45
45182.73,43799.05,43187.45
45200.71,43781.22,43187.45
45223.82,43753.53,43187.45
45243.03,43723.37,43187.45
45264.41,43696.3,43187.45
45282.72,43664.83,43187.12
45301.43,43632.78,43183.47
45323.56,43602.51,43182.21
45345.43,43568.63,43178.32
45367.48,43535.79,43172.58
45391.83,43509.33,43168.94
45413.79,43486.76,43165.07
45442.1,43464.79,43169.59
45462.03,43443.27,43171.15
45477.06,43415.14,43163.78
45494.35,43389.72,43158.27
45511.91,43377.0,43153.22
45527.02,43376.16,43146.29
45544.05,43376.16,43140.33
45571.69,43376.16,43144.19
45598.1,43376.16,43146.2
45628.02,43376.16,43144.13
45648.4,43376.16,43134.66
45665.51,43376.16,43133.74
45683.88,43376.16,43133.74
45709.6,43376.16,43133.74
45737.73,43376.16,43133.74
45772.49,43376.16,43133.74
45807.75,43376.16,43133.74
45841.11,43376.16,43133.74
45856.53,43376.16,43125.88
45870.12,43376.16,43114.84
45883.93,43376.16,43100.66
45897.99,43376.16,43088.08
45912.75,43376.16,43078.99
45924.37,43376.16,43072.27
45938.86,43376.16,43069.52
45947.29,43376.16,43069.52
45954.68,43376.16,43066.94
45961.82,43376.16,43063.09
45970.06,43376.16,43053.96
45979.8,43376.16,43036.4
45986.72,43376.16,43019.04
45994.77,43376.16,42999.04
46004.02,43376.16,42973.81
46013.52,43376.16,42951.9
46025.62,43376.16,42935.51
46041.86,43376.16,42919.38
46053.78,43376.16,42910.1
46068.1,43376.16,42907.44
46081.89,43376.16,42906.32
46088.12,43376.16,42906.32
46095.79,43376.16,42900.85
46100.0,43376.16,42893.33
46104.23,43376.16,42882.92
46113.85,43376.16,42874.89
46125.48,43376.16,42870.88
46136.47,43376.16,42867.12
46144.79,43376.16,42862.72
46152.46,43376.16,42859.88
46151.4,43376.16,42858.88
46137.26,43376.16,42856.32
46119.3,43376.16,42847.12
46107.909999999996,43376.16,42841.55
46097.15,43376.16,42835.08
46080.409999999996,43376.16,42829.27
46058.91,43376.16,42818.42
46042.01,43376.16,42810.2
46029.12,43376.16,42800.7
46017.38,43376.16,42790.17
46014.55,43376.16,42779.33
46022.13,43376.16,42773.01
46024.7,43376.16,42772.38
46023.79,43376.16,42772.38
46017.26,43376.16,42772.38
46014.58,43376.16,42772.38
46019.01,43376.16,42772.38
46028.26,43376.16,42772.38
46044.27,43376.16,42772.33
46055.24,43376.16,42772.33
46064.06,43376.16,42772.33
46074.7,43376.16,42772.33
46077.4,43376.16,42772.28
46074.12,43376.16,42771.41
46071.61,43376.16,42771.31
46073.33,43376.16,42764.84
46079.3,43376.16,42750.36
46082.8,43376.16,42733.07
46069.65,43376.16,42711.28
46047.68,43376.16,42694.41
46025.61,43376.16,42682.96
46006.5,43376.16,42674.35
45984.78,43376.16,42666.9
45964.25,43376.16,42656.54
45951.74,43376.16,42649.63
45938.3,43376.16,42644.08
45916.03,43376.16,42644.08
45888.92,43376.16,42644.08
45857.16,43376.16,42644.08
45833.1,43376.16,42644.08
45800.08,43376.16,42644.08
45768.86,43376.16,42644.08
45743.61,43376.16,42644.08
45714.79,43376.16,42640.8
45687.24,43376.16,42637.9
45660.85,43376.16,42634.79
45631.9,43376.16,42632.45
45602.54,43376.16,42632.45
45572.13,43376.16,42632.45
45542.67,43376.16,42629.24
45512.43,43376.16,42617.43
45479.21,43376.16,42605.37
45443.27,43376.16,42592.62
45403.43,43376.16,42580.9
45360.68,43376.16,42567.38
45317.97,43365.61,42553.73
45275.43,43346.78,42535.61
45222.95,43330.58,42517.71
45173.12,43317.99,42505.55
45131.06,43302.53,42498.92
45094.18,43291.17,42498.92
45052.01,43277.58,42498.92
45002.56,43263.56,42498.92
44946.2,43242.66,42498.92
44894.21,43216.68,42498.92
44842.65,43201.47,42498.92
44806.78,43197.74,42497.29
44769.57,43194.48,42492.89
44729.9,43194.29,42488.31
44689.47,43193.27,42484.51
44654.28,43189.04,42481.07
44622.1,43185.34,42480.7
44581.16,43180.37,42480.7
44534.72,43154.89,42465.78
44483.14,43115.12,42433.43
44439.15,43069.72,42393.79
44403.17,43033.75,42355.51
44368.96,43007.38,42321.4
44332.6,42976.84,42282.96
44305.57,42949.88,42245.33
44281.27,42926.25,42205.69
44259.3,42904.65,42168.8
44239.29,42879.19,42133.47
44219.66,42862.18,42109.8
44206.23,42859.71,42107.52
44182.73,42859.71,42107.52
44155.62,42859.71,42107.52
44127.02,42859.71,42107.52
44100.55,42858.12,42107.52
44076.26,42853.81,42104.66
44060.94,42849.21,42098.58
44039.83,42837.5,42087.96
44015.89,42821.01,42076.28
43990.1,42806.29,42066.5
43966.01,42794.84,42059.64
43946.08,42787.14,42058.2
43929.44,42782.77,42058.2
43920.42,42759.09,42040.68
43910.64,42719.9,42000.9
43896.25,42674.52,41958.13
43883.16,42637.21,41922.6
43867.87,42603.73,41891.36
43856.22,42580.24,41865.04
43850.24,42549.86,41834.13
43840.48,42521.47,41803.73
43826.99,42497.41,41776.18
43819.64,42480.84,41756.07
43810.4,42471.47,41747.62
43799.05,42471.47,41747.62
43781.22,42471.47,41747.62
43753.53,42471.47,41747.62
43723.37,42471.47,41747.62
43696.3,42471.47,41747.62
43664.83,42471.47,41747.62
43632.78,42471.47,41747.62
43602.51,42471.47,41746.35
43568.63,42471.47,41746.09
43535.79,42471.47,41746.09
43509.33,42471.47,41746.09
43486.76,42471.47,41746.09
43464.79,42471.47,41746.09
43443.27,42471.47,41739.88
43415.14,42458.28,41715.74
43389.72,42439.59,41686.48
43377.0,42430.44,41662.15
43376.16,42423.33,41644.79
43379.11,42412.73,41629.49
43386.05,42395.36,41610.15
43391.28,42374.66,41588.7
43391.77,42356.41,41566.84
43382.18,42336.58,41546.99
43378.7,42327.39,41539.11
43383.67,42327.39,41539.11
43390.28,42327.39,41539.11
43399.94,42327.39,41539.11
43415.77,42327.39,41539.11
43442.090000000004,42327.39,41539.11
43459.96,42327.39,41539.11
43458.590000000004,42327.39,41539.11
43455.5,42327.39,41539.11
43449.35,42327.39,41539.11
43443.87,42327.39,41539.11
43442.83,42327.39,41539.11
43444.8,42327.39,41539.11
43450.75,42327.39,41539.11
43470.52,42327.39,41544.06
43496.02,42327.39,41540.46
43523.97,42327.39,41539.51
43544.4,42327.39,41540.27
43556.31,42325.04,41542.5
43564.85,42318.49,41541.08
43567.62,42305.75,41530.14
43567.28,42294.66,41518.36
43572.47,42285.31,41513.3
43579.65,42272.94,41507.53
43579.17,42265.35,41501.36
43570.0,42261.06,41501.36
43563.76,42258.76,41501.36
43560.05,42258.76,41501.36
43562.35,42258.76,41501.36
43557.3,42258.76,41501.36
43555.96,42258.76,41501.36
43552.68,42258.76,41501.36
43556.33,42258.76,41501.36
43568.41,42258.76,41506.01
43580.56,42258.76,41510.67
43584.63,42258.76,41510.67
43587.86,42258.76,41510.67
43597.9,42258.76,41510.9
43624.89,42258.76,41523.58
43652.04,42258.76,41524.82
43679.090000000004,42258.76,41520.61
43699.92,42258.76,41512.85
43712.46,42258.76,41501.51
43717.57,42258.76,41495.55
43717.69,42258.76,41490.9
43718.62,42258.76,41490.7
43718.76,42258.76,41493.25
43714.22,42258.76,41493.25
43703.42,42258.76,41493.25
43684.1,42258.76,41493.25
43662.74,42258.76,41493.25
43646.02,42258.76,41493.25
43637.22,42258.76,41493.25
43623.13,42258.76,41493.25
43615.6,42258.76,41493.25
43608.68,42258.76,41493.25
43603.9,42258.76,41493.25
43602.37,42258.76,41493.25
43604.92,42258.76,41493.25
43604.87,42258.76,41493.25
43598.11,42258.76,41493.25
43589.04,42258.76,41493.25
43577.31,42258.76,41493.25
43567.04,42258.76,41476.76
43557.33,42258.76,41459.4
43540.87,42258.76,41447.27
43531.8,42258.76,41442.4
43525.24,42258.76,41442.4
43518.82,42258.76,41442.4
43515.66,42258.76,41442.4
43512.85,42258.76,41443.06
43503.13,42258.76,41443.06
43484.89,42258.76,41443.06
43466.09,42258.76,41443.06
43451.34,42258.76,41443.06
43443.74,42258.76,41443.06
43438.59,42258.76,41443.06
43434.52,42258.76,41443.06
43429.72,42258.76,41443.06
43425.92,42258.76,41443.06
43417.31,42258.76,41443.06
43413.01,42258.76,41443.06
43410.84,42258.76,41443.06
43408.05,42258.76,41443.06
43406.15,42258.76,41443.06
43406.08,42258.76,41443.06
43403.44,42258.76,41443.06
43404.15,42258.76,41447.53
43406.03,42258.76,41455.7
43405.03,42258.76,41461.8
43397.37,42258.76,41461.8
43382.74,42258.76,41461.8
43365.61,42258.76,41461.8
43346.78,42258.76,41461.8
43330.58,42258.76,41461.8
43317.99,42258.76,41461.8
43302.53,42258.76,41461.8
43291.17,42258.76,41461.8
43277.58,42258.76,41461.8
43263.56,42258.76,41461.8
43242.659999999996,42258.76,41461.8
43216.68,42258.76,41461.8
43201.47,42258.76,41461.8
43197.74,42258.76,41461.8
43194.48,42258.76,41461.8
43194.29,42258.76,41461.93
43193.27,42258.76,41461.93
43189.04,42258.76,41461.93
43185.34,42258.76,41461.93
43180.37,42258.76,41461.93
43154.89,42258.76,41461.93
43115.12,42258.76,41461.93
43069.72,42258.76,41461.93
43033.75,42258.76,41461.93
43007.38,42258.76,41466.59
42976.84,42258.76,41471.48
42949.88,42258.76,41479.26
42926.25,42258.76,41492.41
42904.65,42258.76,41504.98
42879.19,42258.76,41512.32
42862.18,42258.76,41516.68
42859.71,42258.76,41516.68
42860.49,42258.76,41516.68
42862.9,42258.76,41516.68
42859.98,42258.76,41516.68
42858.12,42258.76,41516.68
42853.81,42258.76,41516.68
42849.21,42258.76,41516.68
42837.5,42258.76,41516.68
42821.01,42258.76,41516.68
42806.29,42258.76,41516.68
42794.84,42258.76,41516.68
42787.14,42258.76,41516.68
42782.77,42258.76,41516.68
42759.09,42258.76,41516.68
42719.9,42258.76,41516.68
42674.52,42258.76,41516.68
42637.21,42258.76,41516.68
42603.73,42258.76,41516.68
42580.24,42258.76,41518.96
42549.86,42258.76,41519.48
42521.47,42258.76,41521.89
42497.409999999996,42258.76,41525.93
42480.84,42258.76,41530.61
42471.47,42258.76,41531.91
42476.29,42258.76,41531.91
42484.69,42258.76,41531.91
42494.7,42258.76,41531.91
42502.11,42258.76,41531.91
42504.93,42258.76,41531.91
42504.65,42258.76,41531.91
42501.13,42258.76,41531.91
42492.83,42258.76,41531.91
42483.87,42258.76,41531.91
42476.55,42258.76,41531.91
42475.56,42258.76,41531.91
42478.5,42258.76,41531.91
42481.16,42258.76,41531.91
42474.7,42258.76,41534.06
42458.28,42258.76,41544.31
42439.59,42258.76,41557.74
42430.44,42258.76,41575.83
42423.33,42258.76,41589.13
42412.73,42258.76,41597.34
42395.36,42258.76,41602.93
42374.66,42258.76,41607.42
42356.41,42258.76,41615.17
42336.58,42258.76,41620.22
42327.39,42258.76,41624.0
42329.48,42258.76,41624.0
42330.58,42258.76,41624.0
42330.24,42258.76,41624.0
42335.54,42258.76,41624.0
42343.74,42258.76,41624.0
42349.61,42258.76,41624.0
42351.83,42258.76,41624.0
42355.41,42258.76,41625.68
42356.75,42258.76,41627.32
42358.26,42258.76,41629.39
42362.22,42258.76,41630.99
42369.71,42258.76,41630.99
42373.42,42258.76,41630.99
42369.92,42258.76,41633.85
42357.77,42258.76,41645.73
42344.52,42258.76,41650.21
42332.95,42258.76,41655.93
42325.04,42258.76,41659.68
42318.49,42258.76,41667.01
42305.75,42258.76,41663.81
42294.66,42258.76,41657.68
42285.31,42258.76,41650.44
42272.94,42258.76,41642.04
42265.35,42258.76,41647.57
42261.06,42258.76,41647.57
42258.76,42258.76,41647.57
42265.98,42265.98,41647.57
42277.9,42277.9,41647.57
42289.64,42289.64,41647.57
42299.45,42299.45,41647.57
42311.13,42311.13,41650.82
42317.4,42317.4,41656.96
42323.39,42323.39,41663.55
42328.23,42328.23,41669.99
42333.82,42333.82,41676.38
42338.69,42338.69,41680.51
42343.73,42343.73,41682.08
42348.590000000004,42348.59,41700.52
42352.5,42352.5,41718.77
42361.52,42361.52,41732.22
42371.12,42371.12,41747.75
42381.68,42381.68,41762.04
42404.23,42404.23,41785.97
42433.9,42433.9,41807.89
42468.2,42468.2,41832.11
42502.08,42502.08,41854.69
42537.16,42537.16,41879.46
42568.4,42568.4,41908.17
42590.57,42590.57,41915.66
42603.93,42603.93,41915.66
42619.7,42619.7,41915.66
42637.12,42637.12,41915.66
42650.37,42650.37,41919.34
42663.46,42663.46,41927.83
42677.71,42677.71,41940.03
42693.28,42693.28,41957.37
42711.49,42711.49,41976.01
42727.48,42727.48,41992.83
42744.51,42744.51,42007.52
42758.57,42758.57,42017.2
42770.45,42770.45,42022.34
42787.68,42787.68,42045.58
42809.27,42809.27,42064.33
42832.63,42832.63,42089.37
42854.32,42854.32,42110.85
42878.37,42878.37,42127.85
42907.05,42907.05,42140.08
42946.08,42946.08,42158.79
42987.31,42987.31,42177.19
43026.94,43026.94,42191.32
43062.8,43062.8,42204.84
43099.29,43099.29,42222.0
43134.59,43134.59,42222.0
43170.15,43170.15,42222.0
43201.29,43201.29,42222.0
43229.8,43229.8,42222.0
43266.19,43266.19,42222.0
43304.07,43304.07,42224.41
43340.92,43340.92,42231.66
43373.48,43373.48,42243.31
43406.9,43406.9,42254.92
43441.65,43441.65,42265.15
43475.22,43475.22,42272.0
43505.0,43505.0,42275.79
43540.18,43540.18,42279.14
43567.71,43567.71,42298.13
43589.26,43589.26,42319.59
43623.77,43623.77,42342.02
43661.0,43661.0,42358.69
43695.93,43695.93,42371.07
43733.81,43733.81,42377.6
43777.61,43777.61,42385.92
43816.83,43816.83,42393.21
43856.44,43856.44,42398.14
43896.48,43896.48,42402.85
43936.72,43936.72,42410.08
43972.02,43972.02,42410.75
44016.11,44016.11,42410.75
44062.99,44062.99,42410.75
44101.35,44101.35,42410.75
44133.26,44133.26,42410.75
44168.33,44168.33,42410.75
44200.96,44200.96,42415.53
44237.96,44237.96,42423.13
44277.1,44277.1,42432.82
44320.38,44309.48,42443.21
44360.74,44274.59,42451.7
44396.16,44243.15,42454.84
44433.12,44212.56,42457.21
44469.05,44196.82,42475.47
44507.99,44188.94,42492.67
44552.04,44182.44,42503.9
44602.22,44176.22,42514.97
44652.44,44171.98,42522.39
44709.7,44160.51,42524.8
44768.49,44157.68,42531.51
44826.06,44152.12,42530.91
44884.17,44144.55,42525.45
44946.76,44132.51,42517.38
45007.28,44116.43,42514.42
45062.91,44086.69,42502.44
45120.48,44056.32,42496.7
45184.12,44032.82,42496.7
45246.68,44016.97,42496.7
45302.17,43994.53,42496.7
45355.13,43971.62,42494.62
45408.92,43954.51,42492.95
45471.93,43937.91,42499.22
45535.06,43919.25,42503.83
45597.4,43902.25,42509.42
45658.31,43886.28,42516.57
45715.01,43871.99,42523.08
45770.05,43861.26,42525.75
45826.02,43853.93,42532.0
45881.16,43846.97,42539.38
45931.52,43846.24,42543.08
45988.65,43840.38,42543.15
46051.21,43827.72,42534.22
46114.73,43809.78,42517.66
46162.96,43790.72,42490.85
46203.39,43765.7,42455.75
46240.77,43736.48,42415.23
46280.06,43713.38,42381.82
46322.46,43679.95,42347.91
46364.54,43641.94,42318.65
46412.95,43611.51,42302.32
46471.14,43581.46,42293.55
46535.2,43548.75,42284.39
46607.75,43522.65,42278.01
46684.43,43498.91,42273.18
46755.28,43472.31,42269.62
46821.02,43443.49,42266.86
46880.31,43415.91,42262.6
46942.31,43389.87,42259.48
47002.38,43366.62,42255.5
47058.58,43344.71,42248.92
47106.72,43330.47,42248.92
47154.16,43322.36,42246.82
47202.86,43322.36,42244.79
47253.01,43312.92,42236.22
47300.39,43296.25,42219.34
47345.55,43283.62,42199.66
47390.41,43273.55,42173.14
47428.88,43259.83,42139.1
47449.65,43244.31,42100.75
47468.22,43227.05,42057.99
47485.95,43211.9,42023.34
47504.0,43192.4,41999.87
47513.61,43168.52,41987.04
47533.58,43143.96,41983.2
47560.61,43124.06,41983.2
47593.54,43105.14,41983.2
47620.08,43080.3,41981.29
47635.99,43051.15,41975.01
47652.9,43023.4,41970.17
47676.83,42993.43,41963.22
47699.75,42964.37,41955.73
47719.2,42936.68,41949.52
47735.69,42911.66,41946.12
47753.46,42885.4,41945.71
47764.71,42868.72,41945.71
47777.37,42857.35,41943.23
47786.54,42849.18,41934.97
47779.04,42841.92,41915.63
47764.42,42835.7,41893.83
47744.14,42828.4,41873.54
47720.78,42821.87,41850.19
47684.71,42814.89,41824.37
47647.75,42804.77,41792.32
47609.92,42786.16,41749.22
47574.25,42767.67,41707.97
47545.88,42744.02,41676.08
47524.97,42719.3,41655.74
47502.16,42693.05,41645.77
47481.68,42668.91,41645.77
47462.49,42643.15,41645.77
47450.38,42608.28,41644.47
47438.19,42571.6,41642.13
47426.27,42548.46,41640.07
47411.66,42529.23,41636.71
47396.61,42512.19,41634.02
47376.32,42494.15,41631.65
47357.27,42476.13,41629.91
47336.67,42455.83,41629.91
47308.87,42436.86,41629.91
47280.72,42402.71,41609.84
47249.36,42362.05,41563.66
47202.26,42318.77,41508.1
47151.31,42273.75,41451.63
47098.69,42231.08,41398.44
47044.78,42191.78,41343.21
46994.66,42161.62,41294.91
46949.12,42145.0,41250.12
46902.24,42132.5,41206.97
46851.91,42120.99,41164.83
46810.83,42110.86,41139.64
46774.03,42106.35,41128.05
46734.76,42096.31,41124.4
46684.49,42075.97,41124.18
46632.49,42056.36,41124.18
46586.87,42043.36,41124.18
46546.98,42032.54,41124.18
46512.55,42020.21,41124.18
46476.66,42009.7,41124.18
46439.99,42000.21,41124.18
46403.86,41989.48,41124.05
46368.14,41975.43,41123.25
46333.05,41960.22,41122.86
46297.16,41948.24,41122.86
46255.06,41930.49,41105.5
46205.39,41905.21,41063.4
46165.95,41879.72,41015.24
46121.58,41857.4,40968.36
46066.42,41840.78,40923.47
46002.71,41824.12,40878.55
45948.04,41813.72,40837.99
45898.75,41810.64,40799.58
45848.74,41810.64,40763.53
45800.72,41810.64,40735.45
45757.16,41810.64,40726.51
45716.57,41810.64,40726.51
45677.97,41810.64,40726.51
45626.09,41810.64,40726.51
45570.98,41810.64,40726.51
45515.94,41810.64,40726.51
45460.56,41810.64,40726.51
45412.5,41810.64,40726.51
45373.08,41810.64,40726.51
45336.83,41810.64,40726.51
45297.84,41803.81,40726.51
45256.65,41795.61,40726.51
45220.98,41791.8,40726.51
45188.81,41791.71,40726.51
45157.51,41791.71,40726.51
45123.08,41791.71,40716.12
45084.32,41791.71,40716.12
45042.02,41791.71,40716.12
44997.93,41791.71,40716.12
44940.73,41791.71,40715.43
44882.09,41791.71,40715.43
44835.23,41791.71,40712.54
44786.52,41791.71,40698.94
44736.92,41791.71,40677.01
44689.26,41791.71,40664.85
44643.82,41791.71,40657.54
44595.03,41791.71,40657.24
44548.61,41791.71,40657.24
44501.52,41791.71,40657.24
44467.55,41791.71,40657.24
44445.85,41791.71,40657.24
44415.46,41791.71,40657.24
44381.48,41791.71,40657.24
44344.62,41791.71,40657.24
44309.48,41791.71,40657.24
44274.59,41791.71,40657.24
44243.15,41791.71,40657.24
44212.56,41791.71,40657.24
44196.82,41791.71,40657.24
44188.94,41791.71,40637.96
44182.44,41791.71,40613.08
44176.22,41791.71,40588.56
44171.98,41791.71,40565.65
44160.51,41791.71,40542.11
44157.68,41788.56,40520.75
44152.12,41781.2,40508.3
44144.55,41780.32,40491.96
44132.51,41778.91,40472.4
44116.43,41776.82,40454.44
44086.69,41772.1,40445.53
44056.32,41764.0,40444.58
44032.82,41757.7,40444.58
44016.97,41757.7,40444.58
43994.53,41757.7,40444.58
43971.62,41757.7,40444.58
43954.51,41757.7,40444.58
43937.91,41757.7,40444.58
43919.25,41757.7,40444.58
43902.25,41757.7,40444.58
43886.28,41757.7,40444.58
43871.99,41757.7,40444.58
43861.26,41757.7,40444.58
43853.93,41757.7,40444.58
43846.97,41757.7,40435.27
43846.24,41757.7,40426.17
43840.38,41757.7,40412.67
43827.72,41757.7,40398.72
43809.78,41757.7,40378.51
43790.72,41757.7,40361.87
43765.7,41757.7,40335.19
43736.48,41757.7,40299.99
43713.38,41757.7,40267.59
43679.95,41757.7,40253.6
43641.94,41757.7,40251.96
43611.51,41757.7,40251.96
43581.46,41757.7,40251.96
43548.75,41757.7,40251.96
43522.65,41757.7,40251.96
43498.91,41757.7,40251.96
43472.31,41757.7,40251.96
43443.49,41757.7,40251.96
43415.91,41757.7,40251.96
43389.87,41757.7,40251.96
43366.62,41757.7,40251.96
43344.71,41757.7,40251.96
43330.47,41757.7,40251.96
43322.36,41757.7,40251.96
43323.17,41757.7,40245.06
43312.92,41757.7,40225.33
43296.25,41757.7,40199.7
43283.62,41757.7,40179.02
43273.55,41757.7,40159.07
43259.83,41757.7,40139.17
43244.31,41757.7,40115.95
43227.05,41757.7,40088.2
43211.9,41757.7,40063.78
43192.4,41757.7,40058.63
43168.52,41757.7,40058.63
43143.96,41757.7,40058.63
43124.06,41757.7,40058.63
43105.14,41757.7,40058.63
43080.3,41757.7,40058.63
43051.15,41757.7,40058.63
43023.4,41757.7,40058.63
42993.43,41757.7,40058.63
42964.37,41757.7,40058.63
42936.68,41757.7,40058.63
42911.66,41757.7,40058.63
42885.4,41757.7,40058.63
42868.72,41757.7,40058.63
42857.35,41757.7,40058.63
42849.18,41757.7,40041.47
42841.92,41757.7,40019.71
42835.7,41757.7,39998.75
42828.4,41757.7,39976.8
42821.87,41757.7,39955.46
42814.89,41757.7,39935.86
42804.77,41757.7,39908.61
42786.16,41757.7,39876.46
42767.67,41757.7,39850.6
42744.02,41757.7,39844.51
42719.3,41757.7,39844.51
42693.05,41757.7,39844.51
42668.91,41757.7,39844.51
42643.15,41757.7,39844.51
42608.28,41757.7,39844.51
42571.6,41757.7,39844.51
42548.46,41757.7,39844.51
42529.23,41757.7,39844.51
42512.19,41757.7,39844.51
42494.15,41757.7,39844.51
42476.13,41757.7,39844.51
42455.83,41757.7,39844.51
42436.86,41757.7,39844.51
42402.71,41757.7,39844.51
42362.05,41757.7,39823.57
42318.77,41757.7,39794.83
42273.75,41757.7,39764.18
42231.08,41757.7,39734.55
42191.78,41757.7,39708.12
42161.62,41757.7,39686.47
42145.0,41757.7,39675.19
42132.5,41757.7,39668.27
42120.99,41757.7,39663.12
42110.86,41757.7,39663.12
42106.35,41757.7,39663.12
42096.31,41757.7,39663.12
42075.97,41757.7,39663.12
42056.36,41757.7,39663.12
42043.36,41757.7,39663.12
42032.54,41757.7,39663.12
42020.21,41757.7,39663.12
42009.7,41757.7,39663.12
42000.21,41757.7,39663.12
41989.48,41757.7,39663.12
41975.43,41757.7,39663.12
41960.22,41757.7,39663.12
41948.24,41757.7,39663.12
41930.49,41757.7,39663.12
41905.21,41757.7,39642.66
41879.72,41757.7,39615.71
41857.4,41757.7,39580.78
41840.78,41755.29,39549.7
41824.12,41726.85,39518.99
41813.72,41699.44,39494.0
41810.64,41693.64,39486.54
41812.6,41693.64,39485.14
41812.61,41693.64,39484.81
41824.34,41693.64,39491.37
41834.26,41693.64,39491.37
41838.340000000004,41693.64,39491.37
41839.0,41693.64,39491.37
41839.05,41693.64,39491.37
41836.32,41693.64,39491.37
41831.82,41693.64,39491.37
41822.8,41693.64,39491.37
41816.7,41693.64,39491.37
41810.79,41693.64,39491.37
41803.81,41693.64,39491.37
41795.61,41693.64,39491.37
41791.8,41693.64,39491.37
41791.71,41693.64,39491.37
41796.39,41693.64,39491.37
41801.590000000004,41693.64,39494.52
41826.89,41693.64,39505.7
41855.63,41693.64,39518.9
41878.0,41693.64,39527.16
41895.71,41693.64,39531.07
41917.7,41693.64,39535.69
41936.57,41693.64,39536.13
41947.46,41693.64,39539.72
41940.68,41693.64,39535.73
41932.21,41693.64,39535.73
41917.78,41693.64,39535.73
41901.08,41693.64,39535.73
41887.94,41693.64,39535.73
41883.71,41693.64,39535.73
41881.97,41693.64,39535.73
41882.7,41693.64,39535.73
41881.98,41693.64,39535.73
41880.49,41693.64,39535.73
41879.15,41693.64,39535.73
41877.37,41693.64,39535.73
41877.81,41693.64,39535.73
41882.52,41693.64,39535.73
41892.35,41693.64,39535.73
41892.33,41693.64,39535.73
41876.06,41693.64,39535.73
41857.31,41693.64,39535.73
41838.71,41693.64,39535.73
41820.21,41693.64,39535.73
41803.53,41693.64,39535.87
41788.56,41693.64,39539.85
41781.2,41693.64,39550.53
41780.32,41693.64,39567.06
41778.91,41693.64,39581.03
41776.82,41693.64,39592.22
41772.1,41693.64,39592.22
41764.0,41693.64,39592.22
41757.7,41693.64,39592.22
41761.95,41693.64,39592.22
41772.51,41693.64,39592.22
41780.3,41693.64,39592.22
41786.29,41693.64,39592.22
41790.7,41693.64,39592.22
41793.94,41693.64,39592.22
41798.5,41693.64,39592.22
41803.98,41693.64,39592.22
41810.18,41693.64,39592.22
41824.52,41693.64,39592.22
41847.35,41693.64,39595.01
41869.08,41693.64,39624.63
41888.98,41693.64,39664.48
41908.66,41693.64,39705.42
41927.56,41693.64,39743.69
41947.590000000004,41693.64,39784.48
41963.07,41693.64,39820.02
41965.64,41693.64,39852.46
41959.63,41693.64,39883.74
41956.06,41693.64,39915.41
41953.6,41693.64,39930.3
41949.95,41693.64,39932.01
41945.45,41693.64,39932.01
41950.35,41693.64,39932.01
41966.29,41693.64,39932.01
41978.02,41693.64,39932.01
41986.33,41693.64,39932.01
41996.65,41693.64,39932.01
41999.33,41693.64,39932.01
42006.79,41693.64,39932.01
42013.58,41693.64,39932.01
42024.04,41693.64,39932.01
42040.13,41693.64,39932.01
42057.06,41693.64,39932.01
42075.62,41693.64,39942.71
42092.090000000004,41693.64,39978.26
42105.07,41693.64,40020.63
42114.45,41693.64,40060.7
42126.72,41693.64,40098.47
42139.8,41693.64,40133.02
42150.67,41693.64,40164.63
42156.64,41693.64,40193.56
42154.82,41693.64,40225.64
42149.27,41693.64,40250.14
42144.1,41693.64,40256.55
42140.72,41693.64,40256.55
42137.59,41693.64,40256.55
42142.59,41693.64,40256.55
42159.31,41693.64,40256.55
42170.46,41693.64,40256.55
42175.31,41693.64,40256.55
42184.19,41693.64,40256.55
42190.3,41693.64,40256.55
42196.17,41693.64,40256.55
42202.78,41693.64,40256.55
42211.39,41693.64,40256.55
42220.49,41693.64,40256.55
42220.66,41693.64,40256.55
42212.97,41693.64,40256.55
42197.17,41693.64,40262.88
42164.34,41693.64,40253.6
42131.54,41693.64,40243.65
42100.05,41693.64,40235.23
42070.7,41693.64,40224.74
42040.6,41693.64,40215.86
42006.74,41693.64,40210.74
41976.32,41693.64,40211.71
41962.86,41693.64,40220.64
41961.86,41693.64,40232.2
41971.67,41693.64,40239.7
41979.86,41693.64,40241.05
41989.67,41693.64,40241.05
41992.89,41693.64,40241.05
41999.42,41693.64,40241.05
42001.71,41693.64,40241.05
42003.39,41693.64,40241.05
42008.55,41693.64,40241.05
42012.34,41693.64,40241.05
42015.59,41693.64,40241.05
42013.34,41693.64,40241.05
42004.77,41693.64,40241.05
41988.28,41693.64,40241.05
41974.81,41693.64,40241.05
41966.88,41693.64,40252.98
41956.6,41693.64,40266.16
41943.65,41693.64,40278.79
41929.31,41693.64,40289.65
41919.36,41693.64,40300.94
41913.83,41693.64,40318.76
41909.44,41693.64,40336.53
41911.29,41693.64,40363.64
41913.66,41693.64,40392.9
41926.66,41693.64,40414.31
41940.38,41693.64,40427.07
41951.64,41693.64,40433.97
41951.05,41693.64,40433.97
41940.79,41693.64,40433.97
41932.12,41693.64,40433.97
41922.8,41693.64,40433.97
41913.47,41693.64,40433.97
41906.35,41693.64,40433.97
41901.22,41693.64,40433.97
41896.32,41693.64,40433.97
41889.43,41693.64,40433.97
41884.0,41693.64,40433.97
41868.26,41693.64,40433.97
41849.06,41693.64,40433.97
41830.95,41693.64,40444.38
41812.37,41693.64,40459.9
41785.08,41693.64,40476.29
41755.29,41693.64,40488.67
41726.85,41693.64,40506.08
41699.44,41693.64,40524.22
41693.64,41693.64,40554.0
41698.22,41698.22,40591.29
41710.2,41710.2,40624.6
41720.06,41720.06,40645.37
41734.65,41734.65,40654.34
41753.79,41753.79,40658.03
41765.11,41765.11,40658.03
41769.75,41769.02,40658.03
41769.02,41769.02,40658.03
41776.83,41776.83,40658.03
41786.03,41786.03,40658.03
41800.36,41800.36,40658.03
41810.66,41810.66,40658.03
41825.4,41825.4,40658.03
41844.8,41844.8,40658.03
41864.75,41864.75,40658.03
41879.12,41879.12,40658.03
41901.28,41901.28,40658.03
41924.04,41924.04,40683.36
41947.99,41947.99,40719.14
41970.15,41970.15,40757.53
41986.46,41986.46,40791.4
42000.25,42000.25,40824.73
42011.05,42011.05,40856.37
42019.32,42019.32,40891.49
42033.4,42033.4,40933.52
42044.48,42044.48,40971.55
42054.1,42054.1,40990.33
42063.94,42061.64,40997.81
42065.4,42061.64,40998.48
42062.6,42061.64,40998.48
42061.64,42061.64,40998.48
42067.86,42067.86,40998.48
42080.46,42080.46,40998.48
42092.94,42092.94,40998.48
42106.5,42106.5,40998.48
42119.74,42119.74,40998.48
42132.64,42132.64,40998.48
42150.13,42150.13,40998.48
42167.7,42167.7,40998.48
42186.28,42186.28,40998.48
42220.52,42220.52,41005.44
42270.94,42270.94,41030.47
42311.34,42311.34,41055.04
42338.41,42338.41,41079.76
42366.5,42366.5,41103.94
42391.98,42391.98,41125.97
42414.27,42414.27,41141.84
42446.76,42446.76,41167.73
42476.83,42476.83,41207.37
42498.17,42498.17,41243.4
42511.75,42511.75,41266.35
42516.29,42516.29,41273.94
42523.84,42523.84,41276.95
42530.36,42530.36,41276.95
42547.07,42547.07,41276.95
42563.91,42563.91,41276.95
42581.96,42581.96,41276.95
42603.07,42603.07,41276.95
42619.9,42619.9,41276.95
42638.28,42638.28,41276.95
42656.74,42656.74,41276.95
42681.73,42681.73,41276.95
42717.31,42717.31,41276.95
42754.79,42754.79,41276.95
42804.91,42804.91,41288.57
42885.8,42885.8,41319.79
42973.45,42973.45,41353.62
43054.26,43054.26,41389.17
43136.47,43136.47,41427.65
43209.79,43209.79,41462.4
43279.32,43279.32,41490.64
43346.55,43346.55,41517.52
43408.65,43408.65,41546.14
43471.1,43471.1,41583.46
43511.65,43511.65,41601.82
43544.83,43544.83,41611.04
43573.61,43573.61,41616.1
43604.66,43604.66,41617.59
43643.05,43643.05,41617.59
43671.76,43671.76,41617.59
43704.67,43704.67,41621.45
43739.38,43739.38,41627.34
43771.68,43771.68,41634.84
43807.38,43807.38,41641.78
43839.57,43839.57,41647.32
43872.43,43872.43,41653.48
43904.19,43904.19,41655.73
43937.52,43937.52,41659.85
43982.32,43982.32,41681.93
44039.39,44039.39,41714.33
44093.12,44093.12,41756.94
44145.8,44145.8,41811.73
44198.03,44170.04,41864.72
44246.63,44170.04,41911.74
44292.83,44170.04,41955.51
44326.14,44170.04,41990.54
44362.58,44170.04,42022.0
44397.05,44170.04,42048.82
44434.16,44170.04,42074.48
44459.41,44170.04,42083.56
44476.94,44170.04,42083.56
44494.1,44170.04,42083.56
44513.06,44170.04,42083.56
44532.46,44170.04,42083.56
44544.25,44170.04,42083.56
44553.32,44170.04,42083.56
44560.19,44170.04,42083.56
44569.32,44170.04,42083.56
44576.68,44170.04,42083.56
44577.61,44170.04,42083.56
44574.89,44170.04,42079.73
44578.17,44170.04,42065.27
44574.5,44170.04,42049.79
44570.98,44170.04,42035.79
44568.39,44170.04,42023.95
44568.47,44170.04,42010.97
44571.01,44170.04,41992.19
44572.99,44170.04,41973.48
44577.31,44170.04,41955.87
44590.62,44129.97,41945.67
44598.89,44092.75,41942.27
44605.03,44064.82,41948.69
44616.58,44051.49,41960.55
44625.9,44036.51,41959.06
44639.48,44018.37,41956.95
44659.04,43996.52,41952.11
44669.18,43963.1,41948.53
44679.37,43931.65,41947.01
44692.62,43900.96,41941.92
44704.61,43864.41,41930.8
44717.47,43827.23,41917.27
44730.56,43791.84,41905.11
44743.66,43757.65,41897.1
44749.06,43726.76,41889.57
44750.86,43701.25,41882.16
44749.28,43671.44,41875.84
44732.91,43643.74,41863.0
44696.88,43631.62,41842.17
44671.14,43627.78,41824.45
44657.9,43625.99,41820.31
44644.74,43622.45,41812.86
44633.16,43618.43,41805.39
44628.72,43618.43,41801.32
44623.77,43618.43,41794.37
44633.47,43615.89,41799.4
44652.42,43614.92,41813.12
44672.090000000004,43593.85,41815.06
44691.18,43575.12,41814.68
44716.36,43567.48,41814.68
44733.9,43559.16,41814.68
44736.53,43547.82,41814.68
44740.47,43520.72,41814.68
44748.74,43484.52,41814.68
44752.06,43439.77,41814.68
44760.43,43395.81,41814.68
44769.65,43354.86,41814.68
44780.82,43310.43,41814.68
44787.01,43278.0,41814.68
44782.86,43266.06,41814.68
44775.77,43258.99,41814.68
44754.98,43245.57,41807.95
44699.32,43219.2,41774.55
44638.18,43189.35,41732.39
44585.91,43160.69,41690.92
44530.48,43126.06,41646.7
44484.98,43091.59,41602.12
44442.97,43060.8,41559.86
44402.75,43030.58,41520.46
44366.35,43002.82,41487.6
44327.28,42977.11,41471.05
44303.68,42948.53,41471.05
44284.96,42918.36,41470.82
44277.35,42894.88,41470.82
44272.47,42870.49,41470.82
44258.49,42840.3,41470.82
44256.7,42805.74,41470.82
44251.79,42778.04,41470.82
44240.56,42752.45,41470.82
44230.19,42724.62,41470.82
44215.63,42691.4,41470.82
44201.83,42656.95,41470.82
44188.28,42627.53,41470.82
44175.840000000004,42609.25,41470.82
44171.98,42597.35,41470.82
44171.6,42590.38,41470.82
44170.04,42590.38,41470.82
44174.75,42590.38,41470.42
44187.32,42590.38,41476.67
44202.73,42590.38,41483.48
44220.22,42590.38,41493.7
44244.56,42590.38,41502.98
44269.8,42590.38,41513.37
44282.8,42590.38,41518.54
44288.55,42590.38,41518.54
44284.51,42590.38,41518.54
44275.5,42590.38,41518.54
44265.42,42590.38,41518.54
44258.19,42590.38,41518.54
44251.71,42590.38,41518.54
44252.36,42590.38,41518.54
44253.4,42590.38,41518.54
44257.38,42590.38,41518.54
44262.44,42590.38,41518.54
44265.12,42590.38,41518.54
44268.92,42590.38,41518.54
44268.67,42590.38,41518.54
44260.21,42590.38,41518.54
44252.5,42590.38,41518.54
44252.88,42590.38,41518.54
44255.78,42590.38,41515.19
44260.94,42590.38,41514.71
44268.32,42590.38,41515.64
44272.58,42590.38,41522.5
44277.08,42590.38,41536.38
44275.9,42590.38,41546.34
44273.05,42590.38,41547.95
44281.3,42590.38,41562.28
44294.94,42590.38,41581.11
44307.58,42590.38,41581.11
44312.26,42590.38,41581.11
44311.8,42590.38,41581.11
44307.4,42590.38,41581.11
44309.95,42590.38,41581.11
44321.68,42590.38,41581.11
44336.11,42590.38,41581.11
44355.49,42590.38,41581.11
44374.81,42590.38,41581.11
44391.97,42590.38,41581.11
44412.93,42590.38,41581.11
44422.9,42590.38,41581.11
44414.31,42590.38,41581.11
44402.91,42590.38,41581.11
44399.74,42590.38,41581.11
44411.1,42590.38,41592.7
44421.47,42590.38,41597.35
44431.44,42590.38,41591.62
44444.72,42590.38,41581.32
44458.23,42590.38,41571.11
44463.12,42590.38,41553.46
44467.840000000004,42590.38,41538.0
44471.2,42590.38,41521.34
44480.25,42590.38,41502.62
44495.87,42590.38,41495.51
44505.16,42590.38,41487.93
44495.24,42590.38,41480.27
44488.77,42590.38,41480.27
44494.98,42590.38,41480.27
44504.0,42590.38,41480.27
44505.75,42590.38,41480.27
44507.43,42590.38,41480.27
44509.74,42590.38,41480.27
44516.76,42590.38,41480.27
44523.61,42590.38,41480.27
44524.96,42590.38,41480.27
44511.75,42590.38,41480.27
44483.72,42590.38,41480.27
44472.86,42590.38,41480.27
44476.74,42590.38,41477.6
44485.25,42590.38,41471.87
44496.36,42590.38,41464.13
44507.18,42590.38,41459.0
44508.35,42590.38,41448.48
44506.57,42590.38,41435.53
44506.02,42590.38,41419.5
44504.77,42590.38,41404.2
44510.26,42590.38,41400.01
44534.71,42590.38,41400.01
44550.92,42590.38,41400.01
44551.52,42590.38,41400.01
44549.34,42590.38,41400.01
44553.98,42590.38,41400.01
44554.75,42590.38,41400.01
44551.44,42590.38,41400.01
44542.15,42590.38,41400.01
44533.62,42590.38,41400.01
44523.92,42590.38,41400.01
44516.21,42590.38,41400.01
44514.74,42590.38,41400.01
44496.73,42590.38,41400.01
44458.14,42590.38,41400.01
44420.32,42590.38,41400.01
44385.22,42590.38,41397.68
44353.33,42590.38,41390.57
44319.25,42590.38,41374.89
44275.87,42590.38,41356.36
44231.99,42590.38,41333.49
44180.1,42590.38,41307.17
44129.97,42590.38,41287.08
44092.75,42590.38,41278.18
44064.82,42590.38,41277.54
44051.49,42590.38,41277.54
44036.51,42590.38,41275.67
44018.37,42590.38,41275.67
43996.52,42590.38,41275.67
43963.1,42590.38,41275.67
43931.65,42590.38,41275.67
43900.96,42590.38,41275.67
43864.41,42590.38,41275.67
43827.23,42590.38,41275.67
43791.840000000004,42590.38,41275.67
43757.65,42590.38,41275.67
43726.76,42590.38,41275.67
43701.25,42590.38,41275.67
43671.44,42590.38,41275.67
43643.74,42590.38,41275.67
43631.62,42590.38,41276.45
43627.78,42590.38,41282.62
43625.99,42590.38,41288.11
43622.45,42590.38,41295.95
43618.43,42590.38,41304.25
43620.78,42590.38,41316.51
43620.43,42590.38,41328.16
43615.89,42590.38,41334.77
43614.92,42590.38,41337.6
43593.85,42590.38,41337.6
43575.12,42590.38,41337.6
43567.48,42590.38,41337.6
43559.16,42590.38,41337.6
43547.82,42590.38,41337.6
43520.72,42590.38,41337.6
43484.52,42590.38,41337.6
43439.77,42590.38,41337.6
43395.81,42590.38,41337.6
43354.86,42590.38,41337.6
43310.43,42590.38,41337.6
43278.0,42590.38,41337.6
43266.06,42590.38,41337.6
43258.99,42590.38,41337.6
43245.57,42590.38,41337.6
43219.2,42590.38,41339.35
43189.35,42590.38,41346.82
43160.69,42590.38,41354.92
43126.06,42590.38,41359.42
43091.59,42590.38,41358.35
43060.8,42590.38,41359.25
43030.58,42590.38,41359.54
43002.82,42590.38,41357.26
42977.11,42590.38,41357.26
42948.53,42590.38,41357.26
42918.36,42590.38,41357.26
42894.88,42590.38,41357.26
42870.49,42590.38,41357.26
42840.3,42590.38,41357.26
42805.74,42590.38,41357.26
42778.04,42590.38,41357.26
42752.45,42590.38,41357.26
42724.62,42590.38,41357.26
42691.4,42590.38,41357.26
42656.95,42590.38,41357.26
42627.53,42590.38,41357.26
42609.25,42590.38,41357.26
42597.35,42590.38,41357.26
42590.38,42590.38,41357.26
42597.48,42597.48,41361.52
42603.52,42603.52,41368.03
42607.91,42607.91,41372.38
42615.14,42615.14,41378.61
42634.05,42634.05,41390.81
42654.98,42641.88,41401.22
42675.13,42641.88,41406.74
42695.07,42641.88,41412.15
42707.44,42641.88,41408.78
42689.34,42641.88,41404.62
42668.1,42641.88,41392.56
42660.28,42641.88,41381.21
42651.11,42641.88,41381.21
42644.59,42641.88,41381.21
42641.88,42641.88,41381.21
42643.56,42643.56,41381.21
42655.74,42655.74,41381.21
42667.51,42667.51,41381.21
42678.92,42678.92,41381.21
42687.5,42687.5,41381.21
42689.53,42689.53,41381.21
42703.97,42703.97,41381.21
42721.75,42721.75,41384.03
42737.06,42737.06,41388.2
42744.19,42744.19,41394.56
42752.96,42752.96,41402.91
42766.95,42766.95,41415.93
42795.13,42795.13,41435.13
42829.7,42829.7,41452.43
42861.59,42861.59,41469.69
42886.71,42886.71,41486.61
42912.71,42912.71,41502.18
42934.36,42934.36,41511.99
42938.63,42938.63,41507.76
42944.88,42944.88,41498.04
42952.92,42952.92,41495.78
42960.03,42960.03,41495.78
42975.55,42975.55,41495.78
42996.43,42996.43,41495.78
43021.96,43021.96,41495.78
43050.46,43045.55,41497.94
43078.29,43045.55,41503.01
43104.71,43045.55,41506.94
43125.49,43045.55,41507.69
43142.659999999996,43045.55,41508.13
43161.659999999996,43045.55,41508.75
43178.88,43045.55,41509.95
43196.07,43045.55,41518.06
43209.14,43045.55,41530.13
43207.72,43045.55,41537.4
43192.89,43045.55,41545.17
43176.88,43045.55,41555.78
43162.56,43045.55,41568.84
43144.54,43045.55,41583.57
43131.08,43045.55,41599.46
43119.09,43045.55,41613.52
43105.6,43045.55,41619.24
43102.55,43045.55,41615.16
43094.92,43045.55,41601.95
43077.409999999996,43045.55,41586.58
43059.92,43045.55,41586.45
43046.24,43045.55,41586.45
43045.55,43045.55,41586.45
43051.2,43051.2,41586.45
43065.05,43065.05,41586.45
43077.31,43076.77,41586.45
43091.49,43076.77,41586.45
43106.24,43076.77,41586.45
43121.17,43076.77,41586.45
43136.2,43076.77,41586.45
43140.8,43076.77,41586.45
43152.39,43076.77,41588.8
43170.1,43076.77,41618.57
43186.9,43076.77,41657.55
43200.81,43076.77,41696.04
43218.61,43076.77,41737.4
43235.63,43076.77,41779.35
43252.75,43076.77,41820.94
43267.07,43076.77,41861.05
43276.61,43076.77,41895.62
43280.5,43076.77,41913.99
43280.57,43076.77,41912.92
43285.43,43076.77,41913.11
43291.66,43076.77,41914.17
43297.35,43076.77,41914.17
43303.57,43076.77,41914.17
43313.54,43076.77,41914.17
43324.57,43076.77,41914.17
43336.16,43076.77,41914.17
43349.74,43076.77,41914.17
43361.84,43076.77,41914.17
43368.76,43076.77,41914.17
43373.83,43076.77,41914.17
43381.3,43076.77,41914.17
43386.76,43076.77,41915.08
43387.89,43076.77,41915.08
43382.93,43076.77,41899.54
43376.29,43076.77,41877.9
43360.36,43076.77,41853.07
43340.44,43076.77,41825.29
43310.09,43076.77,41795.04
43273.9,43071.62,41765.67
43240.9,43049.13,41738.32
43219.18,43032.28,41716.09
43207.02,43026.14,41702.16
43197.69,43020.06,41690.94
43187.2,43020.06,41678.81
43170.51,43020.06,41668.63
43159.17,43020.06,41666.12
43146.93,43014.56,41666.12
43132.65,43007.53,41666.12
43119.67,43002.41,41666.12
43107.409999999996,42995.65,41666.12
43096.03,42985.32,41666.12
43088.59,42978.11,41666.12
43083.73,42972.37,41666.12
43079.89,42964.47,41666.12
43076.77,42960.18,41666.12
43083.31,42952.06,41665.76
43093.03,42952.06,41665.76
43119.94,42952.06,41671.13
43146.1,42952.06,41673.42
43166.95,42952.06,41671.26
43175.74,42952.06,41663.67
43174.659999999996,42952.06,41649.63
43175.78,42952.06,41644.26
43182.97,42952.06,41635.82
43183.5,42952.06,41610.3
43186.72,42940.31,41581.77
43185.55,42925.22,41561.89
43182.05,42911.5,41537.91
43176.94,42893.26,41516.79
43180.97,42873.73,41507.19
43177.25,42862.81,41507.19
43165.8,42862.68,41507.19
43152.98,42852.58,41507.19
43142.409999999996,42830.56,41498.79
43132.75,42810.97,41490.6
43125.51,42783.93,41476.05
43121.63,42754.97,41461.41
43121.34,42723.45,41445.89
43119.57,42699.65,41435.18
43121.15,42678.64,41421.0
43130.47,42650.18,41397.54
43149.17,42618.99,41365.35
43173.92,42594.71,41349.76
43202.49,42575.91,41353.56
43230.57,42559.33,41363.6
43253.22,42544.13,41375.78
43276.659999999996,42530.58,41395.23
43297.13,42513.5,41407.5
43314.87,42498.99,41420.87
43333.88,42489.24,41430.33
43341.77,42485.78,41425.84
43348.84,42483.96,41418.44
43359.92,42483.96,41421.64
43369.41,42483.96,41421.64
43367.03,42481.49,41421.64
43359.26,42471.78,41421.64
43349.18,42468.52,41421.64
43336.54,42458.74,41421.64
43323.9,42449.73,41421.64
43309.14,42436.11,41418.43
43295.03,42418.17,41415.59
43281.38,42400.35,41414.96
43266.72,42390.6,41414.96
43256.93,42390.05,41414.96
43257.5,42382.34,41414.96
43280.5,42374.01,41423.6
43308.57,42355.83,41431.44
43335.12,42342.19,41442.63
43359.59,42334.37,41460.13
43386.54,42331.44,41481.29
43408.12,42326.46,41501.86
43429.12,42323.19,41524.03
43448.58,42317.97,41545.42
43454.89,42317.36,41556.53
43449.31,42317.36,41556.53
43432.8,42317.36,41556.53
43414.23,42317.36,41556.53
43402.28,42304.81,41555.59
43394.24,42302.85,41555.59
43391.37,42302.85,41555.59
43388.12,42302.85,41555.59
43384.54,42302.85,41555.59
43379.31,42302.85,41555.59
43373.96,42295.06,41555.59
43371.51,42275.4,41555.39
43372.3,42253.38,41554.89
43370.99,42243.79,41554.89
43372.77,42243.79,41554.89
43367.79,42243.79,41554.89
43360.02,42243.79,41541.71
43352.91,42243.79,41520.84
43353.85,42243.79,41516.32
43357.01,42243.79,41533.33
43360.94,42243.79,41554.73
43368.34,42243.79,41573.6
43371.5,42243.79,41584.46
43369.61,42243.79,41584.92
43364.68,42243.79,41583.66
43359.11,42243.79,41583.66
43353.56,42243.79,41586.01
43352.66,42243.79,41586.01
43354.08,42243.79,41586.01
43351.09,42243.79,41586.01
43346.83,42243.79,41586.01
43345.63,42243.79,41586.01
43343.9,42243.79,41586.01
43340.37,42243.79,41586.01
43334.76,42243.79,41586.01
43329.8,42243.79,41586.01
43325.25,42243.79,41586.01
43317.23,42243.79,41586.01
43301.01,42243.79,41586.01
43283.24,42243.79,41586.01
43262.53,42243.79,41586.01
43245.44,42243.79,41586.01
43237.02,42243.79,41584.06
43232.7,42243.79,41579.55
43233.44,42243.79,41568.27
43238.51,42243.79,41553.28
43242.4,42243.79,41544.29
43247.14,42243.79,41542.14
43240.38,42243.79,41542.14
43224.46,42243.79,41542.14
43205.26,42243.79,41542.14
43185.7,42243.79,41541.63
43169.88,42243.79,41540.0
43164.33,42243.79,41540.0
43163.78,42243.79,41540.0
43161.17,42243.79,41540.0
43159.12,42243.79,41540.0
43158.37,42243.79,41540.0
43151.22,42243.79,41540.0
43147.44,42243.79,41540.0
43145.37,42243.79,41540.0
43141.61,42243.79,41540.0
43132.46,42243.79,41540.0
43129.42,42243.79,41540.0
43122.34,42243.79,41540.0
43116.28,42243.79,41540.0
43113.49,42243.79,41540.0
43117.48,42243.79,41540.0
43131.71,42243.79,41544.84
43149.21,42243.79,41551.09
43164.37,42243.79,41557.1
43175.04,42243.79,41562.55
43178.03,42243.79,41562.55
43176.89,42243.79,41562.55
43176.23,42243.79,41562.55
43177.75,42243.79,41562.55
43181.22,42243.79,41562.55
43187.1,42243.79,41562.55
43190.48,42243.79,41562.55
43198.61,42243.79,41562.55
43207.13,42243.79,41562.55
43216.44,42243.79,41562.55
43225.74,42243.79,41562.55
43234.12,42243.79,41561.33
43242.46,42243.79,41561.33
43245.7,42243.79,41561.33
43246.89,42243.79,41561.33
43241.4,42243.79,41561.33
43216.21,42243.79,41561.33
43186.78,42243.79,41561.33
43158.64,42243.79,41561.33
43129.57,42243.79,41561.33
43097.91,42243.79,41561.33
43071.62,42243.79,41561.33
43049.13,42243.79,41562.55
43032.28,42243.79,41564.75
43026.14,42243.79,41569.58
43020.06,42243.79,41571.98
43021.24,42243.79,41583.65
43023.44,42243.79,41594.82
43021.48,42243.79,41594.82
43014.56,42243.79,41594.82
43007.53,42243.79,41594.82
43002.41,42243.79,41594.82
42995.65,42243.79,41594.82
42985.32,42243.79,41594.82
42978.11,42243.79,41594.82
42972.37,42243.79,41594.82
42964.47,42243.79,41594.82
42960.18,42243.79,41594.82
42952.06,42243.79,41594.82
42954.25,42243.79,41594.82
42960.39,42243.79,41605.07
42963.1,42243.79,41619.79
42961.91,42243.79,41635.17
42963.3,42243.79,41651.43
42966.53,42243.79,41671.34
42975.79,42243.79,41691.55
42975.55,42243.79,41710.55
42960.46,42243.79,41724.28
42940.31,42243.79,41732.98
42925.22,42243.79,41738.2
42911.5,42243.79,41749.08
42893.26,42243.79,41752.74
42873.73,42243.79,41752.74
42862.81,42243.79,41752.74
42862.68,42243.79,41752.74
42852.58,42243.79,41752.74
42830.56,42243.79,41752.74
42810.97,42243.79,41752.74
42783.93,42243.79,41752.74
42754.97,42243.79,41752.74
42723.45,42243.79,41752.74
42699.65,42243.79,41752.74
42678.64,42243.79,41752.74
42650.18,42243.79,41752.74
42618.99,42243.79,41754.07
42594.71,42243.79,41742.12
42575.91,42243.79,41722.24
42559.33,42243.79,41710.83
42544.13,42243.79,41703.08
42530.58,42243.79,41692.73
42513.5,42243.79,41684.02
42498.99,42243.79,41680.93
42489.24,42243.79,41681.49
42485.78,42243.79,41689.85
42483.96,42243.79,41703.65
42493.87,42243.79,41719.68
42493.72,42243.79,41720.63
42481.49,42243.79,41720.63
42471.78,42243.79,41720.63
42468.52,42243.79,41720.63
42458.74,42243.79,41720.63
42449.73,42243.79,41720.63
42436.11,42243.79,41720.63
42418.17,42243.79,41720.63
42400.35,42243.79,41720.63
42390.6,42243.79,41720.63
42390.05,42243.79,41720.63
42382.34,42243.79,41720.63
42374.01,42243.79,41720.63
42355.83,42243.79,41717.32
42342.19,42243.79,41717.54
42334.37,42243.79,41717.54
42331.44,42243.79,41717.54
42326.46,42243.79,41717.54
42323.19,42243.79,41717.54
42317.97,42243.79,41717.54
42317.36,42243.79,41717.54
42321.39,42243.79,41719.05
42325.8,42243.79,41721.95
42321.25,42243.79,41721.95
42304.81,42243.79,41721.95
42302.85,42243.79,41721.95
42311.5,42243.79,41721.95
42315.94,42243.79,41721.95
42315.55,42243.79,41721.95
42308.03,42243.79,41721.95
42295.06,42243.79,41721.95
42275.4,42243.79,41721.95
42253.38,42243.79,41721.95
42243.79,42243.79,41721.95
42250.05,42248.97,41721.95
42257.14,42248.97,41721.95
42254.84,42248.97,41737.94
42248.97,42248.97,41763.01
42253.35,42253.35,41790.69
42278.25,42278.25,41820.35
42305.09,42305.09,41851.63
42324.58,42324.58,41882.52
42339.56,42339.56,41911.63
42349.68,42349.68,41935.84
42358.14,42358.14,41951.96
42379.85,42379.85,41965.43
42402.54,42402.54,41980.03
42416.2,42416.2,41992.98
42429.71,42429.71,41998.44
42455.1,42455.1,41998.72
42475.99,42475.99,41998.72
42490.94,42490.94,41998.72
42505.45,42505.45,41998.72
42521.16,42521.16,41998.72
42534.59,42534.59,41998.72
42547.07,42547.07,41998.72
42558.7,42558.7,41998.72
42571.29,42571.29,41998.72
42594.57,42594.57,42002.37
42612.27,42612.27,42002.97
42626.15,42626.15,42011.18
42638.8,42638.8,42027.34
42651.17,42651.17,42048.19
42659.15,42652.33,42067.39
42660.83,42652.33,42088.81
42652.33,42652.33,42104.58
42658.97,42658.97,42128.69
42682.87,42682.87,42162.83
42713.54,42713.54,42197.51
42738.44,42738.44,42223.85
42762.24,42762.24,42254.75
42780.35,42780.35,42282.92
42785.61,42783.95,42299.87
42785.63,42783.95,42304.48
42783.95,42783.95,42304.48
42796.78,42796.78,42307.62
42819.32,42819.32,42324.26
42835.22,42835.22,42341.38
42856.8,42856.8,42365.63
42880.16,42880.16,42390.44
42905.82,42905.82,42417.12
42929.85,42929.85,42439.2
42966.53,42966.53,42464.85
43021.01,43021.01,42500.72
43085.28,43085.28,42545.74
43141.53,43141.53,42585.78
43187.59,43187.59,42617.04
43229.63,43229.63,42647.17
43264.24,43264.24,42676.55
43290.23,43290.23,42700.66
43324.86,43324.86,42728.58
43359.37,43359.37,42752.21
43391.51,43391.51,42773.45
43420.99,43420.99,42796.45
43439.85,43439.85,42822.93
43444.42,43444.42,42839.96
43445.86,43445.86,42851.85
43458.82,43458.82,42864.89
43476.02,43476.02,42871.34
43478.39,43478.39,42874.16
43485.48,43483.99,42884.86
43483.99,43483.99,42896.06
43491.17,43491.17,42917.47
43493.3,43493.3,42939.38
43499.23,43499.23,42959.42
43504.4,43504.4,42972.99
43518.12,43518.12,42981.4
43537.03,43537.03,42990.58
43563.86,43563.86,43007.34
43603.37,43603.37,43038.43
43636.02,43636.02,43068.77
43651.94,43651.94,43091.86
43653.09,43653.09,43106.24
43661.48,43661.48,43120.57
43673.37,43673.37,43135.45
43692.34,43692.34,43156.88
43704.06,43704.06,43174.32
43709.2,43709.2,43189.91
43713.19,43713.19,43206.21
43723.46,43723.46,43226.31
43743.25,43743.25,43249.44
43757.31,43757.31,43257.7
43761.63,43761.63,43257.7
43767.35,43767.35,43257.7
43779.63,43779.63,43261.91
43802.73,43802.73,43274.01
43834.53,43834.53,43291.33
43874.68,43874.68,43314.68
43919.08,43919.08,43338.77
43953.62,43953.62,43353.54
43981.31,43981.31,43357.62
44007.79,44007.79,43367.79
44047.92,44047.92,43406.17
44085.7,44085.7,43457.28
44109.0,44109.0,43500.88
44112.1,44112.1,43525.91
44116.54,44116.54,43551.09
44127.32,44127.32,43583.18
44148.41,44148.41,43618.01
44180.15,44180.15,43652.77
44213.2,44213.2,43681.42
44234.56,44234.56,43695.18
44248.85,44248.85,43709.04
44270.27,44270.27,43730.46
44291.49,44291.49,43744.55
44306.02,44306.02,43744.55
44321.07,44321.07,43744.55
44336.37,44336.37,43744.55
44352.89,44352.89,43746.41
44368.73,44368.73,43750.88
44385.47,44385.47,43756.59
44404.34,44394.58,43763.53
44424.57,44394.58,43772.3
44439.52,44394.58,43778.85
44447.25,44394.58,43782.13
44449.11,44394.58,43788.35
44437.39,44394.58,43806.07
44419.57,44394.58,43833.06
44401.91,44394.58,43864.97
44394.58,44394.58,43899.59
44398.85,44398.85,43943.01
44408.53,44408.53,43990.8
44412.7,44412.7,44031.8
44414.79,44414.79,44065.77
44432.19,44432.19,44093.13
44469.18,44469.18,44118.77
44501.37,44501.37,44149.92
44530.75,44530.75,44184.0
44566.89,44566.89,44219.82
44600.83,44600.83,44248.2
44636.44,44636.44,44267.72
44676.159999999996,44676.16,44281.63
44724.54,44724.54,44299.49
44780.35,44780.35,44324.48
44845.38,44845.38,44350.81
44910.77,44910.77,44376.03
44970.64,44954.63,44400.6
45006.46,44954.63,44422.03
45022.56,44954.63,44434.74
45023.59,44954.63,44440.57
45005.73,44954.63,44445.3
44977.17,44954.63,44447.49
44959.25,44954.63,44451.32
44954.63,44954.63,44463.38
44958.13,44958.13,44481.9
44966.23,44966.23,44500.87
44968.659999999996,44968.66,44518.03
44973.93,44973.93,44531.67
45000.21,45000.21,44545.21
45044.38,45044.38,44563.34
45083.43,45083.43,44595.74
45125.48,45125.48,44633.08
45168.87,45168.87,44668.46
45205.56,45205.56,44693.59
45240.26,45240.26,44707.69
45292.78,45292.78,44732.56
45340.49,45340.49,44760.15
45400.66,45400.66,44797.22
45461.1,45461.1,44834.78
45526.4,45526.4,44878.62
45582.48,45582.48,44916.8
45614.88,45614.88,44949.2
45627.25,45627.25,44967.87
45632.22,45630.22,44981.75
45630.6,45630.22,44991.91
45630.22,45630.22,45002.94
45642.26,45642.26,45019.85
45664.64,45664.64,45043.95
45690.56,45690.56,45079.1
45723.34,45723.34,45108.06
45762.909999999996,45762.91,45134.08
45803.34,45803.34,45158.96
45844.23,45844.23,45186.66
45894.6,45894.6,45219.42
45935.06,45935.06,45253.83
45966.31,45966.31,45286.81
45996.33,45996.33,45313.43
46027.54,46027.54,45331.09
46067.64,46067.64,45349.34
46108.24,46108.24,45366.82
46146.47,46146.47,45383.22
46181.42,46181.42,45396.66
46215.11,46215.11,45406.43
46247.08,46247.08,45413.88
46273.44,46265.31,45418.0
46295.14,46265.31,45423.72
46285.18,46265.31,45424.9
46271.89,46265.31,45424.85
46265.31,46265.31,45433.18
46274.1,46274.1,45453.89
46299.48,46299.48,45477.91
46329.73,46329.73,45493.85
46358.57,46358.57,45511.79
46377.57,46377.57,45527.56
46387.56,46387.56,45538.93
46390.58,46390.58,45545.24
46407.71,46407.71,45562.52
46439.9,46439.9,45576.79
46477.31,46477.31,45598.27
46512.23,46512.23,45620.15
46540.0,46540.0,45628.63
46560.88,46560.88,45628.8
46577.83,46577.83,45626.94
46601.2,46601.2,45626.31
46629.86,46629.86,45627.54
46658.84,46658.84,45620.53
46690.86,46690.86,45611.12
46718.75,46718.75,45602.24
46747.81,46747.81,45593.75
46774.98,46774.98,45587.98
46784.86,46784.86,45580.71
46794.07,46794.07,45573.33
46833.14,46833.14,45585.96
46895.41,46895.41,45608.88
46970.71,46970.71,45630.82
47039.6,47039.6,45643.65
47106.51,47106.51,45654.49
47173.06,47173.06,45658.94
47235.96,47235.96,45665.25
47295.84,47295.84,45672.88
47335.69,47335.69,45670.93
47353.77,47353.77,45649.51
47382.08,47382.08,45623.31
47407.61,47350.92,45598.66
47429.74,47280.36,45569.96
47447.78,47203.64,45534.62
47464.13,47121.87,45492.79
47477.75,47040.53,45454.45
47490.23,46957.43,45415.33
47499.77,46873.48,45376.53
47501.55,46789.81,45339.01
47501.0,46711.51,45302.05
47503.23,46637.96,45268.08
47522.27,46574.61,45229.93
47544.86,46517.33,45195.12
47571.29,46466.44,45161.55
47610.47,46423.68,45141.38
47661.65,46388.51,45136.96
47705.98,46353.87,45124.07
47741.77,46312.3,45105.03
47775.05,46272.76,45086.24
47807.24,46242.84,45067.19
47841.64,46210.1,45049.97
47873.38,46170.7,45027.37
47893.36,46113.23,44990.57
47904.6,46040.0,44955.51
47932.28,45962.29,44906.61
47961.23,45888.31,44855.66
47984.51,45816.07,44803.97
48007.19,45745.84,44761.33
48024.35,45681.79,44728.52
48035.65,45627.42,44699.59
48054.09,45576.37,44673.72
48071.61,45525.33,44647.51
48089.49,45474.02,44620.2
48108.26,45414.78,44588.93
48127.65,45352.94,44559.49
48156.33,45295.55,44525.94
48172.159999999996,45249.6,44493.79
48184.76,45209.22,44465.1
48194.9,45170.67,44438.33
48201.03,45123.21,44402.28
48207.61,45071.18,44355.12
48222.34,45021.44,44307.1
48245.9,44974.7,44269.59
48255.59,44914.37,44218.91
48261.3,44852.82,44173.5
48275.65,44785.2,44132.96
48297.75,44704.66,44095.66
48322.55,44632.62,44062.14
48351.75,44555.55,44019.42
48382.95,44481.19,43977.21
48412.35,44410.05,43938.45
48437.82,44347.12,43907.0
48459.57,44287.63,43884.41
48469.26,44237.12,43863.75
48477.92,44180.31,43838.49
48486.24,44113.74,43794.46
48494.99,44046.96,43750.38
48507.25,43979.89,43708.39
48518.88,43915.55,43667.43
48535.77,43854.56,43627.96
48573.86,43794.05,43581.93
48611.78,43741.18,43542.3
48659.55,43690.41,43506.44
48714.01,43630.18,43458.13
48762.409999999996,43568.35,43394.94
48808.58,43517.25,43329.53
48851.4,43456.53,43257.91
48903.31,43395.74,43193.89
48960.61,43337.47,43137.0
49014.4,43279.52,43082.34
49051.77,43225.42,43043.81
49080.4,43180.96,43024.02
49099.61,43133.35,43001.48
49113.68,43086.14,42972.56
49126.8,43050.33,42948.9
49141.19,43018.29,42931.23
49163.99,42990.69,42920.29
49188.49,42971.47,42914.99
49210.33,42941.3,42899.28
49235.45,42917.18,42878.98
49258.39,42895.4,42861.0
49279.51,42864.96,42837.38
49297.83,42829.5,42809.67
49306.19,42791.49,42779.95
49324.28,42758.65,42750.37
49339.38,42725.24,42714.28
49336.79,42690.33,42671.85
49320.63,42653.61,42622.96
49296.3,42629.27,42581.93
49282.19,42606.32,42541.97
49266.69,42583.06,42503.57
49241.93,42572.35,42472.41
49223.24,42558.36,42441.26
49210.229999999996,42542.48,42416.16
49216.28,42526.3,42403.61
49239.18,42525.7,42403.61
49251.05,42520.51,42390.83
49263.9,42520.51,42381.16
49275.2,42520.51,42376.93
49292.12,42520.51,42376.93
49302.92,42520.51,42376.93
49300.54,42520.51,42376.93
49292.35,42520.51,42376.93
49286.3,42520.51,42375.9
49279.22,42520.51,42371.95
49276.58,42520.51,42362.35
49279.67,42520.51,42350.11
49278.0,42520.51,42329.86
49267.14,42520.51,42315.58
49254.74,42520.51,42298.29
49241.62,42520.51,42272.22
49229.39,42503.56,42231.27
49214.82,42479.28,42192.7
49195.84,42453.12,42156.91
49182.52,42426.72,42123.47
49179.43,42404.05,42094.93
49181.26,42388.11,42074.58
49188.95,42382.19,42066.31
49202.2,42382.19,42066.31
49205.26,42382.19,42066.31
49206.159999999996,42382.19,42064.48
49204.71,42382.19,42060.9
49205.72,42382.19,42057.0
49202.49,42382.19,42057.0
49200.03,42382.19,42057.0
49189.29,42382.19,42057.0
49179.35,42382.19,42057.0
49157.73,42382.19,42052.13
49135.09,42382.19,42042.88
49112.09,42381.24,42032.3
49089.78,42356.39,42013.09
49073.87,42332.37,41990.37
49069.75,42310.68,41965.41
49063.5,42293.01,41945.54
49059.94,42284.9,41931.15
49058.1,42284.9,41920.77
49045.75,42284.9,41913.52
49014.56,42284.9,41894.81
48980.76,42284.9,41871.62
48944.14,42277.12,41840.71
48904.84,42259.81,41814.92
48860.48,42236.93,41788.16
48829.29,42216.65,41766.05
48799.31,42207.51,41758.56
48776.16,42207.51,41756.7
48750.9,42207.51,41754.48
48715.87,42207.51,41746.61
48676.49,42207.51,41746.61
48633.9,42207.51,41746.61
48597.97,42207.14,41746.61
48564.09,42195.74,41742.94
48519.54,42195.27,41731.5
48469.44,42195.27,41720.71
48416.68,42195.27,41712.2
48366.32,42195.27,41704.95
48315.61,42195.27,41704.95
48266.25,42195.27,41702.71
48218.51,42195.27,41700.24
48163.53,42195.27,41695.16
48096.72,42195.27,41687.26
48020.56,42195.27,41678.59
47942.03,42195.27,41670.7
47868.0,42195.27,41659.78
47789.73,42195.27,41642.04
47710.53,42195.27,41620.95
47638.16,42195.27,41602.22
47572.91,42195.27,41602.22
47500.05,42195.27,41602.22
47423.64,42195.27,41602.22
47350.92,42195.27,41583.22
47280.36,42195.27,41564.54
47203.64,42195.27,41557.22
47121.87,42195.27,41550.51
47040.53,42195.27,41550.51
46957.43,42195.27,41550.51
46873.48,42195.27,41550.51
46789.81,42195.27,41550.51
46711.51,42195.27,41550.51
46637.96,42195.27,41550.51
46574.61,42195.27,41547.54
46517.33,42195.27,41542.37
46466.44,42195.27,41539.25
46423.68,42195.27,41537.26
46388.51,42195.27,41535.48
46353.87,42195.27,41528.78
46312.3,42195.27,41510.92
46272.76,42195.27,41485.73
46242.84,42195.27,41460.83
46210.1,42195.27,41437.08
46170.7,42195.27,41415.31
46113.23,42195.27,41405.92
46040.0,42195.27,41403.04
45962.29,42195.27,41393.32
45888.31,42195.27,41378.01
45816.07,42195.27,41362.18
45745.84,42195.27,41358.53
45681.79,42195.27,41358.47
45627.42,42195.27,41352.07
45576.37,42162.54,41338.94
45525.33,42129.81,41321.01
45474.02,42099.85,41303.22
45414.78,42076.85,41286.58
45352.94,42058.96,41271.85
45295.55,42048.9,41257.01
45249.6,42034.31,41243.38
45209.22,42026.7,41233.88
45170.67,42024.6,41221.09
45123.21,42024.6,41205.61
45071.18,42024.6,41181.73
45021.44,42024.6,41158.6
44974.7,42024.6,41137.51
44914.37,42024.6,41123.94
44852.82,42024.6,41116.26
44785.2,42019.06,41111.05
44704.66,42003.99,41111.05
44632.62,42002.41,41111.05
44555.55,41998.44,41111.05
44481.19,41987.29,41110.28
44410.05,41980.29,41110.28
44347.12,41972.49,41110.28
44287.63,41969.35,41110.28
44237.12,41964.79,41110.28
44180.31,41959.42,41110.28
44113.74,41959.42,41110.28
44046.96,41959.42,41110.28
43979.89,41959.42,41110.28
43915.55,41959.42,41110.28
43854.56,41959.42,41110.28
43794.05,41959.42,41110.28
43741.18,41959.42,41110.28
43690.41,41959.42,41110.28
43630.18,41959.42,41110.28
43568.35,41959.42,41109.47
43517.25,41959.42,41101.74
43456.53,41959.42,41088.02
43395.74,41959.42,41075.83
43337.47,41959.42,41066.39
43279.52,41959.42,41066.39
43225.42,41959.42,41066.39
43180.96,41959.42,41066.39
43133.35,41959.42,41066.39
43086.14,41959.42,41066.39
43050.33,41959.42,41066.39
43018.29,41959.42,41066.39
42990.69,41959.42,41066.39
42971.47,41959.42,41066.39
42941.3,41959.42,41066.39
42917.18,41959.42,41066.39
42895.4,41959.42,41066.39
42864.96,41959.42,41066.39
42829.5,41959.42,41066.39
42791.49,41959.42,41066.39
42758.65,41959.42,41066.39
42725.24,41959.42,41066.39
42690.33,41959.42,41066.39
42653.61,41959.42,41066.39
42629.27,41959.42,41066.39
42606.32,41959.42,41066.39
42583.06,41959.42,41066.39
42572.35,41959.42,41066.39
42558.36,41959.42,41066.39
42542.48,41959.42,41066.39
42526.3,41959.42,41066.39
42525.7,41959.42,41066.39
42520.51,41959.42,41066.39
42520.63,41959.42,41066.39
42524.84,41959.42,41066.39
42536.39,41959.42,41066.39
42551.18,41959.42,41066.39
42567.06,41959.42,41066.39
42581.0,41959.42,41066.39
42583.94,41959.42,41066.39
42583.02,41959.42,41066.39
42575.63,41959.42,41066.39
42562.24,41959.42,41066.39
42545.39,41959.42,41066.39
42539.45,41959.42,41066.39
42535.97,41959.42,41066.39
42528.34,41959.42,41067.54
42503.56,41959.42,41067.54
42479.28,41959.42,41067.54
42453.12,41959.42,41067.54
42426.72,41959.42,41067.54
42404.05,41959.42,41067.54
42388.11,41959.42,41067.54
42382.19,41959.42,41067.54
42386.29,41959.42,41067.54
42387.89,41959.42,41067.54
42398.9,41959.42,41067.54
42411.82,41959.42,41069.42
42422.09,41959.42,41069.42
42428.77,41959.42,41069.42
42429.56,41959.42,41069.42
42429.14,41959.42,41069.42
42425.63,41959.42,41069.42
42412.4,41959.42,41069.42
42395.63,41959.42,41069.42
42381.24,41959.42,41069.42
42356.39,41959.42,41069.42
42332.37,41959.42,41069.42
42310.68,41959.42,41069.42
42293.01,41959.42,41069.42
42284.9,41959.42,41069.42
42290.31,41959.42,41073.12
42303.33,41959.42,41081.35
42304.68,41959.42,41081.89
42293.28,41959.42,41069.07
42277.12,41959.42,41061.84
42259.81,41959.42,41048.8
42236.93,41959.42,41039.41
42216.65,41959.42,41039.41
42207.51,41959.42,41039.41
42213.76,41959.42,41039.41
42219.03,41959.42,41038.5
42215.21,41959.42,41038.5
42214.59,41959.42,41038.5
42210.93,41959.42,41038.5
42207.14,41959.42,41038.5
42195.74,41959.42,41038.5
42195.27,41959.42,41037.3
42196.18,41959.42,41034.28
42198.95,41959.42,41027.98
42202.19,41959.42,41020.38
42213.0,41959.42,41015.54
42226.78,41959.42,41021.94
42240.4,41959.42,41025.21
42255.1,41959.42,41022.27
42278.86,41959.42,41020.98
42306.85,41959.42,41019.68
42334.54,41959.42,41024.79
42364.48,41959.42,41040.73
42389.75,41959.42,41070.96
42405.7,41959.42,41096.05
42417.96,41959.42,41114.97
42426.83,41959.42,41115.84
42430.38,41959.42,41115.84
42434.1,41959.42,41114.19
42414.93,41959.42,41110.52
42390.33,41959.42,41110.52
42371.15,41959.42,41110.52
42345.71,41959.42,41110.52
42325.25,41959.42,41110.52
42319.6,41959.42,41110.52
42320.95,41959.42,41107.22
42319.54,41959.42,41099.92
42324.32,41959.42,41093.21
42330.95,41959.42,41088.3
42336.13,41959.42,41085.44
42339.12,41959.42,41083.96
42353.13,41959.42,41083.83
42374.38,41959.42,41087.3
42402.37,41959.42,41091.72
42418.39,41959.42,41095.16
42423.06,41959.42,41103.06
42419.05,41959.42,41111.75
42408.09,41959.42,41119.73
42398.24,41959.42,41127.85
42384.52,41959.42,41130.94
42370.41,41959.42,41130.94
42344.11,41959.42,41130.94
42330.11,41959.42,41130.94
42309.13,41959.42,41130.94
42282.16,41959.42,41130.94
42261.14,41959.42,41130.94
42236.8,41959.42,41130.94
42201.6,41959.42,41130.94
42162.54,41959.42,41128.1
42129.81,41959.42,41114.14
42099.85,41959.42,41092.85
42076.85,41959.42,41072.02
42058.96,41959.42,41052.6
42048.9,41959.42,41036.05
42034.31,41959.42,41021.58
42026.7,41959.42,41012.29
42024.6,41959.42,41009.45
42034.69,41959.42,41025.08
42035.09,41959.42,41037.38
42033.02,41959.42,41044.68
42030.88,41959.42,41049.12
42031.4,41959.42,41054.47
42029.99,41959.42,41058.13
42019.06,41959.42,41058.13
42003.99,41959.42,41058.13
42002.41,41959.42,41058.13
41998.44,41959.42,41052.36
41987.29,41959.42,41047.38
41980.29,41959.42,41038.42
41972.49,41959.42,41033.76
41969.35,41959.42,41033.76
41964.79,41959.42,41033.76
41959.42,41959.42,41027.36
41962.11,41934.13,41008.44
41973.69,41899.92,40992.95
41986.13,41866.46,40974.84
42005.19,41833.56,40961.96
42028.19,41791.45,40949.9
42053.48,41752.57,40944.31
42075.04,41717.63,40936.53
42089.29,41686.58,40924.41
42095.96,41662.96,40915.33
42090.36,41648.05,40907.67
42089.37,41640.36,40899.17
42086.73,41640.36,40898.2
42093.23,41640.36,40909.17
42098.48,41640.36,40919.12
42115.54,41640.36,40931.4
42137.31,41640.36,40939.36
42142.59,41640.36,40939.36
42140.31,41639.09,40936.0
42140.48,41636.1,40935.82
42142.53,41627.57,40935.82
42132.08,41614.46,40935.82
42127.78,41607.1,40935.82
42131.99,41602.04,40935.82
42143.66,41592.89,40935.82
42162.56,41577.83,40921.64
42182.48,41568.11,40910.33
42200.34,41563.38,40901.53
42218.53,41560.24,40893.84
42229.41,41552.89,40885.97
42244.46,41540.29,40877.41
42251.0,41526.46,40864.52
42251.74,41524.84,40854.05
42260.86,41524.84,40845.69
42278.6,41524.84,40839.76
42297.42,41524.84,40835.62
42317.96,41524.84,40832.97
42342.59,41524.84,40837.58
42383.37,41524.84,40845.71
42428.43,41524.84,40851.76
42450.33,41524.84,40851.76
42452.66,41524.84,40851.76
42448.22,41524.84,40849.25
42469.17,41524.84,40850.59
42491.73,41524.84,40853.99
42514.98,41524.84,40853.99
42543.06,41524.84,40853.99
42559.24,41524.84,40853.99
42564.97,41524.84,40853.99
42566.96,41524.84,40852.03
42569.13,41524.84,40845.31
42571.75,41524.84,40839.48
42580.52,41524.84,40834.99
42594.21,41524.84,40834.99
42618.26,41524.84,40834.99
42638.91,41524.84,40834.99
42659.67,41524.84,40830.15
42677.11,41524.84,40827.38
42700.09,41524.84,40827.38
42726.97,41524.84,40832.79
42755.83,41524.84,40844.0
42787.12,41524.84,40856.75
42822.26,41524.84,40868.47
42860.49,41524.84,40879.53
42889.85,41524.84,40879.53
42904.52,41524.84,40879.53
42921.67,41524.84,40876.83
42943.78,41516.23,40875.49
42971.34,41489.78,40874.86
42987.24,41482.34,40874.86
43007.65,41482.34,40874.86
43030.92,41482.34,40874.86
43058.1,41482.34,40879.2
43090.74,41482.34,40888.67
43121.63,41482.34,40898.35
43148.14,41482.34,40907.27
43174.6,41482.34,40914.5
43207.71,41482.34,40922.07
43240.43,41482.34,40928.69
43268.23,41482.34,40931.71
43294.81,41482.34,40938.13
43319.56,41482.34,40947.39
43345.14,41482.34,40965.1
43360.02,41482.34,40982.97
43367.75,41482.34,40999.04
43370.49,41482.34,41007.76
43364.74,41482.34,41010.96
43359.79,41482.34,41011.97
43360.73,41482.34,41011.97
43348.87,41482.34,41011.97
43340.69,41482.34,41011.97
43339.83,41482.34,41011.97
43343.04,41482.34,41011.97
43348.41,41482.34,41011.97
43347.65,41482.34,41011.97
43343.21,41482.34,41011.97
43335.48,41482.34,41011.97
43320.38,41482.34,41011.97
43298.51,41482.34,41011.97
43274.7,41482.34,41011.97
43252.64,41482.34,41011.97
43234.15,41482.34,41011.97
43220.3,41482.34,41011.97
43201.85,41482.34,41011.97
43175.35,41482.34,41011.97
43142.09,41482.34,41011.97
43112.93,41482.34,41010.51
43098.14,41482.34,41010.18
43094.67,41482.34,41011.36
43101.66,41482.34,41013.07
43106.76,41482.34,41013.97
43101.17,41482.34,41013.97
43095.73,41482.34,41013.97
43088.91,41482.34,41013.97
43080.93,41482.34,41013.97
43069.5,41482.34,41013.97
43071.13,41482.34,41013.97
43087.27,41482.34,41013.97
43095.27,41482.34,41013.97
43088.89,41482.34,41013.97
43082.02,41482.34,41013.97
43061.88,41482.34,41013.97
43036.06,41482.34,41013.97
43010.52,41482.34,41013.97
42985.07,41482.34,41013.97
42959.06,41482.34,41013.97
42934.01,41482.34,41013.97
42910.12,41482.34,41013.97
42891.89,41482.34,41013.97
42862.67,41482.34,41013.97
42831.47,41482.34,41013.97
42802.96,41482.34,41013.97
42778.32,41482.34,41013.97
42764.21,41482.34,41013.97
42748.43,41482.34,41013.97
42725.81,41482.34,41013.97
42711.52,41482.34,41013.97
42696.85,41482.34,41013.97
42694.72,41482.34,41013.97
42693.86,41482.34,41013.97
42696.62,41482.34,41013.97
42679.86,41482.34,41013.97
42654.75,41482.34,41013.97
42630.37,41482.34,41013.97
42608.5,41482.34,41013.97
42577.35,41482.34,41013.97
42541.63,41482.34,41013.97
42506.82,41482.34,41013.97
42469.99,41482.34,41013.97
42433.68,41482.34,41013.97
42392.89,41482.34,41013.97
42358.05,41482.34,41013.97
42321.57,41482.34,41013.97
42291.73,41482.34,41013.97
42259.48,41482.34,41013.97
42232.4,41482.34,41013.97
42209.88,41482.34,41013.97
42190.36,41482.34,41013.97
42174.63,41482.34,41013.97
42160.96,41482.34,41013.97
42144.2,41482.34,41013.97
42127.1,41482.34,41013.97
42108.53,41482.34,41013.97
42091.59,41482.34,41013.97
42065.71,41482.34,41013.97
42043.27,41482.34,41013.97
42018.92,41482.34,41013.97
42000.06,41482.34,41013.97
41973.64,41482.34,41013.97
41934.13,41482.34,41013.97
41899.92,41482.34,41013.97
41866.46,41482.34,41013.97
41833.56,41482.34,41013.97
41791.45,41482.34,41013.97
41752.57,41482.34,41013.97
41717.63,41482.34,41013.97
41686.58,41482.34,41013.97
41662.96,41482.34,41013.97
41648.05,41482.34,41013.97
41640.36,41482.34,41017.49
41640.81,41482.34,41026.35
41642.85,41482.34,41032.94
41650.49,41482.34,41042.32
41659.26,41482.34,41048.73
41653.53,41482.34,41048.73
41646.69,41482.34,41048.73
41639.09,41482.34,41048.73
41636.1,41482.34,41048.73
41627.57,41482.34,41048.73
41614.46,41482.34,41048.73
41607.1,41482.34,41048.73
41602.04,41482.34,41048.73
41592.89,41482.34,41048.73
41577.83,41482.34,41048.98
41568.11,41482.34,41052.55
41563.38,41482.34,41059.27
41560.24,41482.34,41066.55
41552.89,41482.34,41070.14
41540.29,41482.34,41070.14
41526.46,41482.34,41072.55
41524.84,41482.34,41085.17
41535.61,41482.34,41108.62
41553.83,41482.34,41137.35
41566.2,41482.34,41159.03
41574.89,41482.34,41176.23
41581.37,41482.34,41181.74
41590.28,41482.34,41186.5
41600.65,41482.34,41192.08
41605.1,41482.34,41192.08
41616.35,41482.34,41192.08
41610.35,41482.34,41194.86
41603.85,41482.34,41199.76
41589.94,41482.34,41199.76
41580.6,41482.34,41199.76
41571.7,41482.34,41199.76
41564.32,41482.34,41199.76
41556.59,41482.34,41199.76
41552.71,41482.34,41204.53
41547.96,41482.34,41213.99
41543.24,41482.34,41223.82
41537.54,41482.34,41232.06
41538.63,41482.34,41240.28
41545.5,41482.34,41247.96
41558.3,41482.34,41264.25
41560.51,41482.34,41283.77
41570.22,41482.34,41308.99
41581.76,41482.34,41328.5
41585.08,41482.34,41344.84
41583.59,41482.34,41359.28
41577.67,41482.34,41366.45
41566.52,41482.34,41366.45
41560.76,41482.34,41366.45
41558.42,41482.34,41366.45
41557.64,41482.34,41366.45
41537.83,41482.34,41366.45
41516.23,41482.34,41366.45
41489.78,41482.34,41366.45
41482.34,41482.34,41368.26
41492.91,41492.91,41373.39
41509.17,41509.17,41380.82
41530.12,41530.12,41393.21
41564.65,41564.65,41416.92
41607.76,41607.76,41450.66
41654.01,41654.01,41484.3
41700.38,41700.38,41516.99
41747.88,41747.88,41548.88
41788.78,41788.78,41577.13
41823.03,41823.03,41601.04
41855.6,41855.6,41625.93
41887.53,41887.53,41647.33
41925.75,41925.75,41670.86
41965.43,41965.43,41696.89
42006.27,42006.27,41725.08
42041.94,42041.94,41747.74
42070.53,42070.53,41761.75
42094.13,42094.13,41770.01
42122.61,42122.61,41778.43
42155.52,42155.52,41796.95
42178.78,42178.78,41821.7
42198.21,42198.21,41845.88
42229.38,42229.38,41874.44
42263.83,42263.83,41899.53
42296.88,42296.88,41918.72
42323.46,42323.46,41936.09
42360.02,42360.02,41964.11
42404.0,42404.0,42004.87
42442.86,42442.86,42043.09
42479.13,42479.13,42084.54
42512.84,42512.84,42123.61
42553.31,42553.31,42165.53
42589.62,42589.62,42203.61
42624.54,42624.54,42239.25
42655.03,42655.03,42275.89
42673.49,42673.49,42309.76
42680.04,42677.45,42342.52
42687.22,42677.45,42378.94
42686.73,42677.45,42412.67
42683.97,42677.45,42442.4
42680.17,42677.45,42469.28
42677.45,42677.45,42492.17
42696.18,42696.18,42515.53
42730.06,42730.06,42540.3
42765.6,42765.6,42570.49
42791.54,42791.54,42598.22
42905.52,42905.52,42623.94
43019.41,43019.41,42648.5
43137.09,43137.09,42666.16
43267.99,43267.99,42684.86
43417.36,43417.36,42714.25
43464.98,43464.98,42759.51
43510.23,43510.23,42802.05
43553.33,43553.33,42842.74
43595.78,43595.78,42882.41
43639.86,43639.86,42922.5
43676.13,43676.13,42963.54
43715.05,43715.05,43009.23
43748.12,43748.12,43052.75
43779.99,43779.99,43094.66
43812.42,43812.42,43134.48
43843.98,43843.98,43172.88
43870.36,43870.36,43210.37
43888.75,43888.75,43238.67
43907.56,43907.56,43263.82
43929.67,43929.67,43287.94
43956.38,43956.38,43308.59
43984.82,43984.82,43325.8
44026.21,44026.21,43363.83
44074.09,44074.09,43404.76
44117.63,44117.63,43444.34
44149.62,44149.62,43467.56
44183.68,44183.68,43487.3
44227.52,44227.52,43510.14
44276.33,44276.33,43539.74
44333.44,44333.44,43580.38
44397.29,44397.29,43626.33
44461.11,44461.11,43672.62
44527.4,44527.4,43718.82
44585.09,44585.09,43758.18
44633.09,44633.09,43790.52
44674.24,44674.24,43825.02
44720.26,44720.26,43874.15
44760.53,44760.53,43921.61
44786.48,44786.48,43962.03
44818.85,44818.85,44008.13
44849.6,44849.6,44057.02
44876.94,44876.94,44103.81
44913.07,44913.07,44144.74
44953.29,44953.29,44182.4
44988.91,44988.91,44212.64
45033.07,45033.07,44250.41
45092.69,45092.69,44305.09
45152.45,45152.45,44364.26
45213.72,45213.72,44423.87
45266.38,45266.38,44473.2
45304.49,45304.49,44508.17
45340.3,45340.3,44539.75
45379.38,45379.38,44571.59
45416.36,45416.36,44601.13
45453.67,45453.67,44630.76
45489.68,45489.68,44657.1
45528.23,45528.23,44682.52
45568.46,45568.46,44705.7
45613.41,45573.57,44731.87
45654.35,45573.57,44760.17
45671.3,45573.57,44790.98
45664.89,45573.57,44819.17
45649.21,45573.57,44843.18
45634.25,45573.57,44868.0
45620.0,45573.57,44893.57
45605.57,45573.57,44918.79
45588.91,45573.57,44943.19
45573.57,45573.57,44957.02
45576.08,45576.08,44975.14
45604.94,45604.94,44997.76
45656.87,45656.87,45036.72
45707.79,45707.79,45079.09
45757.65,45757.65,45114.44
45802.97,45802.97,45143.38
45847.7,45847.7,45168.13
45897.48,45897.48,45197.61
45944.52,45944.52,45228.37
45990.31,45990.31,45264.92
46038.25,46038.25,45303.87
46091.69,46091.69,45348.27
46150.29,46150.29,45393.63
46204.33,46204.33,45435.08
46246.36,46246.36,45476.71
46282.04,46282.04,45517.04
46314.84,46314.84,45562.55
46349.34,46349.34,45617.42
46384.23,46384.23,45683.19
46420.54,46420.54,45751.79
46462.07,46462.07,45822.86
46505.82,46505.82,45894.59
46555.66,46511.32,45964.79
46613.83,46511.32,46030.04
46665.15,46511.32,46073.55
46716.61,46511.32,46103.33
46761.26,46511.32,46136.97
46806.67,46511.32,46177.49
46765.92,46511.32,46177.49
46727.51,46511.32,46177.49
46673.64,46511.32,46177.49
46597.76,46511.32,46177.49
46511.32,46511.32,46177.49
46542.99,46542.99,46210.43
46574.15,46574.15,46243.19
46604.61,46604.61,46276.58
46633.68,46633.68,46309.76
46661.25,46661.25,46341.58
46690.09,46690.09,46382.19
46712.31,46712.31,46424.81
46740.79,46740.79,46467.83
46776.49,46776.49,46513.47
46815.5,46815.5,46556.45
46860.17,46860.17,46598.88
46909.03,46909.03,46640.69
46959.46,46959.46,46678.71
47010.23,47010.23,46714.72
47058.23,47058.23,46748.15
47100.24,47100.24,46776.64
47132.9,47132.9,46799.97
47167.2,47167.2,46831.18
47192.34,47192.34,46858.63
47222.3,47222.3,46889.02
47257.04,47257.04,46914.37
47292.63,47292.63,46934.79
47310.6,47310.6,46948.25
47329.11,47329.11,46963.4
47349.9,47349.9,46980.61
47367.12,47367.12,46996.07
47385.14,47385.14,47011.09
47400.08,47400.08,47023.3
47414.48,47414.48,47036.45
47423.37,47423.37,47052.55
47431.91,47431.91,47077.33
47447.15,47447.15,47110.76
47474.53,47474.53,47144.5
47514.06,47514.06,47181.71
47556.52,47556.52,47214.98
47596.75,47596.75,47240.39
47637.18,47637.18,47260.24
47663.26,47663.26,47261.73
47682.5,47682.5,47260.98
47701.74,47701.74,47264.44
47722.63,47722.63,47275.86
47741.0,47741.0,47287.96
47755.97,47755.97,47299.64
47769.59,47769.59,47309.94
47789.56,47789.56,47317.76
47815.07,47815.07,47324.12
47836.8,47836.8,47324.31
47857.15,47857.15,47318.24
47878.92,47878.92,47307.86
47901.48,47901.48,47294.0
47920.2,47920.2,47276.7
47935.92,47935.92,47255.01
47945.79,47945.79,47226.85
47950.18,47950.18,47192.68
47950.43,47950.43,47153.42
47974.59,47974.59,47138.01
48025.32,48025.32,47140.16
48081.74,48081.74,47142.75
48144.35,48144.35,47134.75
48207.82,48207.82,47117.14
48272.36,48272.36,47099.36
48336.01,48336.01,47078.43
48399.42,48399.42,47056.26
48441.26,48441.26,47035.07
48462.35,48462.35,47004.52
48467.77,48460.94,46970.82
48474.49,48399.72,46930.31
48477.28,48335.25,46882.02
48484.8,48273.53,46840.38
48495.26,48204.83,46798.74
48506.36,48141.25,46763.24
48522.76,48076.34,46727.21
48546.9,48005.31,46683.28
48569.1,47930.46,46635.38
48590.42,47848.14,46582.89
48603.68,47763.61,46529.6
48616.55,47682.38,46471.84
48635.99,47609.58,46421.19
48657.5,47541.54,46369.06
48682.1,47470.64,46317.69
48708.5,47386.44,46261.84
48745.45,47298.69,46207.38
48785.14,47208.26,46151.61
48829.01,47117.43,46090.32
48868.86,47020.98,46024.6
48899.4,46923.35,45952.77
48920.78,46836.9,45875.93
48937.74,46748.62,45793.19
48948.83,46652.38,45719.59
48964.91,46540.14,45634.87
48983.87,46423.32,45543.36
49004.16,46309.98,45453.21
49021.51,46195.03,45366.53
49051.83,46071.47,45276.17
49098.3,45935.69,45180.31
49149.61,45801.54,45083.93
49201.47,45669.73,44984.77
49254.48,45543.89,44887.17
49307.85,45420.17,44793.95
49360.42,45298.83,44702.89
49409.79,45183.5,44610.13
49461.9,45076.37,44519.83
49520.44,44969.62,44435.11
49562.94,44872.26,44352.29
49583.12,44770.33,44262.73
49592.24,44671.48,44175.16
49604.43,44588.93,44094.86
49616.17,44512.02,44014.44
49625.14,44436.71,43933.36
49633.42,44360.33,43853.02
49637.52,44282.37,43773.33
49651.27,44205.25,43702.12
49676.35,44121.26,43637.29
49703.63,44030.26,43573.83
49734.75,44030.26,43573.83
49763.8,44030.26,43573.83
49783.45,44030.26,43573.83
49801.05,44030.26,43573.83
49835.51,44030.26,43573.83
49875.68,44030.26,43573.83
49918.27,44030.26,43573.83
49963.1,44030.26,43573.83
50003.45,44030.26,43573.83
50039.68,44030.26,43573.83
50073.03,44030.26,43573.83
50108.51,44030.26,43575.74
50148.67,44030.26,43586.63
50186.96,44030.26,43599.95
50203.43,44030.26,43605.21
50208.99,44030.26,43605.21
50215.77,44030.26,43605.21
50230.78,44030.26,43606.17
50232.42,44030.26,43607.47
50226.38,44030.26,43608.8
50206.45,44030.26,43608.8
50192.43,44030.26,43608.8
50190.89,44030.26,43608.8
50204.19,44030.26,43608.8
50227.03,44030.26,43611.2
50248.71,44030.26,43613.68
50265.0,44030.26,43613.68
50282.16,44030.26,43613.68
50302.49,44030.26,43613.68
50321.0,44030.26,43613.68
50335.94,44030.26,43613.68
50348.38,44030.26,43613.68
50365.04,44030.26,43613.68
50381.76,44030.26,43613.68
50392.21,44030.26,43613.68
50400.32,44030.26,43613.68
50407.55,44030.26,43613.68
50412.96,44030.26,43616.12
50413.61,44030.26,43616.12
50408.15,44030.26,43616.12
50396.79,44030.26,43616.12
50378.909999999996,44030.26,43616.12
50364.8,44030.26,43616.12
50355.19,44030.26,43616.12
50340.43,44030.26,43616.12
50330.74,44030.26,43616.12
50336.68,44030.26,43616.12
50355.51,44030.26,43616.12
50374.81,44030.26,43616.12
50389.24,44030.26,43616.12
50401.13,44030.26,43616.12
50410.77,44030.26,43616.12
50424.44,44030.26,43616.12
50431.7,44030.26,43616.12
50433.59,44030.26,43616.12
50432.52,44030.26,43616.12
50433.63,44030.26,43616.12
50436.6,44030.26,43616.12
50432.659999999996,44030.26,43616.12
50421.25,44030.26,43616.12
50409.37,44030.26,43616.12
50397.47,44030.26,43616.12
50397.11,44030.26,43616.12
50401.75,44030.26,43616.12
50398.97,44030.26,43616.12
50385.8,44030.26,43616.12
50370.37,44030.26,43616.12
50357.92,44030.26,43616.12
50343.03,44030.26,43616.12
50324.909999999996,44030.26,43616.12
50311.61,44030.26,43616.12
50312.229999999996,44030.26,43616.12
50313.37,44030.26,43616.12
50310.229999999996,44030.26,43616.12
50303.67,44030.26,43616.12
50292.37,44030.26,43616.12
50280.65,44030.26,43616.12
50267.47,44030.26,43616.12
50253.95,44030.26,43616.12
50238.32,44030.26,43616.12
50222.479999999996,44030.26,43616.12
50207.87,44030.26,43616.12
50189.909999999996,44030.26,43616.12
50162.22,44030.26,43616.12
50129.63,44030.26,43616.12
50109.01,44030.26,43616.12
50099.159999999996,44030.26,43616.12
50090.909999999996,44030.26,43616.12
50071.97,44030.26,43616.12
50040.87,44030.26,43616.12
50003.43,44030.26,43616.12
49958.99,44030.26,43616.12
49923.9,44030.26,43616.12
49884.39,44030.26,43616.12
49848.88,44030.26,43616.12
49816.67,44030.26,43616.12
49781.12,44030.26,43616.12
49745.61,44030.26,43616.12
49709.84,44030.26,43616.12
49668.43,44030.26,43616.12
49616.03,44030.26,43616.12
49556.61,44030.26,43616.12
49490.29,44030.26,43616.12
49421.43,44030.26,43616.12
49354.62,44030.26,43616.12
49291.14,44030.26,43616.12
49228.89,44030.26,43616.12
49166.52,44030.26,43616.12
49099.75,44030.26,43616.12
49034.16,44030.26,43616.12
48979.17,44030.26,43616.12
48925.03,44030.26,43616.12
48853.39,44030.26,43616.12
48771.51,44030.26,43616.12
48703.45,44030.26,43617.75
48639.04,44030.26,43627.03
48587.7,44030.26,43648.5
48550.9,44030.26,43661.49
48509.46,44030.26,43661.49
48460.94,44030.26,43661.49
48399.72,44030.26,43661.49
48335.25,44030.26,43661.49
48273.53,44030.26,43661.49
48204.83,44030.26,43661.49
48141.25,44030.26,43661.49
48076.34,44030.26,43661.49
48005.31,44030.26,43661.49
47930.46,44030.26,43661.49
47848.14,44030.26,43661.49
47763.61,44030.26,43661.49
47682.38,44030.26,43661.49
47609.58,44030.26,43661.49
47541.54,44030.26,43661.49
47470.64,44030.26,43661.49
47386.44,44030.26,43661.49
47298.69,44030.26,43666.12
47208.26,44030.26,43671.26
47117.43,44030.26,43681.22
47020.98,44030.26,43686.62
46923.35,44030.26,43690.17
46836.9,44030.26,43697.32
46748.62,44030.26,43703.11
46652.38,44030.26,43703.11
46540.14,44030.26,43703.11
46423.32,44030.26,43703.11
46309.98,44030.26,43703.11
46195.03,44030.26,43703.11
46071.47,44030.26,43703.11
45935.69,44030.26,43703.11
45801.54,44030.26,43703.11
45669.73,44030.26,43703.11
45543.89,44030.26,43703.11
45420.17,44030.26,43703.11
45298.83,44030.26,43703.11
45183.5,44030.26,43703.11
45076.37,44030.26,43716.0
44969.62,44030.26,43737.1
44872.26,44030.26,43764.01
44770.33,44030.26,43786.21
44671.48,44030.26,43804.66
44588.93,44030.26,43829.53
44512.02,44030.26,43860.21
44436.71,44030.26,43899.6
44360.33,44030.26,43937.62
44282.37,44030.26,43974.19
44205.25,44030.26,44003.87
44121.26,44030.26,44020.71
