0,20,40,60,80,100
192.07,94.09,17.56,20.28,23.0,25.59
196.57,196.57,196.57,196.57,196.57,196.57
197.03,197.03,197.03,197.03,197.03,197.03
189.92,189.92,189.92,189.92,189.92,189.92
182.33,182.33,182.33,182.33,182.33,182.33
180.45,180.45,180.45,180.45,180.45,180.45
153.48,153.48,153.48,153.48,153.48,153.48
131.75,131.75,131.75,131.75,131.75,131.75
131.3,131.3,131.3,131.3,131.3,131.3
128.08,128.08,128.08,128.08,128.08,128.08
139.89,139.89,139.89,139.89,139.89,139.89
152.17,152.17,152.17,152.17,152.17,152.17
170.06,66.39,17.55,20.27,22.99,25.6
178.99,78.08,18.03,20.75,23.47,25.6
172.96,70.39,18.95,21.67,24.39,25.59
161.43,56.52,19.61,22.33,25.05,25.59
156.88,50.69,19.98,22.7,25.42,25.59
139.58,29.27,20.31,23.03,25.6,25.6
151.04,43.81,20.1,22.82,25.54,25.6
153.48,46.55,19.97,22.69,25.41,25.6
168.27,64.74,19.19,21.91,24.63,25.6
182.73,82.5,18.06,20.78,23.5,25.6
190.88,91.97,17.57,20.29,23.01,25.59
196.35,97.13,17.57,20.29,23.01,25.59
194.95,95.48,17.57,20.29,23.01,25.59
200.27,200.27,200.27,200.27,200.27,200.27
200.18,200.18,200.18,200.18,200.18,200.18
190.83,190.83,190.83,190.83,190.83,190.83
162.15,162.15,162.15,162.15,162.15,162.15
140.51,140.51,140.51,140.51,140.51,140.51
135.22,135.22,135.22,135.22,135.22,135.22
135.21,135.21,135.21,135.21,135.21,135.21
135.46,135.46,135.46,135.46,135.46,135.46
124.33,124.33,124.33,124.33,124.33,124.33
135.67,135.67,135.67,135.67,135.67,135.67
141.18,141.18,141.18,141.18,141.18,141.18
133.97,20.38,17.65,20.37,23.09,25.59
116.17,15.57,18.29,21.01,23.73,25.59
123.04,15.94,18.66,21.38,24.1,25.6
153.87,46.55,18.57,21.29,24.01,25.6
168.97,65.68,18.56,21.28,24.0,25.6
176.39,74.69,18.55,21.27,23.99,25.6
165.21,60.41,18.39,21.11,23.83,25.59
169.52,66.12,18.15,20.87,23.59,25.6
171.01,67.95,17.88,20.6,23.32,25.6
163.96,58.95,17.71,20.43,23.15,25.6
182.45,82.37,17.6,20.32,23.04,25.59
182.66,82.39,17.6,20.32,23.04,25.59
160.88,51.07,17.61,20.33,23.05,25.59
161.74,161.74,161.74,161.74,161.74,161.74
163.44,163.44,163.44,163.44,163.44,163.44
166.0,166.0,166.0,166.0,166.0,166.0
166.69,166.69,166.69,166.69,166.69,166.69
148.38,148.38,148.38,148.38,148.38,148.38
144.25,144.25,144.25,144.25,144.25,144.25
148.85,148.85,148.85,148.85,148.85,148.85
147.39,147.39,147.39,147.39,147.39,147.39
157.72,157.72,157.72,157.72,157.72,157.72
178.51,178.51,178.51,178.51,178.51,178.51
206.41,206.41,206.41,206.41,206.41,206.41
230.48,122.06,17.7,20.42,23.14,25.57
241.11,133.6,17.98,20.7,23.42,25.57
237.64,129.09,18.48,21.2,23.92,25.58
257.9,139.14,18.41,21.13,23.85,25.58
276.08,147.3,26.06,21.11,23.83,25.58
294.53,156.54,38.67,21.27,23.99,25.58
301.15,159.63,43.17,21.32,24.04,25.58
289.24,146.14,26.03,21.54,24.26,25.58
292.72,148.93,29.89,21.42,24.14,25.59
324.08,177.14,66.62,20.7,23.42,25.59
346.8,196.3,91.39,20.37,23.09,25.58
355.3,206.92,107.9,20.35,23.07,25.58
349.15,199.27,100.33,20.34,23.06,25.58
347.06,347.06,347.06,347.06,347.06,347.06
348.63,348.63,348.63,348.63,348.63,348.63
343.46,343.46,343.46,343.46,343.46,343.46
332.11,332.11,332.11,332.11,332.11,332.11
331.48,331.48,331.48,331.48,331.48,331.48
331.86,331.86,331.86,331.86,331.86,331.86
339.05,339.05,339.05,339.05,339.05,339.05
343.98,343.98,343.98,343.98,343.98,343.98
358.0,358.0,358.0,358.0,358.0,358.0
379.81,379.81,379.81,379.81,379.81,379.81
391.07,391.07,391.07,391.07,391.07,391.07
395.34,228.51,130.78,20.4,23.12,25.58
369.55,201.1,103.37,21.25,23.97,25.59
321.67,149.13,36.85,22.63,25.35,25.59
296.53,128.51,20.53,23.25,25.59,25.59
291.67,130.21,20.67,23.39,25.59,25.59
286.16,130.12,20.72,23.44,25.59,25.59
279.99,125.06,20.74,23.46,25.59,25.59
279.57,125.33,20.51,23.23,25.59,25.59
301.31,147.33,30.8,22.35,25.07,25.59
358.49,187.71,83.98,20.87,23.59,25.59
407.96,222.86,125.14,20.33,23.05,25.58
416.24,230.67,132.94,20.32,23.04,25.58
417.74,231.39,133.66,20.32,23.04,25.58
421.68,421.68,421.68,421.68,421.68,421.68
421.31,421.31,421.31,421.31,421.31,421.31
421.44,421.44,421.44,421.44,421.44,421.44
416.86,416.86,416.86,416.86,416.86,416.86
416.46,416.46,416.46,416.46,416.46,416.46
416.26,416.26,416.26,416.26,416.26,416.26
416.1,416.1,416.1,416.1,416.1,416.1
415.68,415.68,415.68,415.68,415.68,415.68
416.87,416.87,416.87,416.87,416.87,416.87
419.01,419.01,419.01,419.01,419.01,419.01
418.32,418.32,418.32,418.32,418.32,418.32
417.28,226.35,128.63,20.31,23.03,25.59
408.31,218.51,120.78,20.6,23.32,25.59
368.36,187.05,84.4,21.07,23.79,25.59
328.09,163.01,51.75,21.45,24.17,25.59
311.36,155.24,40.49,21.75,24.47,25.59
308.72,154.09,38.78,21.88,24.6,25.59
302.55,146.59,29.39,21.98,24.7,25.59
306.9,151.3,35.12,21.84,24.56,25.59
317.69,158.7,44.61,21.52,24.24,25.59
357.33,181.09,74.31,20.73,23.45,25.59
380.29,195.16,93.1,20.3,23.02,25.59
401.47,202.25,103.74,20.32,23.04,25.58
398.15,200.66,101.5,20.34,23.06,25.58
382.77,382.77,382.77,382.77,382.77,382.77
374.62,374.62,374.62,374.62,374.62,374.62
356.12,356.12,356.12,356.12,356.12,356.12
306.69,306.69,306.69,306.69,306.69,306.69
304.35,304.35,304.35,304.35,304.35,304.35
307.69,307.69,307.69,307.69,307.69,307.69
313.42,313.42,313.42,313.42,313.42,313.42
333.71,333.71,333.71,333.71,333.71,333.71
342.86,342.86,342.86,342.86,342.86,342.86
387.04,387.04,387.04,387.04,387.04,387.04
411.77,411.77,411.77,411.77,411.77,411.77
417.58,215.29,117.57,20.33,23.05,25.59
399.96,200.17,102.44,20.91,23.63,25.59
341.87,161.25,50.93,21.88,24.6,25.59
284.6,129.91,19.96,22.68,25.4,25.6
254.77,103.04,20.74,23.46,25.6,25.6
244.93,93.86,21.08,23.8,25.6,25.6
241.77,89.21,21.01,23.73,25.6,25.6
247.4,91.15,20.58,23.3,25.6,25.6
291.92,132.31,19.43,22.15,24.87,25.6
350.4,177.05,70.22,20.78,23.5,25.59
395.55,198.41,99.64,20.29,23.01,25.59
396.3,193.95,94.32,20.28,23.0,25.59
393.57,189.06,88.04,20.28,23.0,25.59
396.25,396.25,396.25,396.25,396.25,396.25
381.44,381.44,381.44,381.44,381.44,381.44
368.49,368.49,368.49,368.49,368.49,368.49
329.48,329.48,329.48,329.48,329.48,329.48
300.01,300.01,300.01,300.01,300.01,300.01
294.63,294.63,294.63,294.63,294.63,294.63
305.72,305.72,305.72,305.72,305.72,305.72
352.45,352.45,352.45,352.45,352.45,352.45
394.94,394.94,394.94,394.94,394.94,394.94
409.46,409.46,409.46,409.46,409.46,409.46
411.85,411.85,411.85,411.85,411.85,411.85
403.02,202.35,104.2,20.36,23.08,25.59
377.69,185.19,82.26,21.35,24.07,25.59
318.95,150.83,36.5,22.7,25.42,25.59
312.58,145.49,29.91,23.0,25.59,25.59
303.6,137.46,21.09,23.02,25.59,25.59
279.39,119.4,20.39,23.11,25.59,25.59
226.2,73.33,21.24,23.96,25.59,25.59
207.93,64.61,21.17,23.89,25.59,25.59
250.02,103.38,20.05,22.77,25.49,25.59
351.09,175.39,69.03,20.96,23.68,25.59
409.99,210.47,112.74,20.29,23.01,25.59
420.98,214.1,115.3,20.29,23.01,25.59
421.66,214.78,116.59,20.28,23.0,25.59
422.35,422.35,422.35,422.35,422.35,422.35
425.34,425.34,425.34,425.34,425.34,425.34
429.18,429.18,429.18,429.18,429.18,429.18
432.79,432.79,432.79,432.79,432.79,432.79
435.32,435.32,435.32,435.32,435.32,435.32
440.67,440.67,440.67,440.67,440.67,440.67
442.65,442.65,442.65,442.65,442.65,442.65
442.16,442.16,442.16,442.16,442.16,442.16
442.18,442.18,442.18,442.18,442.18,442.18
443.86,443.86,443.86,443.86,443.86,443.86
447.1,447.1,447.1,447.1,447.1,447.1
445.36,238.48,139.06,20.34,23.06,25.59
414.44,208.96,111.24,21.23,23.95,25.6
354.1,161.96,54.94,22.58,25.3,25.6
316.53,141.44,27.69,23.26,25.6,25.6
268.25,116.91,20.96,23.68,25.6,25.6
245.39,96.35,21.18,23.9,25.6,25.6
214.0,74.75,21.3,24.02,25.6,25.6
192.92,64.92,21.09,23.81,25.6,25.6
215.9,92.47,20.06,22.78,25.5,25.6
331.78,170.38,60.46,20.9,23.62,25.6
413.81,211.35,113.62,20.23,22.95,25.6
424.28,217.4,117.84,20.21,22.93,25.6
425.21,218.33,119.25,20.21,22.93,25.6
427.39,427.39,427.39,427.39,427.39,427.39
426.88,426.88,426.88,426.88,426.88,426.88
424.76,424.76,424.76,424.76,424.76,424.76
424.02,424.02,424.02,424.02,424.02,424.02
414.52,414.52,414.52,414.52,414.52,414.52
407.38,407.38,407.38,407.38,407.38,407.38
396.13,396.13,396.13,396.13,396.13,396.13
362.64,362.64,362.64,362.64,362.64,362.64
339.85,339.85,339.85,339.85,339.85,339.85
320.46,320.46,320.46,320.46,320.46,320.46
305.76,305.76,305.76,305.76,305.76,305.76
305.77,162.48,49.16,20.28,23.0,25.6
315.38,165.87,54.47,20.75,23.47,25.6
291.18,142.97,25.55,21.48,24.2,25.6
250.36,110.28,19.58,22.3,25.02,25.6
207.61,79.46,20.13,22.85,25.57,25.6
211.07,85.62,20.13,22.85,25.57,25.6
241.69,113.76,19.42,22.14,24.86,25.6
225.46,96.53,19.52,22.24,24.96,25.6
229.31,99.53,19.23,21.95,24.67,25.6
287.83,147.41,29.3,20.76,23.48,25.6
356.86,184.62,78.34,20.38,23.1,25.6
397.2,199.81,98.69,20.23,22.95,25.6
370.5,192.4,86.9,20.22,22.94,25.6
349.47,349.47,349.47,349.47,349.47,349.47
299.02,299.02,299.02,299.02,299.02,299.02
284.53,284.53,284.53,284.53,284.53,284.53
253.49,253.49,253.49,253.49,253.49,253.49
243.5,243.5,243.5,243.5,243.5,243.5
237.15,237.15,237.15,237.15,237.15,237.15
241.59,241.59,241.59,241.59,241.59,241.59
264.95,264.95,264.95,264.95,264.95,264.95
307.39,307.39,307.39,307.39,307.39,307.39
342.23,342.23,342.23,342.23,342.23,342.23
392.04,392.04,392.04,392.04,392.04,392.04
413.27,210.07,112.35,20.3,23.02,25.59
415.27,210.35,112.62,20.43,23.15,25.59
375.37,190.18,86.41,20.98,23.7,25.59
282.65,137.69,19.48,22.2,24.92,25.59
206.96,82.48,20.98,23.7,25.59,25.59
176.01,44.34,21.67,24.39,25.59,25.59
175.3,43.31,21.66,24.38,25.59,25.59
187.79,52.27,21.3,24.02,25.59,25.59
229.63,87.55,20.24,22.96,25.59,25.59
312.48,152.67,38.49,21.1,23.82,25.59
389.96,200.48,100.46,20.32,23.04,25.59
417.65,211.44,113.72,20.3,23.02,25.59
422.06,215.18,116.02,20.29,23.01,25.59
424.21,424.21,424.21,424.21,424.21,424.21
425.37,425.37,425.37,425.37,425.37,425.37
424.64,424.64,424.64,424.64,424.64,424.64
426.45,426.45,426.45,426.45,426.45,426.45
428.29,428.29,428.29,428.29,428.29,428.29
429.34,429.34,429.34,429.34,429.34,429.34
431.42,431.42,431.42,431.42,431.42,431.42
429.31,429.31,429.31,429.31,429.31,429.31
427.08,427.08,427.08,427.08,427.08,427.08
430.75,430.75,430.75,430.75,430.75,430.75
438.54,438.54,438.54,438.54,438.54,438.54
435.25,240.42,142.7,23.83,23.06,25.59
406.73,215.08,117.36,21.23,23.95,25.59
357.51,168.25,64.06,22.56,25.28,25.59
325.16,135.25,20.88,23.31,25.59,25.59
294.36,116.11,20.96,23.68,25.59,25.59
278.72,111.68,21.03,23.75,25.59,25.59
266.26,102.13,21.07,23.79,25.59,25.59
267.9,100.04,20.84,23.56,25.59,25.59
325.76,143.53,31.12,22.52,25.24,25.59
398.58,194.18,95.31,20.98,23.7,25.59
422.77,215.89,117.15,20.34,23.06,25.58
425.19,219.75,122.03,20.32,23.04,25.58
426.4,221.35,123.63,20.31,23.03,25.59
427.75,427.75,427.75,427.75,427.75,427.75
427.07,427.07,427.07,427.07,427.07,427.07
421.85,421.85,421.85,421.85,421.85,421.85
418.47,418.47,418.47,418.47,418.47,418.47
418.12,418.12,418.12,418.12,418.12,418.12
418.03,418.03,418.03,418.03,418.03,418.03
417.72,417.72,417.72,417.72,417.72,417.72
417.98,417.98,417.98,417.98,417.98,417.98
423.04,423.04,423.04,423.04,423.04,423.04
431.55,431.55,431.55,431.55,431.55,431.55
437.23,437.23,437.23,437.23,437.23,437.23
435.01,244.5,146.77,30.61,23.06,25.59
402.1,212.95,115.22,21.27,23.99,25.59
339.3,155.09,46.36,22.69,25.41,25.59
300.72,128.95,20.66,23.38,25.59,25.59
278.25,119.78,20.9,23.62,25.59,25.59
237.35,97.6,21.17,23.89,25.59,25.59
215.21,86.65,21.22,23.94,25.59,25.59
209.85,78.61,21.01,23.73,25.59,25.59
252.62,112.31,20.0,22.72,25.44,25.59
322.28,159.17,46.76,21.07,23.79,25.59
384.11,184.99,83.23,20.34,23.06,25.58
401.05,198.28,99.29,20.32,23.04,25.58
401.99,198.08,99.16,20.33,23.05,25.58
405.1,405.1,405.1,405.1,405.1,405.1
411.82,411.82,411.82,411.82,411.82,411.82
415.65,415.65,415.65,415.65,415.65,415.65
417.44,417.44,417.44,417.44,417.44,417.44
418.99,418.99,418.99,418.99,418.99,418.99
418.22,418.22,418.22,418.22,418.22,418.22
411.38,411.38,411.38,411.38,411.38,411.38
411.89,411.89,411.89,411.89,411.89,411.89
420.26,420.26,420.26,420.26,420.26,420.26
422.31,422.31,422.31,422.31,422.31,422.31
425.16,425.16,425.16,425.16,425.16,425.16
421.13,225.18,127.45,20.39,23.11,25.59
393.57,202.93,105.21,21.27,23.99,25.59
338.44,156.36,47.05,22.45,25.17,25.6
314.96,138.88,24.8,22.8,25.52,25.6
310.87,138.01,23.61,22.64,25.36,25.6
318.06,143.09,30.05,22.36,25.08,25.6
317.84,146.57,33.7,21.99,24.71,25.6
331.08,156.03,45.67,21.44,24.16,25.6
361.1,174.46,68.08,21.0,23.72,25.6
379.57,187.06,83.62,20.57,23.29,25.6
397.78,196.49,96.35,20.24,22.96,25.6
400.35,198.23,98.72,20.24,22.96,25.6
400.63,197.55,98.13,20.24,22.96,25.6
402.47,402.47,402.47,402.47,402.47,402.47
404.52,404.52,404.52,404.52,404.52,404.52
405.26,405.26,405.26,405.26,405.26,405.26
403.01,403.01,403.01,403.01,403.01,403.01
398.41,398.41,398.41,398.41,398.41,398.41
387.37,387.37,387.37,387.37,387.37,387.37
391.9,391.9,391.9,391.9,391.9,391.9
404.88,404.88,404.88,404.88,404.88,404.88
408.22,408.22,408.22,408.22,408.22,408.22
407.81,407.81,407.81,407.81,407.81,407.81
419.96,419.96,419.96,419.96,419.96,419.96
413.55,225.64,127.91,20.3,23.02,25.6
355.89,195.96,95.16,21.23,23.95,25.6
290.95,153.33,37.75,22.62,25.34,25.6
252.51,120.56,20.72,23.44,25.6,25.6
218.56,93.97,21.16,23.88,25.6,25.6
213.43,93.15,21.11,23.83,25.6,25.6
226.21,104.87,20.79,23.51,25.6,25.6
238.15,114.06,20.26,22.98,25.6,25.6
262.71,135.06,19.46,22.18,24.9,25.6
350.06,175.88,66.55,20.92,23.64,25.6
407.57,201.92,103.03,20.28,23.0,25.59
405.1,214.1,116.37,20.26,22.98,25.59
386.25,210.61,112.08,20.26,22.98,25.59
387.21,387.21,387.21,387.21,387.21,387.21
388.62,388.62,388.62,388.62,388.62,388.62
388.05,388.05,388.05,388.05,388.05,388.05
386.52,386.52,386.52,386.52,386.52,386.52
381.75,381.75,381.75,381.75,381.75,381.75
385.91,385.91,385.91,385.91,385.91,385.91
401.96,401.96,401.96,401.96,401.96,401.96
414.39,414.39,414.39,414.39,414.39,414.39
404.32,404.32,404.32,404.32,404.32,404.32
402.52,402.52,402.52,402.52,402.52,402.52
403.99,403.99,403.99,403.99,403.99,403.99
402.92,210.23,112.51,20.31,23.03,25.6
386.16,197.47,98.23,21.0,23.72,25.6
360.52,178.28,73.91,21.86,24.58,25.6
342.48,163.74,56.16,22.38,25.1,25.6
349.81,166.32,58.8,22.14,24.86,25.6
370.43,181.18,76.74,21.59,24.31,25.6
378.26,186.1,83.06,21.36,24.08,25.6
394.44,195.71,95.71,21.04,23.76,25.6
392.87,198.17,97.98,20.79,23.51,25.6
406.82,206.76,109.03,20.46,23.18,25.6
414.44,212.97,115.25,20.22,22.94,25.6
411.81,212.78,115.05,20.23,22.95,25.6
412.35,212.88,115.15,20.25,22.97,25.59
414.82,414.82,414.82,414.82,414.82,414.82
405.08,405.08,405.08,405.08,405.08,405.08
395.44,395.44,395.44,395.44,395.44,395.44
387.62,387.62,387.62,387.62,387.62,387.62
387.91,387.91,387.91,387.91,387.91,387.91
394.71,394.71,394.71,394.71,394.71,394.71
399.22,399.22,399.22,399.22,399.22,399.22
408.89,408.89,408.89,408.89,408.89,408.89
406.8,406.8,406.8,406.8,406.8,406.8
408.97,408.97,408.97,408.97,408.97,408.97
416.42,416.42,416.42,416.42,416.42,416.42
422.8,225.93,128.21,20.24,22.96,25.59
424.31,230.93,133.2,20.33,23.05,25.59
427.01,236.22,138.49,20.38,23.1,25.58
429.12,236.63,138.91,20.34,23.06,25.6
428.48,234.95,137.23,20.34,23.06,25.6
429.83,237.72,140.0,20.33,23.05,25.6
429.38,234.9,137.18,20.28,23.0,25.6
424.48,225.02,127.3,20.27,22.99,25.6
424.25,224.96,127.23,20.26,22.98,25.6
421.55,222.17,124.45,20.32,23.04,25.59
422.8,225.35,127.62,20.29,23.01,25.59
421.57,223.22,125.49,20.29,23.01,25.59
420.75,224.16,126.43,20.29,23.01,25.59
423.12,423.12,423.12,423.12,423.12,423.12
416.69,416.69,416.69,416.69,416.69,416.69
413.81,413.81,413.81,413.81,413.81,413.81
412.14,412.14,412.14,412.14,412.14,412.14
413.66,413.66,413.66,413.66,413.66,413.66
414.06,414.06,414.06,414.06,414.06,414.06
412.15,412.15,412.15,412.15,412.15,412.15
408.56,408.56,408.56,408.56,408.56,408.56
409.16,409.16,409.16,409.16,409.16,409.16
408.44,408.44,408.44,408.44,408.44,408.44
409.35,409.35,409.35,409.35,409.35,409.35
407.48,203.09,105.12,20.34,23.06,25.59
388.54,189.41,87.66,20.97,23.69,25.59
364.63,172.67,66.54,21.85,24.57,25.59
351.95,163.66,55.07,22.31,25.03,25.59
345.02,156.78,47.3,22.46,25.18,25.59
349.21,159.77,51.74,22.32,25.04,25.6
358.45,166.09,59.68,21.98,24.7,25.6
365.61,172.82,67.56,21.66,24.38,25.6
373.19,179.14,74.54,21.46,24.18,25.6
392.26,194.8,94.27,20.86,23.58,25.6
416.36,219.77,122.04,20.26,22.98,25.6
422.71,231.71,133.99,20.25,22.97,25.59
419.58,226.9,129.18,20.25,22.97,25.59
419.0,419.0,419.0,419.0,419.0,419.0
414.38,414.38,414.38,414.38,414.38,414.38
412.48,412.48,412.48,412.48,412.48,412.48
411.11,411.11,411.11,411.11,411.11,411.11
409.14,409.14,409.14,409.14,409.14,409.14
407.79,407.79,407.79,407.79,407.79,407.79
403.49,403.49,403.49,403.49,403.49,403.49
408.03,408.03,408.03,408.03,408.03,408.03
411.59,411.59,411.59,411.59,411.59,411.59
419.05,419.05,419.05,419.05,419.05,419.05
427.93,427.93,427.93,427.93,427.93,427.93
423.82,238.35,140.62,21.4,23.09,25.59
394.1,212.96,115.24,21.3,24.02,25.59
345.61,163.49,55.73,22.62,25.34,25.59
324.24,144.36,30.93,23.22,25.59,25.59
313.87,135.63,20.71,23.43,25.59,25.59
276.24,115.45,20.96,23.68,25.59,25.59
238.72,100.49,21.08,23.8,25.59,25.59
236.69,96.52,20.9,23.62,25.59,25.59
270.85,119.61,20.1,22.82,25.54,25.59
354.88,175.47,68.91,21.18,23.9,25.59
415.26,216.89,119.16,20.31,23.03,25.59
421.04,223.9,126.18,20.28,23.0,25.59
419.23,220.07,122.34,20.29,23.01,25.59
419.55,419.55,419.55,419.55,419.55,419.55
419.64,419.64,419.64,419.64,419.64,419.64
415.67,415.67,415.67,415.67,415.67,415.67
414.36,414.36,414.36,414.36,414.36,414.36
416.61,416.61,416.61,416.61,416.61,416.61
419.46,419.46,419.46,419.46,419.46,419.46
420.55,420.55,420.55,420.55,420.55,420.55
420.71,420.71,420.71,420.71,420.71,420.71
417.45,417.45,417.45,417.45,417.45,417.45
417.12,417.12,417.12,417.12,417.12,417.12
421.72,421.72,421.72,421.72,421.72,421.72
417.92,226.63,128.91,20.38,23.1,25.59
389.39,199.95,102.23,21.15,23.87,25.59
341.15,160.52,52.94,22.3,25.02,25.59
298.64,131.8,20.49,23.21,25.59,25.59
283.94,126.2,20.77,23.49,25.6,25.6
245.35,109.2,20.97,23.69,25.6,25.6
230.0,98.27,20.95,23.67,25.6,25.6
238.52,105.36,20.52,23.24,25.6,25.6
257.76,115.16,19.9,22.62,25.34,25.6
331.56,166.97,56.75,21.11,23.83,25.6
398.65,201.81,102.79,20.3,23.02,25.59
410.39,209.09,111.36,20.25,22.97,25.59
410.18,209.04,111.32,20.26,22.98,25.59
413.05,413.05,413.05,413.05,413.05,413.05
411.99,411.99,411.99,411.99,411.99,411.99
411.49,411.49,411.49,411.49,411.49,411.49
410.52,410.52,410.52,410.52,410.52,410.52
408.46,408.46,408.46,408.46,408.46,408.46
408.3,408.3,408.3,408.3,408.3,408.3
404.9,404.9,404.9,404.9,404.9,404.9
405.09,405.09,405.09,405.09,405.09,405.09
394.09,394.09,394.09,394.09,394.09,394.09
397.17,397.17,397.17,397.17,397.17,397.17
410.14,410.14,410.14,410.14,410.14,410.14
409.61,205.37,107.64,20.26,22.98,25.6
405.91,205.01,106.5,20.46,23.18,25.6
397.76,198.15,98.53,20.74,23.46,25.6
386.22,187.06,85.98,21.0,23.72,25.6
385.42,184.85,83.63,20.98,23.7,25.6
382.21,181.98,80.04,21.06,23.78,25.6
385.87,184.23,82.96,20.93,23.65,25.6
394.94,189.44,89.91,20.71,23.43,25.6
404.94,198.06,96.18,20.48,23.2,25.6
414.49,207.61,103.86,20.31,23.03,25.6
419.45,212.57,109.46,20.28,23.0,25.59
423.99,217.11,111.99,20.27,22.99,25.59
425.28,218.41,113.24,20.28,23.0,25.59
429.91,429.91,429.91,429.91,429.91,429.91
434.32,434.32,434.32,434.32,434.32,434.32
437.08,437.08,437.08,437.08,437.08,437.08
437.16,437.16,437.16,437.16,437.16,437.16
435.16,435.16,435.16,435.16,435.16,435.16
437.72,437.72,437.72,437.72,437.72,437.72
444.62,444.62,444.62,444.62,444.62,444.62
450.04,450.04,450.04,450.04,450.04,450.04
451.85,451.85,451.85,451.85,451.85,451.85
453.84,453.84,453.84,453.84,453.84,453.84
458.78,458.78,458.78,458.78,458.78,458.78
460.11,253.23,153.45,40.67,22.98,25.59
459.83,254.1,154.53,42.71,23.07,25.59
453.26,248.81,150.0,36.84,23.24,25.59
448.39,244.3,145.79,31.12,23.38,25.59
444.01,239.88,141.58,25.21,23.48,25.59
446.02,241.87,143.54,27.82,23.41,25.59
447.93,242.22,143.44,27.23,23.34,25.59
452.91,247.44,148.11,33.74,23.22,25.59
456.64,250.38,150.78,37.37,23.12,25.59
460.05,253.17,153.16,40.42,23.02,25.59
462.59,256.91,155.72,44.24,23.0,25.59
465.32,260.22,157.25,46.59,22.99,25.59
464.04,257.71,154.91,43.14,22.98,25.59
464.7,464.7,464.7,464.7,464.7,464.7
459.44,459.44,459.44,459.44,459.44,459.44
435.15,435.15,435.15,435.15,435.15,435.15
411.55,411.55,411.55,411.55,411.55,411.55
406.82,406.82,406.82,406.82,406.82,406.82
405.18,405.18,405.18,405.18,405.18,405.18
403.75,403.75,403.75,403.75,403.75,403.75
403.83,403.83,403.83,403.83,403.83,403.83
406.18,406.18,406.18,406.18,406.18,406.18
409.59,409.59,409.59,409.59,409.59,409.59
415.13,415.13,415.13,415.13,415.13,415.13
416.63,232.62,134.9,20.28,23.0,25.59
420.52,238.2,140.47,22.41,23.04,25.59
417.6,235.66,137.26,20.46,23.18,25.58
408.73,226.58,128.86,20.66,23.38,25.59
389.52,209.43,111.71,20.94,23.66,25.59
374.05,191.89,93.3,21.18,23.9,25.59
354.85,172.74,67.02,21.47,24.19,25.59
348.96,168.79,61.69,21.7,24.42,25.59
357.81,174.79,69.78,21.59,24.31,25.59
376.28,187.67,85.94,20.9,23.62,25.59
400.93,212.76,115.04,20.31,23.03,25.59
410.2,227.48,129.76,20.28,23.0,25.59
412.72,231.03,133.31,20.28,23.0,25.59
423.21,423.21,423.21,423.21,423.21,423.21
429.39,429.39,429.39,429.39,429.39,429.39
436.67,436.67,436.67,436.67,436.67,436.67
438.04,438.04,438.04,438.04,438.04,438.04
445.54,445.54,445.54,445.54,445.54,445.54
448.47,448.47,448.47,448.47,448.47,448.47
455.91,455.91,455.91,455.91,455.91,455.91
455.29,455.29,455.29,455.29,455.29,455.29
458.57,458.57,458.57,458.57,458.57,458.57
461.94,461.94,461.94,461.94,461.94,461.94
464.94,464.94,464.94,464.94,464.94,464.94
464.22,258.53,155.12,45.32,23.04,25.59
440.47,233.59,127.73,20.92,23.64,25.59
403.58,196.7,90.18,21.76,24.48,25.59
387.09,180.21,73.01,22.26,24.98,25.59
370.23,163.35,51.42,22.73,25.45,25.59
347.77,140.89,28.14,23.14,25.59,25.59
288.36,99.53,20.97,23.69,25.59,25.59
260.69,89.86,20.93,23.65,25.59,25.59
307.5,121.02,20.03,22.75,25.47,25.59
412.78,205.9,90.44,21.14,23.86,25.59
453.28,246.41,123.06,20.32,23.04,25.59
454.69,247.81,123.35,20.26,22.98,25.59
455.5,248.62,124.37,20.26,22.98,25.59
457.9,457.9,457.9,457.9,457.9,457.9
459.07,459.07,459.07,459.07,459.07,459.07
459.76,459.76,459.76,459.76,459.76,459.76
460.74,460.74,460.74,460.74,460.74,460.74
461.4,461.4,461.4,461.4,461.4,461.4
460.61,460.61,460.61,460.61,460.61,460.61
459.67,459.67,459.67,459.67,459.67,459.67
460.61,460.61,460.61,460.61,460.61,460.61
463.23,463.23,463.23,463.23,463.23,463.23
465.56,465.56,465.56,465.56,465.56,465.56
468.24,468.24,468.24,468.24,468.24,468.24
461.36,254.48,145.59,28.93,23.1,25.59
425.61,218.73,112.77,21.33,24.05,25.59
379.96,173.08,63.37,22.58,25.3,25.59
339.94,133.06,20.61,23.33,25.59,25.59
307.72,114.06,20.93,23.65,25.59,25.59
265.63,94.22,21.19,23.91,25.59,25.59
242.08,87.7,21.21,23.93,25.59,25.59
243.2,92.9,20.94,23.66,25.59,25.59
287.35,115.43,20.16,22.88,25.59,25.59
377.61,176.34,73.74,21.28,24.0,25.59
400.13,205.96,108.23,20.36,23.08,25.59
410.19,217.46,119.73,20.3,23.02,25.59
414.65,219.72,122.0,20.3,23.02,25.59
415.66,415.66,415.66,415.66,415.66,415.66
413.65,413.65,413.65,413.65,413.65,413.65
416.31,416.31,416.31,416.31,416.31,416.31
422.83,422.83,422.83,422.83,422.83,422.83
427.17,427.17,427.17,427.17,427.17,427.17
427.91,427.91,427.91,427.91,427.91,427.91
427.88,427.88,427.88,427.88,427.88,427.88
428.53,428.53,428.53,428.53,428.53,428.53
428.85,428.85,428.85,428.85,428.85,428.85
429.73,429.73,429.73,429.73,429.73,429.73
430.06,430.06,430.06,430.06,430.06,430.06
425.47,218.59,116.17,20.28,23.0,25.59
412.01,205.13,103.99,20.54,23.26,25.59
386.07,183.22,82.84,21.17,23.89,25.59
360.29,169.73,64.62,21.61,24.33,25.59
342.38,156.5,47.32,22.01,24.73,25.59
316.77,145.11,31.47,22.17,24.89,25.6
284.06,137.29,19.44,22.16,24.88,25.6
288.15,141.81,23.82,21.82,24.54,25.6
302.85,153.3,38.6,21.38,24.1,25.6
360.92,182.68,77.06,20.77,23.49,25.6
415.14,209.28,111.55,20.28,23.0,25.6
419.29,212.41,111.3,20.3,23.02,25.59
419.62,212.74,112.21,20.3,23.02,25.59
421.95,421.95,421.95,421.95,421.95,421.95
422.08,422.08,422.08,422.08,422.08,422.08
424.54,424.54,424.54,424.54,424.54,424.54
424.35,424.35,424.35,424.35,424.35,424.35
424.47,424.47,424.47,424.47,424.47,424.47
424.06,424.06,424.06,424.06,424.06,424.06
424.15,424.15,424.15,424.15,424.15,424.15
427.26,427.26,427.26,427.26,427.26,427.26
427.0,427.0,427.0,427.0,427.0,427.0
425.82,425.82,425.82,425.82,425.82,425.82
423.92,423.92,423.92,423.92,423.92,423.92
421.37,215.3,117.58,20.35,23.07,25.59
396.27,197.96,100.24,21.22,23.94,25.59
355.36,162.18,56.07,22.37,25.09,25.59
317.89,127.8,20.39,23.11,25.59,25.59
304.88,117.23,20.77,23.49,25.59,25.59
283.62,104.93,20.99,23.71,25.59,25.59
291.48,111.11,20.82,23.54,25.6,25.6
294.35,113.77,20.58,23.3,25.6,25.6
329.98,138.99,26.58,22.66,25.38,25.6
385.25,185.22,84.84,21.27,23.99,25.6
424.04,217.16,114.42,20.34,23.06,25.59
430.86,223.98,120.95,20.28,23.0,25.59
432.37,225.49,123.21,20.28,23.0,25.59
435.39,435.39,435.39,435.39,435.39,435.39
434.7,434.7,434.7,434.7,434.7,434.7
432.71,432.71,432.71,432.71,432.71,432.71
433.78,433.78,433.78,433.78,433.78,433.78
433.55,433.55,433.55,433.55,433.55,433.55
434.25,434.25,434.25,434.25,434.25,434.25
434.27,434.27,434.27,434.27,434.27,434.27
434.96,434.96,434.96,434.96,434.96,434.96
439.52,439.52,439.52,439.52,439.52,439.52
443.07,443.07,443.07,443.07,443.07,443.07
445.34,445.34,445.34,445.34,445.34,445.34
451.58,251.3,151.31,39.53,23.06,25.59
418.13,220.04,121.92,21.34,24.06,25.59
376.19,178.79,79.19,22.51,25.23,25.59
367.23,168.8,65.63,22.84,25.56,25.59
358.2,156.5,49.94,23.03,25.6,25.6
357.62,153.23,45.84,23.11,25.6,25.6
343.33,136.45,23.12,23.39,25.6,25.6
331.48,125.43,20.65,23.37,25.6,25.6
355.8,148.92,39.1,22.68,25.4,25.6
438.47,231.59,109.41,21.34,24.06,25.6
490.42,283.54,146.08,26.16,23.08,25.59
496.71,289.83,149.9,31.54,23.01,25.59
502.46,295.58,155.34,39.9,23.01,25.59
510.29,510.29,510.29,510.29,510.29,510.29
511.97,511.97,511.97,511.97,511.97,511.97
511.67,511.67,511.67,511.67,511.67,511.67
513.04,513.04,513.04,513.04,513.04,513.04
513.48,513.48,513.48,513.48,513.48,513.48
512.94,512.94,512.94,512.94,512.94,512.94
513.12,513.12,513.12,513.12,513.12,513.12
511.97,511.97,511.97,511.97,511.97,511.97
512.32,512.32,512.32,512.32,512.32,512.32
509.16,509.16,509.16,509.16,509.16,509.16
508.74,508.74,508.74,508.74,508.74,508.74
505.69,298.81,176.04,70.78,23.05,25.59
492.15,285.27,165.48,56.84,23.43,25.59
476.86,269.98,149.47,34.86,23.89,25.6
461.42,254.54,131.82,21.67,24.39,25.6
462.59,255.71,126.31,21.78,24.5,25.6
466.0,259.12,122.81,21.79,24.51,25.6
484.59,277.72,135.38,21.41,24.13,25.6
502.19,295.31,145.52,26.71,23.67,25.6
523.89,317.01,165.15,52.94,23.3,25.6
527.6,320.72,177.98,71.53,23.08,25.6
533.81,326.93,186.56,82.4,22.96,25.6
535.84,328.96,187.46,82.97,22.95,25.6
533.9,327.02,187.97,83.79,22.95,25.6
534.98,534.98,534.98,534.98,534.98,534.98
536.35,536.35,536.35,536.35,536.35,536.35
534.94,534.94,534.94,534.94,534.94,534.94
534.71,534.71,534.71,534.71,534.71,534.71
531.15,531.15,531.15,531.15,531.15,531.15
528.62,528.62,528.62,528.62,528.62,528.62
527.68,527.68,527.68,527.68,527.68,527.68
531.11,531.11,531.11,531.11,531.11,531.11
537.45,537.45,537.45,537.45,537.45,537.45
542.2,542.2,542.2,542.2,542.2,542.2
541.04,541.04,541.04,541.04,541.04,541.04
538.02,331.14,193.23,93.03,22.99,25.59
531.73,324.85,188.08,86.4,23.16,25.59
501.87,294.99,160.73,50.9,23.89,25.59
450.49,243.61,113.34,22.37,25.09,25.59
435.51,228.63,104.57,22.8,25.52,25.59
424.89,218.01,97.85,22.96,25.59,25.59
406.72,199.84,82.8,23.12,25.59,25.59
403.6,196.72,76.52,23.14,25.59,25.59
431.52,224.64,95.39,22.69,25.41,25.59
483.46,276.58,138.14,21.5,24.22,25.59
525.63,318.75,169.0,56.11,23.11,25.59
529.8,322.92,181.94,74.71,23.01,25.59
530.97,324.09,184.2,78.2,23.01,25.59
529.28,529.28,529.28,529.28,529.28,529.28
532.91,532.91,532.91,532.91,532.91,532.91
531.28,531.28,531.28,531.28,531.28,531.28
531.76,531.76,531.76,531.76,531.76,531.76
531.96,531.96,531.96,531.96,531.96,531.96
514.64,514.64,514.64,514.64,514.64,514.64
504.94,504.94,504.94,504.94,504.94,504.94
504.11,504.11,504.11,504.11,504.11,504.11
506.31,506.31,506.31,506.31,506.31,506.31
508.08,508.08,508.08,508.08,508.08,508.08
510.16,510.16,510.16,510.16,510.16,510.16
490.4,283.66,185.94,80.32,23.16,25.59
455.22,248.34,147.63,30.08,24.27,25.59
416.27,209.39,110.4,22.64,25.36,25.59
386.82,188.03,90.31,23.25,25.59,25.59
390.44,183.56,73.92,23.54,25.59,25.59
386.6,179.72,67.37,23.62,25.59,25.59
376.89,170.01,45.32,23.82,25.59,25.59
385.69,178.81,51.42,23.55,25.59,25.59
410.81,203.93,72.58,22.84,25.56,25.59
462.78,255.9,120.67,21.45,24.17,25.59
503.78,296.9,157.53,41.26,23.12,25.59
509.49,302.61,165.28,48.52,23.02,25.59
510.99,304.11,166.44,49.48,23.02,25.59
513.53,513.53,513.53,513.53,513.53,513.53
513.43,513.43,513.43,513.43,513.43,513.43
512.54,512.54,512.54,512.54,512.54,512.54
513.3,513.3,513.3,513.3,513.3,513.3
515.5,515.5,515.5,515.5,515.5,515.5
517.27,517.27,517.27,517.27,517.27,517.27
515.1,515.1,515.1,515.1,515.1,515.1
514.32,514.32,514.32,514.32,514.32,514.32
516.76,516.76,516.76,516.76,516.76,516.76
516.49,516.49,516.49,516.49,516.49,516.49
516.81,516.81,516.81,516.81,516.81,516.81
515.75,308.87,195.21,96.94,23.08,25.59
491.54,284.66,174.3,69.36,23.76,25.59
458.97,252.09,143.69,28.15,24.59,25.59
425.71,218.83,112.9,22.67,25.39,25.59
399.47,192.59,83.37,23.26,25.59,25.59
381.93,175.05,55.92,23.52,25.6,25.6
376.32,169.44,40.76,23.59,25.59,25.59
367.31,160.43,31.63,23.57,25.59,25.59
376.08,169.2,44.47,23.12,25.59,25.59
450.61,243.73,109.77,21.57,24.29,25.59
501.4,294.52,161.12,45.45,23.06,25.6
509.4,302.52,175.14,63.17,22.96,25.59
510.25,303.37,180.39,71.61,22.96,25.6
512.85,512.85,512.85,512.85,512.85,512.85
512.96,512.96,512.96,512.96,512.96,512.96
516.19,516.19,516.19,516.19,516.19,516.19
527.51,527.51,527.51,527.51,527.51,527.51
528.39,528.39,528.39,528.39,528.39,528.39
527.02,527.02,527.02,527.02,527.02,527.02
522.44,522.44,522.44,522.44,522.44,522.44
520.37,520.37,520.37,520.37,520.37,520.37
519.38,519.38,519.38,519.38,519.38,519.38
518.49,518.49,518.49,518.49,518.49,518.49
515.83,515.83,515.83,515.83,515.83,515.83
507.06,300.18,189.47,87.08,23.14,25.59
467.01,260.13,153.97,39.6,24.25,25.59
424.63,217.75,117.71,22.68,25.4,25.59
390.86,183.98,82.35,23.39,25.6,25.6
358.95,165.39,57.88,23.73,25.6,25.6
324.95,146.06,32.16,23.99,25.6,25.6
290.74,123.02,21.51,24.23,25.6,25.6
285.55,121.71,21.3,24.02,25.6,25.6
314.42,146.72,32.08,23.26,25.6,25.6
406.73,208.59,110.86,21.62,24.34,25.6
485.4,278.52,154.17,33.31,23.12,25.59
493.86,286.98,156.87,37.54,23.0,25.59
494.97,288.09,159.17,40.44,23.0,25.59
497.9,497.9,497.9,497.9,497.9,497.9
502.92,502.92,502.92,502.92,502.92,502.92
505.14,505.14,505.14,505.14,505.14,505.14
505.4,505.4,505.4,505.4,505.4,505.4
505.26,505.26,505.26,505.26,505.26,505.26
505.36,505.36,505.36,505.36,505.36,505.36
505.07,505.07,505.07,505.07,505.07,505.07
505.73,505.73,505.73,505.73,505.73,505.73
507.63,507.63,507.63,507.63,507.63,507.63
506.18,506.18,506.18,506.18,506.18,506.18
508.12,508.12,508.12,508.12,508.12,508.12
495.73,288.85,182.58,76.54,23.13,25.59
453.78,252.4,154.68,38.99,24.02,25.59
419.74,220.67,122.95,22.22,24.94,25.59
380.26,196.79,97.16,22.91,25.59,25.59
342.24,168.76,57.76,23.55,25.6,25.6
326.86,154.8,41.22,23.67,25.6,25.6
325.85,151.59,38.06,23.51,25.6,25.6
337.62,167.23,57.14,23.09,25.6,25.6
398.1,197.91,98.2,22.21,24.93,25.6
448.09,241.22,133.14,21.0,23.72,25.6
471.72,264.84,150.92,27.48,23.03,25.6
473.7,266.82,155.4,34.07,22.99,25.59
475.06,268.18,156.83,36.22,22.97,25.6
478.03,478.03,478.03,478.03,478.03,478.03
466.36,466.36,466.36,466.36,466.36,466.36
418.91,418.91,418.91,418.91,418.91,418.91
392.34,392.34,392.34,392.34,392.34,392.34
397.6,397.6,397.6,397.6,397.6,397.6
400.56,400.56,400.56,400.56,400.56,400.56
411.39,411.39,411.39,411.39,411.39,411.39
426.16,426.16,426.16,426.16,426.16,426.16
450.19,450.19,450.19,450.19,450.19,450.19
466.26,466.26,466.26,466.26,466.26,466.26
472.69,472.69,472.69,472.69,472.69,472.69
467.53,260.65,156.88,31.97,23.12,25.59
449.1,242.22,140.67,20.93,23.65,25.59
420.87,213.99,115.35,21.57,24.29,25.59
402.31,202.65,102.15,21.98,24.7,25.59
401.44,200.2,100.51,21.99,24.71,25.6
403.65,200.17,101.32,22.04,24.76,25.6
404.31,200.87,101.34,22.06,24.78,25.6
397.92,197.7,96.62,22.01,24.73,25.6
420.44,213.71,115.98,21.5,24.22,25.6
442.37,235.49,130.13,20.87,23.59,25.6
467.06,260.18,144.85,20.32,23.04,25.6
469.52,262.64,147.92,23.84,22.99,25.59
470.26,263.38,147.96,24.1,22.99,25.59
475.64,475.64,475.64,475.64,475.64,475.64
473.98,473.98,473.98,473.98,473.98,473.98
473.65,473.65,473.65,473.65,473.65,473.65
461.07,461.07,461.07,461.07,461.07,461.07
421.38,421.38,421.38,421.38,421.38,421.38
384.08,384.08,384.08,384.08,384.08,384.08
354.4,354.4,354.4,354.4,354.4,354.4
342.65,342.65,342.65,342.65,342.65,342.65
355.11,355.11,355.11,355.11,355.11,355.11
401.21,401.21,401.21,401.21,401.21,401.21
452.88,452.88,452.88,452.88,452.88,452.88
446.22,239.34,135.7,20.37,23.09,25.59
428.92,224.13,126.4,20.82,23.54,25.59
396.95,208.47,107.56,21.39,24.11,25.59
359.68,188.8,80.64,21.99,24.71,25.59
336.87,178.52,66.17,22.03,24.75,25.6
339.87,182.46,70.63,21.78,24.5,25.6
383.26,204.81,101.26,21.27,23.99,25.6
408.23,217.55,118.5,20.88,23.6,25.6
431.61,228.18,130.46,20.62,23.34,25.6
454.23,247.35,140.09,20.38,23.1,25.6
457.85,250.97,142.86,20.28,23.0,25.59
456.79,249.91,142.81,20.28,23.0,25.59
456.29,249.41,142.33,20.28,23.0,25.59
449.96,449.96,449.96,449.96,449.96,449.96
421.88,421.88,421.88,421.88,421.88,421.88
385.33,385.33,385.33,385.33,385.33,385.33
361.65,361.65,361.65,361.65,361.65,361.65
323.48,323.48,323.48,323.48,323.48,323.48
309.77,309.77,309.77,309.77,309.77,309.77
316.45,316.45,316.45,316.45,316.45,316.45
339.99,339.99,339.99,339.99,339.99,339.99
361.21,361.21,361.21,361.21,361.21,361.21
397.75,397.75,397.75,397.75,397.75,397.75
403.23,403.23,403.23,403.23,403.23,403.23
400.8,230.04,132.31,20.39,23.11,25.59
364.84,202.41,98.68,21.59,24.31,25.59
324.43,169.76,57.85,23.03,25.59,25.59
299.02,150.11,33.98,23.67,25.59,25.59
266.85,125.4,21.42,24.14,25.6,25.6
234.3,92.26,21.87,24.59,25.6,25.6
232.3,89.27,21.89,24.61,25.6,25.6
239.1,91.68,21.72,24.44,25.6,25.6
272.74,117.94,20.94,23.66,25.6,25.6
359.08,182.53,76.57,22.0,24.72,25.59
426.28,231.52,133.79,20.5,23.22,25.59
438.27,244.64,146.92,24.23,23.03,25.59
443.58,253.04,155.31,37.51,23.03,25.59
448.68,448.68,448.68,448.68,448.68,448.68
449.02,449.02,449.02,449.02,449.02,449.02
448.77,448.77,448.77,448.77,448.77,448.77
449.54,449.54,449.54,449.54,449.54,449.54
450.08,450.08,450.08,450.08,450.08,450.08
450.65,450.65,450.65,450.65,450.65,450.65
451.25,451.25,451.25,451.25,451.25,451.25
451.99,451.99,451.99,451.99,451.99,451.99
450.99,450.99,450.99,450.99,450.99,450.99
453.04,453.04,453.04,453.04,453.04,453.04
454.89,454.89,454.89,454.89,454.89,454.89
448.25,265.91,168.18,56.73,23.14,25.59
409.63,230.64,132.91,21.57,24.29,25.59
367.01,188.41,86.77,22.78,25.5,25.59
342.29,163.78,54.12,23.43,25.59,25.59
334.58,156.64,45.77,23.64,25.59,25.59
332.12,154.32,43.13,23.68,25.59,25.59
329.28,148.34,35.32,23.69,25.6,25.6
324.59,136.66,20.89,23.61,25.6,25.6
344.28,152.8,41.64,23.03,25.6,25.6
394.37,199.3,99.82,21.62,24.34,25.6
434.93,234.22,136.49,20.44,23.16,25.59
443.95,248.64,150.92,30.05,23.01,25.59
444.6,250.32,152.59,32.95,23.01,25.59
448.04,448.04,448.04,448.04,448.04,448.04
445.97,445.97,445.97,445.97,445.97,445.97
441.61,441.61,441.61,441.61,441.61,441.61
440.81,440.81,440.81,440.81,440.81,440.81
440.67,440.67,440.67,440.67,440.67,440.67
440.46,440.46,440.46,440.46,440.46,440.46
440.66,440.66,440.66,440.66,440.66,440.66
440.43,440.43,440.43,440.43,440.43,440.43
441.8,441.8,441.8,441.8,441.8,441.8
446.6,446.6,446.6,446.6,446.6,446.6
450.99,450.99,450.99,450.99,450.99,450.99
447.86,259.27,161.55,47.84,23.06,25.59
441.32,253.75,156.03,40.39,23.26,25.59
433.83,245.05,147.32,27.98,23.44,25.59
430.58,243.28,145.56,26.14,23.54,25.59
431.42,244.11,146.39,27.09,23.55,25.59
431.94,244.1,146.37,26.98,23.49,25.6
432.77,242.56,144.84,24.14,23.47,25.6
431.07,239.48,141.75,20.71,23.43,25.6
435.7,243.03,145.3,24.28,23.3,25.6
440.47,248.56,150.84,31.74,23.18,25.6
446.2,255.3,157.58,41.55,23.04,25.59
448.44,259.03,161.3,47.17,23.01,25.59
447.75,256.77,159.05,43.55,23.01,25.59
451.82,451.82,451.82,451.82,451.82,451.82
451.32,451.32,451.32,451.32,451.32,451.32
447.94,447.94,447.94,447.94,447.94,447.94
444.21,444.21,444.21,444.21,444.21,444.21
438.78,438.78,438.78,438.78,438.78,438.78
436.72,436.72,436.72,436.72,436.72,436.72
435.38,435.38,435.38,435.38,435.38,435.38
437.08,437.08,437.08,437.08,437.08,437.08
439.9,439.9,439.9,439.9,439.9,439.9
445.24,445.24,445.24,445.24,445.24,445.24
448.88,448.88,448.88,448.88,448.88,448.88
444.79,253.25,155.52,38.77,23.04,25.59
438.67,250.87,153.14,36.37,23.27,25.59
423.16,233.43,135.71,20.93,23.65,25.59
407.74,223.5,125.77,21.49,24.21,25.59
385.22,207.21,109.49,21.97,24.69,25.6
363.55,189.84,84.84,22.41,25.13,25.6
367.75,193.5,88.37,22.29,25.01,25.6
371.63,193.47,89.12,22.03,24.75,25.6
398.44,215.08,117.35,21.35,24.07,25.6
420.78,228.23,130.5,20.85,23.57,25.6
440.04,244.76,147.03,25.3,23.09,25.6
446.96,256.52,158.8,43.25,23.0,25.59
447.46,257.6,159.87,44.77,22.99,25.59
449.14,449.14,449.14,449.14,449.14,449.14
448.98,448.98,448.98,448.98,448.98,448.98
449.38,449.38,449.38,449.38,449.38,449.38
447.13,447.13,447.13,447.13,447.13,447.13
446.89,446.89,446.89,446.89,446.89,446.89
448.1,448.1,448.1,448.1,448.1,448.1
446.49,446.49,446.49,446.49,446.49,446.49
448.46,448.46,448.46,448.46,448.46,448.46
448.2,448.2,448.2,448.2,448.2,448.2
446.28,446.28,446.28,446.28,446.28,446.28
446.78,446.78,446.78,446.78,446.78,446.78
438.73,258.15,160.42,47.54,23.21,25.59
394.51,219.65,121.92,21.78,24.5,25.59
349.39,176.09,72.55,22.95,25.59,25.59
290.89,132.68,21.04,23.76,25.59,25.59
247.87,112.86,21.41,24.13,25.6,25.6
223.6,101.16,21.56,24.28,25.6,25.6
211.28,88.01,21.59,24.31,25.6,25.6
208.24,78.68,21.45,24.17,25.59,25.59
236.54,102.59,20.74,23.46,25.59,25.59
321.79,157.61,44.53,21.98,24.7,25.59
404.9,207.62,109.9,20.45,23.17,25.59
433.17,231.9,134.17,20.23,22.95,25.59
435.07,238.05,140.33,20.22,22.94,25.59
436.37,436.37,436.37,436.37,436.37,436.37
436.17,436.17,436.17,436.17,436.17,436.17
413.86,413.86,413.86,413.86,413.86,413.86
369.77,369.77,369.77,369.77,369.77,369.77
338.01,338.01,338.01,338.01,338.01,338.01
332.85,332.85,332.85,332.85,332.85,332.85
334.33,334.33,334.33,334.33,334.33,334.33
346.08,346.08,346.08,346.08,346.08,346.08
373.55,373.55,373.55,373.55,373.55,373.55
411.45,411.45,411.45,411.45,411.45,411.45
434.08,434.08,434.08,434.08,434.08,434.08
429.57,237.93,140.21,20.48,23.2,25.59
385.59,199.55,101.83,21.73,24.45,25.59
286.67,134.31,20.38,23.1,25.59,25.59
221.96,93.68,21.17,23.89,25.6,25.6
181.15,51.57,21.72,24.44,25.6,25.6
171.67,39.16,21.89,24.61,25.6,25.6
172.1,39.65,21.84,24.56,25.6,25.6
175.95,43.21,21.58,24.3,25.6,25.6
188.16,56.23,20.93,23.65,25.6,25.6
228.51,99.94,19.46,22.18,24.9,25.6
294.6,161.29,44.23,20.51,23.23,25.59
331.59,182.44,71.08,20.25,22.97,25.59
347.18,188.9,80.35,20.25,22.97,25.59
338.44,338.44,338.44,338.44,338.44,338.44
320.21,320.21,320.21,320.21,320.21,320.21
318.83,318.83,318.83,318.83,318.83,318.83
321.89,321.89,321.89,321.89,321.89,321.89
323.82,323.82,323.82,323.82,323.82,323.82
320.86,320.86,320.86,320.86,320.86,320.86
320.71,320.71,320.71,320.71,320.71,320.71
333.56,333.56,333.56,333.56,333.56,333.56
346.36,346.36,346.36,346.36,346.36,346.36
393.9,393.9,393.9,393.9,393.9,393.9
406.2,406.2,406.2,406.2,406.2,406.2
364.54,214.66,116.93,20.51,23.23,25.59
287.38,164.94,50.21,21.96,24.68,25.59
237.04,119.32,20.48,23.2,25.59,25.59
214.88,97.61,21.09,23.81,25.59,25.59
200.21,81.64,21.39,24.11,25.6,25.6
181.68,56.65,21.64,24.36,25.6,25.6
177.13,49.33,21.49,24.21,25.6,25.6
184.56,57.88,21.0,23.72,25.6,25.6
196.3,71.21,20.52,23.24,25.6,25.6
232.46,109.84,19.2,21.92,24.64,25.6
280.78,157.13,37.57,20.51,23.23,25.59
295.03,169.36,51.43,20.27,22.99,25.59
294.22,166.94,47.73,20.27,22.99,25.59
290.49,163.25,42.97,20.26,22.98,25.59
290.75,290.75,290.75,290.75,290.75,290.75
299.72,299.72,299.72,299.72,299.72,299.72
301.92,301.92,301.92,301.92,301.92,301.92
285.41,285.41,285.41,285.41,285.41,285.41
273.14,273.14,273.14,273.14,273.14,273.14
270.28,270.28,270.28,270.28,270.28,270.28
274.67,274.67,274.67,274.67,274.67,274.67
276.19,276.19,276.19,276.19,276.19,276.19
279.22,279.22,279.22,279.22,279.22,279.22
283.64,283.64,283.64,283.64,283.64,283.64
287.02,150.22,39.01,20.55,23.27,25.59
245.59,116.69,19.34,22.06,24.78,25.59
201.06,78.58,20.46,23.18,25.59,25.59
187.78,66.57,21.01,23.73,25.59,25.59
176.84,52.44,21.27,23.99,25.6,25.6
167.99,39.34,21.32,24.04,25.6,25.6
167.71,37.99,21.13,23.85,25.6,25.6
176.33,47.34,20.52,23.24,25.6,25.6
185.96,57.41,19.79,22.51,25.23,25.6
209.18,83.48,18.88,21.6,24.32,25.6
240.74,113.95,17.81,20.53,23.25,25.59
252.09,123.58,17.56,20.28,23.0,25.59
250.55,117.64,17.56,20.28,23.0,25.59
257.98,257.98,257.98,257.98,257.98,257.98
259.43,259.43,259.43,259.43,259.43,259.43
256.31,256.31,256.31,256.31,256.31,256.31
259.27,259.27,259.27,259.27,259.27,259.27
259.65,259.65,259.65,259.65,259.65,259.65
266.09,266.09,266.09,266.09,266.09,266.09
271.95,271.95,271.95,271.95,271.95,271.95
287.49,287.49,287.49,287.49,287.49,287.49
286.18,286.18,286.18,286.18,286.18,286.18
274.55,274.55,274.55,274.55,274.55,274.55
278.36,278.36,278.36,278.36,278.36,278.36
298.1,158.61,43.79,20.33,23.05,25.59
298.38,161.57,45.97,20.83,23.55,25.59
277.87,144.35,23.21,21.78,24.5,25.59
254.12,119.5,19.51,22.23,24.95,25.59
254.66,120.54,19.57,22.29,25.01,25.59
265.23,130.56,19.21,21.93,24.65,25.59
286.84,142.09,23.25,21.59,24.31,25.59
295.2,147.02,29.25,21.27,23.99,25.59
304.88,161.39,46.7,20.93,23.65,25.59
359.23,185.83,80.91,20.5,23.22,25.59
409.3,207.21,109.48,20.27,22.99,25.59
428.93,222.05,116.82,20.25,22.97,25.59
432.95,226.07,118.16,20.25,22.97,25.59
437.84,437.84,437.84,437.84,437.84,437.84
440.95,440.95,440.95,440.95,440.95,440.95
447.94,447.94,447.94,447.94,447.94,447.94
443.08,443.08,443.08,443.08,443.08,443.08
443.12,443.12,443.12,443.12,443.12,443.12
441.24,441.24,441.24,441.24,441.24,441.24
427.65,427.65,427.65,427.65,427.65,427.65
414.94,414.94,414.94,414.94,414.94,414.94
407.9,407.9,407.9,407.9,407.9,407.9
436.02,436.02,436.02,436.02,436.02,436.02
441.12,441.12,441.12,441.12,441.12,441.12
429.69,237.49,139.76,21.03,23.23,25.59
383.49,193.47,95.75,21.81,24.53,25.59
318.72,142.77,27.67,23.05,25.59,25.59
274.43,120.78,20.91,23.63,25.59,25.59
256.8,110.9,21.17,23.89,25.59,25.59
229.79,90.84,21.4,24.12,25.59,25.59
215.83,79.46,21.5,24.22,25.59,25.59
213.74,77.12,21.33,24.05,25.59,25.59
230.41,91.88,20.65,23.37,25.59,25.59
310.98,147.39,32.57,21.96,24.68,25.59
421.49,214.61,110.81,20.49,23.21,25.59
443.61,236.73,120.87,20.24,22.96,25.59
445.2,238.32,121.88,20.24,22.96,25.59
445.96,445.96,445.96,445.96,445.96,445.96
444.91,444.91,444.91,444.91,444.91,444.91
442.43,442.43,442.43,442.43,442.43,442.43
445.21,445.21,445.21,445.21,445.21,445.21
447.29,447.29,447.29,447.29,447.29,447.29
446.86,446.86,446.86,446.86,446.86,446.86
446.81,446.81,446.81,446.81,446.81,446.81
447.1,447.1,447.1,447.1,447.1,447.1
450.12,450.12,450.12,450.12,450.12,450.12
454.61,454.61,454.61,454.61,454.61,454.61
457.13,457.13,457.13,457.13,457.13,457.13
447.27,246.25,148.52,34.35,23.3,25.59
405.37,208.79,111.07,21.85,24.57,25.59
345.05,156.16,48.57,23.03,25.59,25.59
288.62,123.4,21.0,23.72,25.59,25.59
255.57,104.92,21.31,24.03,25.59,25.59
225.19,91.73,21.46,24.18,25.59,25.59
197.16,69.23,21.66,24.38,25.59,25.59
187.29,55.31,21.61,24.33,25.59,25.59
205.98,75.42,20.98,23.7,25.59,25.59
308.27,144.83,29.3,22.15,24.87,25.59
413.46,206.58,106.46,20.57,23.29,25.59
431.5,224.62,116.78,20.28,23.0,25.59
433.44,226.56,118.32,20.28,23.0,25.59
436.06,436.06,436.06,436.06,436.06,436.06
438.96,438.96,438.96,438.96,438.96,438.96
439.57,439.57,439.57,439.57,439.57,439.57
438.94,438.94,438.94,438.94,438.94,438.94
435.19,435.19,435.19,435.19,435.19,435.19
435.49,435.49,435.49,435.49,435.49,435.49
434.28,434.28,434.28,434.28,434.28,434.28
433.7,433.7,433.7,433.7,433.7,433.7
441.24,441.24,441.24,441.24,441.24,441.24
448.04,448.04,448.04,448.04,448.04,448.04
451.87,451.87,451.87,451.87,451.87,451.87
435.26,228.38,128.87,20.63,23.35,25.59
352.26,179.46,76.67,22.01,24.73,25.59
270.99,120.99,20.62,23.34,25.59,25.59
228.88,95.69,21.21,23.93,25.6,25.6
215.33,84.72,21.41,24.13,25.6,25.6
212.38,77.59,21.26,23.98,25.6,25.6
218.2,85.01,20.76,23.48,25.6,25.6
244.5,115.55,19.8,22.52,25.24,25.6
279.28,143.26,22.53,21.65,24.37,25.6
300.51,162.22,44.62,20.86,23.58,25.6
323.87,178.33,65.52,20.33,23.05,25.6
328.3,180.39,68.41,20.3,23.02,25.59
315.2,176.51,62.36,20.3,23.02,25.59
306.32,306.32,306.32,306.32,306.32,306.32
292.79,292.79,292.79,292.79,292.79,292.79
292.86,292.86,292.86,292.86,292.86,292.86
281.61,281.61,281.61,281.61,281.61,281.61
261.12,261.12,261.12,261.12,261.12,261.12
246.02,246.02,246.02,246.02,246.02,246.02
243.23,243.23,243.23,243.23,243.23,243.23
242.5,242.5,242.5,242.5,242.5,242.5
257.81,257.81,257.81,257.81,257.81,257.81
287.42,287.42,287.42,287.42,287.42,287.42
316.05,316.05,316.05,316.05,316.05,316.05
313.1,176.72,64.63,20.59,23.31,25.59
244.71,124.07,18.92,21.64,24.36,25.59
220.57,101.89,19.88,22.6,25.32,25.59
205.3,88.3,20.62,23.34,25.59,25.59
177.99,52.04,21.22,23.94,25.59,25.59
179.49,57.08,20.95,23.67,25.59,25.59
177.66,61.12,20.69,23.41,25.59,25.59
179.58,68.15,20.3,23.02,25.59,25.59
182.04,69.97,20.06,22.78,25.5,25.59
220.49,109.76,19.05,21.77,24.49,25.59
278.87,156.83,35.36,20.55,23.27,25.59
297.34,171.32,51.94,20.27,22.99,25.59
295.0,171.21,51.5,20.25,22.97,25.59
293.56,293.56,293.56,293.56,293.56,293.56
269.44,269.44,269.44,269.44,269.44,269.44
258.45,258.45,258.45,258.45,258.45,258.45
261.1,261.1,261.1,261.1,261.1,261.1
262.05,262.05,262.05,262.05,262.05,262.05
258.09,258.09,258.09,258.09,258.09,258.09
255.85,255.85,255.85,255.85,255.85,255.85
252.5,252.5,252.5,252.5,252.5,252.5
254.48,254.48,254.48,254.48,254.48,254.48
265.05,265.05,265.05,265.05,265.05,265.05
287.74,287.74,287.74,287.74,287.74,287.74
287.16,166.53,45.19,20.34,23.06,25.59
280.81,158.72,36.07,20.87,23.59,25.59
249.25,135.63,19.05,21.77,24.49,25.59
211.36,103.86,19.95,22.67,25.39,25.59
188.61,78.22,20.67,23.39,25.59,25.59
168.31,52.7,21.07,23.79,25.59,25.59
165.85,48.86,21.0,23.72,25.6,25.6
178.47,65.69,20.68,23.4,25.6,25.6
196.4,87.72,20.14,22.86,25.58,25.6
238.9,126.58,19.2,21.92,24.64,25.6
283.13,160.56,40.18,20.65,23.37,25.59
297.96,173.25,57.54,20.27,22.99,25.59
293.83,178.15,64.83,20.27,22.99,25.59
283.45,283.45,283.45,283.45,283.45,283.45
285.47,285.47,285.47,285.47,285.47,285.47
284.25,284.25,284.25,284.25,284.25,284.25
285.45,285.45,285.45,285.45,285.45,285.45
286.85,286.85,286.85,286.85,286.85,286.85
286.72,286.72,286.72,286.72,286.72,286.72
294.25,294.25,294.25,294.25,294.25,294.25
301.41,301.41,301.41,301.41,301.41,301.41
301.6,301.6,301.6,301.6,301.6,301.6
301.93,301.93,301.93,301.93,301.93,301.93
313.65,313.65,313.65,313.65,313.65,313.65
318.62,196.45,93.25,20.7,23.42,25.59
277.36,156.94,41.79,22.25,24.97,25.59
237.27,131.52,20.52,23.24,25.59,25.59
199.25,93.97,21.34,24.06,25.59,25.59
182.72,73.74,21.64,24.36,25.6,25.6
175.17,64.1,21.72,24.44,25.6,25.6
165.3,50.84,21.81,24.53,25.6,25.6
152.56,33.87,21.8,24.52,25.6,25.6
165.0,48.98,21.19,23.91,25.6,25.6
215.84,105.84,19.77,22.49,25.21,25.6
279.62,158.72,38.25,20.72,23.44,25.59
313.7,184.96,75.04,20.25,22.97,25.59
324.32,198.06,95.3,20.25,22.97,25.59
320.45,201.04,99.59,20.24,22.96,25.59
321.05,321.05,321.05,321.05,321.05,321.05
318.14,318.14,318.14,318.14,318.14,318.14
317.13,317.13,317.13,317.13,317.13,317.13
313.76,313.76,313.76,313.76,313.76,313.76
313.58,313.58,313.58,313.58,313.58,313.58
316.4,316.4,316.4,316.4,316.4,316.4
327.47,327.47,327.47,327.47,327.47,327.47
333.98,333.98,333.98,333.98,333.98,333.98
343.77,343.77,343.77,343.77,343.77,343.77
333.51,333.51,333.51,333.51,333.51,333.51
326.98,206.74,109.02,20.73,23.45,25.59
287.07,170.56,62.26,22.23,24.95,25.59
241.12,134.26,20.58,23.3,25.59,25.59
189.54,83.19,21.49,24.21,25.59,25.59
170.97,58.89,21.77,24.49,25.6,25.6
155.15,37.64,21.95,24.67,25.6,25.6
148.72,29.56,22.0,24.72,25.6,25.6
150.43,31.34,21.83,24.55,25.6,25.6
165.3,49.24,21.19,23.91,25.6,25.6
207.77,100.22,19.85,22.57,25.29,25.59
277.25,160.62,41.95,20.69,23.41,25.59
309.57,188.95,78.96,20.24,22.96,25.59
309.03,189.07,79.24,20.24,22.96,25.59
321.14,321.14,321.14,321.14,321.14,321.14
313.33,313.33,313.33,313.33,313.33,313.33
295.22,295.22,295.22,295.22,295.22,295.22
304.72,304.72,304.72,304.72,304.72,304.72
315.29,315.29,315.29,315.29,315.29,315.29
316.68,316.68,316.68,316.68,316.68,316.68
316.64,316.64,316.64,316.64,316.64,316.64
323.02,323.02,323.02,323.02,323.02,323.02
345.58,345.58,345.58,345.58,345.58,345.58
353.62,353.62,353.62,353.62,353.62,353.62
358.64,358.64,358.64,358.64,358.64,358.64
352.1,214.75,117.02,20.57,23.29,25.59
301.63,168.77,59.1,21.79,24.51,25.59
223.74,105.93,20.41,23.13,25.59,25.59
193.76,85.16,21.07,23.79,25.59,25.59
182.79,72.95,21.26,23.98,25.6,25.6
164.79,48.37,21.36,24.08,25.6,25.6
165.28,48.59,21.09,23.81,25.6,25.6
180.68,68.11,20.52,23.24,25.6,25.6
221.21,113.03,19.48,22.2,24.92,25.6
259.36,146.15,21.21,21.11,23.83,25.6
274.46,161.25,40.1,20.42,23.14,25.59
282.4,168.79,50.59,20.27,22.99,25.59
281.66,167.9,49.34,20.27,22.99,25.59
282.92,282.92,282.92,282.92,282.92,282.92
280.61,280.61,280.61,280.61,280.61,280.61
272.32,272.32,272.32,272.32,272.32,272.32
276.03,276.03,276.03,276.03,276.03,276.03
277.46,277.46,277.46,277.46,277.46,277.46
274.46,274.46,274.46,274.46,274.46,274.46
273.11,273.11,273.11,273.11,273.11,273.11
276.73,276.73,276.73,276.73,276.73,276.73
282.62,282.62,282.62,282.62,282.62,282.62
295.41,295.41,295.41,295.41,295.41,295.41
297.94,297.94,297.94,297.94,297.94,297.94
288.03,171.94,55.13,20.38,23.1,25.59
275.5,161.74,42.8,20.78,23.5,25.59
264.04,150.52,29.33,21.3,24.02,25.59
254.85,141.92,19.0,21.72,24.44,25.59
242.8,131.14,19.66,22.38,25.1,25.59
211.27,100.36,20.11,22.83,25.55,25.6
226.96,116.93,19.7,22.42,25.14,25.6
253.5,143.09,18.95,21.67,24.39,25.6
252.7,141.98,18.79,21.51,24.23,25.6
265.65,153.76,30.17,21.22,23.94,25.6
291.05,177.83,60.12,20.49,23.21,25.59
303.13,193.07,82.33,20.27,22.99,25.59
304.54,194.29,84.26,20.26,22.98,25.59
306.08,306.08,306.08,306.08,306.08,306.08
304.28,304.28,304.28,304.28,304.28,304.28
297.32,297.32,297.32,297.32,297.32,297.32
274.14,274.14,274.14,274.14,274.14,274.14
252.24,252.24,252.24,252.24,252.24,252.24
250.93,250.93,250.93,250.93,250.93,250.93
245.04,245.04,245.04,245.04,245.04,245.04
242.61,242.61,242.61,242.61,242.61,242.61
246.25,246.25,246.25,246.25,246.25,246.25
270.31,270.31,270.31,270.31,270.31,270.31
292.68,292.68,292.68,292.68,292.68,292.68
288.26,179.68,70.02,20.53,23.25,25.59
266.85,158.82,41.75,21.5,24.22,25.59
257.86,149.95,28.75,21.85,24.57,25.59
244.28,136.34,19.45,22.17,24.89,25.59
246.07,138.26,19.5,22.22,24.94,25.59
236.23,128.35,19.74,22.46,25.18,25.59
227.21,119.17,19.92,22.64,25.36,25.59
232.36,124.04,19.58,22.3,25.02,25.59
243.02,134.2,19.06,21.78,24.5,25.59
263.61,152.64,27.38,21.13,23.85,25.59
279.9,167.78,46.11,20.5,23.22,25.59
286.4,174.13,53.88,20.23,22.95,25.59
288.87,176.59,57.29,20.24,22.96,25.59
290.53,290.53,290.53,290.53,290.53,290.53
292.82,292.82,292.82,292.82,292.82,292.82
289.16,289.16,289.16,289.16,289.16,289.16
279.91,279.91,279.91,279.91,279.91,279.91
255.61,255.61,255.61,255.61,255.61,255.61
258.52,258.52,258.52,258.52,258.52,258.52
248.28,248.28,248.28,248.28,248.28,248.28
244.64,244.64,244.64,244.64,244.64,244.64
254.03,254.03,254.03,254.03,254.03,254.03
274.61,274.61,274.61,274.61,274.61,274.61
281.29,281.29,281.29,281.29,281.29,281.29
277.56,169.48,48.77,20.52,23.24,25.59
263.73,156.08,32.68,21.2,23.92,25.59
253.69,146.32,22.05,21.54,24.26,25.59
247.36,140.31,19.06,21.78,24.5,25.59
241.1,134.01,19.35,22.07,24.79,25.59
237.2,130.36,19.51,22.23,24.95,25.59
241.74,134.93,19.32,22.04,24.76,25.59
240.69,134.0,19.41,22.13,24.85,25.59
249.47,140.28,19.15,21.87,24.59,25.59
269.8,157.54,36.23,21.29,24.01,25.59
298.79,178.82,62.34,20.51,23.23,25.59
309.29,185.46,70.45,20.29,23.01,25.59
314.98,189.83,75.17,20.28,23.0,25.59
315.9,315.9,315.9,315.9,315.9,315.9
311.73,311.73,311.73,311.73,311.73,311.73
286.19,286.19,286.19,286.19,286.19,286.19
268.41,268.41,268.41,268.41,268.41,268.41
276.69,276.69,276.69,276.69,276.69,276.69
270.24,270.24,270.24,270.24,270.24,270.24
261.78,261.78,261.78,261.78,261.78,261.78
263.28,263.28,263.28,263.28,263.28,263.28
275.69,275.69,275.69,275.69,275.69,275.69
291.99,291.99,291.99,291.99,291.99,291.99
302.02,302.02,302.02,302.02,302.02,302.02
306.1,180.25,64.38,20.45,23.17,25.59
291.03,166.64,46.64,21.13,23.85,25.59
264.92,143.71,19.54,22.26,24.98,25.59
215.73,107.62,20.73,23.45,25.59,25.59
204.42,98.13,21.0,23.72,25.59,25.59
207.96,101.48,20.74,23.46,25.59,25.59
189.05,78.06,20.87,23.59,25.59,25.59
195.76,87.08,20.68,23.4,25.59,25.59
236.29,124.96,19.6,22.32,25.04,25.59
264.68,148.97,24.39,21.42,24.14,25.59
281.11,164.26,42.87,20.66,23.38,25.59
288.25,171.13,51.35,20.3,23.02,25.59
288.29,171.1,51.29,20.3,23.02,25.58
287.96,287.96,287.96,287.96,287.96,287.96
287.39,287.39,287.39,287.39,287.39,287.39
270.78,270.78,270.78,270.78,270.78,270.78
258.38,258.38,258.38,258.38,258.38,258.38
235.4,235.4,235.4,235.4,235.4,235.4
220.42,220.42,220.42,220.42,220.42,220.42
220.08,220.08,220.08,220.08,220.08,220.08
226.74,226.74,226.74,226.74,226.74,226.74
232.57,232.57,232.57,232.57,232.57,232.57
244.08,244.08,244.08,244.08,244.08,244.08
263.53,263.53,263.53,263.53,263.53,263.53
274.04,163.53,43.37,20.54,23.26,25.59
263.6,151.7,28.79,21.3,24.02,25.59
247.54,136.66,19.38,22.1,24.82,25.59
237.8,127.48,19.88,22.6,25.32,25.59
233.19,123.07,20.11,22.83,25.55,25.59
235.58,125.29,19.93,22.65,25.37,25.59
231.68,120.82,19.82,22.54,25.26,25.59
235.08,124.06,19.62,22.34,25.06,25.59
251.59,140.46,19.11,21.83,24.55,25.59
267.64,155.61,33.37,21.02,23.74,25.59
274.16,161.21,40.13,20.47,23.19,25.59
291.19,176.71,62.02,20.29,23.01,25.59
306.02,190.39,82.45,20.28,23.0,25.59
303.11,303.11,303.11,303.11,303.11,303.11
301.52,301.52,301.52,301.52,301.52,301.52
291.5,291.5,291.5,291.5,291.5,291.5
270.73,270.73,270.73,270.73,270.73,270.73
274.19,274.19,274.19,274.19,274.19,274.19
273.86,273.86,273.86,273.86,273.86,273.86
271.8,271.8,271.8,271.8,271.8,271.8
272.45,272.45,272.45,272.45,272.45,272.45
274.28,274.28,274.28,274.28,274.28,274.28
277.9,277.9,277.9,277.9,277.9,277.9
283.63,283.63,283.63,283.63,283.63,283.63
285.74,169.21,50.85,20.34,23.06,25.59
284.69,167.55,49.1,20.55,23.27,25.59
288.99,165.28,47.22,20.78,23.5,25.59
284.64,160.78,41.77,21.06,23.78,25.59
283.16,159.4,40.14,21.13,23.85,25.59
283.02,159.28,39.92,21.12,23.84,25.59
285.41,161.27,42.27,21.0,23.72,25.59
293.65,169.85,54.29,20.84,23.56,25.59
297.21,173.08,58.61,20.71,23.43,25.58
301.28,176.15,62.33,20.55,23.27,25.59
304.13,178.71,65.36,20.37,23.09,25.59
309.33,185.11,74.5,20.29,23.01,25.58
311.23,187.56,78.24,20.29,23.01,25.59
312.05,312.05,312.05,312.05,312.05,312.05
316.09,191.66,82.3,20.27,22.99,25.59
316.62,316.62,316.62,316.62,316.62,316.62
306.64,306.64,306.64,306.64,306.64,306.64
293.57,293.57,293.57,293.57,293.57,293.57
289.77,289.77,289.77,289.77,289.77,289.77
294.17,294.17,294.17,294.17,294.17,294.17
306.88,306.88,306.88,306.88,306.88,306.88
328.3,328.3,328.3,328.3,328.3,328.3
336.52,336.52,336.52,336.52,336.52,336.52
340.84,340.84,340.84,340.84,340.84,340.84
321.83,202.34,102.22,20.98,23.7,25.59
244.65,134.38,20.03,22.75,25.47,25.59
186.95,78.31,21.31,24.03,25.6,25.6
163.46,48.58,21.94,24.66,25.6,25.6
145.36,25.85,22.23,24.95,25.6,25.6
136.15,19.55,22.27,24.99,25.59,25.59
132.52,19.57,22.29,25.01,25.59,25.59
136.47,19.32,22.04,24.76,25.59,25.59
144.37,24.4,21.49,24.21,25.59,25.59
181.56,69.36,20.23,22.95,25.58,25.58
263.93,140.91,20.07,20.97,23.69,25.58
315.67,171.76,58.39,20.3,23.02,25.58
325.01,176.87,65.11,20.29,23.01,25.58
329.98,329.98,329.98,329.98,329.98,329.98
328.93,328.93,328.93,328.93,328.93,328.93
314.62,314.62,314.62,314.62,314.62,314.62
312.21,312.21,312.21,312.21,312.21,312.21
290.23,290.23,290.23,290.23,290.23,290.23
284.15,284.15,284.15,284.15,284.15,284.15
298.25,298.25,298.25,298.25,298.25,298.25
318.66,318.66,318.66,318.66,318.66,318.66
331.64,331.64,331.64,331.64,331.64,331.64
347.86,347.86,347.86,347.86,347.86,347.86
354.08,212.9,115.18,20.26,22.98,25.59
332.64,200.9,101.6,20.77,23.49,25.59
271.3,156.5,40.64,21.87,24.59,25.59
196.19,93.06,20.63,23.35,25.59,25.59
139.71,28.59,21.74,24.46,25.59,25.59
117.03,19.49,22.21,24.93,25.59,25.59
112.25,19.37,22.09,24.81,25.59,25.59
113.03,19.3,22.02,24.74,25.59,25.59
112.67,19.16,21.88,24.6,25.59,25.59
120.16,18.66,21.38,24.1,25.59,25.59
138.52,27.0,20.25,22.97,25.59,25.59
183.8,83.8,18.33,21.05,23.77,25.58
238.1,140.38,17.59,20.31,23.03,25.58
249.45,151.72,26.97,20.3,23.02,25.59
253.44,253.44,253.44,253.44,253.44,253.44
254.46,254.46,254.46,254.46,254.46,254.46
249.33,249.33,249.33,249.33,249.33,249.33
219.22,219.22,219.22,219.22,219.22,219.22
207.88,207.88,207.88,207.88,207.88,207.88
207.74,207.74,207.74,207.74,207.74,207.74
218.58,218.58,218.58,218.58,218.58,218.58
240.16,240.16,240.16,240.16,240.16,240.16
253.72,253.72,253.72,253.72,253.72,253.72
273.18,273.18,273.18,273.18,273.18,273.18
291.44,193.72,85.85,20.28,23.0,25.58
273.12,175.4,64.52,21.14,23.86,25.59
209.6,111.87,20.18,22.9,25.59,25.59
143.04,32.22,21.56,24.28,25.59,25.59
131.9,19.27,21.99,24.71,25.59,25.59
126.57,19.43,22.15,24.87,25.59,25.59
119.53,19.52,22.24,24.96,25.59,25.59
117.1,19.53,22.25,24.97,25.59,25.59
119.38,19.32,22.04,24.76,25.59,25.59
127.25,18.76,21.48,24.2,25.59,25.59
153.99,45.56,20.24,22.96,25.59,25.59
189.34,89.03,18.34,21.06,23.78,25.58
225.64,127.91,17.64,20.36,23.08,25.58
246.29,148.57,24.35,20.33,23.05,25.58
249.49,249.49,249.49,249.49,249.49,249.49
256.21,256.21,256.21,256.21,256.21,256.21
253.36,253.36,253.36,253.36,253.36,253.36
238.55,238.55,238.55,238.55,238.55,238.55
212.31,212.31,212.31,212.31,212.31,212.31
201.98,201.98,201.98,201.98,201.98,201.98
202.52,202.52,202.52,202.52,202.52,202.52
212.92,212.92,212.92,212.92,212.92,212.92
236.91,236.91,236.91,236.91,236.91,236.91
263.61,263.61,263.61,263.61,263.61,263.61
268.25,170.53,46.97,20.28,23.0,25.58
243.14,145.41,18.54,21.26,23.98,25.59
181.53,77.88,20.42,23.14,25.59,25.59
143.69,32.66,21.51,24.23,25.59,25.59
129.63,19.3,22.02,24.74,25.59,25.59
119.86,19.5,22.22,24.94,25.59,25.59
119.58,19.48,22.2,24.92,25.59,25.59
122.59,19.34,22.06,24.78,25.6,25.6
138.12,26.33,21.74,24.46,25.59,25.59
166.99,62.66,21.04,23.76,25.6,25.6
199.04,101.31,19.85,22.57,25.29,25.59
233.43,135.7,18.21,20.93,23.65,25.58
248.01,150.28,23.55,20.34,23.06,25.58
248.91,151.19,25.52,20.34,23.06,25.58
248.49,248.49,248.49,248.49,248.49,248.49
246.88,246.88,246.88,246.88,246.88,246.88
229.41,229.41,229.41,229.41,229.41,229.41
187.99,187.99,187.99,187.99,187.99,187.99
183.34,183.34,183.34,183.34,183.34,183.34
188.64,188.64,188.64,188.64,188.64,188.64
189.52,189.52,189.52,189.52,189.52,189.52
195.79,195.79,195.79,195.79,195.79,195.79
191.6,191.6,191.6,191.6,191.6,191.6
194.52,194.52,194.52,194.52,194.52,194.52
236.54,138.82,17.57,20.29,23.01,25.58
223.41,125.68,18.54,21.26,23.98,25.59
179.79,78.1,20.31,23.03,25.59,25.59
142.06,31.37,21.47,24.19,25.59,25.59
123.21,19.3,22.02,24.74,25.59,25.59
119.5,19.36,22.08,24.8,25.59,25.59
121.48,19.26,21.98,24.7,25.59,25.59
121.49,19.15,21.87,24.59,25.59,25.59
128.33,18.81,21.53,24.25,25.59,25.59
141.13,29.05,21.07,23.79,25.59,25.59
179.13,76.49,19.67,22.39,25.11,25.59
249.95,152.22,29.42,20.75,23.47,25.59
271.96,174.24,54.48,20.33,23.05,25.59
280.03,182.31,63.5,20.32,23.04,25.59
290.25,290.25,290.25,290.25,290.25,290.25
294.16,294.16,294.16,294.16,294.16,294.16
295.46,295.46,295.46,295.46,295.46,295.46
296.56,296.56,296.56,296.56,296.56,296.56
292.1,292.1,292.1,292.1,292.1,292.1
283.35,283.35,283.35,283.35,283.35,283.35
281.36,281.36,281.36,281.36,281.36,281.36
282.4,282.4,282.4,282.4,282.4,282.4
288.1,288.1,288.1,288.1,288.1,288.1
296.79,296.79,296.79,296.79,296.79,296.79
296.79,296.79,296.79,296.79,296.79,296.79
289.11,191.39,75.97,20.67,23.39,25.59
275.76,178.03,60.49,21.4,24.12,25.59
246.88,149.15,23.67,22.35,25.07,25.59
209.49,111.77,20.49,23.21,25.59,25.59
172.31,66.9,21.16,23.88,25.59,25.59
154.1,44.3,21.62,24.34,25.6,25.6
150.32,39.29,21.53,24.25,25.6,25.6
154.19,44.14,21.3,24.02,25.6,25.6
161.98,53.56,20.91,23.63,25.6,25.6
189.12,87.45,19.98,22.7,25.42,25.6
245.36,147.64,22.52,20.94,23.66,25.59
283.06,185.34,67.06,20.32,23.04,25.59
292.96,195.23,77.48,20.31,23.03,25.59
291.13,291.13,291.13,291.13,291.13,291.13
289.69,289.69,289.69,289.69,289.69,289.69
277.33,277.33,277.33,277.33,277.33,277.33
245.03,245.03,245.03,245.03,245.03,245.03
227.37,227.37,227.37,227.37,227.37,227.37
223.61,223.61,223.61,223.61,223.61,223.61
228.13,228.13,228.13,228.13,228.13,228.13
223.77,223.77,223.77,223.77,223.77,223.77
220.13,220.13,220.13,220.13,220.13,220.13
220.61,220.61,220.61,220.61,220.61,220.61
228.31,130.58,17.47,20.19,22.91,25.6
208.26,107.96,18.48,21.2,23.92,25.59
172.24,64.95,20.44,23.16,25.59,25.59
159.83,50.38,21.49,24.21,25.59,25.59
154.74,43.66,21.67,24.39,25.59,25.59
151.13,39.84,22.0,24.72,25.6,25.6
149.5,37.68,22.11,24.83,25.6,25.6
152.89,41.84,21.91,24.63,25.6,25.6
156.29,45.97,21.65,24.37,25.6,25.6
169.78,62.72,21.21,23.93,25.6,25.6
216.71,118.99,20.05,22.77,25.49,25.6
271.2,173.47,52.52,21.06,23.78,25.59
297.32,199.59,84.72,20.33,23.05,25.59
301.55,203.83,88.81,20.32,23.04,25.59
299.89,299.89,299.89,299.89,299.89,299.89
297.14,297.14,297.14,297.14,297.14,297.14
291.21,291.21,291.21,291.21,291.21,291.21
250.33,250.33,250.33,250.33,250.33,250.33
232.59,232.59,232.59,232.59,232.59,232.59
227.8,227.8,227.8,227.8,227.8,227.8
236.93,236.93,236.93,236.93,236.93,236.93
246.94,246.94,246.94,246.94,246.94,246.94
262.31,262.31,262.31,262.31,262.31,262.31
288.16,288.16,288.16,288.16,288.16,288.16
294.43,294.43,294.43,294.43,294.43,294.43
278.81,181.08,61.28,21.0,23.72,25.59
244.87,147.15,19.86,22.58,25.3,25.59
210.65,112.9,21.01,23.73,25.59,25.59
199.33,101.59,21.49,24.21,25.6,25.6
210.05,112.33,21.41,24.13,25.6,25.6
223.48,125.76,21.01,23.73,25.6,25.6
233.76,136.03,20.78,23.5,25.6,25.6
241.12,143.4,20.68,23.4,25.59,25.59
255.11,157.39,37.8,22.83,25.55,25.59
272.56,174.84,59.24,22.04,24.76,25.59
307.09,209.36,101.6,20.76,23.48,25.59
318.22,220.5,115.83,20.32,23.04,25.59
318.93,221.21,116.66,20.32,23.04,25.59
321.1,321.1,321.1,321.1,321.1,321.1
300.37,300.37,300.37,300.37,300.37,300.37
289.02,289.02,289.02,289.02,289.02,289.02
291.46,291.46,291.46,291.46,291.46,291.46
289.4,289.4,289.4,289.4,289.4,289.4
287.29,287.29,287.29,287.29,287.29,287.29
285.48,285.48,285.48,285.48,285.48,285.48
277.49,277.49,277.49,277.49,277.49,277.49
282.04,282.04,282.04,282.04,282.04,282.04
292.16,292.16,292.16,292.16,292.16,292.16
290.77,193.05,75.08,20.28,23.0,25.59
270.94,173.21,51.76,21.07,23.79,25.59
225.71,127.98,19.81,22.53,25.25,25.59
201.93,102.81,20.9,23.62,25.59,25.59
188.49,87.03,21.52,24.24,25.59,25.59
186.74,85.22,21.69,24.41,25.59,25.59
185.33,83.47,21.76,24.48,25.59,25.59
183.5,81.81,21.6,24.32,25.59,25.59
195.18,96.97,21.05,23.77,25.59,25.59
223.51,125.78,20.26,22.98,25.59,25.59
255.78,158.06,35.42,21.85,24.57,25.59
301.9,204.17,95.55,20.58,23.3,25.59
310.33,212.6,106.7,20.32,23.04,25.59
311.13,213.41,108.08,20.33,23.05,25.59
314.43,314.43,314.43,314.43,314.43,314.43
311.66,311.66,311.66,311.66,311.66,311.66
304.96,304.96,304.96,304.96,304.96,304.96
301.54,301.54,301.54,301.54,301.54,301.54
293.97,293.97,293.97,293.97,293.97,293.97
290.8,290.8,290.8,290.8,290.8,290.8
281.94,281.94,281.94,281.94,281.94,281.94
254.42,254.42,254.42,254.42,254.42,254.42
243.0,243.0,243.0,243.0,243.0,243.0
266.5,266.5,266.5,266.5,266.5,266.5
298.99,298.99,298.99,298.99,298.99,298.99
298.41,200.68,82.84,20.51,23.23,25.59
290.79,193.07,73.67,20.79,23.51,25.59
281.12,183.4,63.27,21.1,23.82,25.58
276.94,179.21,58.64,21.24,23.96,25.58
271.02,173.29,51.92,21.54,24.26,25.58
260.88,163.16,39.32,21.96,24.68,25.58
264.46,166.73,47.05,21.83,24.55,25.58
268.96,171.24,52.75,21.61,24.33,25.57
276.86,179.14,62.3,21.2,23.92,25.57
282.93,185.21,69.48,20.86,23.58,25.57
290.87,193.14,79.0,20.53,23.25,25.57
297.85,200.12,86.35,20.45,23.17,25.57
298.7,200.98,88.13,20.42,23.14,25.58
306.56,306.56,306.56,306.56,306.56,306.56
304.56,304.56,304.56,304.56,304.56,304.56
295.95,295.95,295.95,295.95,295.95,295.95
294.11,294.11,294.11,294.11,294.11,294.11
294.31,294.31,294.31,294.31,294.31,294.31
300.66,300.66,300.66,300.66,300.66,300.66
301.86,301.86,301.86,301.86,301.86,301.86
301.43,301.43,301.43,301.43,301.43,301.43
304.09,304.09,304.09,304.09,304.09,304.09
307.04,307.04,307.04,307.04,307.04,307.04
308.76,308.76,308.76,308.76,308.76,308.76
315.43,217.71,108.75,20.44,23.16,25.59
313.44,215.72,109.12,20.64,23.36,25.59
303.93,206.21,98.97,20.88,23.6,25.59
300.57,202.85,95.88,21.17,23.89,25.59
296.2,198.48,91.1,21.44,24.16,25.59
297.93,200.21,93.28,21.38,24.1,25.59
301.96,204.24,98.24,21.19,23.91,25.59
309.16,211.44,107.16,20.86,23.58,25.59
311.47,213.75,110.02,20.76,23.48,25.59
319.2,217.52,115.35,20.67,23.39,25.59
325.55,221.74,120.37,20.44,23.16,25.59
334.55,228.09,129.59,20.33,23.05,25.59
343.71,234.69,136.97,20.33,23.05,25.59
351.34,351.34,351.34,351.34,351.34,351.34
354.62,354.62,354.62,354.62,354.62,354.62
352.9,352.9,352.9,352.9,352.9,352.9
339.11,339.11,339.11,339.11,339.11,339.11
333.07,333.07,333.07,333.07,333.07,333.07
326.85,326.85,326.85,326.85,326.85,326.85
323.15,323.15,323.15,323.15,323.15,323.15
327.37,327.37,327.37,327.37,327.37,327.37
333.06,333.06,333.06,333.06,333.06,333.06
333.81,333.81,333.81,333.81,333.81,333.81
338.39,229.18,129.47,20.28,23.0,25.58
337.08,222.8,123.28,20.55,23.27,25.58
329.21,215.26,113.84,20.91,23.63,25.59
317.29,203.75,98.67,21.32,24.04,25.58
297.42,183.86,71.7,21.87,24.59,25.59
264.19,154.46,31.34,22.53,25.25,25.58
255.81,149.57,24.54,22.76,25.48,25.59
236.86,130.76,20.56,23.28,25.59,25.59
234.43,128.25,20.52,23.24,25.58,25.58
261.74,155.13,30.79,22.34,25.06,25.58
275.96,168.87,47.03,21.58,24.3,25.58
300.27,192.67,76.44,20.64,23.36,25.58
304.34,196.58,80.94,20.38,23.1,25.58
305.65,198.04,82.95,20.38,23.1,25.58
302.43,302.43,302.43,302.43,302.43,302.43
307.91,307.91,307.91,307.91,307.91,307.91
311.08,311.08,311.08,311.08,311.08,311.08
309.15,309.15,309.15,309.15,309.15,309.15
316.59,316.59,316.59,316.59,316.59,316.59
320.62,320.62,320.62,320.62,320.62,320.62
319.78,319.78,319.78,319.78,319.78,319.78
318.04,318.04,318.04,318.04,318.04,318.04
319.65,319.65,319.65,319.65,319.65,319.65
323.0,323.0,323.0,323.0,323.0,323.0
325.31,325.31,325.31,325.31,325.31,325.31
326.22,205.71,91.57,20.38,23.1,25.59
340.41,206.49,94.94,20.65,23.37,25.59
314.72,179.46,63.41,21.73,24.45,25.58
324.36,183.38,70.35,21.87,24.59,25.57
343.49,198.48,92.74,21.77,24.49,25.57
352.86,205.83,102.56,21.63,24.35,25.58
364.34,212.39,112.65,21.56,24.28,25.58
348.07,197.65,93.98,22.09,24.81,25.58
357.23,200.91,99.4,22.11,24.83,25.58
371.45,213.35,115.62,21.67,24.39,25.58
400.95,237.12,139.39,20.98,23.7,25.58
427.38,256.66,158.94,38.71,23.12,25.58
434.98,262.57,164.85,48.08,23.11,25.58
446.55,446.55,446.55,446.55,446.55,446.55
450.06,450.06,450.06,450.06,450.06,450.06
449.32,449.32,449.32,449.32,449.32,449.32
449.75,449.75,449.75,449.75,449.75,449.75
448.14,448.14,448.14,448.14,448.14,448.14
445.82,445.82,445.82,445.82,445.82,445.82
442.92,442.92,442.92,442.92,442.92,442.92
441.03,441.03,441.03,441.03,441.03,441.03
441.17,441.17,441.17,441.17,441.17,441.17
441.58,441.58,441.58,441.58,441.58,441.58
438.45,258.95,161.22,41.68,23.13,25.58
414.41,238.45,140.73,21.13,23.85,25.58
374.12,204.62,106.84,22.18,24.9,25.58
340.11,175.27,68.92,23.04,25.58,25.58
323.81,160.2,49.89,23.42,25.58,25.58
320.39,157.53,46.66,23.46,25.58,25.58
315.28,152.96,40.5,23.52,25.58,25.58
314.69,152.34,39.6,23.45,25.58,25.58
310.83,149.62,36.0,23.46,25.58,25.58
319.83,157.94,46.51,23.17,25.58,25.58
348.73,184.59,80.78,22.4,25.12,25.58
393.01,225.13,127.41,21.1,23.82,25.58
419.12,248.43,150.71,25.86,23.11,25.58
412.56,412.56,412.56,412.56,412.56,412.56
407.12,407.12,407.12,407.12,407.12,407.12
399.79,399.79,399.79,399.79,399.79,399.79
387.11,387.11,387.11,387.11,387.11,387.11
383.74,383.74,383.74,383.74,383.74,383.74
373.33,373.33,373.33,373.33,373.33,373.33
370.93,370.93,370.93,370.93,370.93,370.93
380.2,380.2,380.2,380.2,380.2,380.2
404.89,404.89,404.89,404.89,404.89,404.89
442.89,442.89,442.89,442.89,442.89,442.89
448.58,448.58,448.58,448.58,448.58,448.58
439.74,270.11,172.38,61.01,23.15,25.58
402.27,243.35,145.62,24.76,24.03,25.58
355.11,196.48,95.12,22.65,25.37,25.59
306.87,153.26,36.93,23.72,25.59,25.59
267.16,127.34,21.64,24.36,25.59,25.59
255.63,117.39,21.86,24.58,25.59,25.59
248.59,108.57,21.97,24.69,25.59,25.59
232.62,90.23,22.19,24.91,25.59,25.59
234.07,91.07,22.06,24.78,25.59,25.59
236.7,97.86,21.6,24.32,25.59,25.59
263.78,124.7,20.54,23.26,25.59,25.59
333.99,188.77,78.6,21.29,24.01,25.58
373.55,213.48,109.23,20.37,23.09,25.58
380.51,380.51,380.51,380.51,380.51,380.51
374.34,374.34,374.34,374.34,374.34,374.34
360.52,360.52,360.52,360.52,360.52,360.52
358.54,358.54,358.54,358.54,358.54,358.54
360.14,360.14,360.14,360.14,360.14,360.14
359.72,359.72,359.72,359.72,359.72,359.72
362.79,362.79,362.79,362.79,362.79,362.79
362.39,362.39,362.39,362.39,362.39,362.39
376.99,376.99,376.99,376.99,376.99,376.99
416.65,416.65,416.65,416.65,416.65,416.65
427.06,427.06,427.06,427.06,427.06,427.06
422.09,258.81,161.09,42.0,23.1,25.59
381.46,217.96,120.24,21.51,24.23,25.59
308.43,159.53,42.67,23.17,25.59,25.59
261.6,124.3,21.4,24.12,25.59,25.59
226.34,88.09,22.04,24.76,25.59,25.59
213.91,79.2,22.25,24.97,25.59,25.59
224.91,96.6,22.01,24.73,25.59,25.59
236.12,106.0,21.8,24.52,25.59,25.59
260.28,123.17,21.27,23.99,25.59,25.59
299.83,159.13,41.67,22.7,25.42,25.58
333.73,188.27,76.42,21.39,24.11,25.58
354.88,206.63,98.77,20.65,23.37,25.58
365.75,217.8,111.25,20.36,23.08,25.58
363.78,363.78,363.78,363.78,363.78,363.78
345.72,345.72,345.72,345.72,345.72,345.72
333.42,333.42,333.42,333.42,333.42,333.42
319.24,319.24,319.24,319.24,319.24,319.24
322.17,322.17,322.17,322.17,322.17,322.17
326.68,326.68,326.68,326.68,326.68,326.68
330.11,330.11,330.11,330.11,330.11,330.11
330.17,330.17,330.17,330.17,330.17,330.17
333.83,333.83,333.83,333.83,333.83,333.83
336.58,336.58,336.58,336.58,336.58,336.58
346.73,346.73,346.73,346.73,346.73,346.73
340.57,214.18,105.34,20.39,23.11,25.58
329.3,203.76,92.6,20.86,23.58,25.58
306.1,181.65,64.13,21.64,24.36,25.58
285.45,162.03,40.81,22.34,25.06,25.59
260.19,142.46,20.28,23.0,25.58,25.58
256.24,143.66,20.4,23.12,25.58,25.58
266.95,151.04,26.92,22.88,25.59,25.59
286.58,162.43,41.68,22.31,25.03,25.58
303.73,177.68,60.32,21.6,24.32,25.58
314.51,187.68,72.59,21.07,23.79,25.58
325.55,198.06,86.0,20.68,23.4,25.58
338.72,212.37,106.51,20.46,23.18,25.58
346.37,220.0,116.86,20.35,23.07,25.58
349.43,349.43,349.43,349.43,349.43,349.43
348.65,348.65,348.65,348.65,348.65,348.65
339.31,339.31,339.31,339.31,339.31,339.31
337.3,337.3,337.3,337.3,337.3,337.3
337.14,337.14,337.14,337.14,337.14,337.14
338.54,338.54,338.54,338.54,338.54,338.54
337.89,337.89,337.89,337.89,337.89,337.89
332.25,332.25,332.25,332.25,332.25,332.25
337.03,337.03,337.03,337.03,337.03,337.03
337.41,337.41,337.41,337.41,337.41,337.41
356.03,356.03,356.03,356.03,356.03,356.03
371.81,220.76,115.51,20.44,23.16,25.58
329.79,200.72,88.18,21.0,23.72,25.58
303.51,178.73,62.31,21.75,24.47,25.58
285.53,161.47,42.51,22.22,24.94,25.58
264.7,141.79,20.22,22.94,25.58,25.58
247.88,125.59,20.74,23.46,25.58,25.58
242.56,120.13,20.85,23.57,25.58,25.58
239.88,117.16,20.87,23.59,25.58,25.58
234.85,111.57,20.97,23.69,25.59,25.59
242.23,119.57,20.82,23.54,25.59,25.59
264.42,140.38,20.03,22.75,25.47,25.59
310.79,184.94,69.93,21.3,24.02,25.58
333.62,205.45,94.36,20.42,23.14,25.58
346.69,346.69,346.69,346.69,346.69,346.69
337.86,337.86,337.86,337.86,337.86,337.86
337.74,337.74,337.74,337.74,337.74,337.74
337.77,337.77,337.77,337.77,337.77,337.77
330.3,330.3,330.3,330.3,330.3,330.3
323.44,323.44,323.44,323.44,323.44,323.44
326.87,326.87,326.87,326.87,326.87,326.87
331.15,331.15,331.15,331.15,331.15,331.15
337.47,337.47,337.47,337.47,337.47,337.47
347.17,347.17,347.17,347.17,347.17,347.17
363.19,363.19,363.19,363.19,363.19,363.19
351.22,211.52,103.02,20.48,23.2,25.58
291.35,166.05,46.71,21.9,24.62,25.58
223.06,99.19,21.12,23.84,25.58,25.58
192.2,63.75,22.06,24.78,25.59,25.59
187.4,59.16,22.36,25.08,25.58,25.58
207.85,85.83,21.98,24.7,25.59,25.59
229.09,108.61,21.58,24.3,25.59,25.59
244.21,123.58,21.2,23.92,25.59,25.59
258.22,136.84,20.73,23.45,25.59,25.59
278.47,155.06,32.32,22.52,25.24,25.58
300.81,175.67,57.28,21.66,24.38,25.59
319.76,194.5,80.31,20.81,23.53,25.58
332.69,204.72,93.27,20.37,23.09,25.58
337.1,337.1,337.1,337.1,337.1,337.1
333.48,333.48,333.48,333.48,333.48,333.48
330.44,330.44,330.44,330.44,330.44,330.44
300.74,300.74,300.74,300.74,300.74,300.74
279.25,279.25,279.25,279.25,279.25,279.25
287.95,287.95,287.95,287.95,287.95,287.95
297.49,297.49,297.49,297.49,297.49,297.49
290.18,290.18,290.18,290.18,290.18,290.18
291.34,291.34,291.34,291.34,291.34,291.34
306.19,306.19,306.19,306.19,306.19,306.19
320.51,320.51,320.51,320.51,320.51,320.51
311.99,181.66,66.47,20.43,23.15,25.58
308.15,180.68,66.03,20.95,23.67,25.58
272.41,147.03,25.07,22.25,24.97,25.58
229.59,105.17,20.77,23.49,25.58,25.58
210.31,84.37,21.31,24.03,25.58,25.58
240.43,115.76,20.51,23.23,25.58,25.58
239.21,114.12,20.4,23.12,25.58,25.58
237.07,111.1,20.3,23.02,25.58,25.58
224.06,98.02,20.71,23.43,25.58,25.58
233.38,108.09,20.58,23.3,25.58,25.58
263.96,137.92,19.86,22.58,25.3,25.58
309.54,182.36,66.76,21.19,23.91,25.58
328.95,201.63,88.96,20.4,23.12,25.58
336.84,336.84,336.84,336.84,336.84,336.84
336.91,336.91,336.91,336.91,336.91,336.91
335.52,335.52,335.52,335.52,335.52,335.52
334.55,334.55,334.55,334.55,334.55,334.55
323.18,323.18,323.18,323.18,323.18,323.18
296.09,296.09,296.09,296.09,296.09,296.09
280.87,280.87,280.87,280.87,280.87,280.87
277.36,277.36,277.36,277.36,277.36,277.36
280.5,280.5,280.5,280.5,280.5,280.5
291.69,291.69,291.69,291.69,291.69,291.69
311.98,311.98,311.98,311.98,311.98,311.98
321.7,193.63,82.67,20.43,23.15,25.58
280.01,156.45,36.35,21.84,24.56,25.58
188.41,72.06,21.35,24.07,25.59,25.59
167.91,49.22,22.38,25.1,25.59,25.59
153.19,31.36,22.81,25.53,25.59,25.59
148.12,25.28,22.88,25.59,25.59,25.59
151.0,27.4,22.84,25.56,25.59,25.59
152.0,28.45,22.74,25.46,25.59,25.59
155.14,32.63,22.59,25.31,25.59,25.59
185.05,63.31,21.91,24.63,25.59,25.59
251.85,127.24,20.56,23.28,25.59,25.59
302.64,178.4,61.98,21.44,24.16,25.58
337.87,210.74,99.6,20.37,23.09,25.58
343.41,343.41,343.41,343.41,343.41,343.41
343.69,343.69,343.69,343.69,343.69,343.69
339.65,339.65,339.65,339.65,339.65,339.65
325.23,325.23,325.23,325.23,325.23,325.23
323.22,323.22,323.22,323.22,323.22,323.22
332.71,332.71,332.71,332.71,332.71,332.71
338.97,338.97,338.97,338.97,338.97,338.97
339.04,339.04,339.04,339.04,339.04,339.04
343.43,343.43,343.43,343.43,343.43,343.43
372.98,372.98,372.98,372.98,372.98,372.98
384.87,384.87,384.87,384.87,384.87,384.87
376.06,233.12,135.39,20.49,23.21,25.59
328.39,191.88,82.63,21.96,24.68,25.59
263.32,142.3,20.9,23.62,25.59,25.59
228.63,119.26,21.71,24.43,25.59,25.59
202.72,93.21,22.25,24.97,25.59,25.59
185.92,72.05,22.53,25.25,25.59,25.59
179.15,63.45,22.62,25.34,25.59,25.59
175.84,58.67,22.64,25.36,25.59,25.59
188.56,73.38,22.36,25.08,25.59,25.59
223.22,103.63,21.66,24.38,25.59,25.59
262.25,140.2,20.49,23.21,25.59,25.59
312.4,187.3,72.0,21.38,24.1,25.58
339.51,212.85,102.3,20.36,23.08,25.58
343.05,343.05,343.05,343.05,343.05,343.05
330.14,330.14,330.14,330.14,330.14,330.14
330.19,330.19,330.19,330.19,330.19,330.19
328.23,328.23,328.23,328.23,328.23,328.23
321.87,321.87,321.87,321.87,321.87,321.87
335.02,335.02,335.02,335.02,335.02,335.02
335.04,335.04,335.04,335.04,335.04,335.04
336.84,336.84,336.84,336.84,336.84,336.84
340.93,340.93,340.93,340.93,340.93,340.93
342.21,342.21,342.21,342.21,342.21,342.21
342.97,342.97,342.97,342.97,342.97,342.97
346.68,221.64,118.13,20.52,23.24,25.59
313.4,189.42,75.19,21.55,24.27,25.59
275.6,158.37,35.43,22.69,25.41,25.59
237.1,130.45,20.83,23.55,25.59,25.59
206.94,104.97,21.55,24.27,25.59,25.59
184.29,81.69,22.04,24.76,25.59,25.59
162.32,54.86,22.36,25.08,25.59,25.59
170.44,65.31,22.22,24.94,25.59,25.59
191.12,90.72,21.75,24.47,25.59,25.59
218.34,120.62,21.02,23.74,25.59,25.59
244.41,146.68,20.0,22.72,25.44,25.59
280.7,182.98,65.28,21.28,24.0,25.58
304.62,206.9,95.7,20.37,23.09,25.58
316.0,316.0,316.0,316.0,316.0,316.0
302.63,302.63,302.63,302.63,302.63,302.63
295.54,295.54,295.54,295.54,295.54,295.54
291.83,291.83,291.83,291.83,291.83,291.83
287.28,287.28,287.28,287.28,287.28,287.28
290.97,290.97,290.97,290.97,290.97,290.97
293.62,293.62,293.62,293.62,293.62,293.62
294.09,294.09,294.09,294.09,294.09,294.09
294.33,294.33,294.33,294.33,294.33,294.33
293.58,293.58,293.58,293.58,293.58,293.58
292.7,292.7,292.7,292.7,292.7,292.7
290.87,193.14,76.52,20.44,23.16,25.58
272.04,174.31,53.94,20.94,23.66,25.58
262.91,165.18,43.35,21.53,24.25,25.58
258.55,160.82,37.73,21.79,24.51,25.58
250.3,152.58,27.58,22.15,24.87,25.59
232.23,134.51,19.58,22.3,25.02,25.59
248.81,151.09,25.59,21.91,24.63,25.59
259.21,161.49,38.29,21.64,24.36,25.6
259.5,161.78,38.2,21.53,24.25,25.59
263.33,165.61,43.11,21.38,24.1,25.59
271.19,173.46,52.76,21.02,23.74,25.58
291.64,193.92,78.39,20.66,23.38,25.58
311.05,213.33,103.81,20.37,23.09,25.58
316.64,316.64,316.64,316.64,316.64,316.64
316.29,316.29,316.29,316.29,316.29,316.29
316.12,316.12,316.12,316.12,316.12,316.12
301.29,301.29,301.29,301.29,301.29,301.29
293.97,293.97,293.97,293.97,293.97,293.97
292.38,292.38,292.38,292.38,292.38,292.38
292.89,292.89,292.89,292.89,292.89,292.89
292.17,292.17,292.17,292.17,292.17,292.17
293.3,293.3,293.3,293.3,293.3,293.3
295.02,295.02,295.02,295.02,295.02,295.02
311.15,311.15,311.15,311.15,311.15,311.15
307.65,209.93,101.48,20.33,23.05,25.59
307.07,209.35,100.55,20.53,23.25,25.59
303.42,205.7,96.04,20.7,23.42,25.59
297.98,200.25,88.97,20.93,23.65,25.59
286.88,189.16,73.88,21.24,23.96,25.6
281.79,184.07,67.43,21.47,24.19,25.6
282.56,184.83,68.23,21.41,24.13,25.6
284.9,187.17,71.06,21.29,24.01,25.6
289.4,191.67,76.51,21.09,23.81,25.6
293.07,195.35,80.98,20.9,23.62,25.6
297.27,199.55,85.86,20.66,23.38,25.59
304.02,206.3,94.74,20.45,23.17,25.59
306.29,208.57,97.33,20.32,23.04,25.59
308.41,308.41,308.41,308.41,308.41,308.41
307.89,307.89,307.89,307.89,307.89,307.89
305.4,305.4,305.4,305.4,305.4,305.4
291.79,291.79,291.79,291.79,291.79,291.79
282.58,282.58,282.58,282.58,282.58,282.58
285.14,285.14,285.14,285.14,285.14,285.14
282.09,282.09,282.09,282.09,282.09,282.09
275.33,275.33,275.33,275.33,275.33,275.33
290.78,290.78,290.78,290.78,290.78,290.78
299.89,299.89,299.89,299.89,299.89,299.89
313.42,313.42,313.42,313.42,313.42,313.42
310.3,212.58,107.44,20.37,23.09,25.59
284.42,186.7,74.33,21.41,24.13,25.59
224.71,126.98,20.51,23.23,25.59,25.59
200.96,103.24,21.51,24.23,25.59,25.59
176.34,73.84,22.2,24.92,25.59,25.59
164.61,59.19,22.41,25.13,25.59,25.59
183.48,83.25,21.99,24.71,25.59,25.59
204.83,107.11,21.41,24.13,25.59,25.59
222.44,124.71,20.69,23.41,25.6,25.6
239.62,141.9,19.87,22.59,25.31,25.6
254.96,157.24,35.35,21.84,24.56,25.6
281.31,183.58,70.76,20.94,23.66,25.59
297.91,200.18,94.83,20.37,23.09,25.59
296.07,296.07,296.07,296.07,296.07,296.07
283.43,283.43,283.43,283.43,283.43,283.43
269.15,269.15,269.15,269.15,269.15,269.15
265.41,265.41,265.41,265.41,265.41,265.41
234.56,234.56,234.56,234.56,234.56,234.56
237.76,237.76,237.76,237.76,237.76,237.76
225.12,225.12,225.12,225.12,225.12,225.12
227.49,227.49,227.49,227.49,227.49,227.49
233.26,233.26,233.26,233.26,233.26,233.26
256.36,256.36,256.36,256.36,256.36,256.36
259.61,259.61,259.61,259.61,259.61,259.61
252.64,154.92,50.64,20.64,23.36,25.58
222.4,124.68,19.59,22.31,25.03,25.59
181.88,84.15,21.24,23.96,25.59,25.59
122.91,19.77,22.49,25.21,25.59,25.59
104.57,20.14,22.86,25.58,25.59,25.59
105.17,20.04,22.76,25.48,25.59,25.59
106.48,19.92,22.64,25.36,25.59,25.59
110.7,19.58,22.3,25.02,25.58,25.58
120.1,19.25,21.97,24.69,25.58,25.58
138.25,34.25,21.46,24.18,25.58,25.58
164.41,66.68,20.56,23.28,25.58,25.58
199.92,102.19,18.95,21.67,24.39,25.58
241.65,143.92,35.9,20.46,23.18,25.58
253.56,253.56,253.56,253.56,253.56,253.56
272.19,272.19,272.19,272.19,272.19,272.19
284.74,284.74,284.74,284.74,284.74,284.74
284.15,284.15,284.15,284.15,284.15,284.15
283.55,283.55,283.55,283.55,283.55,283.55
279.74,279.74,279.74,279.74,279.74,279.74
281.7,281.7,281.7,281.7,281.7,281.7
290.55,290.55,290.55,290.55,290.55,290.55
306.01,306.01,306.01,306.01,306.01,306.01
315.06,315.06,315.06,315.06,315.06,315.06
331.21,331.21,331.21,331.21,331.21,331.21
349.35,196.69,98.97,20.62,23.34,25.59
308.94,153.42,52.98,22.17,24.89,25.59
244.74,102.13,21.01,23.73,25.59,25.59
190.67,61.59,22.1,24.82,25.59,25.59
163.6,34.23,22.75,25.47,25.59,25.59
157.57,26.26,22.89,25.59,25.59,25.59
145.62,20.35,23.07,25.59,25.59,25.59
140.68,20.41,23.13,25.59,25.59,25.59
142.8,20.28,23.0,25.59,25.59,25.59
154.69,19.75,22.47,25.19,25.59,25.59
218.64,74.29,21.05,23.77,25.59,25.59
316.42,154.5,55.7,21.54,24.26,25.58
374.23,192.31,94.59,20.39,23.11,25.59
394.83,394.83,394.83,394.83,394.83,394.83
406.7,406.7,406.7,406.7,406.7,406.7
405.43,405.43,405.43,405.43,405.43,405.43
358.03,358.03,358.03,358.03,358.03,358.03
353.11,353.11,353.11,353.11,353.11,353.11
371.24,371.24,371.24,371.24,371.24,371.24
396.14,396.14,396.14,396.14,396.14,396.14
387.57,387.57,387.57,387.57,387.57,387.57
400.89,400.89,400.89,400.89,400.89,400.89
410.88,410.88,410.88,410.88,410.88,410.88
416.31,416.31,416.31,416.31,416.31,416.31
412.84,228.45,130.73,20.52,23.24,25.59
370.39,196.5,98.77,21.84,24.56,25.59
295.98,120.2,20.89,23.61,25.59,25.59
217.86,62.88,22.22,24.94,25.59,25.59
166.17,35.97,22.8,25.52,25.59,25.59
148.98,20.34,23.06,25.59,25.59,25.59
164.36,38.61,22.84,25.56,25.59,25.59
159.98,31.78,22.91,25.59,25.59,25.59
151.4,20.2,22.92,25.59,25.59,25.59
176.59,51.1,22.16,24.88,25.59,25.59
249.07,90.6,20.82,23.54,25.59,25.59
347.95,144.82,43.92,21.53,24.25,25.58
401.4,196.76,99.04,20.35,23.07,25.58
407.62,407.62,407.62,407.62,407.62,407.62
394.54,394.54,394.54,394.54,394.54,394.54
381.54,381.54,381.54,381.54,381.54,381.54
351.84,351.84,351.84,351.84,351.84,351.84
319.75,319.75,319.75,319.75,319.75,319.75
311.44,311.44,311.44,311.44,311.44,311.44
314.71,314.71,314.71,314.71,314.71,314.71
336.46,336.46,336.46,336.46,336.46,336.46
344.62,344.62,344.62,344.62,344.62,344.62
359.53,359.53,359.53,359.53,359.53,359.53
399.63,399.63,399.63,399.63,399.63,399.63
416.4,230.46,132.74,22.76,23.21,25.59
391.47,209.33,111.61,21.34,24.06,25.59
368.72,189.67,91.94,22.02,24.74,25.59
335.13,156.78,59.06,22.97,25.59,25.59
286.99,124.16,20.87,23.59,25.59,25.59
216.1,87.0,21.56,24.28,25.59,25.59
192.8,70.37,21.98,24.7,25.59,25.59
164.21,36.65,22.5,25.22,25.59,25.59
155.39,23.19,22.54,25.26,25.59,25.59
191.12,65.55,21.51,24.23,25.59,25.59
263.27,104.06,20.29,23.01,25.58,25.58
352.34,155.94,57.5,21.27,23.99,25.58
402.11,201.58,103.86,20.35,23.07,25.58
410.63,410.63,410.63,410.63,410.63,410.63
403.56,403.56,403.56,403.56,403.56,403.56
384.28,384.28,384.28,384.28,384.28,384.28
364.85,364.85,364.85,364.85,364.85,364.85
323.66,323.66,323.66,323.66,323.66,323.66
314.27,314.27,314.27,314.27,314.27,314.27
315.4,315.4,315.4,315.4,315.4,315.4
316.22,316.22,316.22,316.22,316.22,316.22
317.22,317.22,317.22,317.22,317.22,317.22
351.11,351.11,351.11,351.11,351.11,351.11
404.41,404.41,404.41,404.41,404.41,404.41
417.36,225.3,127.58,20.34,23.06,25.6
399.27,208.27,110.54,20.85,23.57,25.6
376.27,186.12,88.4,21.43,24.15,25.6
345.21,170.91,73.19,21.9,24.62,25.6
323.67,155.83,58.11,22.33,25.05,25.6
272.53,121.36,20.45,23.17,25.6,25.6
226.36,95.62,20.87,23.59,25.59,25.59
190.55,62.89,21.26,23.98,25.59,25.59
192.23,62.51,20.96,23.68,25.6,25.6
211.48,81.5,20.46,23.18,25.59,25.59
276.34,115.33,19.53,22.25,24.97,25.6
373.27,167.71,69.98,20.95,23.67,25.6
408.25,202.52,104.8,20.26,22.98,25.6
411.04,411.04,411.04,411.04,411.04,411.04
401.93,401.93,401.93,401.93,401.93,401.93
384.95,384.95,384.95,384.95,384.95,384.95
353.87,353.87,353.87,353.87,353.87,353.87
331.1,331.1,331.1,331.1,331.1,331.1
302.43,302.43,302.43,302.43,302.43,302.43
283.91,283.91,283.91,283.91,283.91,283.91
275.0,275.0,275.0,275.0,275.0,275.0
287.62,287.62,287.62,287.62,287.62,287.62
299.15,299.15,299.15,299.15,299.15,299.15
326.89,326.89,326.89,326.89,326.89,326.89
374.83,178.19,80.46,20.3,23.02,25.6
368.05,178.64,80.92,20.73,23.45,25.6
345.31,169.06,71.34,21.06,23.78,25.6
347.29,166.74,69.01,21.39,24.11,25.6
337.0,160.41,62.68,21.58,24.3,25.59
323.73,156.81,58.69,21.54,24.26,25.59
292.4,138.13,32.52,21.82,24.54,25.59
298.99,143.5,39.47,21.41,24.13,25.59
298.16,142.74,38.32,21.43,24.15,25.58
310.15,154.25,53.92,21.1,23.82,25.59
328.49,164.02,66.29,21.0,23.72,25.6
372.41,182.71,84.99,20.74,23.46,25.59
408.08,202.97,105.24,20.32,23.04,25.59
412.33,412.33,412.33,412.33,412.33,412.33
412.12,412.12,412.12,412.12,412.12,412.12
406.19,406.19,406.19,406.19,406.19,406.19
347.99,347.99,347.99,347.99,347.99,347.99
297.92,297.92,297.92,297.92,297.92,297.92
268.2,268.2,268.2,268.2,268.2,268.2
268.81,268.81,268.81,268.81,268.81,268.81
269.02,269.02,269.02,269.02,269.02,269.02
277.51,277.51,277.51,277.51,277.51,277.51
298.04,298.04,298.04,298.04,298.04,298.04
359.83,359.83,359.83,359.83,359.83,359.83
374.57,169.6,71.88,20.54,23.26,25.59
293.26,109.41,19.72,22.44,25.16,25.59
182.04,40.31,21.7,24.42,25.59,25.59
141.61,20.02,22.74,25.46,25.59,25.59
133.85,20.38,23.1,25.59,25.59,25.59
132.8,20.5,23.22,25.59,25.59,25.59
137.53,20.44,23.16,25.59,25.59,25.59
138.44,20.4,23.12,25.59,25.59,25.59
153.37,25.3,22.78,25.5,25.59,25.59
186.71,63.63,21.93,24.65,25.59,25.59
237.06,87.11,20.84,23.56,25.59,25.59
319.56,138.37,32.46,21.61,24.33,25.58
368.76,176.86,79.13,20.39,23.11,25.58
402.48,402.48,402.48,402.48,402.48,402.48
399.95,399.95,399.95,399.95,399.95,399.95
391.2,391.2,391.2,391.2,391.2,391.2
337.6,337.6,337.6,337.6,337.6,337.6
306.92,306.92,306.92,306.92,306.92,306.92
304.58,304.58,304.58,304.58,304.58,304.58
305.1,305.1,305.1,305.1,305.1,305.1
337.73,337.73,337.73,337.73,337.73,337.73
371.2,371.2,371.2,371.2,371.2,371.2
388.59,388.59,388.59,388.59,388.59,388.59
399.01,399.01,399.01,399.01,399.01,399.01
392.72,185.84,86.78,20.6,23.32,25.59
340.7,141.89,39.71,22.31,25.03,25.59
285.09,93.08,21.23,23.95,25.59,25.59
193.39,30.67,22.57,25.29,25.59,25.59
151.23,20.28,23.0,25.59,25.59,25.59
145.98,20.34,23.06,25.59,25.59,25.59
144.16,20.32,23.04,25.59,25.59,25.59
149.35,20.14,22.86,25.58,25.59,25.59
155.83,24.95,22.46,25.18,25.59,25.59
203.19,55.88,21.39,24.11,25.59,25.59
296.43,109.08,19.64,22.36,25.08,25.58
355.35,155.43,55.57,21.0,23.72,25.58
372.02,171.78,74.05,20.38,23.1,25.58
372.42,372.42,372.42,372.42,372.42,372.42
364.64,364.64,364.64,364.64,364.64,364.64
386.94,386.94,386.94,386.94,386.94,386.94
384.07,384.07,384.07,384.07,384.07,384.07
340.59,340.59,340.59,340.59,340.59,340.59
327.9,327.9,327.9,327.9,327.9,327.9
323.91,323.91,323.91,323.91,323.91,323.91
331.76,331.76,331.76,331.76,331.76,331.76
324.74,324.74,324.74,324.74,324.74,324.74
313.48,313.48,313.48,313.48,313.48,313.48
350.66,350.66,350.66,350.66,350.66,350.66
372.54,165.66,57.3,20.65,23.37,25.59
319.41,112.88,19.74,22.46,25.18,25.59
208.66,48.86,21.62,24.34,25.58,25.58
151.22,19.98,22.7,25.42,25.59,25.59
142.5,20.33,23.05,25.59,25.59,25.59
133.93,20.53,23.25,25.59,25.59,25.59
128.18,20.6,23.32,25.59,25.59,25.59
126.76,20.61,23.33,25.59,25.59,25.59
135.26,20.35,23.07,25.59,25.59,25.59
177.4,34.21,22.24,24.96,25.59,25.59
226.13,66.43,21.03,23.75,25.59,25.59
325.08,141.25,37.01,21.59,24.31,25.59
391.45,184.57,86.24,20.39,23.11,25.59
400.74,400.74,400.74,400.74,400.74,400.74
401.85,401.85,401.85,401.85,401.85,401.85
394.88,394.88,394.88,394.88,394.88,394.88
351.88,351.88,351.88,351.88,351.88,351.88
298.54,298.54,298.54,298.54,298.54,298.54
288.25,288.25,288.25,288.25,288.25,288.25
285.37,285.37,285.37,285.37,285.37,285.37
313.48,313.48,313.48,313.48,313.48,313.48
355.21,355.21,355.21,355.21,355.21,355.21
392.55,392.55,392.55,392.55,392.55,392.55
416.15,416.15,416.15,416.15,416.15,416.15
406.32,211.6,113.87,20.62,23.34,25.59
356.06,173.92,76.19,21.99,24.71,25.59
281.4,121.07,20.84,23.56,25.59,25.59
195.76,55.45,22.23,24.95,25.59,25.59
152.48,20.2,22.92,25.59,25.59,25.59
154.78,21.28,22.97,25.59,25.59,25.59
155.26,21.63,22.97,25.59,25.59,25.59
159.94,22.3,22.92,25.59,25.59,25.59
165.68,28.34,22.63,25.35,25.58,25.58
186.9,45.4,21.86,24.58,25.59,25.59
250.32,88.36,20.55,23.27,25.58,25.58
362.47,163.53,65.8,21.16,23.88,25.58
399.47,200.04,102.32,20.36,23.08,25.58
402.91,402.91,402.91,402.91,402.91,402.91
396.11,396.11,396.11,396.11,396.11,396.11
379.36,379.36,379.36,379.36,379.36,379.36
363.73,363.73,363.73,363.73,363.73,363.73
365.63,365.63,365.63,365.63,365.63,365.63
329.83,329.83,329.83,329.83,329.83,329.83
333.63,333.63,333.63,333.63,333.63,333.63
360.89,360.89,360.89,360.89,360.89,360.89
382.98,382.98,382.98,382.98,382.98,382.98
389.88,389.88,389.88,389.88,389.88,389.88
401.74,401.74,401.74,401.74,401.74,401.74
392.95,200.07,102.34,20.61,23.33,25.59
332.75,140.68,36.86,22.12,24.84,25.59
259.45,83.24,21.01,23.73,25.59,25.59
224.86,59.26,21.8,24.52,25.59,25.59
244.25,74.28,21.57,24.29,25.59,25.59
261.29,81.03,21.29,24.01,25.59,25.59
287.99,97.52,20.82,23.54,25.59,25.59
321.06,131.52,25.79,22.68,25.4,25.59
349.12,159.31,61.58,21.89,24.61,25.59
379.4,189.45,91.72,21.1,23.82,25.59
393.47,201.24,103.52,20.62,23.34,25.59
402.42,209.0,111.27,20.36,23.08,25.59
402.96,208.14,110.42,20.3,23.02,25.59
404.47,404.47,404.47,404.47,404.47,404.47
402.2,402.2,402.2,402.2,402.2,402.2
397.36,397.36,397.36,397.36,397.36,397.36
387.61,387.61,387.61,387.61,387.61,387.61
350.25,350.25,350.25,350.25,350.25,350.25
349.98,349.98,349.98,349.98,349.98,349.98
354.53,354.53,354.53,354.53,354.53,354.53
348.76,348.76,348.76,348.76,348.76,348.76
307.3,307.3,307.3,307.3,307.3,307.3
306.26,306.26,306.26,306.26,306.26,306.26
355.09,355.09,355.09,355.09,355.09,355.09
362.25,158.68,60.52,20.62,23.34,25.58
294.58,121.02,19.3,22.02,24.74,25.58
219.63,65.22,20.91,23.63,25.58,25.58
156.89,20.23,22.19,24.91,25.58,25.58
151.95,19.95,22.67,25.39,25.58,25.58
174.6,31.39,22.61,25.33,25.58,25.58
194.25,38.45,22.46,25.18,25.59,25.59
240.32,68.31,21.82,24.54,25.58,25.58
270.6,95.54,21.29,24.01,25.59,25.59
301.48,117.94,20.69,23.41,25.59,25.59
338.1,153.12,55.39,22.34,25.06,25.59
380.97,191.24,93.52,21.02,23.74,25.58
400.86,207.2,109.48,20.34,23.06,25.58
404.33,404.33,404.33,404.33,404.33,404.33
403.29,403.29,403.29,403.29,403.29,403.29
399.44,399.44,399.44,399.44,399.44,399.44
383.58,383.58,383.58,383.58,383.58,383.58
378.95,378.95,378.95,378.95,378.95,378.95
381.74,381.74,381.74,381.74,381.74,381.74
380.11,380.11,380.11,380.11,380.11,380.11
371.97,371.97,371.97,371.97,371.97,371.97
372.26,372.26,372.26,372.26,372.26,372.26
379.44,379.44,379.44,379.44,379.44,379.44
389.35,389.35,389.35,389.35,389.35,389.35
388.04,185.21,87.49,20.38,23.1,25.58
379.61,181.0,83.27,20.75,23.47,25.58
353.93,159.09,61.36,21.56,24.28,25.58
313.68,138.31,35.66,22.52,25.24,25.59
251.34,105.53,21.04,23.76,25.59,25.59
236.37,99.59,21.36,24.08,25.59,25.59
261.79,111.06,21.16,23.88,25.59,25.59
272.55,115.72,20.96,23.68,25.59,25.59
284.29,124.58,20.63,23.35,25.59,25.59
312.68,147.64,47.22,22.47,25.19,25.59
328.76,160.33,62.61,21.87,24.59,25.59
352.8,181.14,83.42,21.06,23.78,25.58
374.81,201.67,103.95,20.37,23.09,25.59
378.42,378.42,378.42,378.42,378.42,378.42
374.45,374.45,374.45,374.45,374.45,374.45
364.71,364.71,364.71,364.71,364.71,364.71
352.46,352.46,352.46,352.46,352.46,352.46
345.57,345.57,345.57,345.57,345.57,345.57
343.54,343.54,343.54,343.54,343.54,343.54
337.94,337.94,337.94,337.94,337.94,337.94
338.51,338.51,338.51,338.51,338.51,338.51
346.05,346.05,346.05,346.05,346.05,346.05
341.99,341.99,341.99,341.99,341.99,341.99
355.33,355.33,355.33,355.33,355.33,355.33
352.07,171.66,73.93,20.76,23.48,25.58
314.4,139.66,34.95,22.04,24.76,25.59
258.68,91.84,20.9,23.62,25.59,25.59
217.05,59.15,21.75,24.47,25.59,25.59
215.47,57.01,21.87,24.59,25.59,25.59
236.79,67.84,21.64,24.36,25.59,25.59
241.36,70.65,21.61,24.33,25.59,25.59
241.3,70.42,21.58,24.3,25.59,25.59
242.57,70.52,21.49,24.21,25.59,25.59
272.13,100.2,20.69,23.41,25.59,25.59
311.93,138.25,34.56,22.26,24.98,25.59
354.55,180.38,82.66,21.01,23.73,25.59
374.47,198.02,100.29,20.38,23.1,25.59
378.72,378.72,378.72,378.72,378.72,378.72
377.28,377.28,377.28,377.28,377.28,377.28
369.92,369.92,369.92,369.92,369.92,369.92
353.61,353.61,353.61,353.61,353.61,353.61
313.91,313.91,313.91,313.91,313.91,313.91
295.77,295.77,295.77,295.77,295.77,295.77
301.06,301.06,301.06,301.06,301.06,301.06
301.38,301.38,301.38,301.38,301.38,301.38
301.63,301.63,301.63,301.63,301.63,301.63
323.57,323.57,323.57,323.57,323.57,323.57
335.13,335.13,335.13,335.13,335.13,335.13
346.38,169.22,71.5,20.66,23.38,25.59
297.54,119.92,19.7,22.42,25.14,25.59
242.96,78.12,21.28,24.0,25.59,25.59
240.27,87.84,21.56,24.28,25.59,25.59
251.86,94.91,21.32,24.04,25.59,25.59
257.62,97.34,21.08,23.8,25.59,25.59
272.85,104.72,20.8,23.52,25.59,25.59
278.42,109.28,20.65,23.37,25.59,25.59
298.16,125.64,19.98,22.7,25.42,25.59
318.28,139.98,36.16,21.86,24.58,25.59
332.05,150.78,50.67,21.22,23.94,25.59
346.35,166.7,68.98,20.73,23.45,25.59
355.67,176.88,79.16,20.38,23.1,25.59
358.29,358.29,358.29,358.29,358.29,358.29
357.68,357.68,357.68,357.68,357.68,357.68
358.41,358.41,358.41,358.41,358.41,358.41
361.78,361.78,361.78,361.78,361.78,361.78
353.94,353.94,353.94,353.94,353.94,353.94
352.49,352.49,352.49,352.49,352.49,352.49
353.37,353.37,353.37,353.37,353.37,353.37
352.87,352.87,352.87,352.87,352.87,352.87
356.29,356.29,356.29,356.29,356.29,356.29
359.73,359.73,359.73,359.73,359.73,359.73
359.97,359.97,359.97,359.97,359.97,359.97
345.56,174.4,76.68,20.82,23.54,25.59
286.5,120.46,19.81,22.53,25.25,25.59
191.88,49.36,21.51,24.23,25.59,25.59
160.85,26.29,22.23,24.95,25.59,25.59
138.5,19.84,22.56,25.28,25.59,25.59
128.46,19.91,22.63,25.35,25.59,25.59
122.19,19.93,22.65,25.37,25.59,25.59
122.62,19.93,22.65,25.37,25.59,25.59
120.82,19.87,22.59,25.31,25.59,25.59
148.65,19.21,21.93,24.65,25.59,25.59
195.23,46.26,20.88,23.6,25.59,25.59
270.0,88.84,19.08,21.8,24.52,25.59
311.01,123.4,17.74,20.46,23.18,25.59
325.72,325.72,325.72,325.72,325.72,325.72
327.46,327.46,327.46,327.46,327.46,327.46
320.24,320.24,320.24,320.24,320.24,320.24
289.28,289.28,289.28,289.28,289.28,289.28
252.67,252.67,252.67,252.67,252.67,252.67
245.05,245.05,245.05,245.05,245.05,245.05
246.38,246.38,246.38,246.38,246.38,246.38
265.22,265.22,265.22,265.22,265.22,265.22
282.04,282.04,282.04,282.04,282.04,282.04
325.48,325.48,325.48,325.48,325.48,325.48
342.29,342.29,342.29,342.29,342.29,342.29
330.88,157.64,58.35,20.81,23.53,25.59
282.98,114.42,19.65,22.37,25.09,25.59
214.47,50.04,21.22,23.94,25.59,25.59
171.24,19.31,22.03,24.75,25.59,25.59
148.59,19.7,22.42,25.14,25.59,25.59
131.25,19.81,22.53,25.25,25.59,25.59
148.28,19.66,22.38,25.1,25.59,25.59
188.14,34.08,22.11,24.83,25.59,25.59
209.05,56.66,21.6,24.32,25.58,25.58
231.4,76.29,20.86,23.58,25.58,25.58
283.62,115.07,19.6,22.32,25.04,25.59
330.08,158.89,61.17,21.04,23.76,25.59
342.77,170.24,72.51,20.39,23.11,25.59
349.46,349.46,349.46,349.46,349.46,349.46
347.9,347.9,347.9,347.9,347.9,347.9
338.19,338.19,338.19,338.19,338.19,338.19
322.56,322.56,322.56,322.56,322.56,322.56
319.35,319.35,319.35,319.35,319.35,319.35
297.1,297.1,297.1,297.1,297.1,297.1
254.47,254.47,254.47,254.47,254.47,254.47
229.72,229.72,229.72,229.72,229.72,229.72
227.79,227.79,227.79,227.79,227.79,227.79
266.1,266.1,266.1,266.1,266.1,266.1
299.82,299.82,299.82,299.82,299.82,299.82
281.03,109.15,18.03,20.75,23.47,25.58
245.73,87.14,19.19,21.91,24.63,25.58
211.94,64.77,20.21,22.93,25.59,25.59
194.56,51.59,20.79,23.51,25.6,25.6
176.68,41.12,21.35,24.07,25.6,25.6
161.61,32.94,21.65,24.37,25.6,25.6
172.51,37.87,21.68,24.4,25.6,25.6
187.4,45.81,21.6,24.32,25.59,25.59
205.78,64.18,21.09,23.81,25.6,25.6
226.24,82.87,20.31,23.03,25.59,25.59
248.96,104.51,19.54,22.26,24.98,25.58
283.13,137.05,34.28,21.1,23.82,25.58
300.94,152.81,53.22,20.44,23.16,25.58
307.15,307.15,307.15,307.15,307.15,307.15
301.78,301.78,301.78,301.78,301.78,301.78
290.06,290.06,290.06,290.06,290.06,290.06
282.02,282.02,282.02,282.02,282.02,282.02
249.92,249.92,249.92,249.92,249.92,249.92
226.8,226.8,226.8,226.8,226.8,226.8
230.28,230.28,230.28,230.28,230.28,230.28
227.79,227.79,227.79,227.79,227.79,227.79
225.78,225.78,225.78,225.78,225.78,225.78
245.06,245.06,245.06,245.06,245.06,245.06
256.53,103.6,17.48,20.2,22.92,25.59
246.37,99.64,18.1,20.82,23.54,25.59
216.98,81.64,19.37,22.09,24.81,25.59
169.05,43.63,20.6,23.32,25.59,25.59
145.82,29.13,21.23,23.95,25.59,25.59
123.4,19.19,21.91,24.63,25.59,25.59
123.88,19.38,22.1,24.82,25.59,25.59
154.73,29.97,21.94,24.66,25.59,25.59
183.68,51.04,21.68,24.4,25.59,25.59
191.92,58.44,21.47,24.19,25.59,25.59
223.47,83.64,20.79,23.51,25.59,25.59
261.38,120.84,19.71,22.43,25.15,25.59
291.75,146.86,45.44,21.11,23.83,25.59
303.12,154.62,55.16,20.39,23.11,25.59
310.42,310.42,310.42,310.42,310.42,310.42
306.18,306.18,306.18,306.18,306.18,306.18
308.68,308.68,308.68,308.68,308.68,308.68
311.21,311.21,311.21,311.21,311.21,311.21
310.94,310.94,310.94,310.94,310.94,310.94
297.1,297.1,297.1,297.1,297.1,297.1
276.59,276.59,276.59,276.59,276.59,276.59
263.27,263.27,263.27,263.27,263.27,263.27
274.58,274.58,274.58,274.58,274.58,274.58
276.39,276.39,276.39,276.39,276.39,276.39
282.74,128.18,17.47,20.19,22.91,25.6
247.8,114.07,18.07,20.79,23.51,25.6
206.53,91.03,19.11,21.83,24.55,25.59
170.81,67.26,20.34,23.06,25.59,25.59
161.94,63.43,20.95,23.67,25.59,25.59
174.92,77.19,20.97,23.69,25.59,25.59
186.53,88.8,20.68,23.4,25.59,25.59
193.51,95.79,20.4,23.12,25.59,25.59
197.64,99.88,20.15,22.87,25.59,25.59
200.45,102.48,19.99,22.71,25.43,25.59
204.86,107.14,19.69,22.41,25.13,25.59
212.45,114.72,19.25,21.97,24.69,25.59
225.97,128.24,18.38,21.1,23.82,25.59
237.46,139.74,29.0,20.45,23.17,25.59
244.79,244.79,244.79,244.79,244.79,244.79
244.58,244.58,244.58,244.58,244.58,244.58
240.81,240.81,240.81,240.81,240.81,240.81
224.44,224.44,224.44,224.44,224.44,224.44
198.06,198.06,198.06,198.06,198.06,198.06
170.16,170.16,170.16,170.16,170.16,170.16
166.32,166.32,166.32,166.32,166.32,166.32
158.26,158.26,158.26,158.26,158.26,158.26
159.77,159.77,159.77,159.77,159.77,159.77
167.96,167.96,167.96,167.96,167.96,167.96
169.1,169.1,169.1,169.1,169.1,169.1
157.89,53.27,18.24,20.96,23.68,25.59
135.35,24.95,19.89,22.61,25.33,25.59
111.93,18.38,21.1,23.82,25.59,25.59
101.38,19.15,21.87,24.59,25.59,25.59
90.1,19.6,22.32,25.04,25.6,25.6
87.39,19.66,22.38,25.1,25.6,25.6
95.64,19.57,22.29,25.01,25.6,25.6
94.84,19.55,22.27,24.99,25.6,25.6
90.98,19.44,22.16,24.88,25.6,25.6
102.34,18.94,21.66,24.38,25.6,25.6
126.99,17.95,20.67,23.39,25.6,25.6
166.52,68.8,19.03,21.75,24.47,25.59
190.2,92.48,17.77,20.49,23.21,25.59
195.89,195.89,195.89,195.89,195.89,195.89
187.06,187.06,187.06,187.06,187.06,187.06
143.8,143.8,143.8,143.8,143.8,143.8
140.74,140.74,140.74,140.74,140.74,140.74
140.25,140.25,140.25,140.25,140.25,140.25
130.42,130.42,130.42,130.42,130.42,130.42
135.41,135.41,135.41,135.41,135.41,135.41
132.85,132.85,132.85,132.85,132.85,132.85
137.56,137.56,137.56,137.56,137.56,137.56
142.4,142.4,142.4,142.4,142.4,142.4
143.79,36.23,17.46,20.18,22.9,25.6
136.78,28.27,17.8,20.52,23.24,25.6
132.22,22.86,18.39,21.11,23.83,25.59
129.1,18.9,18.76,21.48,24.2,25.59
125.15,16.47,19.19,21.91,24.63,25.6
115.07,17.09,19.81,22.53,25.25,25.6
100.2,17.94,20.66,23.38,25.6,25.6
95.87,18.28,21.0,23.72,25.6,25.6
100.2,18.51,21.23,23.95,25.6,25.6
107.83,18.23,20.95,23.67,25.6,25.6
115.57,17.64,20.36,23.08,25.6,25.6
142.98,37.16,19.49,22.21,24.93,25.6
172.84,75.12,18.5,21.22,23.94,25.59
188.6,90.88,17.71,20.43,23.15,25.59
199.67,199.67,199.67,199.67,199.67,199.67
204.89,204.89,204.89,204.89,204.89,204.89
195.59,195.59,195.59,195.59,195.59,195.59
160.27,160.27,160.27,160.27,160.27,160.27
143.03,143.03,143.03,143.03,143.03,143.03
126.37,126.37,126.37,126.37,126.37,126.37
127.94,127.94,127.94,127.94,127.94,127.94
118.71,118.71,118.71,118.71,118.71,118.71
114.92,114.92,114.92,114.92,114.92,114.92
123.49,123.49,123.49,123.49,123.49,123.49
133.62,133.62,133.62,133.62,133.62,133.62
124.01,15.56,18.28,21.0,23.72,25.6
102.39,17.36,20.08,22.8,25.52,25.59
94.94,18.52,21.24,23.96,25.59,25.59
80.69,19.28,22.0,24.72,25.59,25.59
77.22,19.76,22.48,25.2,25.59,25.59
81.5,19.73,22.45,25.17,25.6,25.6
91.77,19.55,22.27,24.99,25.6,25.6
95.61,19.42,22.14,24.86,25.6,25.6
99.0,19.2,21.92,24.64,25.6,25.6
108.54,18.65,21.37,24.09,25.6,25.6
132.44,26.52,20.33,23.05,25.6,25.6
171.29,73.57,18.65,21.37,24.09,25.59
195.77,98.04,17.7,20.42,23.14,25.59
205.45,205.45,205.45,205.45,205.45,205.45
201.72,201.72,201.72,201.72,201.72,201.72
189.54,189.54,189.54,189.54,189.54,189.54
140.59,140.59,140.59,140.59,140.59,140.59
138.21,138.21,138.21,138.21,138.21,138.21
138.03,138.03,138.03,138.03,138.03,138.03
138.91,138.91,138.91,138.91,138.91,138.91
138.05,138.05,138.05,138.05,138.05,138.05
139.41,139.41,139.41,139.41,139.41,139.41
140.27,140.27,140.27,140.27,140.27,140.27
160.95,160.95,160.95,160.95,160.95,160.95
190.83,93.11,17.6,20.32,23.04,25.59
207.53,109.81,17.72,20.44,23.16,25.59
208.23,110.5,17.88,20.6,23.32,25.59
216.28,118.55,18.01,20.73,23.45,25.59
225.29,127.56,18.09,20.81,23.53,25.59
221.97,124.24,18.08,20.8,23.52,25.59
207.55,109.82,18.36,21.08,23.8,25.6
196.48,98.75,18.61,21.33,24.05,25.6
185.78,88.05,18.92,21.64,24.36,25.59
193.75,96.02,18.78,21.5,24.22,25.59
204.94,107.21,18.33,21.05,23.77,25.59
218.69,120.97,17.97,20.69,23.41,25.58
228.44,130.72,21.16,20.38,23.1,25.58
238.46,238.46,238.46,238.46,238.46,238.46
232.53,232.53,232.53,232.53,232.53,232.53
210.4,210.4,210.4,210.4,210.4,210.4
198.66,198.66,198.66,198.66,198.66,198.66
190.65,190.65,190.65,190.65,190.65,190.65
176.83,176.83,176.83,176.83,176.83,176.83
174.17,174.17,174.17,174.17,174.17,174.17
179.69,179.69,179.69,179.69,179.69,179.69
182.64,182.64,182.64,182.64,182.64,182.64
194.34,194.34,194.34,194.34,194.34,194.34
229.82,132.09,22.16,20.24,22.96,25.59
224.13,126.4,18.21,20.93,23.65,25.59
192.38,94.66,19.75,22.47,25.19,25.59
144.98,43.17,21.14,23.86,25.59,25.59
102.31,19.34,22.06,24.78,25.59,25.59
97.22,19.6,22.32,25.04,25.59,25.59
89.18,19.73,22.45,25.17,25.59,25.59
95.01,19.66,22.38,25.1,25.59,25.59
89.35,19.75,22.47,25.19,25.59,25.59
86.08,19.77,22.49,25.21,25.59,25.59
103.31,19.15,21.87,24.59,25.59,25.59
131.9,23.74,20.8,23.52,25.59,25.59
171.4,73.68,19.07,21.79,24.51,25.58
210.67,112.95,17.78,20.5,23.22,25.58
233.16,233.16,233.16,233.16,233.16,233.16
234.39,234.39,234.39,234.39,234.39,234.39
230.25,230.25,230.25,230.25,230.25,230.25
218.46,218.46,218.46,218.46,218.46,218.46
194.33,194.33,194.33,194.33,194.33,194.33
193.16,193.16,193.16,193.16,193.16,193.16
198.83,198.83,198.83,198.83,198.83,198.83
203.45,203.45,203.45,203.45,203.45,203.45
212.56,212.56,212.56,212.56,212.56,212.56
223.27,223.27,223.27,223.27,223.27,223.27
231.59,133.44,23.45,20.3,23.02,25.58
223.04,122.03,18.34,21.06,23.78,25.59
177.36,73.63,20.06,22.78,25.5,25.59
128.64,18.78,21.5,24.22,25.59,25.59
113.42,19.47,22.19,24.91,25.59,25.59
101.97,19.77,22.49,25.21,25.59,25.59
94.17,19.9,22.62,25.34,25.59,25.59
93.98,19.88,22.6,25.32,25.59,25.59
89.5,19.91,22.63,25.35,25.59,25.59
95.74,19.68,22.4,25.12,25.59,25.59
105.6,19.17,21.89,24.61,25.59,25.59
130.37,18.21,20.93,23.65,25.58,25.58
191.9,63.63,19.12,21.84,24.56,25.58
228.5,97.25,17.77,20.49,23.21,25.58
248.71,248.71,248.71,248.71,248.71,248.71
244.07,244.07,244.07,244.07,244.07,244.07
225.68,225.68,225.68,225.68,225.68,225.68
206.71,206.71,206.71,206.71,206.71,206.71
172.02,172.02,172.02,172.02,172.02,172.02
155.51,155.51,155.51,155.51,155.51,155.51
154.72,154.72,154.72,154.72,154.72,154.72
158.75,158.75,158.75,158.75,158.75,158.75
181.87,181.87,181.87,181.87,181.87,181.87
228.9,228.9,228.9,228.9,228.9,228.9
256.95,127.7,17.53,20.25,22.97,25.59
234.58,110.18,18.37,21.09,23.81,25.58
158.26,49.21,20.14,22.86,25.58,25.58
124.3,18.56,21.28,24.0,25.59,25.59
106.46,19.14,21.86,24.58,25.59,25.59
103.72,19.36,22.08,24.8,25.59,25.59
103.21,19.44,22.16,24.88,25.59,25.59
100.48,19.48,22.2,24.92,25.6,25.6
104.62,19.42,22.14,24.86,25.59,25.59
111.36,19.18,21.9,24.62,25.6,25.6
140.2,21.15,21.23,23.95,25.59,25.59
174.48,45.28,20.23,22.95,25.58,25.58
223.56,96.3,18.8,21.52,24.24,25.58
246.0,117.07,17.81,20.53,23.25,25.58
259.65,259.65,259.65,259.65,259.65,259.65
258.49,258.49,258.49,258.49,258.49,258.49
254.38,254.38,254.38,254.38,254.38,254.38
230.77,230.77,230.77,230.77,230.77,230.77
193.37,193.37,193.37,193.37,193.37,193.37
186.27,186.27,186.27,186.27,186.27,186.27
181.07,181.07,181.07,181.07,181.07,181.07
177.88,177.88,177.88,177.88,177.88,177.88
169.7,169.7,169.7,169.7,169.7,169.7
184.41,184.41,184.41,184.41,184.41,184.41
220.32,91.75,17.54,20.26,22.98,25.59
208.83,78.68,18.42,21.14,23.86,25.59
158.49,30.57,20.15,22.87,25.59,25.59
114.75,18.79,21.51,24.23,25.59,25.59
96.8,19.48,22.2,24.92,25.59,25.59
94.58,19.75,22.47,25.19,25.59,25.59
109.11,19.67,22.39,25.11,25.6,25.6
129.05,19.44,22.16,24.88,25.6,25.6
155.76,37.42,21.72,24.44,25.6,25.6
179.19,59.26,21.24,23.96,25.6,25.6
190.1,69.66,20.74,23.46,25.59,25.59
216.45,93.39,19.94,22.66,25.38,25.59
244.09,119.18,18.74,21.46,24.18,25.59
260.25,133.04,24.66,20.53,23.25,25.58
262.89,262.89,262.89,262.89,262.89,262.89
262.6,262.6,262.6,262.6,262.6,262.6
252.21,252.21,252.21,252.21,252.21,252.21
243.72,243.72,243.72,243.72,243.72,243.72
229.07,229.07,229.07,229.07,229.07,229.07
196.77,196.77,196.77,196.77,196.77,196.77
184.22,184.22,184.22,184.22,184.22,184.22
177.57,177.57,177.57,177.57,177.57,177.57
189.86,189.86,189.86,189.86,189.86,189.86
199.29,199.29,199.29,199.29,199.29,199.29
192.8,75.26,17.56,20.28,23.0,25.58
169.19,50.08,18.46,21.18,23.9,25.58
147.11,24.89,20.17,22.89,25.59,25.59
119.72,18.73,21.45,24.17,25.59,25.59
114.82,19.35,22.07,24.79,25.59,25.59
125.02,19.51,22.23,24.95,25.59,25.59
148.5,21.54,21.97,24.69,25.6,25.6
185.0,54.49,21.59,24.31,25.6,25.6
215.38,74.24,21.16,23.88,25.6,25.6
246.58,87.5,20.78,23.5,25.6,25.6
262.77,96.55,20.46,23.18,25.6,25.6
277.01,112.39,19.86,22.58,25.3,25.59
301.59,142.77,40.27,21.38,24.1,25.59
321.59,158.89,61.17,20.47,23.19,25.59
316.03,316.03,316.03,316.03,316.03,316.03
301.16,301.16,301.16,301.16,301.16,301.16
283.89,283.89,283.89,283.89,283.89,283.89
290.62,290.62,290.62,290.62,290.62,290.62
264.48,264.48,264.48,264.48,264.48,264.48
246.01,246.01,246.01,246.01,246.01,246.01
243.03,243.03,243.03,243.03,243.03,243.03
238.12,238.12,238.12,238.12,238.12,238.12
237.69,237.69,237.69,237.69,237.69,237.69
237.51,237.51,237.51,237.51,237.51,237.51
229.03,80.95,17.55,20.27,22.99,25.59
196.91,64.5,18.41,21.13,23.85,25.58
158.96,33.5,20.18,22.9,25.59,25.59
132.07,18.73,21.45,24.17,25.59,25.59
114.8,19.42,22.14,24.86,25.59,25.59
128.63,19.45,22.17,24.89,25.59,25.59
158.29,27.7,22.02,24.74,25.6,25.6
196.44,51.09,21.86,24.58,25.6,25.6
215.38,63.58,21.66,24.38,25.6,25.6
243.4,86.94,21.23,23.95,25.6,25.6
255.07,100.25,20.71,23.43,25.6,25.6
279.21,121.75,19.94,22.66,25.38,25.59
323.24,160.08,62.35,21.36,24.08,25.59
345.16,180.43,82.7,20.44,23.16,25.59
354.02,354.02,354.02,354.02,354.02,354.02
347.91,347.91,347.91,347.91,347.91,347.91
336.5,336.5,336.5,336.5,336.5,336.5
294.8,294.8,294.8,294.8,294.8,294.8
259.67,259.67,259.67,259.67,259.67,259.67
226.21,226.21,226.21,226.21,226.21,226.21
195.82,195.82,195.82,195.82,195.82,195.82
176.5,176.5,176.5,176.5,176.5,176.5
184.32,184.32,184.32,184.32,184.32,184.32
206.04,206.04,206.04,206.04,206.04,206.04
242.0,92.51,17.58,20.3,23.02,25.58
228.73,81.29,18.48,21.2,23.92,25.58
181.68,45.13,20.18,22.9,25.59,25.59
148.3,18.64,21.36,24.08,25.59,25.59
140.63,19.25,21.97,24.69,25.59,25.59
151.39,19.34,22.06,24.78,25.59,25.59
178.25,40.82,21.89,24.61,25.59,25.59
207.22,66.45,21.66,24.38,25.59,25.59
228.4,81.18,21.44,24.16,25.59,25.59
251.32,94.96,21.11,23.83,25.59,25.59
271.47,113.1,20.61,23.33,25.59,25.59
290.09,128.1,21.75,22.64,25.36,25.59
330.75,166.26,68.54,21.37,24.09,25.59
356.71,189.1,91.38,20.45,23.17,25.59
360.89,360.89,360.89,360.89,360.89,360.89
350.52,350.52,350.52,350.52,350.52,350.52
335.2,335.2,335.2,335.2,335.2,335.2
323.14,323.14,323.14,323.14,323.14,323.14
293.74,293.74,293.74,293.74,293.74,293.74
268.41,268.41,268.41,268.41,268.41,268.41
231.21,231.21,231.21,231.21,231.21,231.21
225.85,225.85,225.85,225.85,225.85,225.85
217.52,217.52,217.52,217.52,217.52,217.52
229.95,229.95,229.95,229.95,229.95,229.95
278.94,116.16,17.49,20.21,22.93,25.59
260.14,100.17,18.35,21.07,23.79,25.59
191.64,55.9,20.09,22.81,25.53,25.59
168.72,41.0,21.1,23.82,25.59,25.59
174.13,41.22,21.58,24.3,25.59,25.59
201.3,54.91,21.74,24.46,25.59,25.59
238.63,77.38,21.4,24.12,25.59,25.59
270.27,112.02,20.75,23.47,25.59,25.59
264.88,103.91,20.73,23.45,25.59,25.59
277.54,115.1,20.28,23.0,25.59,25.59
300.75,134.43,29.86,22.12,24.84,25.59
327.53,158.13,60.4,21.18,23.9,25.59
340.75,168.59,70.87,20.67,23.39,25.59
349.96,177.3,79.58,20.38,23.1,25.59
357.01,357.01,357.01,357.01,357.01,357.01
352.2,352.2,352.2,352.2,352.2,352.2
332.19,332.19,332.19,332.19,332.19,332.19
290.39,290.39,290.39,290.39,290.39,290.39
266.37,266.37,266.37,266.37,266.37,266.37
261.8,261.8,261.8,261.8,261.8,261.8
246.96,246.96,246.96,246.96,246.96,246.96
217.31,217.31,217.31,217.31,217.31,217.31
226.45,226.45,226.45,226.45,226.45,226.45
257.36,257.36,257.36,257.36,257.36,257.36
299.11,115.18,17.54,20.26,22.98,25.59
286.94,104.15,18.47,21.19,23.91,25.59
212.3,51.11,20.28,23.0,25.59,25.59
157.39,18.8,21.52,24.24,25.59,25.59
145.95,19.38,22.1,24.82,25.59,25.59
138.28,19.61,22.33,25.05,25.59,25.59
145.37,19.56,22.28,25.0,25.6,25.6
161.68,19.46,22.18,24.9,25.6,25.6
172.29,19.42,22.14,24.86,25.6,25.6
176.93,22.13,21.99,24.71,25.6,25.6
213.06,49.9,21.34,24.06,25.6,25.6
254.64,85.12,20.3,23.02,25.59,25.59
297.32,123.0,21.59,21.58,24.3,25.59
326.0,146.94,49.21,20.5,23.22,25.59
336.79,336.79,336.79,336.79,336.79,336.79
333.83,333.83,333.83,333.83,333.83,333.83
328.67,328.67,328.67,328.67,328.67,328.67
313.65,313.65,313.65,313.65,313.65,313.65
286.13,286.13,286.13,286.13,286.13,286.13
239.23,239.23,239.23,239.23,239.23,239.23
202.75,202.75,202.75,202.75,202.75,202.75
194.59,194.59,194.59,194.59,194.59,194.59
234.8,234.8,234.8,234.8,234.8,234.8
280.93,280.93,280.93,280.93,280.93,280.93
313.39,125.55,22.78,20.29,23.01,25.59
304.09,127.73,28.04,20.98,23.7,25.59
250.35,87.93,19.58,22.3,25.02,25.59
174.28,24.13,21.17,23.89,25.6,25.6
124.38,19.5,22.22,24.94,25.6,25.6
103.76,19.85,22.57,25.29,25.6,25.6
94.07,19.99,22.71,25.43,25.6,25.6
106.83,19.84,22.56,25.28,25.6,25.6
109.92,19.78,22.5,25.22,25.6,25.6
139.1,19.48,22.2,24.92,25.6,25.6
176.59,23.98,21.56,24.28,25.6,25.6
230.3,63.91,20.45,23.17,25.6,25.6
282.71,103.11,18.92,21.64,24.36,25.6
319.32,137.81,40.09,20.48,23.2,25.59
331.18,331.18,331.18,331.18,331.18,331.18
329.24,329.24,329.24,329.24,329.24,329.24
314.32,314.32,314.32,314.32,314.32,314.32
300.65,300.65,300.65,300.65,300.65,300.65
239.26,239.26,239.26,239.26,239.26,239.26
198.32,198.32,198.32,198.32,198.32,198.32
200.94,200.94,200.94,200.94,200.94,200.94
213.76,213.76,213.76,213.76,213.76,213.76
323.82,323.82,323.82,323.82,323.82,323.82
351.91,351.91,351.91,351.91,351.91,351.91
394.67,202.82,105.09,20.29,23.01,25.59
378.66,193.28,95.56,20.95,23.67,25.59
344.19,166.71,68.98,21.93,24.65,25.59
306.37,129.74,26.64,22.81,25.53,25.59
297.9,122.92,20.11,22.83,25.55,25.6
257.65,89.88,21.13,23.85,25.6,25.6
235.54,72.4,21.68,24.4,25.6,25.6
218.29,62.91,22.02,24.74,25.6,25.6
236.73,72.94,21.86,24.58,25.6,25.6
266.38,90.46,21.25,23.97,25.6,25.6
301.8,120.61,20.45,23.17,25.6,25.6
336.37,153.7,55.98,22.16,24.88,25.6
370.23,184.14,86.41,21.09,23.81,25.6
389.51,201.58,103.85,20.47,23.19,25.59
397.77,397.77,397.77,397.77,397.77,397.77
393.16,393.16,393.16,393.16,393.16,393.16
389.43,389.43,389.43,389.43,389.43,389.43
376.96,376.96,376.96,376.96,376.96,376.96
338.56,338.56,338.56,338.56,338.56,338.56
302.24,302.24,302.24,302.24,302.24,302.24
290.5,290.5,290.5,290.5,290.5,290.5
303.01,303.01,303.01,303.01,303.01,303.01
302.39,302.39,302.39,302.39,302.39,302.39
325.53,325.53,325.53,325.53,325.53,325.53
318.99,126.56,17.57,20.29,23.01,25.58
296.97,112.31,18.1,20.82,23.54,25.59
280.34,100.9,18.94,21.66,24.38,25.6
246.33,79.32,20.0,22.72,25.44,25.6
189.37,47.67,21.0,23.72,25.6,25.6
182.75,41.15,21.3,24.02,25.6,25.6
158.01,23.5,21.74,24.46,25.59,25.59
156.3,19.16,21.88,24.6,25.59,25.59
186.08,40.73,21.48,24.2,25.6,25.6
223.18,61.07,21.06,23.78,25.59,25.59
260.04,85.63,20.32,23.04,25.59,25.59
289.3,109.37,19.36,22.08,24.8,25.59
325.1,140.44,40.75,21.06,23.78,25.59
323.77,149.06,51.33,20.4,23.12,25.59
332.99,332.99,332.99,332.99,332.99,332.99
337.82,337.82,337.82,337.82,337.82,337.82
329.81,329.81,329.81,329.81,329.81,329.81
283.18,283.18,283.18,283.18,283.18,283.18
237.13,237.13,237.13,237.13,237.13,237.13
187.62,187.62,187.62,187.62,187.62,187.62
176.54,176.54,176.54,176.54,176.54,176.54
170.21,170.21,170.21,170.21,170.21,170.21
166.81,166.81,166.81,166.81,166.81,166.81
168.03,168.03,168.03,168.03,168.03,168.03
173.17,30.1,17.52,20.24,22.96,25.59
150.01,15.93,18.65,21.37,24.09,25.6
127.58,17.69,20.41,23.13,25.6,25.6
101.86,18.84,21.56,24.28,25.6,25.6
97.75,19.47,22.19,24.91,25.6,25.6
108.64,19.61,22.33,25.05,25.6,25.6
137.48,19.48,22.2,24.92,25.6,25.6
151.74,19.32,22.04,24.76,25.6,25.6
157.55,19.11,21.83,24.55,25.6,25.6
183.05,29.79,21.39,24.11,25.59,25.59
261.56,84.49,20.2,22.92,25.59,25.59
309.66,120.48,19.11,21.83,24.55,25.59
337.26,143.14,45.42,20.81,23.53,25.59
346.45,146.59,48.87,20.38,23.1,25.59
357.63,357.63,357.63,357.63,357.63,357.63
360.36,360.36,360.36,360.36,360.36,360.36
349.09,349.09,349.09,349.09,349.09,349.09
302.81,302.81,302.81,302.81,302.81,302.81
259.77,259.77,259.77,259.77,259.77,259.77
235.73,235.73,235.73,235.73,235.73,235.73
202.17,202.17,202.17,202.17,202.17,202.17
177.19,177.19,177.19,177.19,177.19,177.19
197.13,197.13,197.13,197.13,197.13,197.13
249.51,249.51,249.51,249.51,249.51,249.51
276.39,92.26,17.55,20.27,22.99,25.59
289.98,93.55,18.37,21.09,23.81,25.59
245.25,69.11,19.63,22.35,25.07,25.59
217.22,47.95,20.64,23.36,25.59,25.59
225.15,50.82,21.12,23.84,25.6,25.6
230.25,55.49,21.44,24.16,25.6,25.6
250.12,66.61,21.23,23.95,25.6,25.6
267.5,79.95,21.1,23.82,25.6,25.6
291.13,99.61,20.82,23.54,25.6,25.6
303.5,108.4,20.57,23.29,25.59,25.59
322.04,123.03,20.09,22.81,25.53,25.59
347.39,144.24,46.51,22.14,24.86,25.59
378.12,171.24,72.78,21.15,23.87,25.59
399.07,192.19,88.02,20.43,23.15,25.59
401.84,401.84,401.84,401.84,401.84,401.84
390.18,390.18,390.18,390.18,390.18,390.18
376.47,376.47,376.47,376.47,376.47,376.47
344.52,344.52,344.52,344.52,344.52,344.52
325.23,325.23,325.23,325.23,325.23,325.23
288.26,288.26,288.26,288.26,288.26,288.26
268.04,268.04,268.04,268.04,268.04,268.04
268.02,268.02,268.02,268.02,268.02,268.02
266.48,266.48,266.48,266.48,266.48,266.48
270.46,270.46,270.46,270.46,270.46,270.46
302.45,105.06,17.49,20.21,22.93,25.6
284.37,91.2,18.38,21.1,23.82,25.6
268.39,78.7,19.71,22.43,25.15,25.6
252.95,67.35,20.72,23.44,25.6,25.6
256.19,66.25,21.22,23.94,25.6,25.6
260.82,67.09,21.46,24.18,25.6,25.6
275.88,81.6,21.24,23.96,25.6,25.6
300.79,102.94,20.8,23.52,25.6,25.6
306.93,108.35,20.67,23.39,25.6,25.6
312.06,113.34,20.38,23.1,25.6,25.6
332.67,132.63,33.03,22.44,25.16,25.6
355.77,149.57,51.84,21.67,24.39,25.59
383.05,176.17,74.26,20.82,23.54,25.59
394.93,188.05,82.13,20.4,23.12,25.59
397.72,397.72,397.72,397.72,397.72,397.72
398.08,398.08,398.08,398.08,398.08,398.08
391.29,391.29,391.29,391.29,391.29,391.29
369.7,369.7,369.7,369.7,369.7,369.7
361.26,361.26,361.26,361.26,361.26,361.26
331.62,331.62,331.62,331.62,331.62,331.62
303.04,303.04,303.04,303.04,303.04,303.04
273.25,273.25,273.25,273.25,273.25,273.25
274.04,274.04,274.04,274.04,274.04,274.04
330.41,330.41,330.41,330.41,330.41,330.41
372.01,165.13,27.85,20.26,22.98,25.59
344.11,137.23,18.21,20.93,23.65,25.59
290.32,83.66,19.57,22.29,25.01,25.59
231.0,52.62,20.85,23.57,25.59,25.59
213.39,39.97,21.5,24.22,25.59,25.59
248.17,57.57,21.56,24.28,25.6,25.6
260.16,66.09,21.53,24.25,25.6,25.6
286.96,89.57,21.17,23.89,25.6,25.6
308.15,113.66,20.7,23.42,25.6,25.6
325.51,130.57,26.3,23.03,25.6,25.6
339.88,145.46,46.33,22.66,25.38,25.59
357.4,158.37,60.65,22.07,24.79,25.59
385.73,180.15,82.42,21.12,23.84,25.59
405.02,198.15,96.0,20.43,23.15,25.59
407.04,407.04,407.04,407.04,407.04,407.04
403.24,403.24,403.24,403.24,403.24,403.24
391.99,391.99,391.99,391.99,391.99,391.99
379.37,379.37,379.37,379.37,379.37,379.37
368.66,368.66,368.66,368.66,368.66,368.66
364.35,364.35,364.35,364.35,364.35,364.35
363.22,363.22,363.22,363.22,363.22,363.22
341.99,341.99,341.99,341.99,341.99,341.99
338.97,338.97,338.97,338.97,338.97,338.97
359.67,359.67,359.67,359.67,359.67,359.67
367.6,160.72,18.27,20.18,22.9,25.6
356.37,149.5,17.95,20.67,23.39,25.6
343.52,136.64,18.48,21.2,23.92,25.6
318.65,111.77,18.98,21.7,24.42,25.6
305.01,98.13,19.49,22.21,24.93,25.6
307.1,100.22,19.78,22.5,25.22,25.6
306.11,99.23,19.81,22.53,25.25,25.6
318.21,111.33,19.75,22.47,25.19,25.6
332.39,125.51,19.55,22.27,24.99,25.59
337.17,130.29,20.73,22.16,24.88,25.59
348.34,141.46,38.04,21.87,24.59,25.59
358.11,151.23,44.94,21.52,24.24,25.59
379.39,172.51,64.12,20.88,23.6,25.59
391.84,184.96,71.73,20.4,23.12,25.59
398.09,398.09,398.09,398.09,398.09,398.09
393.26,393.26,393.26,393.26,393.26,393.26
371.6,371.6,371.6,371.6,371.6,371.6
354.4,354.4,354.4,354.4,354.4,354.4
353.33,353.33,353.33,353.33,353.33,353.33
325.27,325.27,325.27,325.27,325.27,325.27
290.0,290.0,290.0,290.0,290.0,290.0
283.96,283.96,283.96,283.96,283.96,283.96
279.64,279.64,279.64,279.64,279.64,279.64
276.86,276.86,276.86,276.86,276.86,276.86
284.94,85.65,17.51,20.23,22.95,25.59
275.28,80.29,18.02,20.74,23.46,25.59
266.8,77.08,18.59,21.31,24.03,25.59
259.09,75.49,19.21,21.93,24.65,25.59
242.32,64.4,20.03,22.75,25.47,25.59
229.25,56.84,20.75,23.47,25.6,25.6
218.8,50.47,21.26,23.98,25.6,25.6
229.24,61.14,21.01,23.73,25.6,25.6
246.65,79.49,20.62,23.34,25.6,25.6
272.26,105.88,19.92,22.64,25.36,25.6
289.57,121.19,19.33,22.05,24.77,25.6
298.85,130.71,32.31,21.81,24.53,25.59
318.4,145.35,47.63,20.94,23.66,25.59
328.5,150.79,53.06,20.39,23.11,25.59
329.58,329.58,329.58,329.58,329.58,329.58
321.27,321.27,321.27,321.27,321.27,321.27
307.12,307.12,307.12,307.12,307.12,307.12
294.35,294.35,294.35,294.35,294.35,294.35
253.9,253.9,253.9,253.9,253.9,253.9
231.67,231.67,231.67,231.67,231.67,231.67
242.54,242.54,242.54,242.54,242.54,242.54
221.34,221.34,221.34,221.34,221.34,221.34
236.63,236.63,236.63,236.63,236.63,236.63
280.93,280.93,280.93,280.93,280.93,280.93
283.97,94.53,17.52,20.24,22.96,25.59
262.54,79.78,18.6,21.32,24.04,25.59
233.48,58.49,20.12,22.84,25.56,25.6
190.5,31.87,21.11,23.83,25.6,25.6
171.81,18.8,21.52,24.24,25.6,25.6
191.76,32.42,21.41,24.13,25.6,25.6
225.23,56.64,20.91,23.63,25.6,25.6
251.72,80.25,20.22,22.94,25.6,25.6
263.22,91.11,19.82,22.54,25.26,25.6
279.8,105.66,19.27,21.99,24.71,25.6
290.87,114.14,18.8,21.52,24.24,25.6
295.83,115.3,18.38,21.1,23.82,25.6
307.46,123.39,18.19,20.59,23.31,25.59
309.87,123.64,18.45,20.4,23.12,25.59
316.8,316.8,316.8,316.8,316.8,316.8
315.15,315.15,315.15,315.15,315.15,315.15
316.67,316.67,316.67,316.67,316.67,316.67
310.85,310.85,310.85,310.85,310.85,310.85
305.35,305.35,305.35,305.35,305.35,305.35
291.8,291.8,291.8,291.8,291.8,291.8
286.74,286.74,286.74,286.74,286.74,286.74
286.41,286.41,286.41,286.41,286.41,286.41
286.65,286.65,286.65,286.65,286.65,286.65
283.64,283.64,283.64,283.64,283.64,283.64
281.08,281.08,281.08,281.08,281.08,281.08
271.67,75.05,17.87,20.59,23.31,25.59
265.77,71.27,18.25,20.97,23.69,25.59
263.95,74.31,18.6,21.32,24.04,25.6
257.0,70.15,18.95,21.67,24.39,25.6
254.62,70.54,19.24,21.96,24.68,25.6
252.04,71.04,19.38,22.1,24.82,25.6
253.05,72.47,19.45,22.17,24.89,25.6
252.41,72.33,19.36,22.08,24.8,25.6
256.57,75.32,19.07,21.79,24.51,25.6
266.16,82.3,18.76,21.48,24.2,25.59
287.15,100.59,18.27,20.99,23.71,25.59
300.81,114.33,17.89,20.61,23.33,25.59
309.19,122.39,17.64,20.36,23.08,25.59
317.18,317.18,317.18,317.18,317.18,317.18
317.54,317.54,317.54,317.54,317.54,317.54
315.74,315.74,315.74,315.74,315.74,315.74
296.68,296.68,296.68,296.68,296.68,296.68
269.54,269.54,269.54,269.54,269.54,269.54
264.08,264.08,264.08,264.08,264.08,264.08
263.38,263.38,263.38,263.38,263.38,263.38
261.7,261.7,261.7,261.7,261.7,261.7
274.64,274.64,274.64,274.64,274.64,274.64
279.91,279.91,279.91,279.91,279.91,279.91
306.47,118.76,17.53,20.25,22.97,25.59
281.41,101.38,18.55,21.27,23.99,25.6
221.62,49.7,20.21,22.93,25.6,25.6
179.53,18.63,21.35,24.07,25.6,25.6
177.89,19.18,21.9,24.62,25.6,25.6
152.35,19.53,22.25,24.97,25.6,25.6
147.08,19.6,22.32,25.04,25.6,25.6
177.42,19.46,22.18,24.9,25.6,25.6
188.8,19.38,22.1,24.82,25.6,25.6
192.15,20.55,21.97,24.69,25.6,25.6
198.83,25.7,21.54,24.26,25.6,25.6
219.92,49.3,20.7,23.42,25.6,25.6
259.41,81.73,19.26,21.98,24.7,25.59
307.73,125.02,20.0,20.58,23.3,25.59
326.3,326.3,326.3,326.3,326.3,326.3
321.91,321.91,321.91,321.91,321.91,321.91
287.98,287.98,287.98,287.98,287.98,287.98
275.21,275.21,275.21,275.21,275.21,275.21
276.46,276.46,276.46,276.46,276.46,276.46
275.66,275.66,275.66,275.66,275.66,275.66
277.54,277.54,277.54,277.54,277.54,277.54
276.84,276.84,276.84,276.84,276.84,276.84
280.16,280.16,280.16,280.16,280.16,280.16
280.73,280.73,280.73,280.73,280.73,280.73
281.17,87.78,17.51,20.23,22.95,25.6
253.32,68.57,18.64,21.36,24.08,25.6
221.97,48.99,20.13,22.85,25.57,25.6
207.93,35.0,21.07,23.79,25.6,25.6
200.18,28.5,21.51,24.23,25.6,25.6
195.44,24.58,21.75,24.47,25.6,25.6
194.31,23.62,21.83,24.55,25.6,25.6
192.45,22.16,21.8,24.52,25.6,25.6
196.71,25.22,21.69,24.41,25.6,25.6
203.18,32.6,21.48,24.2,25.6,25.6
224.62,58.73,20.99,23.71,25.6,25.6
246.68,78.78,20.22,22.94,25.59,25.59
291.19,117.0,18.88,21.6,24.32,25.59
330.84,155.47,57.74,20.5,23.22,25.59
341.67,341.67,341.67,341.67,341.67,341.67
333.72,333.72,333.72,333.72,333.72,333.72
312.46,312.46,312.46,312.46,312.46,312.46
294.43,294.43,294.43,294.43,294.43,294.43
279.79,279.79,279.79,279.79,279.79,279.79
258.43,258.43,258.43,258.43,258.43,258.43
261.59,261.59,261.59,261.59,261.59,261.59
270.71,270.71,270.71,270.71,270.71,270.71
281.3,281.3,281.3,281.3,281.3,281.3
277.19,277.19,277.19,277.19,277.19,277.19
272.94,81.17,17.54,20.26,22.98,25.59
251.72,65.11,18.7,21.42,24.14,25.59
217.93,43.77,20.26,22.98,25.6,25.6
152.15,18.76,21.48,24.2,25.6,25.6
125.99,19.47,22.19,24.91,25.6,25.6
123.4,19.68,22.4,25.12,25.6,25.6
134.08,19.58,22.3,25.02,25.6,25.6
164.39,19.29,22.01,24.73,25.6,25.6
188.51,39.06,21.57,24.29,25.6,25.6
222.14,61.71,20.95,23.67,25.6,25.6
266.2,100.14,19.97,22.69,25.41,25.6
292.6,125.14,20.41,21.87,24.59,25.59
312.37,138.83,38.88,21.11,23.83,25.59
332.69,159.05,61.32,20.45,23.17,25.59
344.13,344.13,344.13,344.13,344.13,344.13
343.21,343.21,343.21,343.21,343.21,343.21
329.57,329.57,329.57,329.57,329.57,329.57
305.82,305.82,305.82,305.82,305.82,305.82
298.14,298.14,298.14,298.14,298.14,298.14
296.88,296.88,296.88,296.88,296.88,296.88
293.64,293.64,293.64,293.64,293.64,293.64
271.91,271.91,271.91,271.91,271.91,271.91
273.93,273.93,273.93,273.93,273.93,273.93
289.06,289.06,289.06,289.06,289.06,289.06
287.12,98.83,17.49,20.21,22.93,25.59
300.77,113.97,17.89,20.61,23.33,25.59
303.23,123.99,18.31,21.03,23.75,25.6
299.26,124.69,19.31,21.41,24.13,25.6
293.87,120.9,18.98,21.7,24.42,25.6
288.46,117.55,19.12,21.84,24.56,25.6
287.64,116.57,19.18,21.9,24.62,25.6
284.11,115.85,19.37,22.09,24.81,25.6
286.69,118.69,19.41,22.13,24.85,25.6
294.87,126.24,22.03,21.9,24.62,25.6
300.98,131.12,28.68,21.61,24.33,25.6
307.62,135.97,35.2,21.33,24.05,25.59
319.84,145.45,47.72,20.85,23.57,25.59
328.2,151.59,53.87,20.42,23.14,25.59
335.78,335.78,335.78,335.78,335.78,335.78
335.51,335.51,335.51,335.51,335.51,335.51
327.29,327.29,327.29,327.29,327.29,327.29
310.68,310.68,310.68,310.68,310.68,310.68
297.18,297.18,297.18,297.18,297.18,297.18
298.0,298.0,298.0,298.0,298.0,298.0
284.49,284.49,284.49,284.49,284.49,284.49
271.44,271.44,271.44,271.44,271.44,271.44
276.45,276.45,276.45,276.45,276.45,276.45
283.78,283.78,283.78,283.78,283.78,283.78
281.64,98.67,17.48,20.2,22.92,25.59
290.9,102.37,17.83,20.55,23.27,25.59
284.95,96.86,18.27,20.99,23.71,25.6
272.28,88.3,18.87,21.59,24.31,25.6
259.4,79.42,19.48,22.2,24.92,25.6
249.47,72.72,19.95,22.67,25.39,25.6
246.95,73.86,20.27,22.99,25.6,25.6
243.57,72.45,20.45,23.17,25.6,25.6
249.35,80.67,20.41,23.13,25.6,25.6
264.39,96.51,20.05,22.77,25.49,25.59
280.83,112.22,19.54,22.26,24.98,25.59
293.03,121.54,19.04,21.76,24.48,25.59
310.86,137.06,36.36,21.11,23.83,25.59
325.16,148.28,50.56,20.51,23.23,25.59
335.15,335.15,335.15,335.15,335.15,335.15
333.79,333.79,333.79,333.79,333.79,333.79
327.74,327.74,327.74,327.74,327.74,327.74
310.33,310.33,310.33,310.33,310.33,310.33
294.41,294.41,294.41,294.41,294.41,294.41
273.85,273.85,273.85,273.85,273.85,273.85
264.98,264.98,264.98,264.98,264.98,264.98
250.16,250.16,250.16,250.16,250.16,250.16
272.8,272.8,272.8,272.8,272.8,272.8
274.84,274.84,274.84,274.84,274.84,274.84
275.87,91.05,17.53,20.25,22.97,25.59
262.88,80.99,18.1,20.82,23.54,25.59
251.62,72.63,18.96,21.68,24.4,25.59
243.38,66.66,19.55,22.27,24.99,25.59
230.83,58.43,20.22,22.94,25.6,25.6
218.65,49.48,20.8,23.52,25.6,25.6
216.92,48.3,20.88,23.6,25.6,25.6
233.01,63.84,20.59,23.31,25.6,25.6
238.97,70.42,20.57,23.29,25.6,25.6
251.67,83.32,20.26,22.98,25.59,25.59
263.45,94.07,19.93,22.65,25.37,25.59
280.87,110.7,19.37,22.09,24.81,25.59
298.48,125.33,21.89,21.4,24.12,25.59
314.0,134.21,33.59,20.57,23.29,25.59
311.66,311.66,311.66,311.66,311.66,311.66
300.31,300.31,300.31,300.31,300.31,300.31
259.59,259.59,259.59,259.59,259.59,259.59
262.95,262.95,262.95,262.95,262.95,262.95
235.84,235.84,235.84,235.84,235.84,235.84
228.12,228.12,228.12,228.12,228.12,228.12
226.59,226.59,226.59,226.59,226.59,226.59
235.67,235.67,235.67,235.67,235.67,235.67
248.43,248.43,248.43,248.43,248.43,248.43
251.34,251.34,251.34,251.34,251.34,251.34
211.76,45.33,17.58,20.3,23.02,25.59
193.79,31.96,18.76,21.48,24.2,25.59
185.71,23.91,20.09,22.81,25.53,25.59
181.44,19.67,21.0,23.72,25.6,25.6
198.65,34.0,21.37,24.09,25.6,25.6
226.24,46.03,21.39,24.11,25.6,25.6
240.88,55.39,21.32,24.04,25.6,25.6
263.05,73.41,21.12,23.84,25.6,25.6
270.45,78.33,21.02,23.74,25.6,25.6
288.64,92.26,20.54,23.26,25.6,25.6
306.56,105.42,20.02,22.74,25.46,25.6
333.0,130.82,30.15,21.97,24.69,25.59
355.46,150.44,52.71,21.23,23.95,25.59
375.33,168.45,66.06,20.5,23.22,25.59
384.17,384.17,384.17,384.17,384.17,384.17
377.59,377.59,377.59,377.59,377.59,377.59
359.18,359.18,359.18,359.18,359.18,359.18
321.19,321.19,321.19,321.19,321.19,321.19
326.17,326.17,326.17,326.17,326.17,326.17
329.95,329.95,329.95,329.95,329.95,329.95
310.93,310.93,310.93,310.93,310.93,310.93
298.7,298.7,298.7,298.7,298.7,298.7
308.26,308.26,308.26,308.26,308.26,308.26
334.63,334.63,334.63,334.63,334.63,334.63
332.75,125.87,17.53,20.25,22.97,25.6
325.62,118.74,18.29,21.01,23.73,25.59
297.97,91.09,19.4,22.12,24.84,25.6
270.32,73.02,20.57,23.29,25.6,25.6
262.17,64.76,20.91,23.63,25.6,25.6
272.46,77.7,20.93,23.65,25.6,25.6
273.12,80.52,21.05,23.77,25.6,25.6
285.39,97.85,20.88,23.6,25.6,25.6
290.25,105.23,20.52,23.24,25.6,25.6
306.64,114.82,20.19,22.91,25.6,25.6
322.95,126.95,25.17,22.36,25.08,25.6
336.91,137.55,39.53,21.85,24.57,25.59
361.16,154.79,57.07,20.95,23.67,25.59
372.91,166.03,64.43,20.47,23.19,25.59
380.77,173.89,70.27,20.23,22.95,25.59
379.21,379.21,379.21,379.21,379.21,379.21
371.29,371.29,371.29,371.29,371.29,371.29
348.0,348.0,348.0,348.0,348.0,348.0
346.51,346.51,346.51,346.51,346.51,346.51
317.8,317.8,317.8,317.8,317.8,317.8
295.52,295.52,295.52,295.52,295.52,295.52
268.62,268.62,268.62,268.62,268.62,268.62
265.78,265.78,265.78,265.78,265.78,265.78
294.36,294.36,294.36,294.36,294.36,294.36
346.94,140.99,33.31,20.26,22.98,25.6
317.37,117.62,18.62,21.34,24.06,25.6
238.38,74.99,20.14,22.86,25.58,25.6
202.4,53.35,21.08,23.8,25.6,25.6
188.13,39.45,21.63,24.35,25.6,25.6
175.4,24.06,21.96,24.68,25.6,25.6
199.98,44.98,21.84,24.56,25.6,25.6
219.04,55.13,21.75,24.47,25.6,25.6
247.93,70.75,21.52,24.24,25.6,25.6
253.59,74.13,21.33,24.05,25.6,25.6
270.94,89.61,20.85,23.57,25.6,25.6
292.26,107.88,20.16,22.88,25.59,25.59
328.99,140.36,37.32,21.67,24.39,25.59
361.83,167.45,69.73,20.57,23.29,25.59
368.97,368.97,368.97,368.97,368.97,368.97
363.35,363.35,363.35,363.35,363.35,363.35
342.74,342.74,342.74,342.74,342.74,342.74
334.7,334.7,334.7,334.7,334.7,334.7
301.99,301.99,301.99,301.99,301.99,301.99
291.26,291.26,291.26,291.26,291.26,291.26
269.77,269.77,269.77,269.77,269.77,269.77
233.83,233.83,233.83,233.83,233.83,233.83
233.99,233.99,233.99,233.99,233.99,233.99
265.2,265.2,265.2,265.2,265.2,265.2
333.24,134.68,24.53,20.27,22.99,25.6
331.07,125.29,18.6,21.32,24.04,25.6
282.29,96.39,19.96,22.68,25.4,25.6
251.02,77.67,20.82,23.54,25.6,25.6
191.85,39.99,21.6,24.32,25.6,25.6
195.82,47.61,21.78,24.5,25.6,25.6
234.63,64.51,21.67,24.39,25.6,25.6
263.14,79.96,21.51,24.23,25.6,25.6
274.36,87.47,21.37,24.09,25.6,25.6
284.48,97.01,21.07,23.79,25.6,25.6
309.25,123.02,20.46,23.18,25.59,25.59
331.37,145.36,46.08,22.43,25.15,25.59
359.67,170.04,72.31,21.4,24.12,25.59
384.15,189.01,91.28,20.54,23.26,25.59
392.12,392.12,392.12,392.12,392.12,392.12
383.56,383.56,383.56,383.56,383.56,383.56
367.83,367.83,367.83,367.83,367.83,367.83
357.53,357.53,357.53,357.53,357.53,357.53
331.95,331.95,331.95,331.95,331.95,331.95
319.91,319.91,319.91,319.91,319.91,319.91
330.23,330.23,330.23,330.23,330.23,330.23
310.74,310.74,310.74,310.74,310.74,310.74
312.22,312.22,312.22,312.22,312.22,312.22
343.58,343.58,343.58,343.58,343.58,343.58
372.68,165.81,46.09,20.24,22.96,25.6
349.11,142.23,26.82,21.16,23.88,25.6
317.54,113.21,19.68,22.4,25.12,25.6
299.8,101.99,20.38,23.1,25.6,25.6
283.62,91.5,20.99,23.71,25.6,25.6
277.02,88.86,21.29,24.01,25.6,25.6
280.98,96.22,21.3,24.02,25.6,25.6
292.15,110.96,21.09,23.81,25.6,25.6
307.75,127.98,21.04,23.45,25.6,25.6
322.86,143.54,40.22,23.08,25.6,25.6
343.11,163.17,65.44,22.53,25.25,25.59
358.26,176.69,78.97,22.07,24.79,25.59
384.78,197.89,100.16,21.19,23.91,25.59
405.24,213.7,115.98,20.47,23.19,25.59
413.5,413.5,413.5,413.5,413.5,413.5
406.79,406.79,406.79,406.79,406.79,406.79
400.24,400.24,400.24,400.24,400.24,400.24
392.02,392.02,392.02,392.02,392.02,392.02
382.01,382.01,382.01,382.01,382.01,382.01
365.8,365.8,365.8,365.8,365.8,365.8
355.19,355.19,355.19,355.19,355.19,355.19
365.42,365.42,365.42,365.42,365.42,365.42
377.45,377.45,377.45,377.45,377.45,377.45
387.07,387.07,387.07,387.07,387.07,387.07
388.01,181.13,62.61,20.24,22.96,25.6
363.61,156.73,41.08,21.08,23.8,25.6
331.56,124.68,19.53,22.25,24.97,25.6
307.96,110.26,20.46,23.18,25.6,25.6
294.53,103.06,21.0,23.72,25.6,25.6
292.22,105.4,21.21,23.93,25.6,25.6
300.22,114.65,21.15,23.87,25.6,25.6
308.41,126.15,21.03,23.75,25.6,25.6
314.85,133.99,26.2,23.62,25.6,25.6
326.06,146.61,43.7,23.36,25.59,25.59
338.34,159.35,61.46,22.9,25.59,25.59
354.14,172.45,74.72,22.28,25.0,25.59
382.23,194.72,97.0,21.33,24.05,25.59
404.43,210.19,112.46,20.52,23.24,25.59
410.66,410.66,410.66,410.66,410.66,410.66
402.48,402.48,402.48,402.48,402.48,402.48
401.1,401.1,401.1,401.1,401.1,401.1
398.04,398.04,398.04,398.04,398.04,398.04
385.45,385.45,385.45,385.45,385.45,385.45
305.25,305.25,305.25,305.25,305.25,305.25
264.45,264.45,264.45,264.45,264.45,264.45
246.65,246.65,246.65,246.65,246.65,246.65
249.01,249.01,249.01,249.01,249.01,249.01
250.09,250.09,250.09,250.09,250.09,250.09
248.95,103.46,17.55,20.27,22.99,25.6
250.56,100.46,18.01,20.73,23.45,25.59
246.46,94.76,18.69,21.41,24.13,25.6
256.63,100.79,19.0,21.72,24.44,25.6
287.09,123.16,19.17,21.89,24.61,25.6
303.34,137.74,31.69,21.97,24.69,25.6
353.92,165.34,67.61,21.73,24.45,25.6
372.19,179.46,81.74,21.55,24.27,25.6
387.44,189.32,91.59,21.43,24.15,25.6
399.94,197.38,99.66,21.09,23.81,25.6
414.41,210.08,112.35,20.6,23.32,25.59
416.25,210.14,112.41,20.47,23.19,25.59
390.46,196.56,98.83,20.42,23.14,25.59
377.46,187.47,89.75,20.31,23.03,25.59
394.37,394.37,394.37,394.37,394.37,394.37
383.74,383.74,383.74,383.74,383.74,383.74
366.54,366.54,366.54,366.54,366.54,366.54
329.58,329.58,329.58,329.58,329.58,329.58
293.55,293.55,293.55,293.55,293.55,293.55
262.49,262.49,262.49,262.49,262.49,262.49
252.34,252.34,252.34,252.34,252.34,252.34
233.9,233.9,233.9,233.9,233.9,233.9
228.64,228.64,228.64,228.64,228.64,228.64
223.29,223.29,223.29,223.29,223.29,223.29
224.94,87.99,17.51,20.23,22.95,25.59
225.95,88.83,18.07,20.79,23.51,25.59
219.93,83.15,18.73,21.45,24.17,25.6
213.98,79.42,19.25,21.97,24.69,25.6
207.74,75.57,19.85,22.57,25.29,25.6
193.45,63.57,20.81,23.53,25.6,25.6
197.72,64.46,21.23,23.95,25.6,25.6
207.08,72.85,21.13,23.85,25.6,25.6
217.82,83.42,20.89,23.61,25.6,25.6
245.14,109.93,20.26,22.98,25.6,25.6
268.9,132.92,26.7,22.45,25.17,25.59
288.2,147.89,47.28,21.92,24.64,25.59
307.05,164.62,66.9,21.17,23.89,25.59
323.87,179.25,81.53,20.51,23.23,25.6
331.14,331.14,331.14,331.14,331.14,331.14
326.56,326.56,326.56,326.56,326.56,326.56
314.3,314.3,314.3,314.3,314.3,314.3
286.06,286.06,286.06,286.06,286.06,286.06
262.49,262.49,262.49,262.49,262.49,262.49
239.58,239.58,239.58,239.58,239.58,239.58
236.84,236.84,236.84,236.84,236.84,236.84
229.52,229.52,229.52,229.52,229.52,229.52
231.14,231.14,231.14,231.14,231.14,231.14
241.59,241.59,241.59,241.59,241.59,241.59
255.67,120.01,17.55,20.27,22.99,25.59
237.91,104.35,18.45,21.17,23.89,25.6
224.14,93.81,19.38,22.1,24.82,25.6
214.47,84.97,20.14,22.86,25.58,25.6
215.66,85.57,20.62,23.34,25.6,25.6
217.25,83.18,20.87,23.59,25.6,25.6
244.54,105.79,20.62,23.34,25.6,25.6
254.99,114.63,20.36,23.08,25.6,25.6
262.9,121.31,20.05,22.77,25.49,25.6
272.64,129.65,21.94,22.33,25.05,25.6
278.94,133.65,26.82,21.95,24.67,25.59
290.23,144.08,40.91,21.51,24.23,25.59
304.81,157.51,58.75,20.89,23.61,25.59
310.44,159.86,61.29,20.42,23.14,25.59
313.55,313.55,313.55,313.55,313.55,313.55
307.64,307.64,307.64,307.64,307.64,307.64
299.48,299.48,299.48,299.48,299.48,299.48
280.97,280.97,280.97,280.97,280.97,280.97
252.57,252.57,252.57,252.57,252.57,252.57
220.58,220.58,220.58,220.58,220.58,220.58
205.59,205.59,205.59,205.59,205.59,205.59
196.32,196.32,196.32,196.32,196.32,196.32
196.5,196.5,196.5,196.5,196.5,196.5
197.67,197.67,197.67,197.67,197.67,197.67
211.94,97.09,17.53,20.25,22.97,25.59
209.01,95.37,18.17,20.89,23.61,25.59
207.06,94.55,18.79,21.51,24.23,25.6
202.64,90.45,19.71,22.43,25.15,25.59
184.19,73.59,20.3,23.02,25.6,25.6
186.99,77.08,20.5,23.22,25.6,25.6
198.52,88.31,20.51,23.23,25.6,25.6
199.73,89.48,20.48,23.2,25.6,25.6
203.76,93.0,20.22,22.94,25.6,25.6
207.82,97.32,19.99,22.71,25.43,25.6
214.1,103.52,19.8,22.52,25.24,25.59
222.06,111.54,19.37,22.09,24.81,25.59
234.87,123.75,18.6,21.32,24.04,25.59
249.53,137.38,32.9,20.53,23.25,25.59
252.29,252.29,252.29,252.29,252.29,252.29
244.68,244.68,244.68,244.68,244.68,244.68
229.57,229.57,229.57,229.57,229.57,229.57
207.03,207.03,207.03,207.03,207.03,207.03
173.94,173.94,173.94,173.94,173.94,173.94
172.27,172.27,172.27,172.27,172.27,172.27
169.9,169.9,169.9,169.9,169.9,169.9
168.03,168.03,168.03,168.03,168.03,168.03
169.22,169.22,169.22,169.22,169.22,169.22
169.86,169.86,169.86,169.86,169.86,169.86
180.2,64.54,17.49,20.21,22.93,25.6
199.21,78.07,17.9,20.62,23.34,25.59
210.09,80.45,18.3,21.02,23.74,25.59
227.08,87.78,18.64,21.36,24.08,25.59
220.61,77.81,19.26,21.98,24.7,25.59
206.63,65.19,19.87,22.59,25.31,25.59
193.31,54.04,20.51,23.23,25.6,25.6
186.93,48.74,20.82,23.54,25.6,25.6
178.69,44.4,20.82,23.54,25.59,25.59
186.01,53.97,20.43,23.15,25.59,25.59
211.32,78.07,19.54,22.26,24.98,25.59
231.2,96.78,18.75,21.47,24.19,25.59
239.66,103.75,18.3,21.02,23.74,25.59
247.78,110.7,17.82,20.54,23.26,25.59
255.62,255.62,255.62,255.62,255.62,255.62
248.09,248.09,248.09,248.09,248.09,248.09
184.05,184.05,184.05,184.05,184.05,184.05
159.04,159.04,159.04,159.04,159.04,159.04
159.44,159.44,159.44,159.44,159.44,159.44
158.47,158.47,158.47,158.47,158.47,158.47
159.54,159.54,159.54,159.54,159.54,159.54
159.37,159.37,159.37,159.37,159.37,159.37
158.44,158.44,158.44,158.44,158.44,158.44
157.36,157.36,157.36,157.36,157.36,157.36
164.27,41.09,17.58,20.3,23.02,25.58
171.2,43.13,18.09,20.81,23.53,25.58
205.41,62.66,18.61,21.33,24.05,25.58
207.9,67.36,19.18,21.9,24.62,25.59
197.23,60.22,20.02,22.74,25.46,25.59
178.78,41.78,21.08,23.8,25.59,25.59
167.51,29.41,21.68,24.4,25.59,25.59
165.51,26.97,21.79,24.51,25.59,25.59
177.06,43.2,21.52,24.24,25.59,25.59
198.88,68.33,21.01,23.73,25.59,25.59
220.14,89.47,20.45,23.17,25.59,25.59
236.89,105.36,19.81,22.53,25.25,25.59
257.18,123.19,18.89,21.61,24.33,25.59
281.1,144.13,42.62,20.6,23.32,25.59
292.26,292.26,292.26,292.26,292.26,292.26
290.14,290.14,290.14,290.14,290.14,290.14
265.03,265.03,265.03,265.03,265.03,265.03
237.33,237.33,237.33,237.33,237.33,237.33
204.15,204.15,204.15,204.15,204.15,204.15
180.08,180.08,180.08,180.08,180.08,180.08
156.83,156.83,156.83,156.83,156.83,156.83
156.34,156.34,156.34,156.34,156.34,156.34
157.48,157.48,157.48,157.48,157.48,157.48
156.28,156.28,156.28,156.28,156.28,156.28
172.87,39.94,17.65,20.37,23.09,25.58
202.65,68.48,18.34,21.06,23.78,25.59
221.41,89.97,18.68,21.4,24.12,25.59
220.82,90.59,18.88,21.6,24.32,25.59
236.64,104.93,18.77,21.49,24.21,25.59
253.6,118.97,18.74,21.46,24.18,25.59
236.74,102.88,19.5,22.22,24.94,25.59
228.15,95.85,19.9,22.62,25.34,25.59
230.9,99.16,19.94,22.66,25.38,25.59
235.4,103.15,19.75,22.47,25.19,25.59
241.59,109.25,19.61,22.33,25.05,25.59
251.62,118.89,19.27,21.99,24.71,25.59
267.15,134.15,26.57,21.41,24.13,25.59
262.69,142.43,37.02,20.74,23.46,25.59
264.34,264.34,264.34,264.34,264.34,264.34
254.55,254.55,254.55,254.55,254.55,254.55
241.33,241.33,241.33,241.33,241.33,241.33
239.05,239.05,239.05,239.05,239.05,239.05
226.37,226.37,226.37,226.37,226.37,226.37
216.02,216.02,216.02,216.02,216.02,216.02
183.81,183.81,183.81,183.81,183.81,183.81
179.62,179.62,179.62,179.62,179.62,179.62
180.18,180.18,180.18,180.18,180.18,180.18
180.6,180.6,180.6,180.6,180.6,180.6
183.52,61.19,17.67,20.39,23.11,25.58
169.16,40.77,18.87,21.59,24.31,25.58
169.84,34.14,20.26,22.98,25.58,25.58
170.68,31.27,21.19,23.91,25.58,25.58
160.4,19.4,21.85,24.57,25.58,25.58
155.28,19.42,22.14,24.86,25.58,25.58
163.76,25.68,22.09,24.81,25.58,25.58
191.48,62.99,21.62,24.34,25.59,25.59
206.69,78.82,21.3,24.02,25.58,25.58
220.1,92.57,20.99,23.71,25.59,25.59
224.46,95.67,20.66,23.38,25.59,25.59
237.63,106.84,20.01,22.73,25.45,25.59
259.61,126.94,19.09,21.81,24.53,25.58
282.51,146.7,42.97,20.71,23.43,25.58
290.95,154.12,51.53,20.32,23.04,25.58
285.6,285.6,285.6,285.6,285.6,285.6
284.7,284.7,284.7,284.7,284.7,284.7
266.81,266.81,266.81,266.81,266.81,266.81
220.93,220.93,220.93,220.93,220.93,220.93
178.69,178.69,178.69,178.69,178.69,178.69
175.33,175.33,175.33,175.33,175.33,175.33
174.75,174.75,174.75,174.75,174.75,174.75
174.69,174.69,174.69,174.69,174.69,174.69
173.63,173.63,173.63,173.63,173.63,173.63
174.62,54.19,17.68,20.4,23.12,25.58
150.7,27.96,18.99,21.71,24.43,25.58
133.59,17.83,20.55,23.27,25.59,25.59
130.89,18.7,21.42,24.14,25.59,25.59
131.84,19.24,21.96,24.68,25.59,25.59
138.1,19.42,22.14,24.86,25.59,25.59
173.54,34.69,21.7,24.42,25.59,25.59
207.45,69.62,21.23,23.95,25.59,25.59
213.6,85.08,20.97,23.69,25.59,25.59
225.49,97.4,20.84,23.56,25.58,25.58
252.35,114.87,20.37,23.09,25.58,25.58
283.05,138.97,35.41,22.38,25.1,25.59
305.04,157.87,60.14,21.46,24.18,25.59
328.53,176.84,79.11,20.59,23.31,25.59
333.33,179.68,81.96,20.26,22.98,25.59
320.74,320.74,320.74,320.74,320.74,320.74
294.57,294.57,294.57,294.57,294.57,294.57
269.87,269.87,269.87,269.87,269.87,269.87
245.33,245.33,245.33,245.33,245.33,245.33
227.48,227.48,227.48,227.48,227.48,227.48
227.33,227.33,227.33,227.33,227.33,227.33
228.75,228.75,228.75,228.75,228.75,228.75
227.52,227.52,227.52,227.52,227.52,227.52
228.48,228.48,228.48,228.48,228.48,228.48
230.14,86.31,17.64,20.36,23.08,25.58
208.08,65.65,18.7,21.42,24.14,25.58
189.62,48.11,20.06,22.78,25.5,25.59
194.88,44.56,21.02,23.74,25.59,25.59
216.5,56.16,21.44,24.16,25.59,25.59
223.81,64.56,21.56,24.28,25.59,25.59
246.1,81.21,21.42,24.14,25.59,25.59
263.8,94.9,21.13,23.85,25.59,25.59
274.54,105.67,20.83,23.55,25.59,25.59
287.95,120.25,20.54,23.26,25.59,25.59
299.98,131.52,25.58,22.87,25.59,25.59
320.74,151.8,53.55,22.29,25.01,25.59
344.75,173.4,75.68,21.45,24.17,25.58
369.06,192.16,94.44,20.58,23.3,25.59
368.86,184.59,86.86,20.26,22.98,25.59
357.91,357.91,357.91,357.91,357.91,357.91
339.91,339.91,339.91,339.91,339.91,339.91
311.59,311.59,311.59,311.59,311.59,311.59
310.18,310.18,310.18,310.18,310.18,310.18
313.77,313.77,313.77,313.77,313.77,313.77
253.48,253.48,253.48,253.48,253.48,253.48
204.14,204.14,204.14,204.14,204.14,204.14
203.99,203.99,203.99,203.99,203.99,203.99
227.5,227.5,227.5,227.5,227.5,227.5
260.14,98.84,17.64,20.36,23.08,25.58
259.19,86.12,18.68,21.4,24.12,25.58
238.35,69.85,19.98,22.7,25.42,25.58
224.51,61.95,20.93,23.65,25.59,25.59
224.63,61.51,21.41,24.13,25.6,25.6
258.65,91.97,21.25,23.97,25.6,25.6
280.16,115.71,20.92,23.64,25.6,25.6
292.53,131.16,26.13,23.38,25.59,25.59
298.32,137.31,34.08,23.25,25.59,25.59
307.82,144.97,44.16,23.1,25.59,25.59
321.88,155.35,56.97,22.7,25.42,25.59
341.64,171.42,73.7,22.24,24.96,25.59
365.65,190.31,92.59,21.41,24.13,25.59
393.08,212.61,114.89,20.57,23.29,25.59
404.38,404.38,404.38,404.38,404.38,404.38
401.23,401.23,401.23,401.23,401.23,401.23
392.61,392.61,392.61,392.61,392.61,392.61
375.27,375.27,375.27,375.27,375.27,375.27
330.09,330.09,330.09,330.09,330.09,330.09
269.17,269.17,269.17,269.17,269.17,269.17
250.15,250.15,250.15,250.15,250.15,250.15
249.19,249.19,249.19,249.19,249.19,249.19
246.0,246.0,246.0,246.0,246.0,246.0
280.48,280.48,280.48,280.48,280.48,280.48
330.19,123.31,17.65,20.37,23.09,25.58
325.22,118.34,18.72,21.44,24.16,25.59
278.99,86.42,20.01,22.73,25.45,25.59
260.8,76.52,20.84,23.56,25.59,25.59
263.06,77.05,21.23,23.95,25.59,25.59
281.44,96.94,21.21,23.93,25.59,25.59
293.14,111.85,21.08,23.8,25.59,25.59
306.05,126.72,20.85,23.57,25.59,25.59
319.52,140.59,38.41,23.32,25.59,25.59
334.85,156.73,59.01,22.96,25.59,25.59
349.58,170.11,72.39,22.54,25.26,25.59
365.14,182.23,84.51,22.01,24.73,25.59
388.68,200.46,102.74,21.2,23.92,25.59
408.28,215.18,117.46,20.55,23.27,25.59
415.87,415.87,415.87,415.87,415.87,415.87
402.27,402.27,402.27,402.27,402.27,402.27
384.1,384.1,384.1,384.1,384.1,384.1
373.52,373.52,373.52,373.52,373.52,373.52
370.65,370.65,370.65,370.65,370.65,370.65
342.56,342.56,342.56,342.56,342.56,342.56
321.92,321.92,321.92,321.92,321.92,321.92
310.3,310.3,310.3,310.3,310.3,310.3
298.98,298.98,298.98,298.98,298.98,298.98
329.7,329.7,329.7,329.7,329.7,329.7
359.78,152.9,27.73,20.36,23.08,25.58
336.21,129.33,18.66,21.38,24.1,25.59
290.55,94.2,19.92,22.64,25.36,25.59
269.23,79.61,20.76,23.48,25.59,25.59
285.57,95.27,20.99,23.71,25.59,25.59
294.89,113.43,21.01,23.73,25.59,25.59
299.88,121.73,20.98,23.7,25.59,25.59
306.46,129.3,23.83,23.53,25.59,25.59
313.33,135.81,31.61,23.38,25.59,25.59
319.65,140.3,37.68,23.15,25.59,25.59
338.98,160.15,62.04,22.66,25.38,25.59
356.3,173.04,75.31,22.09,24.81,25.59
380.36,190.55,92.82,21.23,23.95,25.59
398.64,203.47,105.75,20.55,23.27,25.59
405.21,405.21,405.21,405.21,405.21,405.21
400.45,400.45,400.45,400.45,400.45,400.45
380.63,380.63,380.63,380.63,380.63,380.63
364.69,364.69,364.69,364.69,364.69,364.69
356.03,356.03,356.03,356.03,356.03,356.03
351.62,351.62,351.62,351.62,351.62,351.62
336.98,336.98,336.98,336.98,336.98,336.98
285.39,285.39,285.39,285.39,285.39,285.39
265.03,265.03,265.03,265.03,265.03,265.03
269.77,269.77,269.77,269.77,269.77,269.77
273.92,122.3,17.59,20.31,23.03,25.59
260.97,107.79,18.64,21.36,24.08,25.59
250.13,93.05,19.82,22.54,25.26,25.59
262.17,93.65,20.39,23.11,25.59,25.59
300.86,109.43,20.53,23.25,25.6,25.6
316.83,125.11,20.45,23.17,25.6,25.6
322.56,133.34,28.77,23.08,25.6,25.6
332.33,141.64,40.18,22.85,25.57,25.6
334.0,144.95,45.02,22.88,25.6,25.6
329.79,141.51,40.0,22.83,25.55,25.6
344.31,149.0,49.91,22.36,25.08,25.59
349.36,156.41,58.68,21.8,24.52,25.59
361.81,168.25,70.52,20.96,23.68,25.59
368.67,176.74,79.01,20.44,23.16,25.59
363.27,363.27,363.27,363.27,363.27,363.27
354.44,354.44,354.44,354.44,354.44,354.44
345.48,345.48,345.48,345.48,345.48,345.48
333.1,333.1,333.1,333.1,333.1,333.1
313.6,313.6,313.6,313.6,313.6,313.6
305.27,305.27,305.27,305.27,305.27,305.27
294.79,294.79,294.79,294.79,294.79,294.79
271.09,271.09,271.09,271.09,271.09,271.09
270.75,270.75,270.75,270.75,270.75,270.75
267.85,267.85,267.85,267.85,267.85,267.85
255.01,87.19,17.52,20.24,22.96,25.6
197.59,49.34,18.57,21.29,24.01,25.6
172.91,23.93,19.53,22.25,24.97,25.6
156.31,17.66,20.38,23.1,25.6,25.6
153.9,18.33,21.05,23.77,25.6,25.6
152.97,18.82,21.54,24.26,25.6,25.6
156.05,19.15,21.87,24.59,25.6,25.6
171.82,24.56,21.74,24.46,25.6,25.6
205.42,51.7,21.29,24.01,25.6,25.6
223.91,67.19,20.93,23.65,25.6,25.6
258.78,96.41,20.34,23.06,25.6,25.6
279.76,111.34,19.88,22.6,25.32,25.59
303.89,130.87,25.53,21.74,24.46,25.59
340.68,154.29,56.56,20.7,23.42,25.59
330.1,330.1,330.1,330.1,330.1,330.1
333.62,333.62,333.62,333.62,333.62,333.62
329.07,329.07,329.07,329.07,329.07,329.07
309.69,309.69,309.69,309.69,309.69,309.69
253.73,253.73,253.73,253.73,253.73,253.73
243.33,243.33,243.33,243.33,243.33,243.33
221.9,221.9,221.9,221.9,221.9,221.9
205.84,205.84,205.84,205.84,205.84,205.84
196.04,196.04,196.04,196.04,196.04,196.04
192.4,192.4,192.4,192.4,192.4,192.4
193.13,40.91,17.58,20.3,23.02,25.6
168.77,17.84,19.09,21.81,24.53,25.6
149.25,17.96,20.68,23.4,25.6,25.6
144.88,18.9,21.62,24.34,25.6,25.6
142.04,19.41,22.13,24.85,25.6,25.6
144.38,19.63,22.35,25.07,25.6,25.6
150.46,19.63,22.35,25.07,25.6,25.6
172.99,26.94,22.14,24.86,25.6,25.6
199.87,45.38,21.92,24.64,25.6,25.6
247.1,78.01,21.38,24.1,25.6,25.6
311.76,110.44,20.67,23.39,25.6,25.6
353.98,147.1,24.38,22.69,25.41,25.6
398.93,192.05,62.03,21.64,24.36,25.59
426.29,219.41,78.35,20.66,23.38,25.59
400.93,194.05,74.24,20.24,22.96,25.59
373.58,373.58,373.58,373.58,373.58,373.58
296.75,296.75,296.75,296.75,296.75,296.75
255.23,255.23,255.23,255.23,255.23,255.23
248.99,248.99,248.99,248.99,248.99,248.99
238.54,238.54,238.54,238.54,238.54,238.54
235.04,235.04,235.04,235.04,235.04,235.04
234.14,234.14,234.14,234.14,234.14,234.14
234.48,234.48,234.48,234.48,234.48,234.48
243.26,243.26,243.26,243.26,243.26,243.26
258.35,100.61,17.58,20.3,23.02,25.6
234.14,80.92,18.72,21.44,24.16,25.6
200.42,50.7,20.26,22.98,25.6,25.6
183.88,34.74,21.2,23.92,25.6,25.6
177.32,29.97,21.7,24.42,25.6,25.6
177.17,32.06,21.92,24.64,25.6,25.6
204.77,55.68,21.77,24.49,25.6,25.6
229.95,72.84,21.58,24.3,25.6,25.6
257.07,91.84,21.22,23.94,25.6,25.6
285.89,114.37,20.73,23.45,25.6,25.6
310.33,141.13,39.32,22.93,25.59,25.59
344.49,157.61,59.89,22.35,25.07,25.59
390.91,184.59,86.86,21.53,24.25,25.59
428.18,221.3,109.25,20.61,23.33,25.59
440.98,234.1,114.46,20.24,22.96,25.59
435.86,435.86,435.86,435.86,435.86,435.86
420.65,420.65,420.65,420.65,420.65,420.65
346.23,346.23,346.23,346.23,346.23,346.23
258.48,258.48,258.48,258.48,258.48,258.48
244.42,244.42,244.42,244.42,244.42,244.42
250.31,250.31,250.31,250.31,250.31,250.31
254.82,254.82,254.82,254.82,254.82,254.82
252.92,252.92,252.92,252.92,252.92,252.92
260.79,260.79,260.79,260.79,260.79,260.79
266.78,111.15,17.58,20.3,23.02,25.6
240.2,89.1,18.75,21.47,24.19,25.6
216.28,69.59,19.96,22.68,25.4,25.6
206.84,63.15,20.77,23.49,25.59,25.59
221.68,69.65,21.11,23.83,25.59,25.59
254.26,89.46,21.07,23.79,25.6,25.6
265.83,95.83,21.11,23.83,25.6,25.6
287.33,109.54,20.97,23.69,25.6,25.6
303.1,120.32,20.81,23.53,25.6,25.6
327.16,139.7,35.48,23.22,25.6,25.6
358.37,162.9,65.17,22.72,25.44,25.59
380.17,177.16,79.44,22.17,24.89,25.59
420.49,213.61,103.28,21.24,23.96,25.59
448.33,241.45,120.12,20.56,23.28,25.59
459.21,459.21,459.21,459.21,459.21,459.21
457.23,457.23,457.23,457.23,457.23,457.23
442.11,442.11,442.11,442.11,442.11,442.11
425.65,425.65,425.65,425.65,425.65,425.65
352.79,352.79,352.79,352.79,352.79,352.79
292.51,292.51,292.51,292.51,292.51,292.51
266.24,266.24,266.24,266.24,266.24,266.24
267.96,267.96,267.96,267.96,267.96,267.96
268.67,268.67,268.67,268.67,268.67,268.67
271.95,271.95,271.95,271.95,271.95,271.95
273.82,119.7,17.54,20.26,22.98,25.59
260.22,104.0,18.42,21.14,23.86,25.6
257.77,96.68,19.44,22.16,24.88,25.6
261.86,94.17,20.11,22.83,25.55,25.6
266.65,94.82,20.44,23.16,25.6,25.6
306.36,111.99,20.49,23.21,25.6,25.6
336.21,133.71,26.18,22.94,25.6,25.6
370.73,163.85,62.64,22.49,25.21,25.6
383.61,176.73,76.99,22.05,24.77,25.6
391.86,184.98,85.81,21.8,24.52,25.6
405.58,198.7,96.02,21.36,24.08,25.6
409.51,202.63,98.47,21.04,23.76,25.59
415.09,208.21,108.56,20.73,23.45,25.59
430.52,223.64,117.48,20.44,23.16,25.59
437.46,230.59,123.65,20.19,22.91,25.6
435.92,435.92,435.92,435.92,435.92,435.92
411.86,411.86,411.86,411.86,411.86,411.86
381.38,381.38,381.38,381.38,381.38,381.38
338.58,338.58,338.58,338.58,338.58,338.58
339.85,339.85,339.85,339.85,339.85,339.85
340.15,340.15,340.15,340.15,340.15,340.15
314.6,314.6,314.6,314.6,314.6,314.6
300.12,300.12,300.12,300.12,300.12,300.12
323.25,323.25,323.25,323.25,323.25,323.25
351.92,147.1,35.7,20.25,22.97,25.6
361.74,154.86,37.43,20.91,23.63,25.6
377.28,170.4,48.81,21.34,24.06,25.6
380.71,173.83,58.25,21.65,24.37,25.6
352.07,145.19,33.44,22.46,25.18,25.6
344.37,137.49,30.99,23.05,25.6,25.6
345.23,142.38,39.66,23.23,25.6,25.6
349.48,147.74,47.18,23.12,25.6,25.6
354.25,153.41,55.13,22.96,25.6,25.6
374.91,172.82,75.1,22.39,25.11,25.6
385.28,182.9,85.18,21.99,24.71,25.6
389.83,182.95,85.1,21.69,24.41,25.6
405.86,198.98,96.23,21.12,23.84,25.59
427.88,221.0,116.32,20.55,23.27,25.59
434.13,227.25,123.76,20.19,22.91,25.6
436.52,436.52,436.52,436.52,436.52,436.52
422.53,422.53,422.53,422.53,422.53,422.53
384.1,384.1,384.1,384.1,384.1,384.1
314.22,314.22,314.22,314.22,314.22,314.22
239.38,239.38,239.38,239.38,239.38,239.38
236.84,236.84,236.84,236.84,236.84,236.84
238.04,238.04,238.04,238.04,238.04,238.04
239.07,239.07,239.07,239.07,239.07,239.07
240.78,240.78,240.78,240.78,240.78,240.78
239.88,105.15,17.55,20.27,22.99,25.6
221.12,86.37,18.52,21.24,23.96,25.6
201.93,65.59,19.67,22.39,25.11,25.6
186.49,49.09,20.74,23.46,25.6,25.6
193.63,50.25,21.3,24.02,25.6,25.6
209.67,60.0,21.52,24.24,25.6,25.6
220.39,66.57,21.5,24.22,25.6,25.6
248.71,89.42,21.02,23.74,25.6,25.6
280.63,114.95,20.58,23.3,25.6,25.6
314.68,140.83,36.16,22.78,25.5,25.6
322.18,142.03,37.26,22.53,25.25,25.6
331.2,145.22,41.28,22.18,24.9,25.59
358.84,167.59,69.86,21.39,24.11,25.59
386.39,188.66,90.93,20.59,23.31,25.6
387.42,194.22,96.5,20.17,22.89,25.6
349.05,349.05,349.05,349.05,349.05,349.05
325.63,325.63,325.63,325.63,325.63,325.63
288.11,288.11,288.11,288.11,288.11,288.11
273.33,273.33,273.33,273.33,273.33,273.33
273.25,273.25,273.25,273.25,273.25,273.25
262.45,262.45,262.45,262.45,262.45,262.45
254.73,254.73,254.73,254.73,254.73,254.73
253.87,253.87,253.87,253.87,253.87,253.87
262.35,262.35,262.35,262.35,262.35,262.35
261.63,108.07,17.53,20.25,22.97,25.6
242.15,92.11,18.46,21.18,23.9,25.6
225.15,79.27,19.49,22.21,24.93,25.6
210.76,67.28,20.19,22.91,25.6,25.6
206.21,63.1,20.59,23.31,25.6,25.6
205.05,63.6,20.87,23.59,25.6,25.6
232.87,88.71,20.69,23.41,25.6,25.6
278.87,112.7,20.31,23.03,25.6,25.6
299.94,135.83,28.88,22.73,25.45,25.6
327.51,160.49,61.53,22.34,25.06,25.6
375.59,180.9,83.17,21.99,24.71,25.6
397.86,190.98,92.2,21.67,24.39,25.59
420.99,214.11,111.57,20.99,23.71,25.59
430.01,223.13,116.15,20.49,23.21,25.59
423.5,216.62,115.3,20.18,22.9,25.6
401.63,401.63,401.63,401.63,401.63,401.63
364.16,364.16,364.16,364.16,364.16,364.16
307.39,307.39,307.39,307.39,307.39,307.39
271.32,271.32,271.32,271.32,271.32,271.32
260.46,260.46,260.46,260.46,260.46,260.46
261.24,261.24,261.24,261.24,261.24,261.24
261.21,261.21,261.21,261.21,261.21,261.21
264.19,264.19,264.19,264.19,264.19,264.19
274.77,274.77,274.77,274.77,274.77,274.77
274.08,126.18,17.53,20.25,22.97,25.6
266.12,116.6,18.28,21.0,23.72,25.6
263.43,110.64,18.93,21.65,24.37,25.6
251.58,98.8,19.85,22.57,25.29,25.6
265.35,100.28,20.42,23.14,25.6,25.6
289.92,109.06,20.66,23.38,25.6,25.6
338.53,133.59,22.19,23.22,25.6,25.6
375.49,168.61,55.13,22.94,25.6,25.6
388.09,181.21,75.39,22.59,25.31,25.6
397.54,190.66,87.03,22.35,25.07,25.6
439.55,232.67,110.58,21.77,24.49,25.6
459.79,252.91,122.73,21.29,24.01,25.6
473.02,266.14,132.71,22.36,23.63,25.59
490.16,283.28,143.88,37.24,23.18,25.59
502.42,295.54,149.45,43.17,22.9,25.6
501.95,501.95,501.95,501.95,501.95,501.95
501.25,501.25,501.25,501.25,501.25,501.25
463.47,463.47,463.47,463.47,463.47,463.47
347.04,347.04,347.04,347.04,347.04,347.04
325.25,325.25,325.25,325.25,325.25,325.25
324.87,324.87,324.87,324.87,324.87,324.87
325.24,325.24,325.24,325.24,325.24,325.24
325.93,325.93,325.93,325.93,325.93,325.93
327.17,327.17,327.17,327.17,327.17,327.17
331.45,164.37,56.88,20.24,22.96,25.6
335.57,156.49,48.95,20.91,23.63,25.6
331.19,142.7,31.33,21.86,24.58,25.6
319.22,133.81,20.74,22.75,25.47,25.6
361.03,154.15,42.86,23.05,25.6,25.6
402.47,195.59,70.89,23.0,25.6,25.6
413.89,207.01,84.79,22.81,25.53,25.6
418.33,211.45,92.08,22.69,25.41,25.6
425.66,218.78,102.06,22.55,25.27,25.6
435.17,228.29,110.85,22.31,25.03,25.6
450.13,243.25,124.59,21.92,24.64,25.6
463.97,257.09,133.92,21.78,24.27,25.59
484.0,277.12,146.99,38.44,23.69,25.59
502.33,295.45,160.53,56.34,23.21,25.6
512.34,305.46,166.38,63.73,22.93,25.59
510.14,510.14,510.14,510.14,510.14,510.14
499.77,499.77,499.77,499.77,499.77,499.77
489.6,489.6,489.6,489.6,489.6,489.6
456.94,456.94,456.94,456.94,456.94,456.94
425.63,425.63,425.63,425.63,425.63,425.63
419.65,419.65,419.65,419.65,419.65,419.65
392.24,392.24,392.24,392.24,392.24,392.24
372.7,372.7,372.7,372.7,372.7,372.7
391.07,391.07,391.07,391.07,391.07,391.07
438.5,231.62,98.67,20.23,22.95,25.6
426.36,219.48,84.63,20.84,23.56,25.6
403.03,196.15,70.22,21.53,24.25,25.6
387.47,180.59,57.09,22.05,24.77,25.6
401.55,194.67,62.42,22.2,24.92,25.6
392.16,185.28,52.48,22.61,25.33,25.6
395.67,188.79,54.26,22.77,25.49,25.6
412.79,205.91,68.0,22.69,25.41,25.6
423.97,217.09,81.59,22.42,25.14,25.6
437.94,231.06,94.68,22.04,24.76,25.6
440.06,233.18,102.91,22.02,24.74,25.6
455.43,248.55,117.2,21.63,24.35,25.6
474.62,267.74,131.42,21.1,23.82,25.59
493.94,287.06,145.18,34.57,23.29,25.59
509.01,302.13,155.3,46.66,22.94,25.59
507.56,507.56,507.56,507.56,507.56,507.56
493.92,493.92,493.92,493.92,493.92,493.92
482.92,482.92,482.92,482.92,482.92,482.92
469.6,469.6,469.6,469.6,469.6,469.6
433.76,433.76,433.76,433.76,433.76,433.76
393.75,393.75,393.75,393.75,393.75,393.75
352.96,352.96,352.96,352.96,352.96,352.96
344.65,344.65,344.65,344.65,344.65,344.65
350.77,350.77,350.77,350.77,350.77,350.77
376.58,169.7,65.45,20.27,22.99,25.6
388.49,181.61,69.58,20.98,23.7,25.6
395.46,188.58,67.15,21.84,24.56,25.6
399.26,192.38,69.38,22.43,25.15,25.6
391.02,184.14,66.02,22.84,25.56,25.6
385.58,178.7,69.58,23.04,25.6,25.6
385.46,178.58,72.01,23.07,25.6,25.6
388.36,181.48,77.52,22.99,25.6,25.6
394.67,187.79,86.58,22.83,25.55,25.6
402.45,195.57,93.4,22.61,25.33,25.6
412.98,206.1,101.25,22.3,25.02,25.6
429.34,222.46,113.07,21.82,24.54,25.6
450.24,243.36,128.07,21.18,23.9,25.59
473.21,266.33,144.39,37.93,23.22,25.59
483.47,276.59,150.7,45.6,22.93,25.59
482.53,482.53,482.53,482.53,482.53,482.53
479.79,479.79,479.79,479.79,479.79,479.79
480.0,480.0,480.0,480.0,480.0,480.0
482.95,482.95,482.95,482.95,482.95,482.95
486.56,486.56,486.56,486.56,486.56,486.56
475.61,475.61,475.61,475.61,475.61,475.61
438.47,438.47,438.47,438.47,438.47,438.47
423.29,423.29,423.29,423.29,423.29,423.29
455.58,455.58,455.58,455.58,455.58,455.58
448.46,241.58,107.09,20.23,22.95,25.6
432.42,225.54,96.01,20.77,23.49,25.6
442.31,235.43,93.67,21.3,24.02,25.6
440.53,233.65,89.86,21.65,24.37,25.6
435.88,229.0,85.23,22.06,24.78,25.6
423.49,216.61,80.04,22.41,25.13,25.6
427.2,220.32,87.93,22.33,25.05,25.6
433.43,226.55,94.3,22.13,24.85,25.6
437.32,230.44,101.86,21.96,24.68,25.6
434.54,227.66,101.14,21.94,24.66,25.6
443.98,237.1,107.97,21.51,24.23,25.6
464.11,257.23,122.72,20.93,23.65,25.59
480.35,273.47,132.73,20.79,23.19,25.59
486.57,279.69,129.57,20.3,23.02,25.59
489.7,489.7,489.7,489.7,489.7,489.7
489.24,489.24,489.24,489.24,489.24,489.24
452.74,452.74,452.74,452.74,452.74,452.74
365.44,365.44,365.44,365.44,365.44,365.44
321.69,321.69,321.69,321.69,321.69,321.69
295.07,295.07,295.07,295.07,295.07,295.07
292.99,292.99,292.99,292.99,292.99,292.99
289.07,289.07,289.07,289.07,289.07,289.07
289.98,289.98,289.98,289.98,289.98,289.98
301.2,301.2,301.2,301.2,301.2,301.2
313.32,143.47,26.45,20.28,23.0,25.6
301.64,129.48,18.55,21.27,23.99,25.59
286.22,113.61,19.69,22.41,25.13,25.59
320.08,128.01,20.23,22.95,25.6,25.6
342.33,140.67,32.13,23.2,25.6,25.6
358.73,151.85,41.04,23.34,25.6,25.6
371.53,164.65,54.61,23.29,25.6,25.6
379.39,172.51,67.83,23.13,25.6,25.6
388.92,182.04,78.33,22.91,25.6,25.6
413.3,206.42,91.5,22.6,25.32,25.6
431.15,224.27,102.4,22.22,24.94,25.59
448.35,241.47,109.13,21.72,24.44,25.59
476.29,269.41,127.7,20.88,23.6,25.59
480.4,273.52,122.29,20.38,23.1,25.59
459.91,459.91,459.91,459.91,459.91,459.91
450.39,450.39,450.39,450.39,450.39,450.39
441.08,441.08,441.08,441.08,441.08,441.08
391.75,391.75,391.75,391.75,391.75,391.75
339.69,339.69,339.69,339.69,339.69,339.69
317.34,317.34,317.34,317.34,317.34,317.34
298.99,298.99,298.99,298.99,298.99,298.99
294.46,294.46,294.46,294.46,294.46,294.46
289.83,289.83,289.83,289.83,289.83,289.83
286.24,286.24,286.24,286.24,286.24,286.24
285.03,110.23,17.58,20.3,23.02,25.59
260.01,91.22,18.67,21.39,24.11,25.6
240.79,79.45,19.96,22.68,25.4,25.6
239.36,83.98,20.67,23.39,25.6,25.6
237.0,83.36,21.11,23.83,25.6,25.6
230.65,77.46,21.39,24.11,25.6,25.6
250.61,86.51,21.31,24.03,25.6,25.6
298.53,111.36,20.98,23.7,25.6,25.6
324.49,129.24,20.74,23.46,25.6,25.6
345.98,142.31,36.71,23.2,25.6,25.6
364.22,157.34,49.72,22.9,25.6,25.6
381.18,174.3,65.08,22.42,25.14,25.6
404.21,197.33,85.89,21.61,24.33,25.6
403.56,199.76,102.04,20.66,23.38,25.6
378.08,194.32,96.6,20.2,22.92,25.6
341.17,341.17,341.17,341.17,341.17,341.17
324.81,324.81,324.81,324.81,324.81,324.81
309.87,309.87,309.87,309.87,309.87,309.87
286.91,286.91,286.91,286.91,286.91,286.91
265.58,265.58,265.58,265.58,265.58,265.58
265.83,265.83,265.83,265.83,265.83,265.83
264.92,264.92,264.92,264.92,264.92,264.92
264.49,264.49,264.49,264.49,264.49,264.49
262.82,262.82,262.82,262.82,262.82,262.82
264.29,91.77,17.57,20.29,23.01,25.6
236.66,70.61,18.86,21.58,24.3,25.6
211.24,51.5,20.33,23.05,25.6,25.6
199.53,41.15,21.02,23.74,25.6,25.6
192.01,34.64,21.51,24.23,25.6,25.6
186.31,30.15,21.84,24.56,25.6,25.6
185.75,30.41,22.0,24.72,25.6,25.6
195.04,41.71,21.93,24.65,25.6,25.6
215.64,56.82,21.77,24.49,25.6,25.6
226.81,66.1,21.51,24.23,25.6,25.6
252.72,84.54,20.95,23.67,25.6,25.6
262.16,97.0,20.33,23.05,25.6,25.6
293.66,124.93,19.24,21.96,24.68,25.6
319.84,146.95,36.53,20.81,23.53,25.6
295.24,136.38,17.47,20.19,22.91,25.6
270.56,270.56,270.56,270.56,270.56,270.56
261.23,261.23,261.23,261.23,261.23,261.23
255.32,255.32,255.32,255.32,255.32,255.32
251.1,251.1,251.1,251.1,251.1,251.1
244.83,244.83,244.83,244.83,244.83,244.83
243.37,243.37,243.37,243.37,243.37,243.37
244.7,244.7,244.7,244.7,244.7,244.7
244.27,244.27,244.27,244.27,244.27,244.27
249.6,249.6,249.6,249.6,249.6,249.6
263.73,103.47,17.55,20.27,22.99,25.6
245.99,87.79,18.61,21.33,24.05,25.6
220.35,65.21,19.6,22.32,25.04,25.6
212.56,61.01,20.28,23.0,25.6,25.6
191.49,39.34,21.2,23.92,25.6,25.6
187.52,36.36,21.55,24.27,25.6,25.6
204.18,54.0,21.53,24.25,25.6,25.6
235.87,79.45,21.18,23.9,25.6,25.6
252.98,91.89,20.85,23.57,25.6,25.6
285.25,110.02,20.4,23.12,25.6,25.6
342.74,136.56,23.83,22.53,25.25,25.6
379.3,172.42,50.67,21.81,24.53,25.6
421.95,215.07,80.44,21.09,23.81,25.59
422.27,215.39,85.51,20.6,23.32,25.59
389.53,182.65,70.42,20.19,22.91,25.6
355.93,355.93,355.93,355.93,355.93,355.93
314.83,314.83,314.83,314.83,314.83,314.83
300.63,300.63,300.63,300.63,300.63,300.63
300.14,300.14,300.14,300.14,300.14,300.14
289.99,289.99,289.99,289.99,289.99,289.99
284.31,284.31,284.31,284.31,284.31,284.31
280.9,280.9,280.9,280.9,280.9,280.9
281.65,281.65,281.65,281.65,281.65,281.65
284.64,284.64,284.64,284.64,284.64,284.64
288.83,116.42,17.54,20.26,22.98,25.6
276.0,106.62,18.28,21.0,23.72,25.6
262.47,96.71,18.93,21.65,24.37,25.6
265.13,93.5,19.59,22.31,25.03,25.6
266.28,87.95,20.42,23.14,25.6,25.6
261.72,89.04,20.86,23.58,25.6,25.6
274.58,99.1,21.03,23.75,25.6,25.6
281.01,108.52,21.08,23.8,25.6,25.6
290.97,119.06,20.96,23.68,25.6,25.6
309.46,131.84,21.75,23.35,25.6,25.6
346.82,149.94,46.7,22.82,25.54,25.6
398.22,191.34,77.8,22.16,24.88,25.6
445.23,238.35,106.23,21.25,23.97,25.6
451.51,244.63,121.7,20.59,23.31,25.59
413.78,214.82,117.1,20.19,22.91,25.6
395.54,395.54,395.54,395.54,395.54,395.54
361.96,361.96,361.96,361.96,361.96,361.96
330.19,330.19,330.19,330.19,330.19,330.19
308.54,308.54,308.54,308.54,308.54,308.54
300.14,300.14,300.14,300.14,300.14,300.14
291.02,291.02,291.02,291.02,291.02,291.02
282.49,282.49,282.49,282.49,282.49,282.49
282.2,282.2,282.2,282.2,282.2,282.2
286.54,286.54,286.54,286.54,286.54,286.54
299.46,130.15,17.55,20.27,22.99,25.6
282.24,120.04,18.63,21.35,24.07,25.6
253.41,95.3,19.81,22.53,25.25,25.6
249.93,91.9,20.49,23.21,25.6,25.6
256.05,94.04,20.86,23.58,25.6,25.6
284.9,105.06,21.05,23.77,25.6,25.6
344.49,137.61,20.88,23.6,25.6,25.6
373.46,166.58,33.87,23.39,25.6,25.6
399.29,192.41,64.05,22.99,25.6,25.6
420.97,214.09,86.38,22.54,25.26,25.6
438.67,231.79,102.76,22.11,24.83,25.6
450.22,243.34,111.33,21.78,24.5,25.59
473.79,266.91,135.26,27.04,23.85,25.59
497.29,290.41,151.52,48.83,23.2,25.6
506.65,299.77,153.54,49.83,22.89,25.6
479.92,479.92,479.92,479.92,479.92,479.92
456.33,456.33,456.33,456.33,456.33,456.33
382.81,382.81,382.81,382.81,382.81,382.81
335.17,335.17,335.17,335.17,335.17,335.17
322.58,322.58,322.58,322.58,322.58,322.58
294.05,294.05,294.05,294.05,294.05,294.05
286.98,286.98,286.98,286.98,286.98,286.98
290.73,290.73,290.73,290.73,290.73,290.73
294.62,294.62,294.62,294.62,294.62,294.62
293.62,149.09,36.34,20.24,22.96,25.6
266.91,123.29,18.36,21.08,23.8,25.6
250.39,98.54,19.26,21.98,24.7,25.6
266.27,102.54,19.89,22.61,25.33,25.6
282.4,107.84,20.32,23.04,25.6,25.6
291.3,117.37,20.41,23.13,25.6,25.6
300.63,130.38,22.21,22.98,25.6,25.6
337.81,151.16,49.7,22.71,25.43,25.6
369.85,170.67,72.95,22.5,25.22,25.6
386.44,179.56,77.82,22.4,25.12,25.6
406.5,199.62,95.17,22.16,24.88,25.6
406.27,199.39,96.14,21.9,24.62,25.6
426.13,219.25,110.07,21.27,23.99,25.59
446.15,239.27,124.59,20.59,23.31,25.59
439.36,439.36,439.36,439.36,439.36,439.36
414.09,414.09,414.09,414.09,414.09,414.09
390.93,390.93,390.93,390.93,390.93,390.93
374.81,374.81,374.81,374.81,374.81,374.81
362.09,362.09,362.09,362.09,362.09,362.09
338.0,338.0,338.0,338.0,338.0,338.0
326.84,326.84,326.84,326.84,326.84,326.84
328.05,328.05,328.05,328.05,328.05,328.05
321.75,321.75,321.75,321.75,321.75,321.75
328.95,328.95,328.95,328.95,328.95,328.95
326.17,161.25,48.95,20.23,22.95,25.6
297.45,134.94,18.61,21.11,23.83,25.6
263.55,105.27,19.51,22.23,24.95,25.6
242.32,87.45,20.38,23.1,25.6,25.6
227.82,76.71,21.09,23.81,25.6,25.6
232.18,83.24,21.28,24.0,25.6,25.6
239.61,93.12,21.29,24.01,25.6,25.6
259.83,110.09,21.11,23.83,25.6,25.6
273.97,125.15,20.88,23.6,25.6,25.6
288.08,140.76,32.35,23.26,25.6,25.6
305.96,157.94,53.51,22.78,25.5,25.6
324.63,175.76,75.23,22.25,24.97,25.59
343.44,191.97,94.24,21.54,24.26,25.59
362.92,210.96,113.24,20.66,23.38,25.59
350.25,214.9,117.18,20.19,22.91,25.6
342.78,342.78,342.78,342.78,342.78,342.78
338.62,338.62,338.62,338.62,338.62,338.62
339.99,339.99,339.99,339.99,339.99,339.99
328.5,328.5,328.5,328.5,328.5,328.5
321.92,321.92,321.92,321.92,321.92,321.92
316.5,316.5,316.5,316.5,316.5,316.5
311.98,311.98,311.98,311.98,311.98,311.98
303.55,303.55,303.55,303.55,303.55,303.55
302.57,302.57,302.57,302.57,302.57,302.57
301.1,165.77,47.51,20.26,22.98,25.6
279.16,146.79,25.57,21.3,24.02,25.6
258.33,129.97,19.78,22.5,25.22,25.6
243.6,117.52,20.57,23.29,25.6,25.6
240.69,115.77,20.94,23.66,25.6,25.6
248.98,125.84,21.0,23.72,25.6,25.6
254.34,131.91,21.01,23.73,25.6,25.6
259.33,137.23,20.94,23.66,25.6,25.6
268.81,147.58,28.92,23.48,25.6,25.6
280.32,159.32,45.67,23.24,25.6,25.6
289.05,167.79,56.77,22.91,25.6,25.6
305.65,179.42,71.71,22.45,25.17,25.6
332.98,199.85,98.11,21.62,24.34,25.59
356.9,221.63,123.91,20.63,23.35,25.6
357.06,228.54,130.82,20.18,22.9,25.6
347.19,347.19,347.19,347.19,347.19,347.19
339.63,339.63,339.63,339.63,339.63,339.63
326.49,326.49,326.49,326.49,326.49,326.49
315.45,315.45,315.45,315.45,315.45,315.45
312.49,312.49,312.49,312.49,312.49,312.49
310.88,310.88,310.88,310.88,310.88,310.88
297.81,297.81,297.81,297.81,297.81,297.81
281.03,281.03,281.03,281.03,281.03,281.03
273.45,273.45,273.45,273.45,273.45,273.45
263.65,121.65,17.54,20.26,22.98,25.6
245.14,107.09,18.65,21.37,24.09,25.6
236.77,104.58,19.86,22.58,25.3,25.6
243.44,116.29,20.45,23.17,25.6,25.6
244.46,119.03,20.76,23.48,25.6,25.6
248.14,123.79,20.92,23.64,25.6,25.6
255.65,131.57,20.86,23.58,25.6,25.6
269.74,147.07,29.87,23.33,25.6,25.6
280.29,157.86,44.09,23.15,25.6,25.6
286.64,164.23,52.17,22.99,25.6,25.6
296.37,172.71,63.3,22.67,25.39,25.6
314.47,185.03,79.38,22.19,24.91,25.59
351.57,207.85,109.5,21.38,24.1,25.59
372.08,225.72,127.99,20.62,23.34,25.6
367.3,227.93,130.21,20.19,22.91,25.6
355.92,355.92,355.92,355.92,355.92,355.92
346.07,346.07,346.07,346.07,346.07,346.07
341.68,341.68,341.68,341.68,341.68,341.68
332.83,332.83,332.83,332.83,332.83,332.83
317.22,317.22,317.22,317.22,317.22,317.22
310.94,310.94,310.94,310.94,310.94,310.94
304.86,304.86,304.86,304.86,304.86,304.86
304.45,304.45,304.45,304.45,304.45,304.45
312.08,312.08,312.08,312.08,312.08,312.08
322.31,180.36,65.26,20.22,22.94,25.6
301.11,163.51,45.22,20.86,23.58,25.6
282.74,149.67,28.41,21.6,24.32,25.6
272.86,138.05,19.65,22.37,25.09,25.6
283.93,145.16,26.82,22.61,25.33,25.6
307.48,167.35,57.69,22.18,24.9,25.6
318.27,181.32,76.75,22.0,24.72,25.6
318.42,181.45,79.11,22.09,24.81,25.6
308.75,165.94,62.55,22.3,25.02,25.6
316.51,173.58,75.86,21.95,24.67,25.6
336.58,191.53,93.8,21.36,24.08,25.6
346.95,201.27,103.55,20.92,23.64,25.6
349.68,203.7,105.98,20.77,23.49,25.59
347.71,207.71,109.99,20.51,23.23,25.59
351.98,212.52,114.79,20.22,22.94,25.59
346.89,346.89,346.89,346.89,346.89,346.89
340.5,340.5,340.5,340.5,340.5,340.5
329.58,329.58,329.58,329.58,329.58,329.58
316.86,316.86,316.86,316.86,316.86,316.86
312.54,312.54,312.54,312.54,312.54,312.54
308.05,308.05,308.05,308.05,308.05,308.05
305.14,305.14,305.14,305.14,305.14,305.14
306.22,306.22,306.22,306.22,306.22,306.22
307.66,307.66,307.66,307.66,307.66,307.66
308.65,158.37,47.72,20.21,22.93,25.6
288.43,140.54,26.36,20.96,23.68,25.6
259.54,114.59,19.38,22.1,24.82,25.6
245.06,103.23,20.12,22.84,25.56,25.6
235.32,95.84,20.63,23.35,25.6,25.6
238.31,101.94,20.87,23.59,25.6,25.6
240.6,105.02,20.93,23.65,25.6,25.6
248.67,113.2,20.76,23.48,25.6,25.6
261.52,126.39,20.45,23.17,25.6,25.6
289.18,151.63,46.68,22.73,25.45,25.6
315.46,170.66,72.77,22.13,24.85,25.6
325.16,178.48,80.75,21.59,24.31,25.6
339.52,189.99,92.27,21.0,23.72,25.59
352.61,201.41,103.68,20.52,23.24,25.59
362.58,210.31,112.59,20.2,22.92,25.6
358.41,358.41,358.41,358.41,358.41,358.41
338.46,338.46,338.46,338.46,338.46,338.46
324.06,324.06,324.06,324.06,324.06,324.06
315.59,315.59,315.59,315.59,315.59,315.59
311.69,311.69,311.69,311.69,311.69,311.69
308.03,308.03,308.03,308.03,308.03,308.03
302.58,302.58,302.58,302.58,302.58,302.58
303.02,303.02,303.02,303.02,303.02,303.02
305.46,305.46,305.46,305.46,305.46,305.46
310.57,159.46,50.48,20.18,22.9,25.6
314.71,169.22,67.93,20.55,23.27,25.6
307.61,164.4,62.29,21.05,23.77,25.6
299.09,157.7,52.92,21.5,24.22,25.6
293.86,153.23,47.08,21.82,24.54,25.6
284.88,145.89,37.25,22.18,24.9,25.6
281.34,143.94,35.22,22.42,25.14,25.6
295.83,157.33,54.83,22.34,25.06,25.6
325.28,177.08,79.36,22.0,24.72,25.6
344.5,185.66,87.93,21.76,24.48,25.6
350.25,195.35,97.62,21.53,24.25,25.6
337.4,192.32,94.59,21.19,23.91,25.6
337.52,198.82,101.1,20.9,23.62,25.6
343.62,203.87,106.15,20.57,23.29,25.59
350.19,204.93,107.2,20.2,22.92,25.6
355.33,355.33,355.33,355.33,355.33,355.33
338.32,338.32,338.32,338.32,338.32,338.32
309.63,309.63,309.63,309.63,309.63,309.63
297.54,297.54,297.54,297.54,297.54,297.54
283.31,283.31,283.31,283.31,283.31,283.31
271.22,271.22,271.22,271.22,271.22,271.22
251.0,251.0,251.0,251.0,251.0,251.0
248.23,248.23,248.23,248.23,248.23,248.23
267.75,267.75,267.75,267.75,267.75,267.75
280.7,121.52,17.52,20.24,22.96,25.6
268.67,121.76,18.3,21.02,23.74,25.6
259.71,122.93,18.92,21.64,24.36,25.6
244.22,110.94,19.82,22.54,25.26,25.6
252.51,119.11,20.47,23.19,25.6,25.6
265.24,135.64,20.79,23.23,25.6,25.6
277.4,148.0,35.92,23.17,25.6,25.6
295.97,156.87,48.16,23.03,25.6,25.6
317.16,164.66,59.44,22.92,25.6,25.6
326.28,172.48,69.95,22.65,25.37,25.6
327.61,178.89,77.78,22.29,25.01,25.6
350.44,195.32,97.59,21.6,24.32,25.59
367.95,209.25,111.52,21.04,23.76,25.59
362.33,215.23,117.51,20.55,23.27,25.6
359.12,220.14,122.42,20.18,22.9,25.6
340.49,340.49,340.49,340.49,340.49,340.49
329.31,329.31,329.31,329.31,329.31,329.31
317.47,317.47,317.47,317.47,317.47,317.47
302.95,302.95,302.95,302.95,302.95,302.95
284.58,284.58,284.58,284.58,284.58,284.58
285.75,285.75,285.75,285.75,285.75,285.75
284.64,284.64,284.64,284.64,284.64,284.64
277.41,277.41,277.41,277.41,277.41,277.41
285.39,285.39,285.39,285.39,285.39,285.39
305.76,170.82,53.54,20.23,22.95,25.6
295.81,163.72,46.24,20.96,23.68,25.6
292.54,164.48,50.91,21.64,24.36,25.6
289.23,163.55,52.06,22.08,24.8,25.6
288.08,163.49,52.03,22.35,25.07,25.6
284.28,160.37,47.75,22.53,25.25,25.6
285.59,161.41,49.02,22.45,25.17,25.6
299.48,174.8,67.26,22.05,24.77,25.6
307.08,182.99,78.87,21.89,24.61,25.6
316.8,192.49,91.85,21.6,24.32,25.6
324.82,200.05,101.69,21.3,24.02,25.6
327.38,202.24,104.48,21.2,23.92,25.6
329.1,202.75,105.02,20.99,23.71,25.59
328.63,197.27,98.1,20.61,23.33,25.6
338.61,206.38,108.01,20.18,22.9,25.6
325.34,325.34,325.34,325.34,325.34,325.34
321.28,321.28,321.28,321.28,321.28,321.28
295.63,295.63,295.63,295.63,295.63,295.63
276.34,276.34,276.34,276.34,276.34,276.34
269.65,269.65,269.65,269.65,269.65,269.65
275.14,275.14,275.14,275.14,275.14,275.14
261.45,261.45,261.45,261.45,261.45,261.45
249.05,249.05,249.05,249.05,249.05,249.05
246.4,246.4,246.4,246.4,246.4,246.4
245.12,122.72,17.48,20.2,22.92,25.6
244.22,123.65,18.11,20.83,23.55,25.6
246.35,128.5,18.94,21.66,24.38,25.6
243.33,127.21,19.78,22.5,25.22,25.6
235.27,120.39,20.29,23.01,25.6,25.6
236.82,122.32,20.36,23.08,25.6,25.6
244.4,130.74,20.34,23.06,25.6,25.6
255.25,141.74,21.03,22.88,25.6,25.6
257.55,144.25,25.02,22.9,25.6,25.6
270.47,157.8,44.8,22.71,25.43,25.6
286.39,174.11,68.07,22.37,25.09,25.6
293.98,181.34,77.41,22.06,24.78,25.6
316.36,198.54,99.5,21.32,24.04,25.6
329.51,213.15,115.42,20.6,23.32,25.6
335.0,335.0,335.0,335.0,335.0,335.0
324.31,324.31,324.31,324.31,324.31,324.31
312.15,312.15,312.15,312.15,312.15,312.15
301.21,301.21,301.21,301.21,301.21,301.21
276.45,276.45,276.45,276.45,276.45,276.45
270.71,270.71,270.71,270.71,270.71,270.71
271.41,271.41,271.41,271.41,271.41,271.41
264.95,264.95,264.95,264.95,264.95,264.95
263.09,263.09,263.09,263.09,263.09,263.09
251.54,251.54,251.54,251.54,251.54,251.54
243.99,121.42,17.52,20.24,22.96,25.6
241.59,121.44,18.37,21.09,23.81,25.6
239.53,122.4,19.41,22.13,24.85,25.6
232.67,117.65,20.23,22.95,25.6,25.6
223.83,109.49,20.79,23.51,25.6,25.6
225.54,112.12,20.98,23.7,25.6,25.6
235.47,122.81,20.87,23.59,25.6,25.6
253.89,141.86,23.75,23.29,25.6,25.6
260.77,148.77,33.3,23.08,25.6,25.6
266.33,153.93,40.1,22.86,25.58,25.6
277.74,165.4,55.55,22.46,25.18,25.6
296.76,184.27,80.73,21.86,24.58,25.6
316.45,202.57,103.93,21.01,23.73,25.6
326.74,211.58,113.85,20.45,23.17,25.6
331.96,331.96,331.96,331.96,331.96,331.96
322.96,322.96,322.96,322.96,322.96,322.96
317.05,317.05,317.05,317.05,317.05,317.05
306.17,306.17,306.17,306.17,306.17,306.17
285.37,285.37,285.37,285.37,285.37,285.37
280.4,280.4,280.4,280.4,280.4,280.4
281.92,281.92,281.92,281.92,281.92,281.92
282.87,282.87,282.87,282.87,282.87,282.87
296.81,296.81,296.81,296.81,296.81,296.81
281.35,281.35,281.35,281.35,281.35,281.35
281.11,161.01,37.7,20.19,22.91,25.6
271.49,152.74,29.38,20.8,23.52,25.6
260.52,143.09,18.75,21.47,24.19,25.6
246.88,130.21,19.4,22.12,24.84,25.6
237.75,122.5,20.0,22.72,25.44,25.6
241.77,127.48,20.46,23.18,25.6,25.6
252.84,139.61,20.28,23.0,25.6,25.6
262.37,149.47,32.52,22.93,25.6,25.6
266.24,153.66,39.17,22.84,25.56,25.6
279.55,167.14,58.13,22.5,25.22,25.6
318.69,204.41,105.65,22.34,25.06,25.6
341.97,225.47,127.74,21.78,24.5,25.6
319.17,203.91,106.01,21.1,23.82,25.6
330.68,215.19,117.46,20.54,23.26,25.6
341.53,224.88,127.15,20.17,22.89,25.6
347.87,347.87,347.87,347.87,347.87,347.87
377.66,377.66,377.66,377.66,377.66,377.66
313.61,313.61,313.61,313.61,313.61,313.61
301.48,301.48,301.48,301.48,301.48,301.48
293.94,293.94,293.94,293.94,293.94,293.94
296.99,296.99,296.99,296.99,296.99,296.99
297.88,297.88,297.88,297.88,297.88,297.88
297.29,297.29,297.29,297.29,297.29,297.29
297.77,297.77,297.77,297.77,297.77,297.77
302.05,176.96,60.39,20.2,22.92,25.6
292.67,169.06,53.56,20.78,23.5,25.6
278.68,156.81,39.23,21.5,24.22,25.6
271.07,151.29,34.41,22.14,24.86,25.6
262.69,144.26,25.23,22.75,25.47,25.6
268.72,150.53,35.38,23.0,25.6,25.6
285.61,159.56,47.65,23.03,25.6,25.6
317.62,174.86,68.58,22.86,25.58,25.6
350.4,186.31,85.43,22.64,25.36,25.6
362.65,192.96,95.22,22.53,25.25,25.6
381.05,204.82,107.1,22.17,24.89,25.6
397.7,217.95,120.23,21.66,24.38,25.6
419.52,235.27,137.55,21.0,23.72,25.6
428.57,245.55,147.83,27.3,23.16,25.6
429.1,429.1,429.1,429.1,429.1,429.1
428.11,428.11,428.11,428.11,428.11,428.11
404.77,404.77,404.77,404.77,404.77,404.77
366.31,366.31,366.31,366.31,366.31,366.31
346.16,346.16,346.16,346.16,346.16,346.16
333.81,333.81,333.81,333.81,333.81,333.81
323.06,323.06,323.06,323.06,323.06,323.06
323.07,323.07,323.07,323.07,323.07,323.07
324.34,324.34,324.34,324.34,324.34,324.34
325.88,325.88,325.88,325.88,325.88,325.88
327.81,181.65,67.61,20.21,22.93,25.6
312.45,165.62,48.7,20.9,23.62,25.6
293.13,148.94,27.6,21.97,24.69,25.6
281.38,136.95,20.01,22.73,25.45,25.6
295.47,136.74,20.46,23.18,25.6,25.6
326.65,146.55,31.52,23.35,25.6,25.6
349.7,161.58,54.32,23.28,25.6,25.6
365.07,175.66,75.16,23.11,25.6,25.6
371.02,182.18,84.36,22.95,25.6,25.6
400.88,197.68,99.95,22.62,25.34,25.6
422.2,215.32,110.8,22.32,25.04,25.6
439.75,232.87,120.62,21.85,24.57,25.6
455.73,248.85,141.02,25.65,23.81,25.6
471.52,264.64,155.17,43.0,23.12,25.6
434.23,434.23,434.23,434.23,434.23,434.23
419.88,419.88,419.88,419.88,419.88,419.88
386.36,386.36,386.36,386.36,386.36,386.36
356.03,356.03,356.03,356.03,356.03,356.03
351.35,351.35,351.35,351.35,351.35,351.35
345.85,345.85,345.85,345.85,345.85,345.85
342.87,342.87,342.87,342.87,342.87,342.87
338.48,338.48,338.48,338.48,338.48,338.48
337.14,337.14,337.14,337.14,337.14,337.14
340.03,340.03,340.03,340.03,340.03,340.03
342.09,183.58,71.86,20.22,22.94,25.6
325.74,169.02,54.65,20.85,23.57,25.6
302.44,151.06,32.37,21.82,24.54,25.6
283.64,136.59,19.96,22.68,25.4,25.6
288.36,139.24,21.23,23.15,25.6,25.6
305.96,154.24,44.53,23.2,25.6,25.6
322.12,161.64,55.32,23.19,25.6,25.6
356.3,176.66,75.71,22.93,25.6,25.6
360.74,179.12,79.05,22.82,25.54,25.6
367.21,191.47,93.74,22.53,25.25,25.6
383.34,202.37,104.65,22.14,24.86,25.6
424.86,224.41,126.69,21.48,24.2,25.6
449.13,242.25,143.21,27.61,23.55,25.6
459.43,252.55,154.14,41.35,23.11,25.6
446.14,252.06,154.34,39.74,22.9,25.6
437.95,437.95,437.95,437.95,437.95,437.95
406.89,406.89,406.89,406.89,406.89,406.89
368.06,368.06,368.06,368.06,368.06,368.06
355.8,355.8,355.8,355.8,355.8,355.8
351.89,351.89,351.89,351.89,351.89,351.89
345.81,345.81,345.81,345.81,345.81,345.81
342.97,342.97,342.97,342.97,342.97,342.97
342.55,342.55,342.55,342.55,342.55,342.55
342.03,342.03,342.03,342.03,342.03,342.03
343.64,185.36,74.26,20.19,22.91,25.6
330.73,174.26,61.0,20.67,23.39,25.6
312.96,159.88,43.28,21.44,24.16,25.6
298.24,148.25,28.67,22.03,24.75,25.6
285.65,138.3,19.92,22.64,25.36,25.6
293.77,150.57,34.58,22.76,25.48,25.6
309.7,169.18,61.77,22.55,25.27,25.6
317.5,178.94,74.9,22.5,25.22,25.6
320.43,179.29,75.23,22.61,25.33,25.6
340.96,188.96,88.82,22.38,25.1,25.6
374.53,208.3,110.57,21.84,24.56,25.6
390.2,221.77,124.05,21.21,23.93,25.6
408.79,236.67,138.95,20.65,23.37,25.59
395.7,237.36,139.63,20.34,23.06,25.59
396.49,239.32,141.59,20.21,22.93,25.59
391.46,391.46,391.46,391.46,391.46,391.46
373.38,373.38,373.38,373.38,373.38,373.38
340.23,340.23,340.23,340.23,340.23,340.23
318.55,318.55,318.55,318.55,318.55,318.55
300.19,300.19,300.19,300.19,300.19,300.19
296.27,296.27,296.27,296.27,296.27,296.27
297.34,297.34,297.34,297.34,297.34,297.34
297.6,297.6,297.6,297.6,297.6,297.6
297.75,297.75,297.75,297.75,297.75,297.75
288.31,154.52,32.24,20.21,22.93,25.6
266.98,135.71,18.07,20.79,23.51,25.59
257.54,128.16,18.72,21.44,24.16,25.59
251.43,124.21,19.35,22.07,24.79,25.59
242.11,115.81,19.92,22.64,25.36,25.59
247.45,121.36,20.26,22.98,25.6,25.6
252.19,124.96,20.46,23.18,25.6,25.6
247.58,122.39,20.63,23.35,25.6,25.6
254.43,127.63,20.56,23.28,25.6,25.6
262.64,135.87,20.35,23.07,25.59,25.59
286.13,156.98,44.97,22.57,25.29,25.59
314.29,177.37,71.08,21.99,24.71,25.59
335.89,197.53,96.97,21.16,23.88,25.59
340.98,210.97,113.25,20.44,23.16,25.59
347.2,347.2,347.2,347.2,347.2,347.2
339.8,339.8,339.8,339.8,339.8,339.8
326.35,326.35,326.35,326.35,326.35,326.35
315.64,315.64,315.64,315.64,315.64,315.64
311.56,311.56,311.56,311.56,311.56,311.56
309.39,309.39,309.39,309.39,309.39,309.39
308.68,308.68,308.68,308.68,308.68,308.68
307.09,307.09,307.09,307.09,307.09,307.09
303.77,303.77,303.77,303.77,303.77,303.77
294.68,294.68,294.68,294.68,294.68,294.68
290.12,150.07,28.86,20.21,22.93,25.59
278.85,138.37,17.67,20.39,23.11,25.59
288.55,151.33,31.94,20.59,23.31,25.59
289.83,153.8,34.89,20.8,23.52,25.6
283.79,149.02,28.76,21.03,23.75,25.6
276.43,141.03,18.84,21.16,23.88,25.59
280.47,144.02,23.07,21.2,23.92,25.6
282.68,145.51,24.74,21.14,23.86,25.6
263.44,123.84,18.44,21.16,23.88,25.59
262.25,122.1,18.36,21.08,23.8,25.59
269.87,131.66,18.38,21.1,23.82,25.59
288.29,151.35,34.0,20.84,23.56,25.59
304.23,167.53,53.95,20.55,23.27,25.59
307.9,171.09,58.19,20.37,23.09,25.59
315.2,180.37,66.36,20.25,22.97,25.59
311.68,311.68,311.68,311.68,311.68,311.68
310.11,310.11,310.11,310.11,310.11,310.11
307.41,307.41,307.41,307.41,307.41,307.41
287.18,287.18,287.18,287.18,287.18,287.18
261.12,261.12,261.12,261.12,261.12,261.12
252.48,252.48,252.48,252.48,252.48,252.48
246.02,246.02,246.02,246.02,246.02,246.02
246.77,246.77,246.77,246.77,246.77,246.77
262.88,262.88,262.88,262.88,262.88,262.88
295.82,162.4,44.71,20.29,23.01,25.59
297.92,167.23,48.4,20.71,23.43,25.59
286.18,156.83,35.33,21.34,24.06,25.59
271.35,144.07,20.15,22.02,24.74,25.59
247.58,120.45,19.99,22.71,25.43,25.59
236.3,110.17,20.38,23.1,25.59,25.59
243.97,118.59,20.35,23.07,25.59,25.59
258.14,133.55,20.17,22.89,25.59,25.59
269.6,145.0,24.19,22.59,25.31,25.59
279.0,154.61,37.28,22.29,25.01,25.59
293.38,168.88,57.44,21.95,24.67,25.59
313.63,184.27,78.36,21.47,24.19,25.59
337.7,200.1,99.38,20.92,23.64,25.59
341.89,206.72,107.02,20.5,23.22,25.59
341.96,208.04,105.96,20.25,22.97,25.59
329.57,329.57,329.57,329.57,329.57,329.57
314.02,314.02,314.02,314.02,314.02,314.02
308.46,308.46,308.46,308.46,308.46,308.46
308.8,308.8,308.8,308.8,308.8,308.8
302.56,302.56,302.56,302.56,302.56,302.56
280.99,280.99,280.99,280.99,280.99,280.99
278.9,278.9,278.9,278.9,278.9,278.9
271.96,271.96,271.96,271.96,271.96,271.96
286.55,286.55,286.55,286.55,286.55,286.55
307.43,175.06,59.45,20.28,23.0,25.59
300.7,170.4,56.79,20.88,23.6,25.59
278.76,151.03,31.97,21.95,24.67,25.59
262.83,137.6,20.0,22.72,25.44,25.59
257.9,131.22,20.44,23.16,25.59,25.59
285.09,138.48,20.52,23.24,25.59,25.59
299.02,142.87,24.89,23.2,25.59,25.59
304.27,147.58,31.12,23.03,25.59,25.59
314.63,161.28,50.63,22.76,25.48,25.59
333.7,178.29,74.22,22.35,25.07,25.59
359.92,189.77,90.69,22.12,24.84,25.59
373.68,197.07,99.34,21.88,24.6,25.59
395.89,211.1,113.38,21.33,24.05,25.59
414.59,227.3,129.58,20.59,23.31,25.59
409.07,409.07,409.07,409.07,409.07,409.07
402.85,402.85,402.85,402.85,402.85,402.85
369.8,369.8,369.8,369.8,369.8,369.8
345.37,345.37,345.37,345.37,345.37,345.37
316.44,316.44,316.44,316.44,316.44,316.44
306.54,306.54,306.54,306.54,306.54,306.54
307.28,307.28,307.28,307.28,307.28,307.28
307.08,307.08,307.08,307.08,307.08,307.08
307.37,307.37,307.37,307.37,307.37,307.37
307.91,307.91,307.91,307.91,307.91,307.91
312.48,175.5,58.83,20.24,22.96,25.59
311.35,166.77,52.56,20.7,23.42,25.59
299.2,156.52,39.92,21.33,24.05,25.59
313.92,162.11,48.68,21.61,24.33,25.59
328.85,169.49,58.84,21.8,24.52,25.59
329.48,169.74,59.4,22.06,24.78,25.59
323.17,166.96,56.83,22.37,25.09,25.59
331.09,168.32,59.79,22.47,25.19,25.59
342.22,168.21,59.58,22.49,25.21,25.59
383.6,188.62,87.31,21.87,24.59,25.59
408.0,204.78,107.06,21.23,23.95,25.59
411.11,210.09,112.36,20.9,23.62,25.59
420.09,215.58,117.85,20.69,23.41,25.59
412.59,215.9,118.17,20.49,23.21,25.59
382.42,210.83,110.21,20.24,22.96,25.59
349.69,349.69,349.69,349.69,349.69,349.69
323.41,323.41,323.41,323.41,323.41,323.41
307.16,307.16,307.16,307.16,307.16,307.16
304.77,304.77,304.77,304.77,304.77,304.77
302.86,302.86,302.86,302.86,302.86,302.86
303.58,303.58,303.58,303.58,303.58,303.58
300.61,300.61,300.61,300.61,300.61,300.61
305.12,305.12,305.12,305.12,305.12,305.12
305.55,305.55,305.55,305.55,305.55,305.55
304.67,169.48,53.05,20.23,22.95,25.59
297.89,163.63,48.08,20.58,23.3,25.59
291.03,157.8,40.22,20.98,23.7,25.59
286.41,152.98,34.24,21.48,24.2,25.59
297.88,157.03,40.41,21.86,24.58,25.59
295.19,162.38,47.64,21.98,24.7,25.59
288.82,158.73,42.95,22.2,24.92,25.59
282.98,154.93,38.09,22.38,25.1,25.59
285.89,160.78,47.31,22.41,25.13,25.59
294.83,169.98,60.52,22.25,24.97,25.59
299.21,173.52,65.67,22.19,24.91,25.59
320.04,186.12,82.37,21.74,24.46,25.59
352.18,204.07,106.34,21.13,23.85,25.59
370.78,217.95,120.22,20.53,23.25,25.59
369.66,369.66,369.66,369.66,369.66,369.66
357.0,357.0,357.0,357.0,357.0,357.0
336.35,336.35,336.35,336.35,336.35,336.35
325.8,325.8,325.8,325.8,325.8,325.8
312.25,312.25,312.25,312.25,312.25,312.25
310.04,310.04,310.04,310.04,310.04,310.04
308.79,308.79,308.79,308.79,308.79,308.79
308.13,308.13,308.13,308.13,308.13,308.13
309.96,309.96,309.96,309.96,309.96,309.96
311.45,311.45,311.45,311.45,311.45,311.45
310.29,310.29,310.29,310.29,310.29,310.29
301.77,168.69,50.57,20.55,23.27,25.59
292.33,160.31,40.34,21.08,23.8,25.6
285.51,154.77,33.39,21.37,24.09,25.6
287.66,158.85,39.96,21.79,24.51,25.6
280.86,154.17,35.83,22.25,24.97,25.6
280.21,154.76,37.89,22.5,25.22,25.59
279.17,154.35,38.0,22.63,25.35,25.59
273.73,149.1,30.77,22.76,25.48,25.59
281.97,158.25,44.46,22.69,25.41,25.59
300.08,169.15,60.24,22.45,25.17,25.59
330.14,186.19,83.14,21.86,24.58,25.59
343.02,198.86,99.1,21.28,24.0,25.59
357.05,211.19,113.46,20.59,23.31,25.59
344.89,210.3,108.87,20.26,22.98,25.59
326.91,326.91,326.91,326.91,326.91,326.91
320.04,320.04,320.04,320.04,320.04,320.04
303.33,303.33,303.33,303.33,303.33,303.33
304.24,304.24,304.24,304.24,304.24,304.24
304.0,304.0,304.0,304.0,304.0,304.0
303.35,303.35,303.35,303.35,303.35,303.35
302.02,302.02,302.02,302.02,302.02,302.02
298.95,298.95,298.95,298.95,298.95,298.95
301.32,301.32,301.32,301.32,301.32,301.32
304.04,171.34,52.73,20.22,22.94,25.6
285.8,154.79,33.26,20.89,23.61,25.6
272.68,144.14,20.55,21.76,24.48,25.6
257.36,131.22,19.87,22.59,25.31,25.6
249.04,124.39,20.36,23.08,25.6,25.6
259.3,135.94,20.34,23.06,25.6,25.6
263.38,140.9,20.31,23.03,25.6,25.6
266.99,145.73,28.46,23.1,25.6,25.6
266.11,144.25,26.34,23.14,25.6,25.6
275.15,152.02,36.73,22.85,25.57,25.6
291.65,167.29,56.27,22.19,24.91,25.59
303.4,178.05,69.85,21.73,24.45,25.59
321.85,195.02,91.44,20.93,23.65,25.59
331.19,202.78,100.27,20.44,23.16,25.59
330.92,201.62,95.75,20.24,22.96,25.59
332.92,332.92,332.92,332.92,332.92,332.92
323.15,323.15,323.15,323.15,323.15,323.15
308.39,308.39,308.39,308.39,308.39,308.39
299.36,299.36,299.36,299.36,299.36,299.36
298.87,298.87,298.87,298.87,298.87,298.87
294.05,294.05,294.05,294.05,294.05,294.05
274.04,274.04,274.04,274.04,274.04,274.04
268.84,268.84,268.84,268.84,268.84,268.84
269.02,269.02,269.02,269.02,269.02,269.02
261.58,121.04,17.5,20.22,22.94,25.6
244.61,105.97,18.39,21.11,23.83,25.6
257.12,127.22,19.49,22.21,24.93,25.6
246.25,118.35,20.3,23.02,25.6,25.6
241.27,115.18,20.7,23.42,25.6,25.6
252.77,128.1,20.72,23.44,25.6,25.6
255.16,130.51,20.69,23.41,25.6,25.6
267.06,143.65,25.35,23.17,25.6,25.6
272.33,149.23,33.51,23.05,25.6,25.6
274.39,151.67,37.43,23.06,25.6,25.6
287.46,160.46,48.95,22.75,25.47,25.6
314.49,178.24,72.85,22.16,24.88,25.59
346.45,198.91,100.72,21.47,24.19,25.59
372.14,218.88,121.16,20.61,23.33,25.59
381.86,228.45,130.72,20.21,22.93,25.59
367.38,367.38,367.38,367.38,367.38,367.38
355.68,355.68,355.68,355.68,355.68,355.68
344.28,344.28,344.28,344.28,344.28,344.28
337.96,337.96,337.96,337.96,337.96,337.96
320.4,320.4,320.4,320.4,320.4,320.4
307.46,307.46,307.46,307.46,307.46,307.46
308.37,308.37,308.37,308.37,308.37,308.37
307.27,307.27,307.27,307.27,307.27,307.27
306.74,306.74,306.74,306.74,306.74,306.74
307.29,172.97,55.13,20.2,22.92,25.6
300.2,165.76,50.53,20.91,23.63,25.6
281.57,151.43,33.55,21.79,24.51,25.6
274.17,144.45,25.51,22.45,25.17,25.6
267.36,136.4,20.22,22.94,25.6,25.6
280.93,149.76,35.53,23.01,25.6,25.6
305.29,163.28,53.38,22.94,25.6,25.6
315.58,171.1,63.79,22.87,25.59,25.6
325.75,179.24,74.36,22.76,25.48,25.6
353.68,193.05,94.43,22.55,25.27,25.6
376.67,205.3,107.57,22.18,24.9,25.6
406.93,221.56,123.84,21.69,24.41,25.59
427.53,236.24,138.52,21.13,23.85,25.59
436.61,247.75,150.03,31.32,23.24,25.59
435.24,249.64,151.91,30.64,22.94,25.59
424.19,424.19,424.19,424.19,424.19,424.19
392.89,392.89,392.89,392.89,392.89,392.89
343.08,343.08,343.08,343.08,343.08,343.08
341.29,341.29,341.29,341.29,341.29,341.29
341.2,341.2,341.2,341.2,341.2,341.2
340.9,340.9,340.9,340.9,340.9,340.9
332.88,332.88,332.88,332.88,332.88,332.88
326.73,326.73,326.73,326.73,326.73,326.73
326.24,326.24,326.24,326.24,326.24,326.24
325.53,178.55,63.44,20.23,22.95,25.59
316.34,172.49,58.46,20.79,23.51,25.59
300.04,159.06,43.02,21.72,24.44,25.6
278.91,141.36,21.17,22.67,25.39,25.6
277.52,135.11,20.48,23.2,25.6,25.6
300.68,147.62,32.25,23.24,25.6,25.6
332.23,163.28,55.45,23.06,25.6,25.6
360.74,178.64,77.63,22.81,25.53,25.6
374.49,185.94,87.91,22.62,25.34,25.6
381.94,194.5,96.78,22.4,25.12,25.6
390.75,199.93,102.21,22.21,24.93,25.59
410.3,211.83,114.1,21.79,24.51,25.59
427.54,226.92,129.2,21.2,23.92,25.59
436.87,239.4,141.67,23.15,23.31,25.59
442.26,246.67,148.94,30.63,22.94,25.59
416.11,416.11,416.11,416.11,416.11,416.11
366.53,366.53,366.53,366.53,366.53,366.53
344.4,344.4,344.4,344.4,344.4,344.4
331.95,331.95,331.95,331.95,331.95,331.95
331.71,331.71,331.71,331.71,331.71,331.71
332.45,332.45,332.45,332.45,332.45,332.45
329.25,329.25,329.25,329.25,329.25,329.25
321.08,321.08,321.08,321.08,321.08,321.08
323.4,323.4,323.4,323.4,323.4,323.4
324.24,177.92,62.86,20.23,22.95,25.59
308.03,164.36,47.29,20.96,23.68,25.6
284.26,145.02,22.82,22.1,24.82,25.6
280.07,136.08,20.1,22.82,25.54,25.6
296.39,137.09,20.5,23.22,25.6,25.6
322.88,147.67,32.69,23.3,25.6,25.6
349.97,158.96,49.31,23.2,25.6,25.6
358.59,172.01,68.31,23.0,25.6,25.6
382.92,187.98,90.26,22.71,25.43,25.6
402.77,201.42,103.69,22.33,25.05,25.6
419.23,214.31,116.59,21.93,24.65,25.59
428.94,222.06,124.21,21.55,24.27,25.59
440.02,233.14,133.9,21.06,23.78,25.59
459.36,252.48,148.84,33.73,23.25,25.59
471.01,264.13,158.1,45.01,22.93,25.59
466.01,466.01,466.01,466.01,466.01,466.01
458.26,458.26,458.26,458.26,458.26,458.26
418.32,418.32,418.32,418.32,418.32,418.32
366.68,366.68,366.68,366.68,366.68,366.68
360.49,360.49,360.49,360.49,360.49,360.49
354.0,354.0,354.0,354.0,354.0,354.0
335.87,335.87,335.87,335.87,335.87,335.87
333.55,333.55,333.55,333.55,333.55,333.55
333.8,333.8,333.8,333.8,333.8,333.8
333.84,182.21,68.8,20.22,22.94,25.59
321.01,168.68,53.41,20.8,23.52,25.59
326.31,163.4,48.87,21.41,24.13,25.6
337.68,167.04,54.51,21.89,24.61,25.6
352.3,171.33,62.7,22.21,24.93,25.6
347.17,171.98,65.57,22.49,25.21,25.6
356.87,177.04,73.36,22.5,25.22,25.6
381.67,186.46,87.45,22.43,25.15,25.6
394.61,190.98,93.25,22.39,25.11,25.6
406.71,199.83,99.66,22.14,24.86,25.6
414.42,207.54,101.16,21.92,24.64,25.59
430.56,223.68,110.53,21.53,24.25,25.59
453.56,246.68,123.56,21.09,23.81,25.59
484.92,278.04,140.55,21.15,23.27,25.59
496.32,289.44,148.27,29.62,22.94,25.59
488.04,488.04,488.04,488.04,488.04,488.04
477.44,477.44,477.44,477.44,477.44,477.44
416.54,416.54,416.54,416.54,416.54,416.54
365.89,365.89,365.89,365.89,365.89,365.89
340.96,340.96,340.96,340.96,340.96,340.96
341.09,341.09,341.09,341.09,341.09,341.09
339.74,339.74,339.74,339.74,339.74,339.74
339.23,339.23,339.23,339.23,339.23,339.23
340.8,340.8,340.8,340.8,340.8,340.8
344.44,182.26,72.36,20.21,22.93,25.59
331.12,171.14,59.38,20.63,23.35,25.59
309.01,152.3,35.69,21.35,24.07,25.59
303.32,144.58,26.72,22.08,24.8,25.6
354.29,162.98,52.89,22.42,25.14,25.6
391.45,184.57,74.41,22.56,25.28,25.6
405.63,198.75,86.33,22.62,25.34,25.6
410.22,203.34,89.54,22.68,25.4,25.6
415.52,208.64,93.61,22.58,25.3,25.6
421.4,214.52,101.23,22.39,25.11,25.6
437.54,230.66,116.73,21.9,24.62,25.6
464.52,257.64,136.93,21.2,23.92,25.59
481.17,274.3,149.37,36.12,23.45,25.59
491.9,285.02,155.06,42.59,23.12,25.59
500.86,293.98,153.32,37.42,22.94,25.59
501.56,501.56,501.56,501.56,501.56,501.56
497.93,497.93,497.93,497.93,497.93,497.93
464.56,464.56,464.56,464.56,464.56,464.56
387.93,387.93,387.93,387.93,387.93,387.93
347.08,347.08,347.08,347.08,347.08,347.08
349.07,349.07,349.07,349.07,349.07,349.07
343.71,343.71,343.71,343.71,343.71,343.71
335.75,335.75,335.75,335.75,335.75,335.75
331.29,331.29,331.29,331.29,331.29,331.29
328.02,167.13,52.89,20.24,22.96,25.59
318.28,162.3,48.4,20.93,23.65,25.59
298.19,145.9,27.83,21.95,24.67,25.59
290.85,132.88,20.02,22.74,25.46,25.6
323.58,147.68,31.94,22.91,25.6,25.6
375.05,168.17,61.58,22.88,25.6,25.6
399.5,192.62,82.18,22.78,25.5,25.6
399.95,193.07,87.5,22.8,25.52,25.6
404.04,197.16,93.48,22.75,25.47,25.6
411.2,204.32,100.26,22.55,25.27,25.6
422.71,215.83,108.16,22.26,24.98,25.59
442.01,235.13,119.55,21.83,24.55,25.59
464.43,257.55,135.12,21.21,23.93,25.59
487.26,280.38,151.74,38.67,23.25,25.59
499.62,499.62,499.62,499.62,499.62,499.62
493.68,493.68,493.68,493.68,493.68,493.68
484.67,484.67,484.67,484.67,484.67,484.67
438.18,438.18,438.18,438.18,438.18,438.18
365.1,365.1,365.1,365.1,365.1,365.1
343.43,343.43,343.43,343.43,343.43,343.43
340.8,340.8,340.8,340.8,340.8,340.8
333.26,333.26,333.26,333.26,333.26,333.26
323.95,323.95,323.95,323.95,323.95,323.95
319.21,319.21,319.21,319.21,319.21,319.21
316.08,152.08,35.16,20.22,22.94,25.59
316.51,154.82,38.75,20.41,23.13,25.59
314.62,156.03,40.3,20.77,23.49,25.6
309.77,154.73,38.78,21.26,23.98,25.6
312.05,150.36,34.25,21.66,24.38,25.6
378.22,177.75,72.37,21.69,24.41,25.6
434.27,227.39,104.92,21.57,24.29,25.6
443.02,236.14,111.79,21.5,24.22,25.6
456.94,250.07,123.19,21.39,24.11,25.6
467.15,260.27,132.59,21.14,23.86,25.6
469.3,262.42,135.17,21.06,23.78,25.59
474.38,267.5,137.79,20.86,23.58,25.59
474.77,267.89,145.84,29.42,23.26,25.59
478.39,271.51,151.34,36.29,23.0,25.59
466.82,259.94,146.43,28.26,22.93,25.59
462.77,462.77,462.77,462.77,462.77,462.77
425.15,425.15,425.15,425.15,425.15,425.15
388.72,388.72,388.72,388.72,388.72,388.72
347.89,347.89,347.89,347.89,347.89,347.89
343.34,343.34,343.34,343.34,343.34,343.34
342.16,342.16,342.16,342.16,342.16,342.16
341.97,341.97,341.97,341.97,341.97,341.97
341.02,341.02,341.02,341.02,341.02,341.02
342.56,342.56,342.56,342.56,342.56,342.56
341.55,182.8,70.66,20.22,22.94,25.59
329.82,170.42,56.57,20.86,23.58,25.59
304.28,150.04,31.27,21.91,24.63,25.59
293.78,142.11,20.46,22.55,25.27,25.6
292.92,138.32,20.29,23.01,25.6,25.6
333.14,151.9,37.9,23.1,25.6,25.6
374.36,167.92,62.14,23.02,25.6,25.6
395.96,189.08,86.96,22.77,25.49,25.6
409.19,202.31,93.38,22.66,25.38,25.6
430.55,223.67,109.35,22.19,24.91,25.6
453.7,246.82,126.09,21.52,24.24,25.59
475.7,268.82,136.58,21.01,23.73,25.59
479.37,272.49,139.18,20.74,23.44,25.59
466.47,259.59,140.21,21.72,23.12,25.59
471.6,471.6,471.6,471.6,471.6,471.6
471.85,471.85,471.85,471.85,471.85,471.85
444.03,444.03,444.03,444.03,444.03,444.03
375.12,375.12,375.12,375.12,375.12,375.12
343.11,343.11,343.11,343.11,343.11,343.11
345.63,345.63,345.63,345.63,345.63,345.63
344.68,344.68,344.68,344.68,344.68,344.68
339.62,339.62,339.62,339.62,339.62,339.62
341.08,341.08,341.08,341.08,341.08,341.08
347.0,347.0,347.0,347.0,347.0,347.0
360.77,187.81,78.68,20.22,22.94,25.6
369.59,185.06,78.48,20.84,23.56,25.6
369.1,174.98,67.92,21.76,24.48,25.6
354.84,161.69,51.73,22.47,25.19,25.6
382.45,175.57,63.47,22.77,25.49,25.6
395.94,189.06,70.35,22.84,25.56,25.6
414.04,207.16,89.51,22.6,25.32,25.6
420.08,213.2,97.12,22.48,25.2,25.6
428.41,221.53,103.1,22.23,24.95,25.6
428.45,221.57,109.04,21.95,24.67,25.6
431.08,224.2,114.37,21.62,24.34,25.59
447.72,240.84,126.04,21.21,23.93,25.59
465.41,258.53,136.35,20.8,23.52,25.59
487.73,280.85,144.72,28.91,23.16,25.59
494.07,494.07,494.07,494.07,494.07,494.07
488.0,488.0,488.0,488.0,488.0,488.0
471.23,471.23,471.23,471.23,471.23,471.23
427.32,427.32,427.32,427.32,427.32,427.32
351.54,351.54,351.54,351.54,351.54,351.54
338.41,338.41,338.41,338.41,338.41,338.41
337.97,337.97,337.97,337.97,337.97,337.97
336.46,336.46,336.46,336.46,336.46,336.46
340.18,340.18,340.18,340.18,340.18,340.18
343.17,343.17,343.17,343.17,343.17,343.17
341.14,182.22,69.87,20.21,22.93,25.6
325.43,169.56,55.18,20.89,23.61,25.6
302.35,149.83,30.96,21.98,24.7,25.6
313.0,146.74,28.96,22.73,25.45,25.6
374.39,167.51,56.65,22.95,25.6,25.6
402.34,195.46,78.37,22.96,25.6,25.6
410.15,203.27,88.88,22.86,25.58,25.6
418.74,211.86,98.29,22.62,25.34,25.6
419.13,212.25,99.59,22.6,25.32,25.6
404.22,197.34,98.95,22.57,25.29,25.59
416.0,209.12,108.39,22.23,24.95,25.59
440.67,233.79,124.06,21.78,24.5,25.6
462.18,255.3,139.73,23.61,23.88,25.59
482.82,275.94,153.12,39.96,23.19,25.59
498.54,498.54,498.54,498.54,498.54,498.54
499.16,499.16,499.16,499.16,499.16,499.16
498.04,498.04,498.04,498.04,498.04,498.04
470.5,470.5,470.5,470.5,470.5,470.5
411.6,411.6,411.6,411.6,411.6,411.6
354.98,354.98,354.98,354.98,354.98,354.98
341.27,341.27,341.27,341.27,341.27,341.27
345.32,345.32,345.32,345.32,345.32,345.32
345.21,345.21,345.21,345.21,345.21,345.21
353.11,353.11,353.11,353.11,353.11,353.11
363.06,190.55,81.96,20.2,22.92,25.6
365.83,179.97,72.18,20.83,23.55,25.6
344.06,164.78,53.25,21.87,24.59,25.6
347.42,158.08,46.69,22.61,25.33,25.6
375.18,168.3,58.91,22.93,25.6,25.6
384.86,177.98,65.35,23.13,25.6,25.6
395.85,188.97,73.32,23.09,25.6,25.6
403.59,196.71,86.96,22.92,25.6,25.6
409.99,203.11,95.07,22.72,25.44,25.6
420.04,213.17,101.78,22.55,25.27,25.6
430.04,223.16,109.28,22.27,24.99,25.59
447.57,240.69,121.47,21.77,24.49,25.59
468.94,262.06,136.38,21.19,23.91,25.59
493.64,286.77,153.25,40.84,23.22,25.59
505.81,505.81,505.81,505.81,505.81,505.81
505.79,505.79,505.79,505.79,505.79,505.79
504.87,504.87,504.87,504.87,504.87,504.87
499.59,499.59,499.59,499.59,499.59,499.59
469.7,469.7,469.7,469.7,469.7,469.7
434.89,434.89,434.89,434.89,434.89,434.89
356.77,356.77,356.77,356.77,356.77,356.77
342.33,342.33,342.33,342.33,342.33,342.33
342.75,342.75,342.75,342.75,342.75,342.75
343.85,343.85,343.85,343.85,343.85,343.85
343.38,184.84,73.19,20.21,22.93,25.6
327.21,171.39,57.16,20.87,23.59,25.6
304.78,154.01,34.56,21.95,24.67,25.6
302.56,145.46,25.41,22.73,25.45,25.6
310.27,147.09,29.79,23.12,25.6,25.6
331.55,163.56,55.5,23.1,25.6,25.6
353.18,177.34,74.1,22.95,25.6,25.6
372.92,190.71,92.15,22.71,25.43,25.6
384.52,195.39,97.66,22.66,25.38,25.6
408.92,207.59,109.86,22.4,25.12,25.6
423.53,216.71,118.98,22.11,24.83,25.6
441.64,234.77,132.26,21.59,24.31,25.6
460.68,253.8,147.16,30.31,23.69,25.59
474.4,267.52,160.37,46.77,23.1,25.59
472.83,472.83,472.83,472.83,472.83,472.83
469.44,469.44,469.44,469.44,469.44,469.44
433.38,433.38,433.38,433.38,433.38,433.38
385.84,385.84,385.84,385.84,385.84,385.84
366.78,366.78,366.78,366.78,366.78,366.78
343.53,343.53,343.53,343.53,343.53,343.53
340.52,340.52,340.52,340.52,340.52,340.52
339.0,339.0,339.0,339.0,339.0,339.0
338.8,338.8,338.8,338.8,338.8,338.8
339.5,339.5,339.5,339.5,339.5,339.5
339.45,181.59,70.83,20.18,22.9,25.6
330.78,175.13,61.61,20.72,23.44,25.6
309.79,159.36,41.51,21.75,24.47,25.6
292.27,145.92,26.51,22.7,25.42,25.6
292.44,143.1,24.28,23.08,25.6,25.6
303.28,146.66,30.72,23.22,25.6,25.6
342.04,163.87,56.04,23.0,25.6,25.6
371.26,177.76,75.96,22.75,25.47,25.6
393.33,190.15,92.42,22.51,25.23,25.6
415.84,208.96,101.96,22.2,24.92,25.6
432.91,226.03,115.52,21.76,24.48,25.6
452.27,245.39,130.23,21.19,23.91,25.59
466.77,259.89,137.71,20.75,23.47,25.59
478.49,271.61,144.14,26.7,23.13,25.59
486.05,486.05,486.05,486.05,486.05,486.05
470.95,470.95,470.95,470.95,470.95,470.95
453.92,453.92,453.92,453.92,453.92,453.92
444.37,444.37,444.37,444.37,444.37,444.37
380.9,380.9,380.9,380.9,380.9,380.9
354.65,354.65,354.65,354.65,354.65,354.65
344.92,344.92,344.92,344.92,344.92,344.92
344.64,344.64,344.64,344.64,344.64,344.64
343.95,343.95,343.95,343.95,343.95,343.95
342.14,342.14,342.14,342.14,342.14,342.14
341.66,181.9,69.61,20.2,22.92,25.6
330.79,172.88,59.07,20.68,23.4,25.6
309.47,156.79,39.29,21.59,24.31,25.6
296.62,148.05,27.14,22.32,25.04,25.6
301.04,145.41,24.73,22.65,25.37,25.6
326.11,154.45,39.16,22.7,25.42,25.6
360.59,172.31,66.52,22.6,25.32,25.6
378.88,188.65,89.69,22.28,25.0,25.6
401.55,204.19,106.46,21.86,24.58,25.6
421.63,214.75,114.62,21.69,24.41,25.6
452.44,245.56,128.77,21.33,24.05,25.6
465.71,258.83,136.14,21.09,23.81,25.6
471.67,264.79,141.5,24.54,23.56,25.59
470.61,263.73,146.41,29.97,23.19,25.59
470.06,263.18,151.0,34.29,22.93,25.59
466.02,466.02,466.02,466.02,466.02,466.02
423.96,423.96,423.96,423.96,423.96,423.96
368.58,368.58,368.58,368.58,368.58,368.58
340.96,340.96,340.96,340.96,340.96,340.96
336.58,336.58,336.58,336.58,336.58,336.58
332.99,332.99,332.99,332.99,332.99,332.99
323.28,323.28,323.28,323.28,323.28,323.28
333.51,333.51,333.51,333.51,333.51,333.51
340.97,340.97,340.97,340.97,340.97,340.97
343.14,185.12,73.78,20.21,22.93,25.6
329.89,175.16,61.49,20.81,23.53,25.6
324.27,165.36,49.26,21.66,24.38,25.6
334.38,161.45,47.28,22.24,24.96,25.6
345.37,165.24,55.54,22.59,25.31,25.6
356.53,166.99,60.01,22.82,25.54,25.6
361.57,169.49,64.92,23.01,25.6,25.6
363.08,174.06,71.47,22.93,25.6,25.6
374.86,181.73,81.82,22.69,25.41,25.6
396.09,193.22,95.5,22.32,25.04,25.6
411.17,204.29,104.56,22.04,24.76,25.6
423.67,216.79,116.15,21.6,24.32,25.59
445.75,238.87,130.74,21.1,23.82,25.59
458.83,251.95,143.06,24.64,23.2,25.59
463.53,256.65,148.8,30.96,22.94,25.59
465.64,465.64,465.64,465.64,465.64,465.64
444.76,444.76,444.76,444.76,444.76,444.76
395.44,395.44,395.44,395.44,395.44,395.44
345.58,345.58,345.58,345.58,345.58,345.58
337.5,337.5,337.5,337.5,337.5,337.5
336.57,336.57,336.57,336.57,336.57,336.57
334.07,334.07,334.07,334.07,334.07,334.07
335.34,335.34,335.34,335.34,335.34,335.34
339.25,339.25,339.25,339.25,339.25,339.25
340.94,184.42,73.67,20.2,22.92,25.6
326.11,171.62,58.45,20.78,23.5,25.6
299.04,149.59,31.16,21.97,24.69,25.6
276.66,131.22,20.23,22.95,25.6,25.6
287.71,131.18,20.63,23.35,25.6,25.6
295.6,134.88,20.81,23.53,25.6,25.6
318.91,144.19,30.19,23.51,25.6,25.6
340.68,161.86,55.68,23.28,25.6,25.6
367.13,176.03,76.08,23.03,25.6,25.6
381.83,185.89,88.17,22.82,25.54,25.6
402.97,198.97,101.24,22.46,25.18,25.59
426.6,219.72,117.25,21.93,24.65,25.59
459.24,252.36,140.79,26.42,23.88,25.59
476.95,270.07,157.02,46.71,23.18,25.59
472.32,472.32,472.32,472.32,472.32,472.32
451.78,451.78,451.78,451.78,451.78,451.78
394.18,394.18,394.18,394.18,394.18,394.18
360.37,360.37,360.37,360.37,360.37,360.37
348.78,348.78,348.78,348.78,348.78,348.78
339.87,339.87,339.87,339.87,339.87,339.87
337.79,337.79,337.79,337.79,337.79,337.79
332.4,332.4,332.4,332.4,332.4,332.4
333.15,333.15,333.15,333.15,333.15,333.15
340.7,340.7,340.7,340.7,340.7,340.7
343.15,185.44,74.74,20.21,22.93,25.6
327.81,172.45,59.32,20.79,23.51,25.6
301.07,150.53,31.96,21.94,24.66,25.6
285.68,139.9,20.03,22.75,25.47,25.6
287.76,141.87,22.6,23.2,25.6,25.6
307.42,148.28,33.01,23.37,25.6,25.6
329.05,162.99,53.55,23.25,25.6,25.6
340.69,173.57,68.04,23.11,25.6,25.6
354.55,182.31,80.12,22.9,25.6,25.6
379.93,198.97,101.25,22.5,25.22,25.59
408.2,216.28,118.56,22.01,24.73,25.59
435.64,233.27,135.54,21.38,24.1,25.59
458.93,252.05,150.83,35.24,23.53,25.59
465.86,258.98,159.35,45.75,23.13,25.59
449.99,449.99,449.99,449.99,449.99,449.99
439.86,439.86,439.86,439.86,439.86,439.86
432.41,432.41,432.41,432.41,432.41,432.41
383.36,383.36,383.36,383.36,383.36,383.36
350.01,350.01,350.01,350.01,350.01,350.01
350.47,350.47,350.47,350.47,350.47,350.47
347.38,347.38,347.38,347.38,347.38,347.38
340.65,340.65,340.65,340.65,340.65,340.65
338.47,338.47,338.47,338.47,338.47,338.47
340.25,340.25,340.25,340.25,340.25,340.25
341.45,183.35,71.98,20.21,22.93,25.59
327.72,172.19,58.8,20.77,23.49,25.6
306.69,156.45,38.04,21.83,24.55,25.6
288.63,143.23,22.6,22.68,25.4,25.6
280.99,138.99,20.48,23.2,25.6,25.6
275.27,134.81,20.73,23.45,25.6,25.6
300.09,148.38,33.93,23.28,25.6,25.6
331.65,166.26,59.98,23.06,25.6,25.6
356.09,182.02,82.45,22.83,25.55,25.6
377.95,192.92,95.19,22.6,25.32,25.6
397.9,206.27,108.54,22.11,24.83,25.59
418.31,220.18,122.46,21.58,24.3,25.59
438.46,235.5,137.77,20.98,23.7,25.59
438.04,241.29,143.56,25.01,23.22,25.59
432.44,432.44,432.44,432.44,432.44,432.44
417.86,417.86,417.86,417.86,417.86,417.86
406.09,406.09,406.09,406.09,406.09,406.09
393.52,393.52,393.52,393.52,393.52,393.52
354.87,354.87,354.87,354.87,354.87,354.87
344.28,344.28,344.28,344.28,344.28,344.28
344.32,344.32,344.32,344.32,344.32,344.32
342.07,342.07,342.07,342.07,342.07,342.07
344.97,344.97,344.97,344.97,344.97,344.97
342.96,342.96,342.96,342.96,342.96,342.96
344.62,186.07,74.95,20.2,22.92,25.6
331.05,175.02,60.99,20.8,23.52,25.59
307.37,157.05,38.1,21.85,24.57,25.6
307.0,148.61,29.52,22.53,25.25,25.6
320.13,153.16,38.24,22.83,25.55,25.6
329.53,162.33,52.82,22.9,25.6,25.6
350.85,176.56,74.21,22.82,25.54,25.6
365.3,185.07,87.23,22.76,25.48,25.6
366.68,185.41,87.69,22.81,25.53,25.6
378.68,192.95,95.22,22.65,25.37,25.6
407.01,206.32,108.59,22.28,25.0,25.6
421.42,217.75,120.02,21.78,24.5,25.59
447.24,240.36,138.93,21.58,23.76,25.59
448.57,244.19,146.46,29.73,23.14,25.59
452.67,452.67,452.67,452.67,452.67,452.67
460.54,460.54,460.54,460.54,460.54,460.54
444.74,444.74,444.74,444.74,444.74,444.74
391.22,391.22,391.22,391.22,391.22,391.22
354.0,354.0,354.0,354.0,354.0,354.0
353.69,353.69,353.69,353.69,353.69,353.69
345.38,345.38,345.38,345.38,345.38,345.38
344.4,344.4,344.4,344.4,344.4,344.4
343.67,343.67,343.67,343.67,343.67,343.67
343.9,343.9,343.9,343.9,343.9,343.9
343.62,184.72,73.13,20.18,22.9,25.6
329.87,173.54,60.23,20.76,23.48,25.6
309.01,157.25,39.53,21.74,24.46,25.6
297.07,148.27,27.37,22.3,25.02,25.6
294.57,143.62,22.33,22.67,25.39,25.6
292.0,141.5,20.67,22.87,25.59,25.6
312.53,153.02,38.26,22.89,25.6,25.6
325.22,168.71,61.75,22.79,25.51,25.6
326.32,173.41,69.37,22.85,25.57,25.6
322.86,172.42,67.4,22.76,25.48,25.6
320.22,178.18,74.92,22.53,25.25,25.59
335.22,193.94,95.08,21.84,24.56,25.59
358.5,213.93,116.21,20.97,23.69,25.59
368.92,221.55,123.83,20.47,23.19,25.59
372.93,372.93,372.93,372.93,372.93,372.93
369.3,369.3,369.3,369.3,369.3,369.3
361.27,361.27,361.27,361.27,361.27,361.27
348.12,348.12,348.12,348.12,348.12,348.12
345.09,345.09,345.09,345.09,345.09,345.09
342.59,342.59,342.59,342.59,342.59,342.59
331.77,331.77,331.77,331.77,331.77,331.77
318.23,318.23,318.23,318.23,318.23,318.23
308.53,308.53,308.53,308.53,308.53,308.53
307.27,307.27,307.27,307.27,307.27,307.27
310.32,143.22,26.43,20.21,22.93,25.6
303.71,141.04,23.22,20.8,23.52,25.6
287.52,132.81,19.24,21.96,24.68,25.6
275.36,125.36,19.95,22.67,25.39,25.6
275.99,129.77,20.29,23.01,25.6,25.6
284.58,140.67,20.3,23.02,25.6,25.6
290.12,148.42,31.75,23.03,25.6,25.6
298.48,158.28,46.28,22.9,25.6,25.6
304.22,163.95,54.27,22.77,25.49,25.6
306.94,166.99,58.94,22.75,25.47,25.6
335.79,183.35,81.77,22.33,25.05,25.6
357.35,196.63,98.9,21.89,24.61,25.59
401.69,221.61,123.88,21.05,23.77,25.59
413.94,233.81,136.08,20.37,23.09,25.59
414.67,414.67,414.67,414.67,414.67,414.67
410.74,410.74,410.74,410.74,410.74,410.74
411.8,411.8,411.8,411.8,411.8,411.8
394.63,394.63,394.63,394.63,394.63,394.63
382.16,382.16,382.16,382.16,382.16,382.16
363.7,363.7,363.7,363.7,363.7,363.7
342.03,342.03,342.03,342.03,342.03,342.03
335.98,335.98,335.98,335.98,335.98,335.98
337.4,337.4,337.4,337.4,337.4,337.4
343.31,343.31,343.31,343.31,343.31,343.31
345.58,188.11,77.32,20.2,22.92,25.6
334.11,179.37,65.98,20.75,23.47,25.6
306.44,157.12,38.52,21.93,24.65,25.6
306.85,154.53,38.37,22.54,25.26,25.6
320.2,157.02,43.99,22.83,25.55,25.6
325.13,160.74,50.9,22.99,25.6,25.6
344.06,168.89,62.98,22.95,25.6,25.6
358.72,177.39,75.68,22.85,25.57,25.6
367.09,183.54,84.48,22.74,25.46,25.6
382.72,195.86,98.13,22.5,25.22,25.6
403.7,210.37,112.65,22.11,24.83,25.6
427.04,227.49,129.76,21.55,24.27,25.59
456.81,249.93,148.62,35.37,23.6,25.59
462.04,255.16,156.6,45.19,23.17,25.59
462.95,462.95,462.95,462.95,462.95,462.95
449.39,449.39,449.39,449.39,449.39,449.39
442.38,442.38,442.38,442.38,442.38,442.38
420.26,420.26,420.26,420.26,420.26,420.26
373.27,373.27,373.27,373.27,373.27,373.27
337.17,337.17,337.17,337.17,337.17,337.17
335.29,335.29,335.29,335.29,335.29,335.29
333.49,333.49,333.49,333.49,333.49,333.49
330.41,330.41,330.41,330.41,330.41,330.41
333.36,333.36,333.36,333.36,333.36,333.36
336.23,184.39,71.81,20.18,22.9,25.6
323.24,174.32,58.88,20.76,23.48,25.6
298.4,154.05,32.88,21.95,24.67,25.6
284.64,145.0,22.85,22.77,25.49,25.6
286.79,146.05,26.17,23.16,25.6,25.6
300.44,152.71,35.45,23.23,25.6,25.6
340.84,174.39,67.35,22.92,25.6,25.6
368.81,189.55,89.67,22.7,25.42,25.6
381.8,197.51,99.79,22.57,25.29,25.6
381.62,203.39,105.66,22.36,25.08,25.6
378.08,205.28,107.55,22.19,24.91,25.6
403.17,218.35,120.63,21.82,24.54,25.6
439.62,240.33,142.6,23.59,23.79,25.6
450.31,252.54,154.81,38.05,23.13,25.6
457.43,457.43,457.43,457.43,457.43,457.43
439.34,439.34,439.34,439.34,439.34,439.34
423.24,423.24,423.24,423.24,423.24,423.24
382.85,382.85,382.85,382.85,382.85,382.85
345.98,345.98,345.98,345.98,345.98,345.98
335.0,335.0,335.0,335.0,335.0,335.0
337.09,337.09,337.09,337.09,337.09,337.09
336.13,336.13,336.13,336.13,336.13,336.13
335.99,335.99,335.99,335.99,335.99,335.99
337.08,337.08,337.08,337.08,337.08,337.08
338.19,182.3,70.87,20.2,22.92,25.6
325.29,171.46,57.23,20.75,23.47,25.6
305.87,156.0,38.96,21.78,24.5,25.6
286.2,140.3,20.01,22.67,25.39,25.6
273.54,130.93,20.55,23.27,25.6,25.6
275.26,133.86,20.79,23.51,25.6,25.6
298.69,145.06,31.43,23.41,25.6,25.6
324.91,163.08,58.06,23.17,25.6,25.6
348.42,175.17,75.44,22.96,25.6,25.6
370.38,188.05,90.32,22.67,25.39,25.6
386.28,202.99,105.27,22.24,24.96,25.6
409.69,217.79,120.07,21.7,24.42,25.6
440.35,240.2,142.47,25.56,23.54,25.6
445.55,249.86,152.13,37.35,23.03,25.6
444.66,444.66,444.66,444.66,444.66,444.66
420.67,420.67,420.67,420.67,420.67,420.67
377.41,377.41,377.41,377.41,377.41,377.41
354.11,354.11,354.11,354.11,354.11,354.11
336.07,336.07,336.07,336.07,336.07,336.07
329.91,329.91,329.91,329.91,329.91,329.91
328.21,328.21,328.21,328.21,328.21,328.21
329.59,329.59,329.59,329.59,329.59,329.59
326.94,326.94,326.94,326.94,326.94,326.94
331.71,331.71,331.71,331.71,331.71,331.71
336.27,336.27,336.27,336.27,336.27,336.27
330.28,179.6,67.52,20.55,23.27,25.6
314.79,168.32,54.63,21.37,24.09,25.6
296.28,152.09,35.28,22.21,24.93,25.6
299.56,154.72,38.83,22.45,25.17,25.6
300.73,157.71,42.45,22.41,25.13,25.6
307.29,164.35,52.22,22.34,25.06,25.6
317.88,174.79,68.57,22.38,25.1,25.6
321.82,178.07,73.31,22.31,25.03,25.6
322.74,179.14,75.27,22.35,25.07,25.6
334.3,184.37,82.66,22.25,24.97,25.6
350.02,198.29,100.35,21.61,24.33,25.59
389.87,222.9,125.17,20.72,23.44,25.6
384.98,224.34,126.62,20.3,23.02,25.6
377.78,377.78,377.78,377.78,377.78,377.78
365.08,365.08,365.08,365.08,365.08,365.08
367.57,367.57,367.57,367.57,367.57,367.57
347.92,347.92,347.92,347.92,347.92,347.92
337.78,337.78,337.78,337.78,337.78,337.78
337.49,337.49,337.49,337.49,337.49,337.49
335.85,335.85,335.85,335.85,335.85,335.85
333.47,333.47,333.47,333.47,333.47,333.47
333.24,333.24,333.24,333.24,333.24,333.24
340.47,340.47,340.47,340.47,340.47,340.47
362.25,362.25,362.25,362.25,362.25,362.25
352.57,173.96,65.26,20.34,23.06,25.6
350.13,170.23,61.04,20.52,23.24,25.6
357.0,177.55,69.89,20.69,23.41,25.6
356.77,184.73,78.98,20.82,23.54,25.6
354.4,190.34,87.71,21.0,23.72,25.6
350.03,186.1,82.83,21.34,24.06,25.6
353.22,191.63,91.82,21.45,24.17,25.6
326.61,175.94,70.78,21.92,24.64,25.6
322.01,174.57,69.58,22.0,24.72,25.6
324.8,178.36,74.65,22.06,24.78,25.6
334.94,187.94,86.44,21.9,24.62,25.6
351.2,202.33,104.58,21.23,23.95,25.6
371.47,218.11,120.38,20.42,23.14,25.6
371.46,371.46,371.46,371.46,371.46,371.46
351.87,351.87,351.87,351.87,351.87,351.87
332.43,332.43,332.43,332.43,332.43,332.43
324.14,324.14,324.14,324.14,324.14,324.14
321.49,321.49,321.49,321.49,321.49,321.49
294.28,294.28,294.28,294.28,294.28,294.28
274.86,274.86,274.86,274.86,274.86,274.86
260.36,260.36,260.36,260.36,260.36,260.36
258.45,258.45,258.45,258.45,258.45,258.45
257.3,257.3,257.3,257.3,257.3,257.3
259.98,113.58,17.46,20.18,22.9,25.6
243.06,99.19,18.17,20.89,23.61,25.6
219.44,78.27,19.51,22.23,24.95,25.6
212.97,78.8,20.54,23.26,25.6,25.6
195.06,57.27,21.38,24.1,25.6,25.6
216.11,84.25,21.44,24.16,25.6,25.6
237.65,103.88,21.3,24.02,25.6,25.6
241.88,107.85,21.25,23.97,25.6,25.6
254.21,113.92,21.13,23.85,25.6,25.6
256.57,115.31,20.97,23.69,25.6,25.6
279.0,135.91,20.47,23.19,25.6,25.6
331.39,164.77,57.57,22.42,25.14,25.6
371.61,190.92,91.92,21.39,24.11,25.6
376.4,201.92,104.04,20.45,23.17,25.6
360.05,360.05,360.05,360.05,360.05,360.05
342.79,342.79,342.79,342.79,342.79,342.79
321.67,321.67,321.67,321.67,321.67,321.67
294.48,294.48,294.48,294.48,294.48,294.48
278.12,278.12,278.12,278.12,278.12,278.12
265.17,265.17,265.17,265.17,265.17,265.17
244.25,244.25,244.25,244.25,244.25,244.25
220.74,220.74,220.74,220.74,220.74,220.74
223.91,223.91,223.91,223.91,223.91,223.91
222.9,222.9,222.9,222.9,222.9,222.9
224.73,102.44,17.46,20.18,22.9,25.6
214.48,92.24,18.12,20.84,23.56,25.6
193.75,70.63,19.48,22.2,24.92,25.6
187.48,67.23,20.54,23.26,25.6,25.6
180.23,58.91,21.14,23.86,25.6,25.6
182.29,63.56,21.52,24.24,25.6,25.6
201.25,77.55,21.53,24.25,25.6,25.6
219.53,85.87,21.46,24.18,25.6,25.6
242.38,100.18,21.19,23.91,25.6,25.6
262.22,120.26,20.59,23.31,25.6,25.6
284.61,146.41,30.76,22.26,24.98,25.6
311.88,173.26,64.02,21.32,24.04,25.6
326.24,186.96,81.94,20.8,23.52,25.6
334.9,193.93,90.59,20.37,23.09,25.6
327.29,327.29,327.29,327.29,327.29,327.29
300.29,300.29,300.29,300.29,300.29,300.29
289.04,289.04,289.04,289.04,289.04,289.04
282.58,282.58,282.58,282.58,282.58,282.58
280.25,280.25,280.25,280.25,280.25,280.25
279.16,279.16,279.16,279.16,279.16,279.16
275.61,275.61,275.61,275.61,275.61,275.61
271.53,271.53,271.53,271.53,271.53,271.53
272.17,272.17,272.17,272.17,272.17,272.17
279.04,279.04,279.04,279.04,279.04,279.04
278.83,157.5,37.63,20.17,22.89,25.6
270.18,149.88,28.97,20.52,23.24,25.6
257.75,138.41,18.53,21.25,23.97,25.6
249.76,132.17,19.15,21.87,24.59,25.6
256.55,135.47,19.32,22.04,24.76,25.6
261.82,138.69,19.35,22.07,24.79,25.6
256.51,134.75,19.73,22.45,25.17,25.6
264.42,141.22,19.89,22.61,25.33,25.6
275.96,152.92,36.74,22.4,25.12,25.6
306.07,171.95,62.74,21.89,24.61,25.6
320.04,183.09,77.13,21.4,24.12,25.6
348.08,200.38,100.42,20.85,23.57,25.6
355.27,208.08,109.91,20.46,23.18,25.6
339.75,203.7,102.37,20.29,23.01,25.6
331.51,331.51,331.51,331.51,331.51,331.51
313.03,313.03,313.03,313.03,313.03,313.03
292.4,292.4,292.4,292.4,292.4,292.4
286.59,286.59,286.59,286.59,286.59,286.59
282.21,282.21,282.21,282.21,282.21,282.21
281.25,281.25,281.25,281.25,281.25,281.25
281.54,281.54,281.54,281.54,281.54,281.54
280.28,280.28,280.28,280.28,280.28,280.28
279.71,279.71,279.71,279.71,279.71,279.71
282.84,282.84,282.84,282.84,282.84,282.84
281.79,281.79,281.79,281.79,281.79,281.79
275.49,154.86,34.92,20.43,23.15,25.6
260.74,141.26,18.35,21.07,23.79,25.6
243.49,124.56,19.0,21.72,24.44,25.6
227.96,109.81,19.65,22.37,25.09,25.6
230.73,113.64,19.85,22.57,25.29,25.6
242.76,123.73,19.79,22.51,25.23,25.6
262.9,136.84,19.61,22.33,25.05,25.6
270.53,143.34,21.11,22.21,24.93,25.6
270.7,145.4,23.44,22.03,24.75,25.6
269.52,150.6,30.41,21.93,24.65,25.6
282.15,161.81,45.03,21.46,24.18,25.6
296.71,175.19,61.35,20.78,23.5,25.6
307.22,184.37,72.7,20.34,23.06,25.6
311.05,311.05,311.05,311.05,311.05,311.05
300.19,300.19,300.19,300.19,300.19,300.19
293.88,293.88,293.88,293.88,293.88,293.88
285.03,285.03,285.03,285.03,285.03,285.03
283.91,283.91,283.91,283.91,283.91,283.91
269.39,269.39,269.39,269.39,269.39,269.39
252.79,252.79,252.79,252.79,252.79,252.79
240.98,240.98,240.98,240.98,240.98,240.98
244.18,244.18,244.18,244.18,244.18,244.18
262.0,262.0,262.0,262.0,262.0,262.0
280.09,280.09,280.09,280.09,280.09,280.09
281.31,161.69,41.32,20.75,23.47,25.6
254.76,138.03,19.16,21.88,24.6,25.6
234.38,118.73,20.1,22.82,25.54,25.6
225.54,110.75,20.62,23.34,25.6,25.6
219.23,105.42,20.9,23.62,25.6,25.6
229.88,112.76,20.87,23.59,25.6,25.6
255.91,128.95,20.6,23.32,25.6,25.6
279.21,139.72,20.53,23.06,25.6,25.6
293.49,151.01,36.11,22.71,25.43,25.6
313.43,165.62,56.51,22.37,25.09,25.6
342.78,183.24,79.79,21.74,24.46,25.6
375.52,203.43,105.71,20.94,23.66,25.6
393.12,211.35,113.62,20.37,23.09,25.6
378.87,378.87,378.87,378.87,378.87,378.87
360.33,360.33,360.33,360.33,360.33,360.33
327.44,327.44,327.44,327.44,327.44,327.44
290.35,290.35,290.35,290.35,290.35,290.35
282.14,282.14,282.14,282.14,282.14,282.14
279.45,279.45,279.45,279.45,279.45,279.45
262.47,262.47,262.47,262.47,262.47,262.47
251.39,251.39,251.39,251.39,251.39,251.39
262.91,262.91,262.91,262.91,262.91,262.91
277.11,277.11,277.11,277.11,277.11,277.11
282.38,161.89,42.42,20.17,22.89,25.6
274.04,154.31,32.65,20.77,23.49,25.6
244.54,126.53,19.35,22.07,24.79,25.6
228.41,111.46,20.35,23.07,25.6,25.6
229.94,109.85,20.87,23.59,25.6,25.6
241.95,114.2,21.06,23.78,25.6,25.6
270.65,130.41,20.84,23.56,25.6,25.6
278.42,136.45,20.73,23.45,25.6,25.6
296.71,147.43,33.41,23.25,25.6,25.6
302.76,154.81,43.35,23.02,25.6,25.6
318.58,164.86,56.86,22.69,25.41,25.6
336.11,178.18,73.88,22.1,24.82,25.6
376.54,203.84,106.12,21.09,23.81,25.6
396.93,219.97,122.25,20.36,23.08,25.6
399.78,399.78,399.78,399.78,399.78,399.78
384.21,384.21,384.21,384.21,384.21,384.21
379.77,379.77,379.77,379.77,379.77,379.77
340.68,340.68,340.68,340.68,340.68,340.68
289.89,289.89,289.89,289.89,289.89,289.89
285.7,285.7,285.7,285.7,285.7,285.7
286.25,286.25,286.25,286.25,286.25,286.25
285.76,285.76,285.76,285.76,285.76,285.76
285.14,285.14,285.14,285.14,285.14,285.14
284.98,284.98,284.98,284.98,284.98,284.98
282.99,163.6,42.79,20.17,22.89,25.6
288.1,160.93,41.56,20.53,23.25,25.6
292.26,155.71,36.54,21.04,23.76,25.6
317.9,167.65,55.28,21.14,23.86,25.6
308.26,173.46,63.66,21.2,23.92,25.6
302.18,174.59,63.51,21.29,24.01,25.6
289.78,172.17,60.44,21.41,24.13,25.6
279.86,164.46,49.78,21.46,24.18,25.6
280.16,164.87,50.36,21.51,24.23,25.6
287.55,172.05,60.36,21.42,24.14,25.6
285.99,170.73,57.83,21.31,24.03,25.59
294.75,179.03,68.49,21.0,23.72,25.59
301.2,184.75,75.25,20.6,23.32,25.59
310.01,193.56,86.9,20.31,23.03,25.59
313.35,313.35,313.35,313.35,313.35,313.35
303.45,303.45,303.45,303.45,303.45,303.45
311.23,311.23,311.23,311.23,311.23,311.23
290.56,290.56,290.56,290.56,290.56,290.56
281.81,281.81,281.81,281.81,281.81,281.81
285.35,285.35,285.35,285.35,285.35,285.35
285.73,285.73,285.73,285.73,285.73,285.73
281.27,281.27,281.27,281.27,281.27,281.27
274.56,274.56,274.56,274.56,274.56,274.56
278.4,278.4,278.4,278.4,278.4,278.4
282.61,282.61,282.61,282.61,282.61,282.61
282.8,163.52,42.54,20.42,23.14,25.6
279.8,154.01,31.88,21.01,23.73,25.6
279.15,150.58,27.82,21.49,24.21,25.6
273.18,143.32,19.28,22.0,24.72,25.6
261.46,139.28,19.61,22.33,25.05,25.6
262.75,146.21,25.41,22.51,25.23,25.6
263.58,146.88,26.85,22.57,25.29,25.6
269.66,154.84,39.05,22.52,25.24,25.6
273.19,159.1,45.7,22.54,25.26,25.6
280.18,165.84,55.05,22.37,25.09,25.6
297.87,176.0,68.96,22.07,24.79,25.59
345.17,206.11,108.39,21.17,23.89,25.59
363.46,222.84,125.12,20.38,23.1,25.59
356.43,356.43,356.43,356.43,356.43,356.43
352.28,352.28,352.28,352.28,352.28,352.28
339.66,339.66,339.66,339.66,339.66,339.66
304.93,304.93,304.93,304.93,304.93,304.93
297.68,297.68,297.68,297.68,297.68,297.68
292.51,292.51,292.51,292.51,292.51,292.51
293.93,293.93,293.93,293.93,293.93,293.93
292.26,292.26,292.26,292.26,292.26,292.26
291.62,291.62,291.62,291.62,291.62,291.62
291.02,291.02,291.02,291.02,291.02,291.02
291.09,172.15,54.3,20.17,22.89,25.6
284.06,165.5,47.03,20.54,23.26,25.6
275.92,157.75,37.0,20.83,23.55,25.6
271.06,153.94,31.88,21.24,23.96,25.6
259.12,142.92,19.25,21.97,24.69,25.6
244.84,129.94,19.98,22.7,25.42,25.6
245.79,131.55,20.11,22.83,25.55,25.6
250.45,135.76,19.89,22.61,25.33,25.6
280.8,159.89,42.69,21.83,24.55,25.6
285.54,164.26,50.84,21.96,24.68,25.59
290.26,172.39,61.78,21.78,24.5,25.59
302.84,184.22,76.84,21.25,23.97,25.59
320.38,200.96,99.11,20.66,23.38,25.59
327.18,207.56,107.27,20.34,23.06,25.59
330.17,330.17,330.17,330.17,330.17,330.17
326.23,326.23,326.23,326.23,326.23,326.23
316.59,316.59,316.59,316.59,316.59,316.59
291.64,291.64,291.64,291.64,291.64,291.64
284.38,284.38,284.38,284.38,284.38,284.38
286.89,286.89,286.89,286.89,286.89,286.89
287.64,287.64,287.64,287.64,287.64,287.64
288.15,288.15,288.15,288.15,288.15,288.15
289.45,289.45,289.45,289.45,289.45,289.45
294.41,294.41,294.41,294.41,294.41,294.41
303.27,303.27,303.27,303.27,303.27,303.27
308.87,179.94,68.14,20.38,23.1,25.6
302.46,174.49,62.42,20.83,23.55,25.6
288.94,162.63,47.43,21.43,24.15,25.6
290.08,166.18,53.49,21.86,24.58,25.6
286.54,163.11,49.59,22.28,25.0,25.6
281.29,158.14,42.17,22.7,25.42,25.6
296.06,164.53,51.94,22.77,25.49,25.6
324.16,175.51,68.02,22.7,25.42,25.6
334.88,185.63,81.99,22.4,25.12,25.6
363.91,200.98,101.81,21.78,24.5,25.6
387.67,219.67,121.94,21.11,23.83,25.59
405.42,236.25,138.52,20.58,23.3,25.59
397.71,235.49,137.77,20.31,23.03,25.6
383.45,383.45,383.45,383.45,383.45,383.45
376.9,376.9,376.9,376.9,376.9,376.9
350.36,350.36,350.36,350.36,350.36,350.36
322.32,322.32,322.32,322.32,322.32,322.32
308.17,308.17,308.17,308.17,308.17,308.17
302.88,302.88,302.88,302.88,302.88,302.88
292.5,292.5,292.5,292.5,292.5,292.5
288.79,288.79,288.79,288.79,288.79,288.79
288.38,288.38,288.38,288.38,288.38,288.38
289.8,289.8,289.8,289.8,289.8,289.8
300.26,300.26,300.26,300.26,300.26,300.26
295.74,177.34,64.81,20.45,23.17,25.6
283.68,166.24,51.84,21.06,23.78,25.6
270.57,153.99,36.81,21.73,24.45,25.6
261.94,146.23,26.73,22.25,24.97,25.6
258.32,142.26,21.77,22.56,25.28,25.6
273.3,145.83,27.23,22.68,25.4,25.6
287.19,156.9,43.17,22.72,25.44,25.6
310.14,168.69,60.95,22.6,25.32,25.6
329.88,182.6,80.23,22.26,24.98,25.6
338.85,191.68,92.01,21.84,24.56,25.59
355.56,205.48,107.75,21.28,24.0,25.59
369.52,215.74,118.02,20.82,23.54,25.59
369.15,221.97,124.24,20.35,23.07,25.59
372.04,372.04,372.04,372.04,372.04,372.04
363.52,363.52,363.52,363.52,363.52,363.52
325.21,325.21,325.21,325.21,325.21,325.21
311.18,311.18,311.18,311.18,311.18,311.18
304.38,304.38,304.38,304.38,304.38,304.38
293.31,293.31,293.31,293.31,293.31,293.31
287.13,287.13,287.13,287.13,287.13,287.13
267.9,267.9,267.9,267.9,267.9,267.9
263.53,263.53,263.53,263.53,263.53,263.53
282.91,282.91,282.91,282.91,282.91,282.91
288.04,168.53,47.44,20.21,22.93,25.59
276.7,158.19,35.34,20.64,23.36,25.59
266.94,149.76,26.91,21.39,24.11,25.6
252.39,136.43,19.45,22.17,24.89,25.6
246.57,131.12,20.05,22.77,25.49,25.6
265.47,133.51,20.38,23.1,25.6,25.6
280.59,143.59,27.37,23.11,25.6,25.6
294.12,158.11,46.94,22.99,25.6,25.6
303.19,164.14,55.35,22.83,25.55,25.6
317.23,172.45,67.11,22.64,25.36,25.6
334.55,181.46,79.16,22.33,25.05,25.59
352.55,196.28,98.56,21.75,24.47,25.59
363.35,210.55,112.83,20.97,23.69,25.59
361.35,219.04,121.32,20.36,23.08,25.59
350.69,350.69,350.69,350.69,350.69,350.69
324.25,324.25,324.25,324.25,324.25,324.25
317.17,317.17,317.17,317.17,317.17,317.17
303.58,303.58,303.58,303.58,303.58,303.58
290.05,290.05,290.05,290.05,290.05,290.05
283.46,283.46,283.46,283.46,283.46,283.46
283.54,283.54,283.54,283.54,283.54,283.54
270.7,270.7,270.7,270.7,270.7,270.7
273.32,273.32,273.32,273.32,273.32,273.32
286.36,286.36,286.36,286.36,286.36,286.36
288.68,288.68,288.68,288.68,288.68,288.68
281.58,161.58,39.81,20.58,23.3,25.6
270.2,148.66,25.58,21.47,24.19,25.6
260.11,140.5,19.52,22.24,24.96,25.6
259.13,137.69,19.91,22.63,25.35,25.6
274.82,140.62,20.04,22.76,25.48,25.6
292.14,151.93,34.18,22.58,25.3,25.6
310.37,164.89,52.08,22.23,24.95,25.6
324.44,180.18,72.83,21.76,24.48,25.6
332.92,196.71,95.63,21.29,24.01,25.59
336.9,203.93,104.8,20.93,23.65,25.59
345.4,206.58,107.39,20.7,23.42,25.59
350.87,207.82,108.13,20.5,23.22,25.59
361.15,212.12,113.74,20.31,23.03,25.59
356.35,356.35,356.35,356.35,356.35,356.35
336.15,336.15,336.15,336.15,336.15,336.15
328.43,328.43,328.43,328.43,328.43,328.43
288.32,288.32,288.32,288.32,288.32,288.32
265.73,265.73,265.73,265.73,265.73,265.73
271.79,271.79,271.79,271.79,271.79,271.79
269.0,269.0,269.0,269.0,269.0,269.0
256.82,256.82,256.82,256.82,256.82,256.82
253.69,253.69,253.69,253.69,253.69,253.69
262.3,262.3,262.3,262.3,262.3,262.3
281.48,281.48,281.48,281.48,281.48,281.48
276.78,156.29,35.6,20.45,23.17,25.59
263.4,144.49,21.04,21.13,23.85,25.6
249.67,131.59,19.16,21.88,24.6,25.6
239.57,119.96,19.92,22.64,25.36,25.6
246.05,119.65,20.44,23.16,25.6,25.6
258.96,131.42,20.47,23.19,25.6,25.6
275.52,143.6,24.72,23.04,25.6,25.6
285.97,153.97,40.22,23.0,25.6,25.6
295.01,165.12,56.69,22.84,25.56,25.6
321.61,181.81,79.93,22.45,25.17,25.6
341.74,195.09,97.36,21.91,24.63,25.59
373.17,217.95,120.23,20.99,23.71,25.59
371.48,224.11,126.39,20.35,23.07,25.59
370.08,370.08,370.08,370.08,370.08,370.08
369.2,369.2,369.2,369.2,369.2,369.2
364.03,364.03,364.03,364.03,364.03,364.03
331.83,331.83,331.83,331.83,331.83,331.83
311.25,311.25,311.25,311.25,311.25,311.25
310.26,310.26,310.26,310.26,310.26,310.26
310.76,310.76,310.76,310.76,310.76,310.76
307.02,307.02,307.02,307.02,307.02,307.02
305.69,305.69,305.69,305.69,305.69,305.69
305.92,305.92,305.92,305.92,305.92,305.92
306.72,185.84,68.0,20.19,22.91,25.6
297.18,176.97,57.64,20.63,23.35,25.6
282.24,157.39,35.5,21.85,24.57,25.6
262.56,140.52,20.14,22.86,25.58,25.6
254.67,134.14,20.64,23.36,25.6,25.6
260.41,139.32,20.79,23.51,25.6,25.6
281.64,148.63,31.67,23.42,25.6,25.6
293.48,162.08,48.91,23.18,25.6,25.6
325.23,178.96,73.0,22.86,25.58,25.6
351.37,192.09,91.65,22.55,25.27,25.6
364.33,203.3,105.58,22.17,24.89,25.6
382.38,218.15,120.42,21.54,24.26,25.59
403.39,235.42,137.69,20.82,23.54,25.59
416.51,245.95,148.22,26.39,23.04,25.59
420.9,420.9,420.9,420.9,420.9,420.9
415.67,415.67,415.67,415.67,415.67,415.67
406.44,406.44,406.44,406.44,406.44,406.44
381.37,381.37,381.37,381.37,381.37,381.37
326.86,326.86,326.86,326.86,326.86,326.86
298.15,298.15,298.15,298.15,298.15,298.15
295.23,295.23,295.23,295.23,295.23,295.23
320.0,320.0,320.0,320.0,320.0,320.0
355.65,355.65,355.65,355.65,355.65,355.65
359.13,359.13,359.13,359.13,359.13,359.13
355.87,355.87,355.87,355.87,355.87,355.87
355.27,221.15,117.18,20.41,23.13,25.6
341.26,206.96,99.58,21.04,23.76,25.6
332.29,193.29,83.26,21.68,24.4,25.6
352.78,206.32,102.77,21.78,24.5,25.6
353.85,215.71,114.42,21.79,24.51,25.6
374.65,230.43,132.71,21.69,24.41,25.6
395.36,237.06,139.34,21.66,24.38,25.6
418.12,249.57,151.85,28.46,24.21,25.6
437.4,261.52,163.79,45.21,23.91,25.6
427.66,260.41,162.68,43.12,23.9,25.6
443.45,269.12,171.39,55.81,23.7,25.59
465.2,282.59,184.87,73.52,23.29,25.59
477.26,291.44,193.72,84.91,22.97,25.59
480.17,480.17,480.17,480.17,480.17,480.17
475.94,475.94,475.94,475.94,475.94,475.94
472.26,472.26,472.26,472.26,472.26,472.26
438.29,438.29,438.29,438.29,438.29,438.29
364.13,364.13,364.13,364.13,364.13,364.13
353.09,353.09,353.09,353.09,353.09,353.09
351.34,351.34,351.34,351.34,351.34,351.34
345.8,345.8,345.8,345.8,345.8,345.8
344.47,344.47,344.47,344.47,344.47,344.47
352.52,352.52,352.52,352.52,352.52,352.52
357.44,357.44,357.44,357.44,357.44,357.44
349.48,221.24,118.04,20.62,23.34,25.6
315.44,188.9,76.68,21.65,24.37,25.6
306.53,182.48,70.51,22.28,25.0,25.6
327.17,193.03,87.4,22.56,25.28,25.6
347.51,205.2,104.69,22.64,25.36,25.6
344.84,200.64,98.68,22.87,25.59,25.6
358.43,205.29,106.03,22.88,25.6,25.6
399.79,225.81,128.08,22.4,25.12,25.6
422.06,236.79,139.06,22.09,24.81,25.6
427.04,243.72,145.99,24.31,24.42,25.6
440.27,253.44,155.72,37.15,24.03,25.59
466.0,268.12,170.4,56.58,23.53,25.59
484.13,281.87,184.15,74.35,23.03,25.6
491.18,491.18,491.18,491.18,491.18,491.18
480.35,480.35,480.35,480.35,480.35,480.35
449.77,449.77,449.77,449.77,449.77,449.77
426.61,426.61,426.61,426.61,426.61,426.61
396.46,396.46,396.46,396.46,396.46,396.46
367.76,367.76,367.76,367.76,367.76,367.76
352.41,352.41,352.41,352.41,352.41,352.41
348.73,348.73,348.73,348.73,348.73,348.73
349.75,349.75,349.75,349.75,349.75,349.75
358.07,358.07,358.07,358.07,358.07,358.07
377.94,377.94,377.94,377.94,377.94,377.94
365.86,214.07,113.42,20.52,23.24,25.6
337.9,190.84,84.34,21.57,24.29,25.6
313.86,169.86,58.0,22.5,25.22,25.6
301.19,159.22,44.7,23.06,25.6,25.6
305.05,165.64,53.43,23.17,25.6,25.6
311.79,168.78,58.97,23.27,25.6,25.6
330.92,176.36,70.47,23.14,25.6,25.6
345.87,182.7,79.47,23.03,25.6,25.6
376.5,198.38,100.66,22.72,25.44,25.6
403.38,212.16,114.43,22.3,25.02,25.6
424.92,230.25,132.53,21.73,24.45,25.59
424.04,242.2,144.48,24.05,23.68,25.59
420.46,250.26,152.53,32.18,23.06,25.59
405.49,405.49,405.49,405.49,405.49,405.49
390.1,390.1,390.1,390.1,390.1,390.1
373.31,373.31,373.31,373.31,373.31,373.31
370.17,370.17,370.17,370.17,370.17,370.17
362.21,362.21,362.21,362.21,362.21,362.21
359.28,359.28,359.28,359.28,359.28,359.28
353.28,353.28,353.28,353.28,353.28,353.28
340.5,340.5,340.5,340.5,340.5,340.5
338.05,338.05,338.05,338.05,338.05,338.05
347.73,347.73,347.73,347.73,347.73,347.73
354.22,354.22,354.22,354.22,354.22,354.22
336.88,184.15,73.53,20.69,23.41,25.6
284.64,140.07,19.5,22.22,24.94,25.6
264.33,125.6,20.52,23.24,25.6,25.6
265.97,131.48,20.99,23.71,25.6,25.6
261.89,128.78,21.29,24.01,25.6,25.6
268.7,137.29,21.24,23.96,25.6,25.6
274.89,144.4,25.4,23.88,25.6,25.6
300.05,162.42,51.86,23.59,25.6,25.6
333.16,184.02,83.33,23.19,25.6,25.6
357.55,198.44,100.71,22.78,25.5,25.6
411.49,225.11,127.39,22.05,24.77,25.59
466.6,259.72,158.65,46.68,23.72,25.59
485.2,278.32,175.31,68.03,23.05,25.59
480.15,480.15,480.15,480.15,480.15,480.15
453.4,453.4,453.4,453.4,453.4,453.4
413.94,413.94,413.94,413.94,413.94,413.94
377.33,377.33,377.33,377.33,377.33,377.33
359.63,359.63,359.63,359.63,359.63,359.63
348.31,348.31,348.31,348.31,348.31,348.31
348.33,348.33,348.33,348.33,348.33,348.33
343.41,343.41,343.41,343.41,343.41,343.41
345.44,345.44,345.44,345.44,345.44,345.44
355.55,355.55,355.55,355.55,355.55,355.55
359.93,359.93,359.93,359.93,359.93,359.93
352.66,199.85,90.87,20.64,23.36,25.6
320.39,175.58,59.55,21.83,24.55,25.6
292.41,152.2,30.55,22.89,25.6,25.6
278.9,140.94,20.78,23.5,25.6,25.6
269.9,133.38,21.15,23.87,25.6,25.6
275.07,139.68,21.1,23.82,25.6,25.6
277.96,143.22,22.47,23.78,25.6,25.6
294.2,160.76,48.33,23.5,25.6,25.6
316.8,178.22,73.35,23.12,25.6,25.6
371.42,207.28,109.55,22.34,25.06,25.6
421.57,234.42,136.7,21.5,24.22,25.6
451.77,255.1,157.38,42.64,23.45,25.6
463.38,264.84,167.12,54.78,23.02,25.6
442.08,442.08,442.08,442.08,442.08,442.08
402.71,402.71,402.71,402.71,402.71,402.71
377.82,377.82,377.82,377.82,377.82,377.82
361.55,361.55,361.55,361.55,361.55,361.55
341.73,341.73,341.73,341.73,341.73,341.73
332.86,332.86,332.86,332.86,332.86,332.86
331.96,331.96,331.96,331.96,331.96,331.96
325.62,325.62,325.62,325.62,325.62,325.62
325.35,325.35,325.35,325.35,325.35,325.35
327.03,327.03,327.03,327.03,327.03,327.03
325.84,325.84,325.84,325.84,325.84,325.84
311.4,162.34,46.15,20.75,23.47,25.59
274.47,130.77,19.56,22.28,25.0,25.6
248.57,110.21,20.72,23.44,25.6,25.6
243.83,105.24,21.26,23.98,25.6,25.6
250.04,110.87,21.37,24.09,25.6,25.6
261.28,120.54,21.09,23.81,25.6,25.6
268.23,125.95,20.89,23.61,25.6,25.6
284.3,139.62,25.4,23.3,25.6,25.6
291.83,150.37,40.6,22.95,25.6,25.6
315.51,164.23,59.94,22.48,25.2,25.6
336.28,178.79,79.73,21.95,24.67,25.6
387.39,208.06,110.33,20.96,23.68,25.6
411.59,219.86,122.13,20.3,23.02,25.6
365.58,365.58,365.58,365.58,365.58,365.58
339.58,339.58,339.58,339.58,339.58,339.58
317.52,317.52,317.52,317.52,317.52,317.52
307.16,307.16,307.16,307.16,307.16,307.16
290.4,290.4,290.4,290.4,290.4,290.4
277.7,277.7,277.7,277.7,277.7,277.7
279.9,279.9,279.9,279.9,279.9,279.9
275.45,275.45,275.45,275.45,275.45,275.45
272.51,272.51,272.51,272.51,272.51,272.51
274.19,274.19,274.19,274.19,274.19,274.19
272.08,272.08,272.08,272.08,272.08,272.08
263.29,130.12,17.89,20.61,23.33,25.6
234.87,104.71,19.2,21.92,24.64,25.6
211.68,83.22,20.42,23.14,25.6,25.6
221.19,89.93,20.65,23.37,25.6,25.6
233.59,103.91,20.69,23.41,25.6,25.6
246.7,120.84,20.5,23.22,25.6,25.6
258.14,131.4,20.37,23.09,25.6,25.6
280.58,141.69,29.51,22.94,25.6,25.6
320.47,160.26,55.89,22.55,25.27,25.6
354.77,180.35,82.63,22.0,24.72,25.6
367.37,190.55,92.83,21.54,24.26,25.6
386.58,206.35,108.63,20.82,23.54,25.6
361.59,207.23,109.51,20.27,22.99,25.6
327.8,327.8,327.8,327.8,327.8,327.8
311.76,311.76,311.76,311.76,311.76,311.76
303.89,303.89,303.89,303.89,303.89,303.89
296.62,296.62,296.62,296.62,296.62,296.62
280.32,280.32,280.32,280.32,280.32,280.32
277.3,277.3,277.3,277.3,277.3,277.3
277.86,277.86,277.86,277.86,277.86,277.86
277.2,277.2,277.2,277.2,277.2,277.2
276.83,276.83,276.83,276.83,276.83,276.83
275.4,275.4,275.4,275.4,275.4,275.4
271.36,138.2,17.47,20.19,22.91,25.6
267.87,134.85,17.71,20.43,23.15,25.6
253.01,122.46,18.47,21.19,23.91,25.6
241.57,112.36,19.07,21.79,24.51,25.6
248.69,120.22,19.09,21.81,24.53,25.6
258.96,131.54,19.09,21.81,24.53,25.6
265.65,138.43,19.03,21.75,24.47,25.6
282.53,154.01,42.09,21.64,24.36,25.6
294.99,162.65,54.39,21.52,24.24,25.6
303.85,172.38,68.01,21.41,24.13,25.6
307.97,176.1,72.91,21.26,23.98,25.6
322.88,184.96,84.93,20.94,23.66,25.6
339.52,196.95,99.22,20.46,23.18,25.6
327.77,194.14,95.28,20.2,22.92,25.6
321.62,321.62,321.62,321.62,321.62,321.62
308.46,308.46,308.46,308.46,308.46,308.46
302.66,302.66,302.66,302.66,302.66,302.66
291.87,291.87,291.87,291.87,291.87,291.87
271.93,271.93,271.93,271.93,271.93,271.93
274.78,274.78,274.78,274.78,274.78,274.78
277.04,277.04,277.04,277.04,277.04,277.04
276.85,276.85,276.85,276.85,276.85,276.85
276.86,276.86,276.86,276.86,276.86,276.86
282.23,282.23,282.23,282.23,282.23,282.23
281.64,281.64,281.64,281.64,281.64,281.64
271.25,133.44,17.95,20.67,23.39,25.6
248.17,114.01,19.19,21.91,24.63,25.6
239.38,105.23,19.99,22.71,25.43,25.6
233.51,102.11,20.28,23.0,25.6,25.6
243.65,110.77,20.1,22.82,25.54,25.6
240.09,108.52,20.07,22.79,25.51,25.6
254.45,119.82,19.81,22.53,25.25,25.6
258.98,128.08,19.56,22.28,25.0,25.6
273.35,143.81,27.76,21.96,24.68,25.6
301.21,163.32,54.11,21.31,24.03,25.6
324.73,175.58,70.74,20.91,23.63,25.6
319.35,178.15,72.93,20.55,23.27,25.6
314.48,179.08,72.79,20.26,22.98,25.6
326.24,326.24,326.24,326.24,326.24,326.24
306.09,306.09,306.09,306.09,306.09,306.09
298.46,298.46,298.46,298.46,298.46,298.46
286.93,286.93,286.93,286.93,286.93,286.93
288.16,288.16,288.16,288.16,288.16,288.16
273.94,273.94,273.94,273.94,273.94,273.94
270.8,270.8,270.8,270.8,270.8,270.8
271.62,271.62,271.62,271.62,271.62,271.62
271.23,271.23,271.23,271.23,271.23,271.23
288.55,288.55,288.55,288.55,288.55,288.55
311.19,311.19,311.19,311.19,311.19,311.19
317.17,150.08,35.79,20.41,23.13,25.6
304.61,143.75,26.22,20.97,23.69,25.6
281.33,132.68,19.02,21.74,24.46,25.6
257.4,117.1,19.86,22.58,25.3,25.6
248.44,109.21,20.41,23.13,25.6,25.6
269.27,116.51,20.47,23.19,25.6,25.6
302.58,138.02,23.86,22.99,25.6,25.6
316.52,146.89,36.51,22.84,25.56,25.6
329.5,158.36,52.42,22.51,25.23,25.6
335.32,164.34,60.4,22.33,25.05,25.6
357.82,179.4,80.52,21.67,24.39,25.6
384.33,197.79,100.06,20.81,23.53,25.6
398.75,207.73,110.01,20.29,23.01,25.6
392.1,392.1,392.1,392.1,392.1,392.1
344.43,344.43,344.43,344.43,344.43,344.43
305.87,305.87,305.87,305.87,305.87,305.87
286.89,286.89,286.89,286.89,286.89,286.89
270.86,270.86,270.86,270.86,270.86,270.86
268.4,268.4,268.4,268.4,268.4,268.4
269.52,269.52,269.52,269.52,269.52,269.52
261.4,261.4,261.4,261.4,261.4,261.4
263.7,263.7,263.7,263.7,263.7,263.7
266.82,266.82,266.82,266.82,266.82,266.82
269.29,269.29,269.29,269.29,269.29,269.29
260.17,127.8,17.97,20.69,23.41,25.59
244.48,114.56,18.96,21.68,24.4,25.59
231.38,104.36,19.85,22.57,25.29,25.59
221.43,96.53,20.47,23.19,25.59,25.59
220.05,96.65,20.88,23.6,25.59,25.59
226.12,102.13,20.83,23.55,25.59,25.59
253.96,123.29,20.35,23.07,25.59,25.59
265.68,131.91,20.08,22.8,25.52,25.59
288.39,150.31,39.95,22.16,24.88,25.59
305.43,165.03,59.26,21.57,24.29,25.59
300.38,167.94,62.01,21.2,23.92,25.59
304.14,177.78,74.52,20.67,23.39,25.59
309.99,182.99,81.0,20.34,23.06,25.59
307.67,307.67,307.67,307.67,307.67,307.67
295.18,295.18,295.18,295.18,295.18,295.18
285.72,285.72,285.72,285.72,285.72,285.72
275.21,275.21,275.21,275.21,275.21,275.21
276.88,276.88,276.88,276.88,276.88,276.88
272.21,272.21,272.21,272.21,272.21,272.21
273.78,273.78,273.78,273.78,273.78,273.78
268.33,268.33,268.33,268.33,268.33,268.33
269.39,269.39,269.39,269.39,269.39,269.39
273.04,273.04,273.04,273.04,273.04,273.04
273.19,273.19,273.19,273.19,273.19,273.19
278.35,146.43,27.97,20.41,23.13,25.59
261.39,130.94,18.26,20.98,23.7,25.6
246.29,117.16,18.98,21.7,24.42,25.59
237.03,110.24,19.69,22.41,25.13,25.6
232.97,107.4,20.05,22.77,25.49,25.6
230.31,105.06,20.18,22.9,25.59,25.59
239.95,112.03,20.2,22.92,25.6,25.6
248.7,116.89,20.1,22.82,25.54,25.59
263.8,132.48,19.8,22.52,25.24,25.59
279.1,147.96,34.64,22.07,24.79,25.59
291.4,159.68,50.86,21.68,24.4,25.59
309.69,175.94,71.57,20.9,23.62,25.59
319.21,185.0,82.43,20.3,23.02,25.59
311.7,311.7,311.7,311.7,311.7,311.7
304.54,304.54,304.54,304.54,304.54,304.54
293.77,293.77,293.77,293.77,293.77,293.77
280.55,280.55,280.55,280.55,280.55,280.55
250.58,250.58,250.58,250.58,250.58,250.58
240.48,240.48,240.48,240.48,240.48,240.48
239.08,239.08,239.08,239.08,239.08,239.08
222.86,222.86,222.86,222.86,222.86,222.86
222.46,222.46,222.46,222.46,222.46,222.46
246.51,246.51,246.51,246.51,246.51,246.51
273.34,273.34,273.34,273.34,273.34,273.34
265.73,131.33,17.73,20.45,23.17,25.59
242.08,108.18,18.45,21.17,23.89,25.59
239.65,107.52,18.86,21.58,24.3,25.59
240.79,109.2,18.92,21.64,24.36,25.59
240.19,109.06,19.04,21.76,24.48,25.59
245.4,114.88,19.11,21.83,24.55,25.59
245.17,115.22,19.09,21.81,24.53,25.59
251.48,122.29,19.12,21.84,24.56,25.59
264.38,136.53,21.2,21.65,24.37,25.59
285.35,157.48,48.31,21.27,23.99,25.59
300.68,172.81,66.76,20.86,23.58,25.59
311.98,184.08,81.77,20.47,23.19,25.59
314.75,185.65,82.96,20.24,22.96,25.59
311.25,311.25,311.25,311.25,311.25,311.25
318.87,318.87,318.87,318.87,318.87,318.87
322.55,322.55,322.55,322.55,322.55,322.55
314.09,314.09,314.09,314.09,314.09,314.09
287.12,287.12,287.12,287.12,287.12,287.12
273.3,273.3,273.3,273.3,273.3,273.3
257.65,257.65,257.65,257.65,257.65,257.65
261.03,261.03,261.03,261.03,261.03,261.03
279.95,279.95,279.95,279.95,279.95,279.95
292.0,292.0,292.0,292.0,292.0,292.0
295.93,295.93,295.93,295.93,295.93,295.93
294.5,157.65,37.61,20.31,23.03,25.59
287.34,151.54,29.79,20.65,23.37,25.59
281.41,147.79,26.31,21.23,23.95,25.59
279.79,148.12,27.78,21.39,24.11,25.59
284.5,152.31,33.96,21.28,24.0,25.6
288.92,157.19,41.42,21.2,23.92,25.6
296.46,164.41,50.75,20.94,23.66,25.59
295.84,165.06,52.73,21.02,23.74,25.59
301.51,171.67,63.12,21.04,23.76,25.59
314.13,184.98,81.45,20.77,23.49,25.6
322.71,192.93,91.99,20.39,23.11,25.6
324.21,194.26,93.59,20.28,23.0,25.59
326.26,326.26,326.26,326.26,326.26,326.26
322.44,322.44,322.44,322.44,322.44,322.44
320.7,320.7,320.7,320.7,320.7,320.7
321.13,321.13,321.13,321.13,321.13,321.13
303.85,303.85,303.85,303.85,303.85,303.85
283.11,283.11,283.11,283.11,283.11,283.11
261.91,261.91,261.91,261.91,261.91,261.91
260.46,260.46,260.46,260.46,260.46,260.46
266.35,266.35,266.35,266.35,266.35,266.35
265.02,265.02,265.02,265.02,265.02,265.02
267.88,267.88,267.88,267.88,267.88,267.88
268.32,268.32,268.32,268.32,268.32,268.32
263.28,125.89,17.68,20.4,23.12,25.6
257.31,123.22,18.33,21.05,23.77,25.6
249.11,117.06,18.98,21.7,24.42,25.6
253.72,119.87,19.5,22.22,24.94,25.59
254.39,120.78,19.81,22.53,25.25,25.59
240.64,107.21,20.42,23.14,25.59,25.59
252.72,111.7,20.5,23.22,25.59,25.59
284.02,128.06,20.18,22.9,25.59,25.59
308.6,153.21,44.03,22.45,25.17,25.59
336.53,169.65,66.36,21.98,24.7,25.59
362.08,186.3,88.57,21.48,24.2,25.59
393.06,209.34,111.61,20.68,23.4,25.59
400.63,216.47,118.74,20.3,23.02,25.59
381.83,381.83,381.83,381.83,381.83,381.83
325.49,325.49,325.49,325.49,325.49,325.49
290.2,290.2,290.2,290.2,290.2,290.2
287.96,287.96,287.96,287.96,287.96,287.96
274.96,274.96,274.96,274.96,274.96,274.96
271.81,271.81,271.81,271.81,271.81,271.81
265.9,265.9,265.9,265.9,265.9,265.9
255.37,255.37,255.37,255.37,255.37,255.37
248.96,248.96,248.96,248.96,248.96,248.96
247.94,247.94,247.94,247.94,247.94,247.94
261.95,261.95,261.95,261.95,261.95,261.95
268.16,150.97,35.11,20.57,23.29,25.58
266.05,150.32,35.44,21.19,23.91,25.6
259.63,145.53,27.81,21.9,24.62,25.6
250.93,137.68,19.77,22.49,25.21,25.6
251.69,138.76,19.9,22.62,25.34,25.6
251.81,138.06,20.04,22.76,25.48,25.6
260.83,138.92,20.64,22.94,25.6,25.6
257.26,137.46,20.25,22.97,25.6,25.6
264.56,145.77,30.1,22.74,25.46,25.6
280.6,160.82,49.57,22.13,24.85,25.59
300.15,174.22,66.75,21.53,24.25,25.59
343.81,200.23,101.75,20.61,23.33,25.59
343.05,197.09,95.65,20.29,23.01,25.59
320.35,320.35,320.35,320.35,320.35,320.35
314.2,314.2,314.2,314.2,314.2,314.2
305.51,305.51,305.51,305.51,305.51,305.51
293.28,293.28,293.28,293.28,293.28,293.28
282.13,282.13,282.13,282.13,282.13,282.13
269.68,269.68,269.68,269.68,269.68,269.68
255.34,255.34,255.34,255.34,255.34,255.34
253.11,253.11,253.11,253.11,253.11,253.11
254.86,254.86,254.86,254.86,254.86,254.86
254.36,254.36,254.36,254.36,254.36,254.36
257.4,257.4,257.4,257.4,257.4,257.4
257.83,138.57,17.77,20.49,23.21,25.59
238.13,120.62,18.83,21.55,24.27,25.59
220.29,104.44,19.9,22.62,25.34,25.59
209.43,95.26,20.69,23.41,25.59,25.59
202.21,88.55,21.18,23.9,25.59,25.59
202.03,89.12,21.32,24.04,25.59,25.59
206.66,93.72,21.17,23.89,25.59,25.59
218.63,106.23,20.94,23.66,25.59,25.59
233.09,121.06,20.61,23.33,25.59,25.59
243.71,131.08,20.21,22.93,25.59,25.59
261.72,147.96,34.27,22.05,24.77,25.59
291.75,173.07,66.67,20.85,23.57,25.59
298.04,181.25,76.54,20.33,23.05,25.59
295.44,295.44,295.44,295.44,295.44,295.44
294.26,294.26,294.26,294.26,294.26,294.26
283.0,283.0,283.0,283.0,283.0,283.0
275.02,275.02,275.02,275.02,275.02,275.02
264.53,264.53,264.53,264.53,264.53,264.53
246.12,246.12,246.12,246.12,246.12,246.12
250.58,250.58,250.58,250.58,250.58,250.58
245.67,245.67,245.67,245.67,245.67,245.67
247.15,247.15,247.15,247.15,247.15,247.15
252.19,252.19,252.19,252.19,252.19,252.19
253.88,134.37,17.55,20.27,22.99,25.59
245.76,126.55,17.86,20.58,23.3,25.59
218.12,100.94,19.25,21.97,24.69,25.59
195.57,78.61,20.41,23.13,25.59,25.59
191.11,74.08,20.92,23.64,25.6,25.6
186.99,68.87,21.34,24.06,25.6,25.6
189.72,71.61,21.38,24.1,25.6,25.6
193.0,76.15,21.33,24.05,25.6,25.6
197.31,82.43,21.25,23.97,25.6,25.6
212.63,99.82,20.94,23.66,25.59,25.59
232.19,118.88,20.33,23.05,25.59,25.59
255.39,140.82,23.19,22.03,24.75,25.59
279.59,163.22,51.46,20.84,23.56,25.59
290.39,173.58,64.25,20.31,23.03,25.59
288.78,288.78,288.78,288.78,288.78,288.78
293.25,293.25,293.25,293.25,293.25,293.25
290.63,290.63,290.63,290.63,290.63,290.63
284.86,284.86,284.86,284.86,284.86,284.86
267.21,267.21,267.21,267.21,267.21,267.21
249.31,249.31,249.31,249.31,249.31,249.31
242.32,242.32,242.32,242.32,242.32,242.32
223.82,223.82,223.82,223.82,223.82,223.82
214.9,214.9,214.9,214.9,214.9,214.9
240.27,240.27,240.27,240.27,240.27,240.27
256.96,256.96,256.96,256.96,256.96,256.96
253.69,134.02,17.79,20.51,23.23,25.59
218.0,99.98,19.25,21.97,24.69,25.6
198.63,81.5,20.49,23.21,25.6,25.6
192.29,74.08,21.12,23.84,25.6,25.6
186.1,66.82,21.43,24.15,25.6,25.6
188.82,69.94,21.45,24.17,25.6,25.6
193.94,76.84,21.45,24.17,25.6,25.6
205.29,92.36,21.22,23.94,25.6,25.6
226.1,113.47,20.74,23.46,25.6,25.6
240.02,125.09,20.19,22.91,25.59,25.59
277.88,148.59,34.27,21.97,24.69,25.59
327.15,178.86,74.56,20.79,23.51,25.59
342.41,189.18,87.89,20.29,23.01,25.59
339.86,339.86,339.86,339.86,339.86,339.86
310.0,310.0,310.0,310.0,310.0,310.0
280.96,280.96,280.96,280.96,280.96,280.96
275.39,275.39,275.39,275.39,275.39,275.39
254.02,254.02,254.02,254.02,254.02,254.02
229.32,229.32,229.32,229.32,229.32,229.32
238.22,238.22,238.22,238.22,238.22,238.22
243.91,243.91,243.91,243.91,243.91,243.91
244.95,244.95,244.95,244.95,244.95,244.95
256.35,256.35,256.35,256.35,256.35,256.35
257.02,257.02,257.02,257.02,257.02,257.02
251.31,131.71,17.79,20.51,23.23,25.6
225.26,107.14,19.04,21.76,24.48,25.6
188.77,68.34,20.38,23.1,25.6,25.6
195.85,79.23,20.88,23.6,25.6,25.6
196.13,81.13,21.14,23.86,25.6,25.6
210.12,96.8,20.96,23.68,25.6,25.6
211.79,98.23,20.88,23.6,25.6,25.6
214.63,100.92,20.79,23.51,25.6,25.6
229.69,112.68,20.48,23.2,25.6,25.6
252.8,129.85,19.97,22.69,25.41,25.6
290.18,156.86,46.77,21.82,24.54,25.6
322.35,181.68,78.87,20.69,23.41,25.6
325.15,184.96,81.79,20.23,22.95,25.6
313.2,313.2,313.2,313.2,313.2,313.2
306.84,306.84,306.84,306.84,306.84,306.84
301.44,301.44,301.44,301.44,301.44,301.44
296.4,296.4,296.4,296.4,296.4,296.4
276.95,276.95,276.95,276.95,276.95,276.95
248.87,248.87,248.87,248.87,248.87,248.87
243.88,243.88,243.88,243.88,243.88,243.88
256.92,256.92,256.92,256.92,256.92,256.92
253.52,253.52,253.52,253.52,253.52,253.52
264.91,264.91,264.91,264.91,264.91,264.91
278.81,278.81,278.81,278.81,278.81,278.81
276.1,145.07,25.0,20.53,23.25,25.6
246.78,118.59,19.21,21.93,24.65,25.6
201.11,70.23,20.58,23.3,25.6,25.6
192.65,62.86,21.17,23.89,25.6,25.6
204.52,80.34,21.29,24.01,25.6,25.6
211.96,89.42,21.26,23.98,25.6,25.6
218.4,96.19,21.24,23.96,25.6,25.6
233.9,112.59,20.93,23.65,25.6,25.6
245.9,122.64,20.58,23.3,25.6,25.6
263.67,140.32,21.66,22.77,25.49,25.6
285.35,159.22,45.66,21.9,24.62,25.6
321.66,188.57,83.77,20.72,23.44,25.6
325.88,196.31,92.84,20.23,22.95,25.6
323.41,323.41,323.41,323.41,323.41,323.41
300.05,300.05,300.05,300.05,300.05,300.05
288.92,288.92,288.92,288.92,288.92,288.92
279.05,279.05,279.05,279.05,279.05,279.05
261.93,261.93,261.93,261.93,261.93,261.93
267.55,267.55,267.55,267.55,267.55,267.55
258.81,258.81,258.81,258.81,258.81,258.81
249.48,249.48,249.48,249.48,249.48,249.48
244.56,244.56,244.56,244.56,244.56,244.56
243.41,243.41,243.41,243.41,243.41,243.41
246.58,246.58,246.58,246.58,246.58,246.58
248.24,112.88,17.83,20.55,23.27,25.6
225.56,93.67,19.23,21.95,24.67,25.6
205.28,75.19,20.45,23.17,25.6,25.6
213.39,88.02,20.86,23.58,25.6,25.6
225.48,101.77,20.82,23.54,25.6,25.6
222.31,97.99,20.86,23.58,25.6,25.6
234.13,111.16,20.73,23.45,25.6,25.6
241.51,118.24,20.61,23.33,25.6,25.6
242.87,119.28,20.43,23.15,25.6,25.6
257.63,133.49,19.94,22.66,25.38,25.6
291.99,163.78,51.86,21.73,24.45,25.6
336.65,194.23,91.36,20.62,23.34,25.6
333.13,197.31,94.14,20.24,22.96,25.6
321.74,321.74,321.74,321.74,321.74,321.74
317.1,317.1,317.1,317.1,317.1,317.1
312.34,312.34,312.34,312.34,312.34,312.34
296.94,296.94,296.94,296.94,296.94,296.94
287.44,287.44,287.44,287.44,287.44,287.44
278.26,278.26,278.26,278.26,278.26,278.26
266.01,266.01,266.01,266.01,266.01,266.01
260.43,260.43,260.43,260.43,260.43,260.43
261.7,261.7,261.7,261.7,261.7,261.7
287.54,287.54,287.54,287.54,287.54,287.54
298.7,298.7,298.7,298.7,298.7,298.7
292.45,162.07,44.63,20.47,23.19,25.6
257.48,129.0,19.04,21.76,24.48,25.6
239.82,114.54,20.14,22.86,25.58,25.6
230.77,107.29,20.72,23.44,25.6,25.6
237.06,111.84,20.84,23.56,25.6,25.6
246.12,120.81,20.7,23.42,25.6,25.6
248.37,123.01,20.66,23.38,25.6,25.6
255.49,130.42,20.52,23.24,25.6,25.6
263.88,137.16,20.26,22.98,25.6,25.6
305.53,158.67,44.29,22.43,25.15,25.59
359.75,191.11,89.05,21.54,24.26,25.59
394.27,213.93,116.2,20.63,23.35,25.59
398.62,217.77,120.05,20.27,22.99,25.59
395.83,395.83,395.83,395.83,395.83,395.83
384.2,384.2,384.2,384.2,384.2,384.2
379.65,379.65,379.65,379.65,379.65,379.65
356.24,356.24,356.24,356.24,356.24,356.24
300.98,300.98,300.98,300.98,300.98,300.98
304.65,304.65,304.65,304.65,304.65,304.65
291.95,291.95,291.95,291.95,291.95,291.95
286.7,286.7,286.7,286.7,286.7,286.7
287.42,287.42,287.42,287.42,287.42,287.42
301.08,301.08,301.08,301.08,301.08,301.08
308.47,308.47,308.47,308.47,308.47,308.47
305.05,167.09,51.6,20.31,23.03,25.6
286.61,149.86,30.22,21.01,23.73,25.6
275.36,140.44,18.88,21.6,24.32,25.6
273.12,139.46,19.15,21.87,24.59,25.6
274.19,140.57,19.29,22.01,24.73,25.6
279.66,146.94,23.66,22.01,24.73,25.6
283.74,151.68,32.16,21.88,24.6,25.6
285.05,152.64,34.13,21.71,24.43,25.6
301.35,170.08,57.68,21.51,24.23,25.6
337.94,192.34,89.39,21.24,23.96,25.59
388.49,213.42,115.7,20.86,23.58,25.59
406.77,225.07,127.34,20.4,23.12,25.59
401.84,221.73,124.01,20.26,22.98,25.59
373.6,373.6,373.6,373.6,373.6,373.6
331.93,331.93,331.93,331.93,331.93,331.93
316.78,316.78,316.78,316.78,316.78,316.78
311.42,311.42,311.42,311.42,311.42,311.42
303.46,303.46,303.46,303.46,303.46,303.46
301.34,301.34,301.34,301.34,301.34,301.34
301.83,301.83,301.83,301.83,301.83,301.83
288.12,288.12,288.12,288.12,288.12,288.12
291.31,291.31,291.31,291.31,291.31,291.31
303.71,303.71,303.71,303.71,303.71,303.71
304.99,304.99,304.99,304.99,304.99,304.99
292.19,155.22,36.14,20.47,23.19,25.6
255.12,120.71,19.04,21.76,24.48,25.6
226.27,94.45,20.25,22.97,25.6,25.6
220.21,91.28,20.91,23.63,25.6,25.6
228.56,102.52,21.14,23.86,25.6,25.6
240.71,115.3,21.04,23.76,25.6,25.6
248.94,124.29,20.92,23.64,25.6,25.6
250.44,125.69,20.87,23.59,25.6,25.6
281.53,143.48,25.01,23.17,25.59,25.59
325.72,166.6,57.47,22.59,25.31,25.59
367.6,194.46,95.33,21.71,24.43,25.59
403.25,220.96,123.24,20.65,23.37,25.59
404.31,226.73,129.0,20.3,23.02,25.59
398.58,398.58,398.58,398.58,398.58,398.58
364.34,364.34,364.34,364.34,364.34,364.34
320.77,320.77,320.77,320.77,320.77,320.77
308.78,308.78,308.78,308.78,308.78,308.78
290.62,290.62,290.62,290.62,290.62,290.62
283.81,283.81,283.81,283.81,283.81,283.81
278.4,278.4,278.4,278.4,278.4,278.4
288.83,288.83,288.83,288.83,288.83,288.83
289.27,289.27,289.27,289.27,289.27,289.27
302.79,302.79,302.79,302.79,302.79,302.79
305.64,305.64,305.64,305.64,305.64,305.64
298.9,162.84,45.52,20.45,23.17,25.6
256.73,122.74,19.1,21.82,24.54,25.6
228.48,97.72,20.35,23.07,25.6,25.6
236.19,108.79,20.75,23.47,25.6,25.6
240.42,114.94,20.98,23.7,25.6,25.6
239.41,114.16,21.11,23.83,25.6,25.6
253.29,129.47,20.92,23.64,25.6,25.6
279.12,146.15,29.72,23.25,25.6,25.6
329.51,166.71,58.1,22.62,25.34,25.59
362.39,192.19,92.08,21.75,24.47,25.59
382.89,209.56,111.83,20.97,23.69,25.59
394.2,216.25,118.52,20.49,23.21,25.59
390.77,211.53,112.7,20.26,22.98,25.59
388.8,388.8,388.8,388.8,388.8,388.8
373.26,373.26,373.26,373.26,373.26,373.26
316.95,316.95,316.95,316.95,316.95,316.95
279.88,279.88,279.88,279.88,279.88,279.88
249.35,249.35,249.35,249.35,249.35,249.35
237.22,237.22,237.22,237.22,237.22,237.22
229.27,229.27,229.27,229.27,229.27,229.27
219.74,219.74,219.74,219.74,219.74,219.74
225.92,225.92,225.92,225.92,225.92,225.92
223.79,223.79,223.79,223.79,223.79,223.79
258.81,258.81,258.81,258.81,258.81,258.81
254.32,145.64,23.01,20.53,23.25,25.6
195.84,85.65,19.54,22.26,24.98,25.6
165.25,48.9,21.0,23.72,25.6,25.6
153.67,35.44,21.67,24.39,25.6,25.6
141.57,19.33,22.05,24.77,25.6,25.6
155.56,38.65,21.93,24.65,25.6,25.6
152.9,35.36,21.96,24.68,25.6,25.6
150.84,31.75,21.96,24.68,25.6,25.6
150.28,27.82,21.76,24.48,25.6,25.6
188.52,79.42,20.9,23.62,25.59,25.59
219.34,111.65,19.73,22.45,25.17,25.59
248.86,139.09,18.14,20.86,23.58,25.59
257.62,150.05,27.96,20.3,23.02,25.59
246.56,246.56,246.56,246.56,246.56,246.56
245.15,245.15,245.15,245.15,245.15,245.15
224.77,224.77,224.77,224.77,224.77,224.77
201.15,201.15,201.15,201.15,201.15,201.15
191.25,191.25,191.25,191.25,191.25,191.25
192.4,192.4,192.4,192.4,192.4,192.4
194.55,194.55,194.55,194.55,194.55,194.55
188.11,188.11,188.11,188.11,188.11,188.11
188.19,188.19,188.19,188.19,188.19,188.19
181.88,181.88,181.88,181.88,181.88,181.88
199.87,199.87,199.87,199.87,199.87,199.87
177.54,70.15,17.76,20.48,23.2,25.6
171.51,66.13,19.1,21.82,24.54,25.6
142.1,29.44,20.54,23.26,25.6,25.6
134.86,20.15,21.08,23.8,25.6,25.6
147.11,37.27,21.31,24.03,25.6,25.6
142.93,31.04,21.61,24.33,25.6,25.6
169.52,61.98,21.67,24.39,25.6,25.6
192.85,91.96,21.34,24.06,25.6,25.6
196.44,95.65,21.08,23.8,25.6,25.6
215.43,117.71,20.34,23.06,25.6,25.6
252.14,154.42,29.42,21.88,24.6,25.59
279.48,181.76,60.47,20.63,23.35,25.59
289.07,191.35,72.11,20.3,23.02,25.59
292.76,292.76,292.76,292.76,292.76,292.76
282.37,282.37,282.37,282.37,282.37,282.37
278.58,278.58,278.58,278.58,278.58,278.58
276.78,276.78,276.78,276.78,276.78,276.78
267.85,267.85,267.85,267.85,267.85,267.85
266.45,266.45,266.45,266.45,266.45,266.45
261.76,261.76,261.76,261.76,261.76,261.76
266.96,266.96,266.96,266.96,266.96,266.96
270.62,270.62,270.62,270.62,270.62,270.62
275.68,275.68,275.68,275.68,275.68,275.68
282.84,282.84,282.84,282.84,282.84,282.84
274.93,177.21,59.29,20.5,23.22,25.6
251.09,153.36,30.29,21.76,24.48,25.6
221.12,123.39,20.41,23.13,25.6,25.6
207.65,109.92,21.05,23.77,25.6,25.6
201.99,103.52,21.42,24.14,25.6,25.6
202.68,102.0,21.48,24.2,25.6,25.6
204.09,103.47,21.39,24.11,25.6,25.6
211.28,112.05,21.02,23.74,25.6,25.6
216.9,118.74,20.72,23.44,25.6,25.6
241.51,143.78,19.8,22.52,25.24,25.6
280.81,183.09,66.37,21.14,23.86,25.59
299.59,201.87,90.59,20.52,23.24,25.58
304.65,206.93,96.82,20.36,23.08,25.58
310.09,310.09,310.09,310.09,310.09,310.09
304.9,304.9,304.9,304.9,304.9,304.9
297.38,297.38,297.38,297.38,297.38,297.38
290.43,290.43,290.43,290.43,290.43,290.43
284.78,284.78,284.78,284.78,284.78,284.78
287.06,287.06,287.06,287.06,287.06,287.06
281.73,281.73,281.73,281.73,281.73,281.73
267.8,267.8,267.8,267.8,267.8,267.8
278.35,278.35,278.35,278.35,278.35,278.35
286.82,286.82,286.82,286.82,286.82,286.82
288.14,288.14,288.14,288.14,288.14,288.14
281.75,184.02,64.08,20.52,23.24,25.6
246.08,148.35,20.26,22.09,24.81,25.6
214.49,116.76,20.8,23.52,25.6,25.6
213.81,116.08,21.32,24.04,25.6,25.6
212.82,114.55,21.56,24.28,25.6,25.6
216.3,118.58,21.64,24.36,25.6,25.6
215.76,118.04,21.66,24.38,25.6,25.6
222.68,124.95,21.5,24.22,25.6,25.6
232.23,134.51,21.16,23.88,25.6,25.6
247.67,149.94,22.72,23.22,25.6,25.6
278.68,180.95,61.57,22.03,24.75,25.6
321.1,223.37,116.19,20.69,23.41,25.59
327.45,229.73,122.61,20.33,23.05,25.59
320.83,320.83,320.83,320.83,320.83,320.83
305.07,305.07,305.07,305.07,305.07,305.07
302.68,302.68,302.68,302.68,302.68,302.68
286.46,286.46,286.46,286.46,286.46,286.46
277.66,277.66,277.66,277.66,277.66,277.66
264.32,264.32,264.32,264.32,264.32,264.32
262.09,262.09,262.09,262.09,262.09,262.09
248.68,248.68,248.68,248.68,248.68,248.68
253.97,253.97,253.97,253.97,253.97,253.97
278.96,278.96,278.96,278.96,278.96,278.96
286.63,286.63,286.63,286.63,286.63,286.63
291.81,194.09,75.43,20.42,23.14,25.59
259.0,161.27,36.58,21.74,24.46,25.59
218.91,121.19,20.4,23.12,25.59,25.59
195.95,96.32,21.29,24.01,25.59,25.59
176.47,71.27,21.9,24.62,25.6,25.6
182.36,80.25,21.98,24.7,25.59,25.59
199.97,102.24,21.79,24.51,25.59,25.59
210.69,112.97,21.5,24.22,25.59,25.59
216.26,118.53,21.09,23.81,25.59,25.59
240.9,143.18,20.21,22.93,25.59,25.59
273.62,175.9,59.46,21.82,24.54,25.59
298.68,200.96,89.99,20.66,23.38,25.59
305.88,208.15,98.6,20.31,23.03,25.59
303.15,303.15,303.15,303.15,303.15,303.15
297.79,297.79,297.79,297.79,297.79,297.79
288.75,288.75,288.75,288.75,288.75,288.75
264.89,167.17,45.82,20.37,23.09,25.59
247.54,247.54,247.54,247.54,247.54,247.54
240.78,240.78,240.78,240.78,240.78,240.78
242.46,242.46,242.46,242.46,242.46,242.46
238.18,238.18,238.18,238.18,238.18,238.18
245.23,245.23,245.23,245.23,245.23,245.23
271.53,271.53,271.53,271.53,271.53,271.53
277.43,277.43,277.43,277.43,277.43,277.43
273.02,175.29,54.14,20.52,23.24,25.59
242.61,144.89,19.08,21.8,24.52,25.59
209.81,112.08,20.53,23.25,25.59,25.59
186.45,84.1,21.49,24.21,25.59,25.59
169.67,62.77,22.04,24.76,25.59,25.59
168.84,62.55,22.06,24.78,25.59,25.59
170.38,64.33,22.01,24.73,25.59,25.59
172.67,67.9,21.89,24.61,25.59,25.59
184.13,83.03,21.35,24.07,25.59,25.59
217.71,119.99,20.2,22.92,25.59,25.59
244.88,147.15,19.21,21.67,24.39,25.59
279.35,181.63,65.99,20.59,23.31,25.59
296.9,199.18,87.79,20.36,23.08,25.58
298.71,298.71,298.71,298.71,298.71,298.71
291.22,291.22,291.22,291.22,291.22,291.22
268.93,268.93,268.93,268.93,268.93,268.93
242.6,242.6,242.6,242.6,242.6,242.6
219.7,219.7,219.7,219.7,219.7,219.7
231.37,231.37,231.37,231.37,231.37,231.37
213.0,213.0,213.0,213.0,213.0,213.0
229.87,229.87,229.87,229.87,229.87,229.87
224.42,224.42,224.42,224.42,224.42,224.42
268.3,268.3,268.3,268.3,268.3,268.3
277.81,277.81,277.81,277.81,277.81,277.81
273.0,175.28,53.74,20.38,23.1,25.59
252.81,155.09,28.53,20.98,23.7,25.59
226.33,128.61,18.96,21.68,24.4,25.59
230.99,133.26,19.46,22.18,24.9,25.59
229.91,132.19,19.62,22.34,25.06,25.59
217.1,119.38,19.73,22.45,25.17,25.59
213.37,115.65,19.46,22.18,24.9,25.59
219.0,121.27,19.13,21.85,24.57,25.59
232.46,134.74,18.78,21.5,24.22,25.59
251.58,153.86,29.17,21.04,23.76,25.59
261.98,164.26,41.59,20.66,23.38,25.59
267.68,169.95,49.06,20.38,23.1,25.59
273.3,175.57,57.98,20.32,23.04,25.59
279.63,279.63,279.63,279.63,279.63,279.63
279.51,279.51,279.51,279.51,279.51,279.51
278.06,278.06,278.06,278.06,278.06,278.06
252.85,252.85,252.85,252.85,252.85,252.85
214.26,214.26,214.26,214.26,214.26,214.26
189.17,189.17,189.17,189.17,189.17,189.17
180.44,180.44,180.44,180.44,180.44,180.44
179.68,179.68,179.68,179.68,179.68,179.68
192.52,192.52,192.52,192.52,192.52,192.52
193.17,193.17,193.17,193.17,193.17,193.17
226.62,226.62,226.62,226.62,226.62,226.62
246.53,148.81,21.16,20.42,23.14,25.58
264.94,167.22,45.99,20.49,23.21,25.58
261.79,164.06,42.36,20.7,23.42,25.58
259.73,162.0,39.58,20.82,23.54,25.58
256.96,159.24,36.06,20.91,23.63,25.58
255.28,157.56,33.9,21.0,23.72,25.59
258.89,161.16,38.11,20.82,23.54,25.58
260.84,163.11,39.98,20.69,23.41,25.59
260.42,162.69,39.79,20.61,23.33,25.59
258.42,160.7,38.85,20.5,23.22,25.59
259.32,161.59,39.78,20.37,23.09,25.59
260.67,162.95,41.44,20.31,23.03,25.59
260.01,162.29,40.85,20.29,23.01,25.59
258.28,258.28,258.28,258.28,258.28,258.28
248.92,248.92,248.92,248.92,248.92,248.92
237.05,237.05,237.05,237.05,237.05,237.05
205.88,205.88,205.88,205.88,205.88,205.88
193.42,193.42,193.42,193.42,193.42,193.42
183.55,183.55,183.55,183.55,183.55,183.55
182.22,182.22,182.22,182.22,182.22,182.22
183.04,183.04,183.04,183.04,183.04,183.04
182.77,182.77,182.77,182.77,182.77,182.77
188.21,188.21,188.21,188.21,188.21,188.21
186.25,186.25,186.25,186.25,186.25,186.25
189.91,87.99,17.63,20.35,23.07,25.59
200.26,100.65,18.23,20.95,23.67,25.6
221.32,123.6,18.77,21.49,24.21,25.6
222.08,124.35,19.3,22.02,24.74,25.6
203.24,102.25,19.91,22.63,25.35,25.6
190.12,85.56,20.28,23.0,25.6,25.6
188.71,83.81,20.37,23.09,25.6,25.6
191.63,87.39,20.28,23.0,25.6,25.6
212.51,114.01,19.79,22.51,25.23,25.6
229.76,132.03,19.05,21.77,24.49,25.6
250.0,152.28,25.82,20.95,23.67,25.6
268.81,171.09,49.76,20.33,23.05,25.6
270.33,172.6,51.75,20.25,22.97,25.6
269.95,269.95,269.95,269.95,269.95,269.95
266.05,266.05,266.05,266.05,266.05,266.05
253.4,253.4,253.4,253.4,253.4,253.4
240.44,240.44,240.44,240.44,240.44,240.44
225.9,225.9,225.9,225.9,225.9,225.9
204.54,204.54,204.54,204.54,204.54,204.54
206.22,206.22,206.22,206.22,206.22,206.22
209.22,209.22,209.22,209.22,209.22,209.22
217.25,217.25,217.25,217.25,217.25,217.25
211.22,211.22,211.22,211.22,211.22,211.22
216.65,216.65,216.65,216.65,216.65,216.65
223.78,126.06,17.68,20.4,23.12,25.6
193.81,93.5,18.92,21.64,24.36,25.6
170.85,65.3,20.21,22.93,25.6,25.6
156.69,47.85,20.84,23.56,25.6,25.6
174.21,70.35,20.67,23.39,25.6,25.6
201.43,103.71,20.22,22.94,25.6,25.6
221.97,124.24,19.82,22.54,25.26,25.6
217.74,120.02,19.61,22.33,25.05,25.6
236.67,138.95,19.14,21.86,24.58,25.6
250.48,152.76,30.85,21.31,24.03,25.6
267.52,169.8,51.39,20.72,23.44,25.6
288.29,190.57,75.62,20.32,23.04,25.6
292.0,194.28,79.28,20.27,22.99,25.6
288.12,288.12,288.12,288.12,288.12,288.12
271.75,271.75,271.75,271.75,271.75,271.75
255.72,255.72,255.72,255.72,255.72,255.72
242.58,242.58,242.58,242.58,242.58,242.58
220.44,220.44,220.44,220.44,220.44,220.44
208.56,208.56,208.56,208.56,208.56,208.56
203.2,203.2,203.2,203.2,203.2,203.2
202.16,202.16,202.16,202.16,202.16,202.16
235.47,235.47,235.47,235.47,235.47,235.47
258.47,258.47,258.47,258.47,258.47,258.47
276.0,276.0,276.0,276.0,276.0,276.0
280.47,182.74,70.92,20.27,22.99,25.6
268.49,170.76,54.95,20.68,23.4,25.6
259.53,161.8,43.76,21.1,23.82,25.6
255.37,155.48,36.05,21.44,24.16,25.6
247.27,143.32,20.1,21.77,24.49,25.6
241.87,134.96,19.5,22.22,24.94,25.6
242.6,132.38,19.61,22.33,25.05,25.6
241.88,124.7,19.66,22.38,25.1,25.6
258.87,138.72,19.38,22.1,24.82,25.6
270.47,157.85,38.39,21.61,24.33,25.6
296.04,183.88,73.59,20.98,23.7,25.6
315.99,200.62,92.81,20.38,23.1,25.6
325.25,205.9,99.97,20.25,22.97,25.6
320.37,320.37,320.37,320.37,320.37,320.37
304.29,304.29,304.29,304.29,304.29,304.29
288.99,288.99,288.99,288.99,288.99,288.99
270.29,270.29,270.29,270.29,270.29,270.29
270.93,270.93,270.93,270.93,270.93,270.93
267.09,267.09,267.09,267.09,267.09,267.09
256.92,256.92,256.92,256.92,256.92,256.92
255.9,255.9,255.9,255.9,255.9,255.9
269.57,269.57,269.57,269.57,269.57,269.57
283.77,283.77,283.77,283.77,283.77,283.77
299.58,299.58,299.58,299.58,299.58,299.58
301.08,191.51,80.81,20.37,23.09,25.6
274.25,165.49,49.21,21.59,24.31,25.6
215.08,106.9,20.69,23.41,25.6,25.6
170.68,55.63,21.8,24.52,25.6,25.6
154.37,34.98,22.22,24.94,25.6,25.6
159.41,39.35,22.15,24.87,25.6,25.6
164.67,45.27,22.0,24.72,25.6,25.6
177.35,60.3,21.65,24.37,25.59,25.59
202.82,92.09,21.06,23.78,25.59,25.59
229.71,118.58,20.38,23.1,25.59,25.59
265.54,156.61,39.38,21.79,24.51,25.59
302.32,192.95,83.74,20.5,23.22,25.59
318.3,204.69,98.18,20.27,22.99,25.59
318.68,318.68,318.68,318.68,318.68,318.68
309.54,309.54,309.54,309.54,309.54,309.54
286.58,286.58,286.58,286.58,286.58,286.58
265.82,265.82,265.82,265.82,265.82,265.82
250.3,250.3,250.3,250.3,250.3,250.3
267.79,267.79,267.79,267.79,267.79,267.79
264.78,264.78,264.78,264.78,264.78,264.78
267.08,267.08,267.08,267.08,267.08,267.08
280.48,280.48,280.48,280.48,280.48,280.48
299.45,299.45,299.45,299.45,299.45,299.45
323.44,323.44,323.44,323.44,323.44,323.44
329.14,198.57,91.66,20.48,23.2,25.59
266.76,145.69,25.52,22.08,24.8,25.6
210.24,102.02,21.03,23.75,25.6,25.6
194.26,84.18,21.8,24.52,25.6,25.6
174.48,59.34,22.27,24.99,25.6,25.6
166.71,49.06,22.44,25.16,25.6,25.6
165.95,48.53,22.44,25.16,25.6,25.6
175.58,60.65,22.17,24.89,25.6,25.6
191.63,79.95,21.7,24.42,25.6,25.6
224.29,115.86,20.68,23.4,25.6,25.6
260.95,151.72,30.26,22.03,24.75,25.59
305.94,193.08,80.8,20.55,23.27,25.59
328.23,207.31,98.66,20.31,23.03,25.59
321.64,321.64,321.64,321.64,321.64,321.64
315.73,315.73,315.73,315.73,315.73,315.73
299.05,299.05,299.05,299.05,299.05,299.05
282.02,282.02,282.02,282.02,282.02,282.02
286.99,286.99,286.99,286.99,286.99,286.99
288.78,288.78,288.78,288.78,288.78,288.78
286.31,286.31,286.31,286.31,286.31,286.31
286.18,286.18,286.18,286.18,286.18,286.18
285.66,285.66,285.66,285.66,285.66,285.66
290.54,290.54,290.54,290.54,290.54,290.54
297.31,297.31,297.31,297.31,297.31,297.31
304.98,179.52,65.6,20.5,23.22,25.59
255.36,134.94,19.38,22.1,24.82,25.6
207.35,97.01,20.92,23.64,25.6,25.6
182.47,67.44,21.59,24.31,25.6,25.6
145.82,19.6,22.32,25.04,25.6,25.6
157.88,36.59,22.26,24.98,25.6,25.6
160.52,40.02,22.2,24.92,25.6,25.6
159.01,36.53,22.03,24.75,25.6,25.6
202.07,74.77,21.26,23.98,25.6,25.6
277.57,124.32,20.17,22.89,25.6,25.6
311.21,149.59,36.32,21.86,24.58,25.6
353.16,187.29,83.69,20.51,23.23,25.59
365.07,200.81,100.32,20.3,23.02,25.59
375.6,375.6,375.6,375.6,375.6,375.6
367.74,367.74,367.74,367.74,367.74,367.74
330.44,330.44,330.44,330.44,330.44,330.44
293.31,293.31,293.31,293.31,293.31,293.31
285.49,285.49,285.49,285.49,285.49,285.49
285.21,285.21,285.21,285.21,285.21,285.21
282.81,282.81,282.81,282.81,282.81,282.81
277.52,277.52,277.52,277.52,277.52,277.52
280.38,280.38,280.38,280.38,280.38,280.38
282.11,282.11,282.11,282.11,282.11,282.11
294.21,294.21,294.21,294.21,294.21,294.21
297.76,172.52,58.06,20.42,23.14,25.6
244.64,129.82,19.28,22.0,24.72,25.6
194.42,79.84,20.95,23.67,25.6,25.6
185.26,70.98,21.62,24.34,25.6,25.6
177.95,62.14,21.68,24.4,25.6,25.6
178.98,63.43,21.72,24.44,25.6,25.6
182.99,68.79,21.66,24.38,25.6,25.6
174.15,54.98,21.66,24.38,25.6,25.6
193.25,81.43,21.13,23.85,25.6,25.6
213.18,103.67,20.39,23.11,25.6,25.6
255.58,137.68,19.1,21.82,24.54,25.59
291.06,166.45,51.36,20.5,23.22,25.59
296.06,171.22,57.32,20.24,22.96,25.6
302.16,302.16,302.16,302.16,302.16,302.16
301.58,301.58,301.58,301.58,301.58,301.58
290.54,290.54,290.54,290.54,290.54,290.54
293.69,293.69,293.69,293.69,293.69,293.69
295.25,295.25,295.25,295.25,295.25,295.25
286.31,286.31,286.31,286.31,286.31,286.31
302.43,302.43,302.43,302.43,302.43,302.43
307.47,307.47,307.47,307.47,307.47,307.47
306.43,306.43,306.43,306.43,306.43,306.43
306.63,306.63,306.63,306.63,306.63,306.63
306.15,306.15,306.15,306.15,306.15,306.15
304.45,190.61,77.51,20.28,23.0,25.6
280.82,168.15,49.62,21.23,23.95,25.6
250.56,137.86,19.23,21.95,24.67,25.6
232.35,118.21,19.74,22.46,25.18,25.6
222.76,109.55,20.22,22.94,25.6,25.6
217.68,103.93,20.44,23.16,25.6,25.6
212.54,95.85,20.57,23.29,25.6,25.6
223.86,102.51,20.29,23.01,25.6,25.6
230.65,106.46,20.13,22.85,25.57,25.6
240.39,115.51,19.59,22.31,25.03,25.6
272.11,146.43,28.16,21.32,24.04,25.59
298.29,171.71,59.6,20.42,23.14,25.58
320.15,320.15,320.15,320.15,320.15,320.15
339.06,339.06,339.06,339.06,339.06,339.06
341.87,341.87,341.87,341.87,341.87,341.87
298.39,298.39,298.39,298.39,298.39,298.39
295.05,295.05,295.05,295.05,295.05,295.05
293.57,293.57,293.57,293.57,293.57,293.57
295.58,295.58,295.58,295.58,295.58,295.58
284.77,284.77,284.77,284.77,284.77,284.77
295.06,295.06,295.06,295.06,295.06,295.06
302.5,302.5,302.5,302.5,302.5,302.5
309.91,309.91,309.91,309.91,309.91,309.91
324.81,324.81,324.81,324.81,324.81,324.81
346.72,178.19,68.88,20.45,23.17,25.6
272.88,124.95,19.96,22.68,25.4,25.6
204.24,72.43,22.08,24.8,25.6,25.6
191.02,52.57,23.02,25.6,25.6,25.6
170.35,23.89,23.67,25.6,25.6,25.6
168.91,23.43,23.78,25.6,25.6,25.6
162.99,21.15,23.87,25.6,25.6,25.6
182.15,40.63,23.37,25.6,25.6,25.6
211.18,74.49,22.5,25.22,25.6,25.6
246.02,105.2,21.26,23.98,25.6,25.6
298.61,153.18,39.61,22.11,24.83,25.59
341.9,191.97,89.76,20.48,23.2,25.59
354.71,198.16,98.41,20.29,23.01,25.59
361.48,361.48,361.48,361.48,361.48,361.48
340.45,340.45,340.45,340.45,340.45,340.45
337.78,337.78,337.78,337.78,337.78,337.78
338.27,338.27,338.27,338.27,338.27,338.27
338.81,338.81,338.81,338.81,338.81,338.81
339.46,339.46,339.46,339.46,339.46,339.46
338.89,338.89,338.89,338.89,338.89,338.89
340.68,340.68,340.68,340.68,340.68,340.68
340.05,340.05,340.05,340.05,340.05,340.05
338.45,338.45,338.45,338.45,338.45,338.45
351.44,351.44,351.44,351.44,351.44,351.44
345.41,195.56,95.1,20.33,23.05,25.6
329.6,182.93,78.42,21.07,23.79,25.6
306.92,162.35,52.02,21.82,24.54,25.6
280.2,134.27,20.03,22.75,25.47,25.6
256.49,116.93,20.9,23.62,25.6,25.6
241.16,103.86,21.56,24.28,25.6,25.6
237.01,100.17,21.84,24.56,25.6,25.6
253.41,110.64,21.65,24.37,25.6,25.6
263.92,119.58,21.25,23.97,25.6,25.6
275.77,129.92,20.6,23.32,25.6,25.6
324.45,175.51,71.85,21.76,24.48,25.59
361.51,208.98,111.26,20.45,23.17,25.59
377.1,215.79,118.07,20.3,23.02,25.59
378.45,378.45,378.45,378.45,378.45,378.45
351.51,351.51,351.51,351.51,351.51,351.51
329.16,329.16,329.16,329.16,329.16,329.16
314.75,314.75,314.75,314.75,314.75,314.75
305.5,305.5,305.5,305.5,305.5,305.5
300.97,300.97,300.97,300.97,300.97,300.97
300.95,300.95,300.95,300.95,300.95,300.95
297.17,297.17,297.17,297.17,297.17,297.17
291.23,291.23,291.23,291.23,291.23,291.23
286.43,286.43,286.43,286.43,286.43,286.43
287.92,287.92,287.92,287.92,287.92,287.92
297.03,133.2,17.71,20.43,23.15,25.6
233.44,95.48,19.52,22.24,24.96,25.6
201.78,65.92,21.25,23.97,25.6,25.6
185.1,48.88,22.08,24.8,25.6,25.6
173.1,35.96,22.47,25.19,25.6,25.6
173.8,38.44,22.51,25.23,25.6,25.6
173.25,37.34,22.45,25.17,25.6,25.6
180.54,44.48,22.15,24.87,25.6,25.6
193.14,56.69,21.5,24.22,25.6,25.6
209.99,74.42,20.62,23.34,25.6,25.6
245.19,108.19,19.21,21.93,24.65,25.59
280.74,140.47,25.65,20.46,23.18,25.59
307.35,154.64,45.52,20.29,23.01,25.59
322.6,322.6,322.6,322.6,322.6,322.6
288.66,288.66,288.66,288.66,288.66,288.66
270.94,270.94,270.94,270.94,270.94,270.94
265.85,265.85,265.85,265.85,265.85,265.85
257.02,257.02,257.02,257.02,257.02,257.02
264.4,264.4,264.4,264.4,264.4,264.4
259.58,259.58,259.58,259.58,259.58,259.58
259.88,259.88,259.88,259.88,259.88,259.88
265.44,265.44,265.44,265.44,265.44,265.44
266.23,266.23,266.23,266.23,266.23,266.23
278.04,278.04,278.04,278.04,278.04,278.04
279.83,124.95,17.66,20.38,23.1,25.6
258.35,108.22,18.81,21.53,24.25,25.6
224.11,84.97,20.14,22.86,25.58,25.6
196.44,58.83,21.27,23.99,25.6,25.6
181.4,42.49,21.98,24.7,25.6,25.6
189.56,52.88,21.81,24.53,25.6,25.6
185.07,49.13,21.78,24.5,25.6,25.6
196.87,60.24,21.16,23.88,25.6,25.6
201.93,66.73,20.86,23.58,25.6,25.6
225.78,91.25,20.17,22.89,25.6,25.6
270.16,122.56,18.77,21.49,24.21,25.59
312.22,149.88,39.53,20.36,23.08,25.59
316.94,158.04,50.39,20.29,23.01,25.59
287.64,287.64,287.64,287.64,287.64,287.64
274.42,274.42,274.42,274.42,274.42,274.42
259.38,259.38,259.38,259.38,259.38,259.38
243.76,243.76,243.76,243.76,243.76,243.76
242.08,242.08,242.08,242.08,242.08,242.08
242.21,242.21,242.21,242.21,242.21,242.21
244.3,244.3,244.3,244.3,244.3,244.3
244.59,244.59,244.59,244.59,244.59,244.59
245.15,245.15,245.15,245.15,245.15,245.15
244.54,244.54,244.54,244.54,244.54,244.54
248.98,248.98,248.98,248.98,248.98,248.98
248.73,128.56,17.52,20.24,22.96,25.6
241.68,122.29,17.91,20.63,23.35,25.6
229.08,110.66,18.66,21.38,24.1,25.6
215.93,98.89,19.4,22.12,24.84,25.6
205.98,89.69,19.96,22.68,25.4,25.6
197.76,82.19,20.53,23.25,25.6,25.6
193.88,78.63,20.77,23.49,25.6,25.6
193.78,78.75,20.77,23.49,25.6,25.6
211.92,97.59,20.51,23.23,25.6,25.6
229.69,114.34,19.68,22.4,25.12,25.6
255.83,137.84,23.65,21.36,24.08,25.59
301.67,162.49,56.86,20.42,23.14,25.59
298.34,163.15,57.32,20.28,23.0,25.59
278.37,278.37,278.37,278.37,278.37,278.37
254.54,254.54,254.54,254.54,254.54,254.54
238.96,238.96,238.96,238.96,238.96,238.96
232.13,232.13,232.13,232.13,232.13,232.13
227.08,227.08,227.08,227.08,227.08,227.08
227.68,227.68,227.68,227.68,227.68,227.68
227.04,227.04,227.04,227.04,227.04,227.04
227.76,227.76,227.76,227.76,227.76,227.76
228.96,228.96,228.96,228.96,228.96,228.96
226.13,226.13,226.13,226.13,226.13,226.13
233.05,233.05,233.05,233.05,233.05,233.05
246.38,133.87,17.62,20.34,23.06,25.6
215.07,112.2,18.89,21.61,24.33,25.6
187.22,81.57,20.41,23.13,25.6,25.6
172.14,62.35,21.21,23.93,25.6,25.6
163.18,51.62,21.67,24.39,25.6,25.6
161.54,49.81,21.9,24.62,25.6,25.6
158.89,46.76,22.15,24.87,25.6,25.6
158.83,46.75,22.16,24.88,25.6,25.6
163.75,52.24,21.85,24.57,25.6,25.6
182.26,75.32,20.94,23.66,25.6,25.6
217.18,111.29,19.28,22.0,24.72,25.6
257.51,142.08,23.44,20.4,23.12,25.6
270.12,155.07,40.04,20.24,22.96,25.6
272.6,272.6,272.6,272.6,272.6,272.6
255.41,255.41,255.41,255.41,255.41,255.41
239.51,239.51,239.51,239.51,239.51,239.51
237.22,237.22,237.22,237.22,237.22,237.22
236.61,236.61,236.61,236.61,236.61,236.61
239.45,239.45,239.45,239.45,239.45,239.45
239.89,239.89,239.89,239.89,239.89,239.89
239.97,239.97,239.97,239.97,239.97,239.97
238.0,238.0,238.0,238.0,238.0,238.0
236.99,236.99,236.99,236.99,236.99,236.99
235.54,235.54,235.54,235.54,235.54,235.54
233.18,128.76,17.67,20.39,23.11,25.6
202.6,98.57,19.35,22.07,24.79,25.6
159.0,46.12,21.3,24.02,25.6,25.6
155.9,43.99,22.02,24.74,25.6,25.6
149.78,36.44,22.37,25.09,25.6,25.6
137.33,20.59,22.61,25.33,25.6,25.6
138.67,22.45,22.58,25.3,25.6,25.6
151.79,38.72,22.3,25.02,25.6,25.6
160.21,47.48,21.87,24.59,25.6,25.6
175.86,65.61,20.99,23.71,25.6,25.6
212.89,108.18,19.25,21.97,24.69,25.59
255.22,149.12,28.2,20.44,23.16,25.59
263.73,158.18,39.77,20.3,23.02,25.59
265.69,265.69,265.69,265.69,265.69,265.69
264.08,264.08,264.08,264.08,264.08,264.08
247.33,247.33,247.33,247.33,247.33,247.33
235.4,235.4,235.4,235.4,235.4,235.4
235.61,235.61,235.61,235.61,235.61,235.61
236.57,236.57,236.57,236.57,236.57,236.57
237.46,237.46,237.46,237.46,237.46,237.46
236.85,236.85,236.85,236.85,236.85,236.85
234.1,234.1,234.1,234.1,234.1,234.1
234.87,234.87,234.87,234.87,234.87,234.87
234.15,234.15,234.15,234.15,234.15,234.15
231.38,126.3,17.67,20.39,23.11,25.6
205.75,101.28,19.21,21.93,24.65,25.6
174.81,64.19,20.94,23.66,25.6,25.6
165.4,53.8,21.73,24.45,25.6,25.6
161.51,49.24,22.0,24.72,25.6,25.6
158.03,45.4,22.06,24.78,25.6,25.6
166.88,55.76,21.91,24.63,25.6,25.6
174.95,65.03,21.71,24.43,25.6,25.6
187.56,80.02,21.13,23.85,25.6,25.6
223.98,120.58,19.71,22.43,25.15,25.6
247.17,143.26,21.43,21.25,23.97,25.59
264.1,159.59,41.72,20.4,23.12,25.59
271.38,166.02,49.56,20.29,23.01,25.59
274.88,274.88,274.88,274.88,274.88,274.88
263.28,263.28,263.28,263.28,263.28,263.28
250.8,250.8,250.8,250.8,250.8,250.8
250.66,250.66,250.66,250.66,250.66,250.66
254.89,254.89,254.89,254.89,254.89,254.89
256.9,256.9,256.9,256.9,256.9,256.9
259.37,259.37,259.37,259.37,259.37,259.37
260.69,260.69,260.69,260.69,260.69,260.69
258.47,258.47,258.47,258.47,258.47,258.47
256.94,256.94,256.94,256.94,256.94,256.94
266.68,266.68,266.68,266.68,266.68,266.68
259.17,150.66,25.74,20.3,23.02,25.6
247.37,139.45,18.36,21.08,23.8,25.6
238.61,127.91,19.34,22.06,24.78,25.6
219.06,109.2,20.32,23.04,25.6,25.6
198.01,87.35,21.46,24.18,25.6,25.6
191.58,78.76,21.97,24.69,25.6,25.6
186.62,73.43,21.94,24.66,25.6,25.6
193.28,82.39,21.51,24.23,25.6,25.6
196.5,85.82,21.03,23.75,25.6,25.6
216.82,110.74,20.28,23.0,25.6,25.6
256.98,149.64,31.93,21.49,24.21,25.6
284.87,171.52,59.31,20.37,23.09,25.59
280.8,173.23,60.62,20.3,23.02,25.59
287.87,287.87,287.87,287.87,287.87,287.87
291.32,291.32,291.32,291.32,291.32,291.32
274.31,274.31,274.31,274.31,274.31,274.31
257.79,257.79,257.79,257.79,257.79,257.79
256.54,256.54,256.54,256.54,256.54,256.54
262.6,262.6,262.6,262.6,262.6,262.6
271.01,271.01,271.01,271.01,271.01,271.01
273.43,273.43,273.43,273.43,273.43,273.43
281.93,281.93,281.93,281.93,281.93,281.93
285.49,285.49,285.49,285.49,285.49,285.49
293.28,293.28,293.28,293.28,293.28,293.28
297.57,181.83,66.6,20.33,23.05,25.6
255.56,149.3,27.94,21.71,24.43,25.6
211.32,108.11,20.71,23.43,25.6,25.6
189.51,84.89,21.62,24.34,25.6,25.6
162.0,48.13,22.25,24.97,25.6,25.6
180.01,73.19,21.9,24.62,25.6,25.6
174.59,66.08,21.98,24.7,25.6,25.6
171.63,61.94,21.92,24.64,25.6,25.6
187.24,82.03,21.44,24.16,25.6,25.6
205.72,99.64,20.61,23.33,25.6,25.6
261.12,147.48,24.54,21.67,24.39,25.6
303.44,189.21,76.32,20.33,23.05,25.6
302.55,190.47,78.35,20.29,23.01,25.59
301.82,301.82,301.82,301.82,301.82,301.82
293.72,293.72,293.72,293.72,293.72,293.72
283.82,283.82,283.82,283.82,283.82,283.82
283.97,283.97,283.97,283.97,283.97,283.97
282.28,282.28,282.28,282.28,282.28,282.28
279.49,279.49,279.49,279.49,279.49,279.49
274.78,274.78,274.78,274.78,274.78,274.78
281.34,281.34,281.34,281.34,281.34,281.34
281.61,281.61,281.61,281.61,281.61,281.61
302.52,302.52,302.52,302.52,302.52,302.52
342.92,342.92,342.92,342.92,342.92,342.92
347.28,225.57,123.39,20.43,23.15,25.59
298.34,182.37,70.4,21.83,24.55,25.59
242.78,132.93,20.77,23.49,25.59,25.59
226.21,110.25,21.34,24.06,25.59,25.59
207.88,93.65,21.71,24.43,25.6,25.6
191.78,81.2,21.89,24.61,25.6,25.6
189.09,77.81,21.91,24.63,25.6,25.6
191.74,81.2,21.78,24.5,25.6,25.6
201.25,91.77,21.36,24.08,25.6,25.6
223.55,114.01,20.52,23.24,25.6,25.6
262.8,151.31,27.36,21.64,24.36,25.6
298.93,185.92,71.5,20.32,23.04,25.6
302.45,189.62,77.14,20.33,23.05,25.59
306.46,306.46,306.46,306.46,306.46,306.46
307.58,307.58,307.58,307.58,307.58,307.58
307.98,307.98,307.98,307.98,307.98,307.98
309.77,309.77,309.77,309.77,309.77,309.77
309.0,309.0,309.0,309.0,309.0,309.0
308.73,308.73,308.73,308.73,308.73,308.73
309.8,309.8,309.8,309.8,309.8,309.8
313.49,313.49,313.49,313.49,313.49,313.49
327.69,327.69,327.69,327.69,327.69,327.69
357.86,357.86,357.86,357.86,357.86,357.86
378.49,378.49,378.49,378.49,378.49,378.49
374.18,233.69,135.96,20.44,23.16,25.58
313.07,187.91,80.38,21.71,24.43,25.6
263.18,142.42,25.46,23.28,25.6,25.6
222.5,106.75,21.48,24.2,25.6,25.6
198.5,90.21,21.9,24.62,25.6,25.6
197.11,87.72,21.86,24.58,25.6,25.6
194.54,81.94,21.91,24.63,25.6,25.6
194.53,82.45,21.82,24.54,25.6,25.6
200.62,90.02,21.45,24.17,25.6,25.6
218.8,109.57,20.65,23.37,25.6,25.6
259.66,148.8,25.69,21.71,24.43,25.6
295.28,184.02,69.0,20.37,23.09,25.59
301.44,190.75,78.79,20.31,23.03,25.59
306.45,306.45,306.45,306.45,306.45,306.45
308.57,308.57,308.57,308.57,308.57,308.57
309.15,309.15,309.15,309.15,309.15,309.15
309.23,309.23,309.23,309.23,309.23,309.23
308.41,308.41,308.41,308.41,308.41,308.41
308.47,308.47,308.47,308.47,308.47,308.47
309.29,309.29,309.29,309.29,309.29,309.29
308.8,308.8,308.8,308.8,308.8,308.8
320.96,320.96,320.96,320.96,320.96,320.96
351.38,351.38,351.38,351.38,351.38,351.38
365.55,365.55,365.55,365.55,365.55,365.55
364.11,226.1,128.38,20.35,23.07,25.59
323.19,195.36,92.56,21.49,24.21,25.59
278.56,152.74,39.05,22.92,25.6,25.6
252.73,126.67,20.99,23.71,25.6,25.6
231.26,107.42,21.34,24.06,25.6,25.6
217.51,99.87,21.44,24.16,25.6,25.6
212.27,97.75,21.46,24.18,25.6,25.6
208.98,97.95,21.34,24.06,25.6,25.6
212.96,104.6,20.93,23.65,25.6,25.6
235.44,125.4,20.11,22.83,25.55,25.6
255.47,143.84,19.1,21.46,24.18,25.6
303.33,191.89,80.97,20.27,22.99,25.6
310.05,200.94,92.34,20.21,22.93,25.6
308.12,308.12,308.12,308.12,308.12,308.12
299.83,299.83,299.83,299.83,299.83,299.83
301.53,301.53,301.53,301.53,301.53,301.53
298.86,298.86,298.86,298.86,298.86,298.86
296.98,296.98,296.98,296.98,296.98,296.98
296.34,296.34,296.34,296.34,296.34,296.34
296.5,296.5,296.5,296.5,296.5,296.5
297.9,297.9,297.9,297.9,297.9,297.9
297.92,297.92,297.92,297.92,297.92,297.92
299.16,299.16,299.16,299.16,299.16,299.16
299.8,299.8,299.8,299.8,299.8,299.8
294.76,197.04,88.07,20.31,23.03,25.6
269.24,171.52,55.77,21.46,24.18,25.6
225.22,127.49,20.33,23.05,25.6,25.6
181.53,80.45,21.55,24.27,25.6,25.6
173.34,70.11,21.93,24.65,25.6,25.6
171.5,67.81,22.02,24.74,25.6,25.6
169.18,64.65,22.01,24.73,25.6,25.6
169.35,64.65,21.9,24.62,25.6,25.6
179.58,77.45,21.45,24.17,25.6,25.6
198.56,100.79,20.5,23.22,25.6,25.6
225.73,128.01,18.89,21.61,24.33,25.6
253.88,156.16,32.39,20.33,23.05,25.59
267.44,169.71,45.95,20.26,22.98,25.59
271.32,271.32,271.32,271.32,271.32,271.32
257.4,257.4,257.4,257.4,257.4,257.4
245.31,245.31,245.31,245.31,245.31,245.31
242.84,242.84,242.84,242.84,242.84,242.84
244.89,244.89,244.89,244.89,244.89,244.89
247.62,247.62,247.62,247.62,247.62,247.62
241.92,241.92,241.92,241.92,241.92,241.92
245.15,245.15,245.15,245.15,245.15,245.15
251.06,251.06,251.06,251.06,251.06,251.06
250.68,250.68,250.68,250.68,250.68,250.68
252.02,252.02,252.02,252.02,252.02,252.02
244.45,146.72,21.62,20.25,22.97,25.6
218.44,120.71,18.6,21.32,24.04,25.6
192.78,95.06,20.04,22.76,25.48,25.6
167.57,66.41,21.2,23.92,25.6,25.6
152.36,47.57,22.05,24.77,25.6,25.6
143.71,35.3,22.25,24.97,25.6,25.6
139.76,29.97,22.29,25.01,25.6,25.6
147.57,40.23,21.87,24.59,25.6,25.6
157.54,52.72,21.42,24.14,25.6,25.6
184.2,86.47,20.44,23.16,25.6,25.6
213.36,115.64,18.86,21.58,24.3,25.59
253.74,156.02,36.18,20.33,23.05,25.59
257.01,159.28,40.84,20.27,22.99,25.59
263.79,263.79,263.79,263.79,263.79,263.79
254.13,254.13,254.13,254.13,254.13,254.13
255.92,255.92,255.92,255.92,255.92,255.92
253.31,253.31,253.31,253.31,253.31,253.31
244.2,244.2,244.2,244.2,244.2,244.2
242.89,242.89,242.89,242.89,242.89,242.89
243.56,243.56,243.56,243.56,243.56,243.56
244.22,244.22,244.22,244.22,244.22,244.22
243.41,243.41,243.41,243.41,243.41,243.41
251.8,251.8,251.8,251.8,251.8,251.8
256.25,256.25,256.25,256.25,256.25,256.25
258.04,160.32,48.16,20.26,22.98,25.6
245.58,147.86,32.46,20.87,23.59,25.6
216.03,118.3,19.58,22.3,25.02,25.6
197.11,99.38,20.79,23.51,25.6,25.6
178.52,80.79,21.58,24.3,25.6,25.6
155.76,51.3,22.13,24.85,25.6,25.6
151.85,46.01,22.22,24.94,25.6,25.6
154.29,49.08,22.11,24.83,25.6,25.6
165.73,63.52,21.65,24.37,25.6,25.6
186.4,88.67,20.7,23.42,25.6,25.6
222.1,124.38,18.91,21.63,24.35,25.59
259.38,161.65,46.94,20.35,23.07,25.59
269.36,171.64,61.11,20.26,22.98,25.6
275.18,275.18,275.18,275.18,275.18,275.18
270.09,270.09,270.09,270.09,270.09,270.09
259.09,259.09,259.09,259.09,259.09,259.09
236.95,236.95,236.95,236.95,236.95,236.95
238.64,238.64,238.64,238.64,238.64,238.64
243.72,243.72,243.72,243.72,243.72,243.72
244.57,244.57,244.57,244.57,244.57,244.57
243.86,243.86,243.86,243.86,243.86,243.86
243.42,243.42,243.42,243.42,243.42,243.42
246.63,246.63,246.63,246.63,246.63,246.63
260.79,260.79,260.79,260.79,260.79,260.79
259.95,162.22,50.5,20.25,22.97,25.6
245.11,147.38,32.99,20.76,23.48,25.6
220.4,122.68,18.87,21.59,24.31,25.6
206.96,109.23,19.6,22.32,25.04,25.6
185.77,88.05,20.55,23.27,25.6,25.6
169.04,69.72,21.08,23.8,25.6,25.6
166.22,66.12,21.31,24.03,25.6,25.6
161.74,60.33,21.58,24.3,25.6,25.6
161.2,59.88,21.54,24.26,25.6,25.6
182.94,85.21,20.61,23.33,25.6,25.6
234.58,136.86,18.58,21.3,24.02,25.59
255.92,158.2,45.22,20.34,23.06,25.59
256.07,158.34,45.1,20.31,23.03,25.59
259.44,259.44,259.44,259.44,259.44,259.44
258.87,258.87,258.87,258.87,258.87,258.87
249.58,249.58,249.58,249.58,249.58,249.58
237.65,237.65,237.65,237.65,237.65,237.65
221.53,221.53,221.53,221.53,221.53,221.53
222.99,222.99,222.99,222.99,222.99,222.99
233.93,233.93,233.93,233.93,233.93,233.93
243.99,243.99,243.99,243.99,243.99,243.99
266.32,266.32,266.32,266.32,266.32,266.32
282.01,282.01,282.01,282.01,282.01,282.01
290.6,290.6,290.6,290.6,290.6,290.6
290.24,192.51,82.63,20.22,22.94,25.6
285.84,188.12,77.35,20.51,23.23,25.6
274.41,176.69,62.61,21.01,23.73,25.6
255.71,157.99,39.1,21.89,24.61,25.6
234.07,136.34,20.03,22.75,25.47,25.6
234.81,137.09,20.07,22.79,25.51,25.6
240.73,143.01,21.4,22.46,25.18,25.6
249.32,151.59,31.89,22.03,24.75,25.6
257.64,159.92,42.2,21.71,24.43,25.6
262.86,165.13,48.3,21.42,24.14,25.6
281.79,184.07,72.3,20.71,23.43,25.6
292.65,194.93,86.03,20.27,22.99,25.59
295.95,198.22,90.98,20.24,22.96,25.59
298.46,298.46,298.46,298.46,298.46,298.46
292.54,292.54,292.54,292.54,292.54,292.54
286.91,286.91,286.91,286.91,286.91,286.91
267.39,267.39,267.39,267.39,267.39,267.39
264.11,264.11,264.11,264.11,264.11,264.11
264.65,264.65,264.65,264.65,264.65,264.65
264.61,264.61,264.61,264.61,264.61,264.61
264.83,264.83,264.83,264.83,264.83,264.83
265.02,265.02,265.02,265.02,265.02,265.02
263.6,263.6,263.6,263.6,263.6,263.6
266.73,266.73,266.73,266.73,266.73,266.73
276.56,178.84,61.01,20.28,23.0,25.6
260.58,162.86,41.1,21.09,23.81,25.6
235.54,137.81,19.5,22.22,24.94,25.6
222.51,124.79,20.16,22.88,25.6,25.6
212.5,114.78,20.68,23.4,25.6,25.6
199.3,101.57,21.35,24.07,25.6,25.6
195.87,98.15,21.54,24.26,25.6,25.6
197.49,99.76,21.43,24.15,25.6,25.6
207.25,109.53,21.04,23.76,25.6,25.6
230.18,132.45,19.99,22.71,25.43,25.6
273.86,176.14,59.11,21.04,23.76,25.6
297.02,199.29,87.34,20.32,23.04,25.59
297.52,199.8,87.83,20.3,23.02,25.59
301.85,301.85,301.85,301.85,301.85,301.85
300.23,300.23,300.23,300.23,300.23,300.23
288.92,288.92,288.92,288.92,288.92,288.92
281.36,281.36,281.36,281.36,281.36,281.36
282.78,282.78,282.78,282.78,282.78,282.78
280.07,280.07,280.07,280.07,280.07,280.07
278.15,278.15,278.15,278.15,278.15,278.15
277.05,277.05,277.05,277.05,277.05,277.05
280.03,280.03,280.03,280.03,280.03,280.03
281.82,281.82,281.82,281.82,281.82,281.82
290.03,290.03,290.03,290.03,290.03,290.03
290.94,193.21,79.62,20.31,23.03,25.59
279.91,182.19,64.71,20.97,23.69,25.6
248.23,150.5,24.6,22.27,24.99,25.6
226.83,129.1,20.0,22.72,25.44,25.6
218.97,121.25,20.18,22.9,25.6,25.6
222.19,124.47,20.04,22.76,25.48,25.6
222.5,124.78,20.0,22.72,25.44,25.6
229.82,132.1,19.59,22.31,25.03,25.6
243.34,145.61,19.09,21.55,24.27,25.6
270.91,173.18,54.39,20.84,23.56,25.6
282.74,185.01,68.88,20.41,23.13,25.6
287.14,189.42,74.7,20.23,22.95,25.6
283.72,185.99,69.9,20.23,22.95,25.6
290.61,290.61,290.61,290.61,290.61,290.61
290.88,290.88,290.88,290.88,290.88,290.88
289.78,289.78,289.78,289.78,289.78,289.78
273.86,273.86,273.86,273.86,273.86,273.86
270.32,270.32,270.32,270.32,270.32,270.32
271.22,271.22,271.22,271.22,271.22,271.22
271.41,271.41,271.41,271.41,271.41,271.41
270.58,270.58,270.58,270.58,270.58,270.58
272.26,272.26,272.26,272.26,272.26,272.26
278.71,278.71,278.71,278.71,278.71,278.71
279.97,279.97,279.97,279.97,279.97,279.97
276.41,178.69,57.64,20.23,22.95,25.6
269.82,172.09,49.39,20.44,23.16,25.6
259.71,161.98,37.27,20.95,23.67,25.6
248.02,150.3,23.21,21.61,24.33,25.6
238.76,141.03,19.45,22.17,24.89,25.6
230.83,133.11,19.83,22.55,25.27,25.59
230.58,132.86,19.8,22.52,25.24,25.59
230.0,132.28,19.59,22.31,25.03,25.6
234.74,137.01,19.29,22.01,24.73,25.6
248.36,150.63,24.84,21.3,24.02,25.6
267.16,169.44,46.11,20.56,23.28,25.6
281.13,183.4,65.3,20.26,22.98,25.6
279.46,181.74,63.32,20.32,23.04,25.59
282.26,282.26,282.26,282.26,282.26,282.26
278.12,278.12,278.12,278.12,278.12,278.12
275.97,275.97,275.97,275.97,275.97,275.97
272.49,272.49,272.49,272.49,272.49,272.49
266.2,266.2,266.2,266.2,266.2,266.2
263.77,263.77,263.77,263.77,263.77,263.77
260.19,260.19,260.19,260.19,260.19,260.19
256.15,256.15,256.15,256.15,256.15,256.15
256.83,256.83,256.83,256.83,256.83,256.83
259.84,259.84,259.84,259.84,259.84,259.84
262.95,262.95,262.95,262.95,262.95,262.95
263.68,165.96,44.21,20.28,23.0,25.6
253.08,155.36,31.45,20.94,23.66,25.6
229.7,131.97,19.32,22.04,24.76,25.6
215.25,117.52,20.12,22.84,25.56,25.6
210.4,112.68,20.57,23.29,25.6,25.6
211.45,113.73,20.62,23.34,25.6,25.6
211.61,113.88,20.57,23.29,25.6,25.6
219.14,121.42,20.15,22.87,25.59,25.6
221.89,124.16,19.96,22.68,25.4,25.6
232.38,134.66,19.39,22.11,24.83,25.59
253.99,156.26,32.83,20.87,23.59,25.59
274.82,177.09,60.63,20.32,23.04,25.59
286.83,189.11,74.97,20.31,23.03,25.59
285.79,285.79,285.79,285.79,285.79,285.79
284.26,284.26,284.26,284.26,284.26,284.26
274.98,274.98,274.98,274.98,274.98,274.98
268.77,268.77,268.77,268.77,268.77,268.77
268.63,268.63,268.63,268.63,268.63,268.63
269.65,269.65,269.65,269.65,269.65,269.65
269.61,269.61,269.61,269.61,269.61,269.61
268.51,268.51,268.51,268.51,268.51,268.51
268.92,268.92,268.92,268.92,268.92,268.92
273.6,273.6,273.6,273.6,273.6,273.6
294.61,294.61,294.61,294.61,294.61,294.61
293.16,195.44,81.06,20.31,23.03,25.59
271.26,173.53,54.66,21.0,23.72,25.59
249.48,151.75,27.94,22.02,24.74,25.59
235.27,137.54,20.05,22.77,25.49,25.59
223.0,125.27,20.69,23.41,25.59,25.59
220.61,122.88,20.86,23.58,25.6,25.6
231.98,134.25,20.35,23.07,25.6,25.6
234.99,137.26,20.01,22.73,25.45,25.59
246.22,148.49,23.62,22.12,24.84,25.59
256.91,159.19,36.15,21.56,24.28,25.59
271.55,173.82,54.17,20.76,23.48,25.59
280.64,182.92,65.44,20.33,23.05,25.59
280.71,182.99,65.46,20.32,23.04,25.59
282.71,282.71,282.71,282.71,282.71,282.71
279.71,279.71,279.71,279.71,279.71,279.71
279.23,279.23,279.23,279.23,279.23,279.23
274.64,274.64,274.64,274.64,274.64,274.64
273.87,273.87,273.87,273.87,273.87,273.87
274.93,274.93,274.93,274.93,274.93,274.93
273.91,273.91,273.91,273.91,273.91,273.91
274.59,274.59,274.59,274.59,274.59,274.59
274.97,274.97,274.97,274.97,274.97,274.97
280.74,280.74,280.74,280.74,280.74,280.74
285.08,285.08,285.08,285.08,285.08,285.08
284.78,187.05,71.38,20.29,23.01,25.6
273.29,175.57,55.71,20.61,23.33,25.6
258.6,160.88,37.62,21.4,24.12,25.59
239.53,141.81,19.57,22.29,25.01,25.59
215.8,118.07,20.58,23.3,25.59,25.59
198.76,98.92,21.21,23.93,25.59,25.59
204.68,100.74,21.38,24.1,25.59,25.59
218.46,109.93,21.19,23.91,25.59,25.59
235.72,119.93,20.79,23.51,25.59,25.59
262.4,144.65,20.14,22.55,25.27,25.59
300.28,180.73,66.21,21.09,23.81,25.59
323.0,202.49,92.63,20.33,23.05,25.59
326.87,207.02,99.29,20.31,23.03,25.59
331.15,331.15,331.15,331.15,331.15,331.15
325.13,325.13,325.13,325.13,325.13,325.13
316.77,316.77,316.77,316.77,316.77,316.77
309.8,309.8,309.8,309.8,309.8,309.8
309.77,309.77,309.77,309.77,309.77,309.77
311.52,311.52,311.52,311.52,311.52,311.52
312.25,312.25,312.25,312.25,312.25,312.25
312.35,312.35,312.35,312.35,312.35,312.35
311.93,311.93,311.93,311.93,311.93,311.93
308.23,308.23,308.23,308.23,308.23,308.23
316.45,316.45,316.45,316.45,316.45,316.45
319.02,193.7,82.08,20.28,23.0,25.6
304.71,180.26,65.06,20.86,23.58,25.6
279.48,157.32,36.76,21.92,24.64,25.59
261.91,141.23,20.04,22.76,25.48,25.59
241.74,122.97,20.78,23.5,25.59,25.59
238.17,119.97,21.11,23.83,25.59,25.59
237.37,119.69,21.13,23.85,25.59,25.59
235.81,118.16,21.19,23.91,25.59,25.59
244.15,126.01,20.75,23.47,25.59,25.59
266.36,146.35,22.46,22.48,25.2,25.59
298.24,177.98,62.73,20.9,23.62,25.59
308.94,188.68,76.61,20.31,23.03,25.59
303.77,183.49,70.2,20.31,23.03,25.59
302.27,302.27,302.27,302.27,302.27,302.27
301.61,301.61,301.61,301.61,301.61,301.61
295.33,295.33,295.33,295.33,295.33,295.33
296.07,296.07,296.07,296.07,296.07,296.07
297.1,297.1,297.1,297.1,297.1,297.1
298.95,298.95,298.95,298.95,298.95,298.95
299.27,299.27,299.27,299.27,299.27,299.27
298.74,298.74,298.74,298.74,298.74,298.74
296.67,296.67,296.67,296.67,296.67,296.67
294.49,294.49,294.49,294.49,294.49,294.49
301.52,301.52,301.52,301.52,301.52,301.52
310.56,187.0,74.59,20.26,22.98,25.6
290.03,166.6,50.74,20.94,23.66,25.6
253.61,137.16,19.35,22.07,24.79,25.6
227.58,111.39,20.01,22.73,25.45,25.6
212.56,97.34,20.65,23.37,25.6,25.6
207.12,92.32,21.0,23.72,25.6,25.6
206.18,91.2,21.11,23.83,25.6,25.6
209.7,94.91,20.84,23.56,25.6,25.6
211.8,96.38,20.5,23.22,25.6,25.6
224.27,108.06,19.73,22.45,25.17,25.6
263.59,143.36,18.22,20.94,23.66,25.6
292.79,169.24,52.1,20.32,23.04,25.59
292.8,169.7,54.29,20.31,23.03,25.59
286.39,286.39,286.39,286.39,286.39,286.39
286.29,286.29,286.29,286.29,286.29,286.29
278.57,278.57,278.57,278.57,278.57,278.57
272.42,272.42,272.42,272.42,272.42,272.42
273.17,273.17,273.17,273.17,273.17,273.17
266.95,266.95,266.95,266.95,266.95,266.95
267.46,267.46,267.46,267.46,267.46,267.46
267.54,267.54,267.54,267.54,267.54,267.54
268.48,268.48,268.48,268.48,268.48,268.48
272.54,272.54,272.54,272.54,272.54,272.54
278.05,278.05,278.05,278.05,278.05,278.05
277.2,150.85,28.57,20.25,22.97,25.6
259.9,135.8,18.09,20.81,23.53,25.6
235.55,114.68,19.32,22.04,24.76,25.6
206.68,92.19,20.39,23.11,25.6,25.6
193.7,77.52,21.11,23.83,25.6,25.6
190.72,74.05,21.26,23.98,25.6,25.6
195.79,79.34,20.87,23.59,25.6,25.6
199.62,83.34,20.57,23.29,25.6,25.6
208.61,93.04,19.96,22.68,25.4,25.6
224.95,109.01,19.28,22.0,24.72,25.59
251.99,131.16,18.14,20.86,23.58,25.59
268.43,149.72,25.98,20.3,23.02,25.59
257.61,146.87,20.93,20.3,23.02,25.59
239.27,239.27,239.27,239.27,239.27,239.27
242.52,242.52,242.52,242.52,242.52,242.52
248.01,248.01,248.01,248.01,248.01,248.01
241.0,241.0,241.0,241.0,241.0,241.0
231.81,231.81,231.81,231.81,231.81,231.81
211.04,211.04,211.04,211.04,211.04,211.04
177.68,177.68,177.68,177.68,177.68,177.68
163.28,163.28,163.28,163.28,163.28,163.28
165.75,165.75,165.75,165.75,165.75,165.75
170.48,170.48,170.48,170.48,170.48,170.48
192.67,192.67,192.67,192.67,192.67,192.67
220.45,122.73,17.53,20.25,22.97,25.6
213.44,115.72,18.37,21.09,23.81,25.6
188.6,87.9,19.94,22.66,25.38,25.6
175.36,71.66,20.8,23.52,25.6,25.6
170.09,65.13,21.1,23.82,25.6,25.6
180.12,77.49,20.89,23.61,25.6,25.6
184.56,82.64,20.73,23.45,25.6,25.6
189.58,89.01,20.51,23.23,25.6,25.6
207.13,109.4,20.04,22.76,25.48,25.6
220.63,122.9,19.29,22.01,24.73,25.59
243.22,145.5,21.32,20.81,23.53,25.59
256.3,158.57,38.75,20.3,23.02,25.59
255.37,157.65,37.2,20.29,23.01,25.59
253.02,253.02,253.02,253.02,253.02,253.02
244.85,244.85,244.85,244.85,244.85,244.85
244.21,244.21,244.21,244.21,244.21,244.21
238.9,238.9,238.9,238.9,238.9,238.9
225.18,225.18,225.18,225.18,225.18,225.18
222.0,222.0,222.0,222.0,222.0,222.0
221.98,221.98,221.98,221.98,221.98,221.98
222.59,222.59,222.59,222.59,222.59,222.59
220.86,220.86,220.86,220.86,220.86,220.86
222.03,222.03,222.03,222.03,222.03,222.03
222.03,222.03,222.03,222.03,222.03,222.03
218.44,120.72,17.52,20.24,22.96,25.6
206.89,109.16,18.31,21.03,23.75,25.6
193.02,94.14,19.66,22.38,25.1,25.6
194.07,95.52,20.22,22.94,25.6,25.6
195.94,98.21,20.34,23.06,25.6,25.6
202.7,104.98,20.27,22.99,25.6,25.6
210.35,112.62,20.05,22.77,25.49,25.6
216.27,118.55,19.8,22.52,25.24,25.6
230.86,133.13,19.32,22.04,24.76,25.6
242.92,145.19,24.88,21.48,24.2,25.6
257.82,160.09,43.76,20.71,23.43,25.59
269.57,171.84,59.25,20.29,23.01,25.59
269.34,171.61,59.1,20.29,23.01,25.59
269.98,269.98,269.98,269.98,269.98,269.98
262.84,262.84,262.84,262.84,262.84,262.84
257.28,257.28,257.28,257.28,257.28,257.28
238.69,238.69,238.69,238.69,238.69,238.69
227.55,227.55,227.55,227.55,227.55,227.55
227.89,227.89,227.89,227.89,227.89,227.89
229.18,229.18,229.18,229.18,229.18,229.18
224.06,224.06,224.06,224.06,224.06,224.06
221.26,221.26,221.26,221.26,221.26,221.26
221.65,221.65,221.65,221.65,221.65,221.65
224.34,224.34,224.34,224.34,224.34,224.34
241.44,143.72,19.38,20.17,22.89,25.6
239.0,141.27,18.52,20.72,23.44,25.6
214.59,116.86,19.26,21.98,24.7,25.6
200.18,102.46,20.08,22.8,25.52,25.6
194.97,97.24,20.62,23.34,25.6,25.6
200.29,102.57,20.68,23.4,25.6,25.6
205.21,107.49,20.49,23.21,25.6,25.6
208.98,111.26,20.24,22.96,25.59,25.59
217.05,119.32,19.83,22.55,25.27,25.59
235.49,137.77,19.13,21.85,24.57,25.59
261.77,164.04,49.73,20.71,23.43,25.59
275.49,177.76,68.27,20.29,23.01,25.59
270.22,172.5,60.21,20.29,23.01,25.59
266.62,168.89,54.78,20.29,23.01,25.59
259.38,259.38,259.38,259.38,259.38,259.38
260.01,260.01,260.01,260.01,260.01,260.01
249.45,249.45,249.45,249.45,249.45,249.45
222.34,222.34,222.34,222.34,222.34,222.34
215.1,215.1,215.1,215.1,215.1,215.1
214.31,214.31,214.31,214.31,214.31,214.31
210.68,210.68,210.68,210.68,210.68,210.68
210.45,210.45,210.45,210.45,210.45,210.45
210.16,210.16,210.16,210.16,210.16,210.16
210.86,210.86,210.86,210.86,210.86,210.86
211.23,113.51,17.47,20.19,22.91,25.6
193.58,95.35,18.43,21.15,23.87,25.6
161.95,56.63,20.32,23.04,25.6,25.6
156.6,50.3,21.19,23.91,25.6,25.6
151.33,43.92,21.57,24.29,25.6,25.6
146.25,36.95,21.72,24.44,25.6,25.6
155.62,49.01,21.61,24.33,25.6,25.6
160.61,54.13,21.46,24.18,25.59,25.59
168.54,63.31,21.04,23.76,25.59,25.59
187.0,84.65,20.07,22.79,25.51,25.59
224.48,126.75,18.27,20.99,23.71,25.59
243.1,145.38,19.37,20.3,23.02,25.59
245.44,147.71,22.7,20.31,23.03,25.59
244.66,146.94,22.6,20.3,23.02,25.59
237.29,237.29,237.29,237.29,237.29,237.29
230.9,230.9,230.9,230.9,230.9,230.9
222.78,222.78,222.78,222.78,222.78,222.78
222.5,222.5,222.5,222.5,222.5,222.5
224.4,224.4,224.4,224.4,224.4,224.4
224.61,224.61,224.61,224.61,224.61,224.61
223.93,223.93,223.93,223.93,223.93,223.93
224.34,224.34,224.34,224.34,224.34,224.34
223.44,223.44,223.44,223.44,223.44,223.44
223.37,223.37,223.37,223.37,223.37,223.37
231.63,231.63,231.63,231.63,231.63,231.63
236.3,138.57,17.97,20.69,23.41,25.59
215.13,117.4,19.0,21.72,24.44,25.59
191.73,92.83,20.08,22.8,25.52,25.6
175.77,72.2,20.84,23.56,25.6,25.6
169.75,64.51,21.15,23.87,25.6,25.6
171.73,67.0,21.05,23.77,25.6,25.6
174.66,69.95,20.71,23.43,25.6,25.6
185.88,83.28,19.9,22.62,25.34,25.6
203.04,104.35,18.79,21.51,24.23,25.59
219.56,121.83,17.87,20.59,23.31,25.59
232.31,134.58,17.55,20.27,22.99,25.59
247.06,149.33,30.17,20.27,22.99,25.59
243.17,145.44,24.33,20.27,22.99,25.59
243.96,243.96,243.96,243.96,243.96,243.96
243.97,243.97,243.97,243.97,243.97,243.97
243.87,243.87,243.87,243.87,243.87,243.87
241.8,241.8,241.8,241.8,241.8,241.8
228.86,228.86,228.86,228.86,228.86,228.86
230.25,230.25,230.25,230.25,230.25,230.25
231.31,231.31,231.31,231.31,231.31,231.31
231.33,231.33,231.33,231.33,231.33,231.33
231.13,231.13,231.13,231.13,231.13,231.13
230.13,230.13,230.13,230.13,230.13,230.13
245.39,245.39,245.39,245.39,245.39,245.39
241.4,143.68,20.61,20.61,23.33,25.59
228.91,131.19,18.6,21.32,24.04,25.59
220.12,122.39,19.12,21.84,24.56,25.59
220.55,122.83,19.19,21.91,24.63,25.59
229.89,132.16,19.05,21.77,24.49,25.59
239.06,141.33,20.82,21.41,24.13,25.59
243.52,145.79,26.16,21.14,23.86,25.59
245.65,147.93,28.01,20.82,23.54,25.59
248.89,151.17,31.63,20.56,23.28,25.59
260.74,163.01,48.22,20.3,23.02,25.59
262.02,164.29,50.04,20.24,22.96,25.59
262.78,165.06,51.11,20.25,22.97,25.59
262.22,164.5,50.4,20.28,23.0,25.59
264.39,264.39,264.39,264.39,264.39,264.39
260.68,260.68,260.68,260.68,260.68,260.68
257.57,257.57,257.57,257.57,257.57,257.57
256.01,256.01,256.01,256.01,256.01,256.01
253.13,253.13,253.13,253.13,253.13,253.13
240.16,240.16,240.16,240.16,240.16,240.16
234.31,234.31,234.31,234.31,234.31,234.31
234.87,234.87,234.87,234.87,234.87,234.87
234.9,234.9,234.9,234.9,234.9,234.9
234.15,234.15,234.15,234.15,234.15,234.15
233.47,233.47,233.47,233.47,233.47,233.47
238.68,140.95,23.02,20.43,23.15,25.59
233.37,135.65,18.11,20.83,23.55,25.59
224.17,126.45,18.67,21.39,24.11,25.59
218.85,121.13,19.02,21.74,24.46,25.59
214.88,117.15,19.32,22.04,24.76,25.59
209.68,111.96,19.63,22.35,25.07,25.59
211.61,113.88,19.5,22.22,24.94,25.59
216.41,118.69,19.21,21.93,24.65,25.59
227.85,130.13,18.54,21.26,23.98,25.59
240.42,142.69,24.66,20.52,23.24,25.59
244.25,146.52,29.68,20.3,23.02,25.59
240.0,142.27,23.26,20.3,23.02,25.59
234.08,136.35,17.58,20.3,23.02,25.59
232.45,232.45,232.45,232.45,232.45,232.45
230.46,230.46,230.46,230.46,230.46,230.46
222.41,222.41,222.41,222.41,222.41,222.41
205.14,205.14,205.14,205.14,205.14,205.14
196.9,196.9,196.9,196.9,196.9,196.9
199.14,199.14,199.14,199.14,199.14,199.14
199.76,199.76,199.76,199.76,199.76,199.76
198.35,198.35,198.35,198.35,198.35,198.35
197.19,197.19,197.19,197.19,197.19,197.19
197.6,197.6,197.6,197.6,197.6,197.6
197.39,197.39,197.39,197.39,197.39,197.39
193.51,94.25,17.92,20.64,23.36,25.59
182.38,80.42,18.77,21.49,24.21,25.59
175.7,72.43,19.33,22.05,24.77,25.59
173.62,69.89,19.41,22.13,24.85,25.59
173.47,69.31,19.51,22.23,24.95,25.59
173.69,69.4,19.42,22.14,24.86,25.59
173.41,69.26,19.5,22.22,24.94,25.59
170.66,66.09,19.55,22.27,24.99,25.59
177.78,75.32,19.21,21.93,24.65,25.59
206.31,108.59,18.04,20.76,23.48,25.59
219.88,122.16,17.59,20.31,23.03,25.59
224.91,127.19,17.58,20.3,23.02,25.59
228.21,130.48,17.58,20.3,23.02,25.59
231.91,231.91,231.91,231.91,231.91,231.91
235.0,235.0,235.0,235.0,235.0,235.0
243.25,243.25,243.25,243.25,243.25,243.25
243.33,243.33,243.33,243.33,243.33,243.33
236.46,236.46,236.46,236.46,236.46,236.46
224.74,224.74,224.74,224.74,224.74,224.74
214.5,214.5,214.5,214.5,214.5,214.5
211.23,211.23,211.23,211.23,211.23,211.23
215.67,215.67,215.67,215.67,215.67,215.67
216.16,216.16,216.16,216.16,216.16,216.16
219.53,219.53,219.53,219.53,219.53,219.53
210.78,113.05,17.98,20.7,23.42,25.59
172.48,69.7,19.52,22.24,24.96,25.59
144.07,34.26,20.85,23.57,25.59,25.59
123.09,18.98,21.7,24.42,25.59,25.59
118.46,19.19,21.91,24.63,25.59,25.59
124.44,19.26,21.98,24.7,25.59,25.59
127.86,19.12,21.84,24.56,25.59,25.59
137.56,18.66,21.38,24.1,25.59,25.59
170.8,55.64,20.15,22.87,25.59,25.59
231.63,121.08,18.19,20.91,23.63,25.59
261.36,151.33,35.32,20.3,23.02,25.59
271.48,161.4,47.34,20.29,23.01,25.59
273.83,160.64,46.44,20.32,23.04,25.59
284.3,284.3,284.3,284.3,284.3,284.3
289.13,289.13,289.13,289.13,289.13,289.13
286.31,286.31,286.31,286.31,286.31,286.31
287.9,287.9,287.9,287.9,287.9,287.9
297.99,297.99,297.99,297.99,297.99,297.99
302.1,302.1,302.1,302.1,302.1,302.1
302.8,302.8,302.8,302.8,302.8,302.8
302.6,302.6,302.6,302.6,302.6,302.6
313.96,313.96,313.96,313.96,313.96,313.96
317.12,317.12,317.12,317.12,317.12,317.12
338.89,198.19,100.46,20.22,22.94,25.59
327.22,187.26,89.28,20.83,23.55,25.59
285.59,149.23,38.63,22.31,25.03,25.59
253.59,121.06,20.54,23.26,25.59,25.59
235.96,102.15,20.92,23.64,25.59,25.59
229.56,96.55,20.91,23.63,25.59,25.59
211.51,81.57,21.0,23.72,25.59,25.59
201.6,77.93,20.85,23.57,25.59,25.59
213.08,90.87,20.22,22.94,25.59,25.59
235.98,107.74,19.23,21.95,24.67,25.59
288.43,140.5,22.75,20.77,23.49,25.59
315.08,165.24,56.77,20.29,23.01,25.59
314.68,171.25,64.3,20.3,23.02,25.59
313.62,179.05,73.17,20.29,23.01,25.59
315.48,315.48,315.48,315.48,315.48,315.48
314.72,314.72,314.72,314.72,314.72,314.72
318.34,318.34,318.34,318.34,318.34,318.34
302.22,302.22,302.22,302.22,302.22,302.22
293.93,293.93,293.93,293.93,293.93,293.93
289.73,289.73,289.73,289.73,289.73,289.73
288.01,288.01,288.01,288.01,288.01,288.01
288.44,288.44,288.44,288.44,288.44,288.44
290.84,290.84,290.84,290.84,290.84,290.84
303.78,303.78,303.78,303.78,303.78,303.78
333.13,333.13,333.13,333.13,333.13,333.13
333.47,188.38,83.52,20.39,23.11,25.59
327.7,183.13,76.71,20.64,23.36,25.59
321.44,177.57,69.42,20.87,23.59,25.59
306.88,162.78,49.66,21.27,23.99,25.59
293.54,155.36,37.96,21.27,23.99,25.59
295.78,159.68,42.95,21.02,23.74,25.59
299.18,162.98,46.89,20.82,23.54,25.59
309.52,167.45,52.85,20.7,23.42,25.59
318.66,171.79,59.17,20.59,23.31,25.59
331.42,184.75,77.28,20.34,23.06,25.59
337.74,192.07,88.24,20.28,23.0,25.59
337.46,193.63,90.49,20.28,23.0,25.59
334.06,194.07,90.95,20.28,23.0,25.59
334.62,334.62,334.62,334.62,334.62,334.62
327.38,327.38,327.38,327.38,327.38,327.38
315.55,315.55,315.55,315.55,315.55,315.55
310.05,310.05,310.05,310.05,310.05,310.05
298.32,298.32,298.32,298.32,298.32,298.32
282.22,282.22,282.22,282.22,282.22,282.22
280.92,280.92,280.92,280.92,280.92,280.92
281.55,281.55,281.55,281.55,281.55,281.55
292.27,292.27,292.27,292.27,292.27,292.27
307.9,307.9,307.9,307.9,307.9,307.9
320.28,320.28,320.28,320.28,320.28,320.28
324.28,180.09,71.2,20.47,23.19,25.59
300.25,161.53,47.11,21.2,23.92,25.59
238.88,118.71,19.76,22.48,25.2,25.59
213.02,99.1,20.53,23.25,25.59,25.59
198.22,91.23,20.82,23.54,25.59,25.59
199.45,92.06,20.83,23.55,25.59,25.59
206.39,99.16,20.49,23.21,25.59,25.59
223.23,112.58,19.88,22.6,25.32,25.59
264.57,141.16,18.81,21.53,24.25,25.59
301.16,165.43,49.37,20.55,23.27,25.59
324.53,185.53,78.39,20.28,23.0,25.59
332.31,191.98,88.01,20.28,23.0,25.59
333.91,194.04,90.86,20.27,22.99,25.59
329.81,329.81,329.81,329.81,329.81,329.81
317.51,317.51,317.51,317.51,317.51,317.51
295.22,295.22,295.22,295.22,295.22,295.22
282.76,282.76,282.76,282.76,282.76,282.76
281.84,281.84,281.84,281.84,281.84,281.84
292.53,292.53,292.53,292.53,292.53,292.53
307.61,307.61,307.61,307.61,307.61,307.61
328.55,328.55,328.55,328.55,328.55,328.55
337.84,337.84,337.84,337.84,337.84,337.84
346.49,346.49,346.49,346.49,346.49,346.49
362.57,362.57,362.57,362.57,362.57,362.57
357.95,204.54,106.82,20.62,23.34,25.59
314.41,165.31,57.3,22.1,24.82,25.59
262.24,120.27,20.58,23.3,25.59,25.59
241.32,107.01,21.06,23.78,25.6,25.6
233.69,103.2,21.3,24.02,25.6,25.6
228.34,101.16,21.38,24.1,25.6,25.6
233.47,102.59,21.21,23.93,25.6,25.6
249.69,110.41,20.78,23.5,25.6,25.6
320.01,151.31,38.21,22.25,24.97,25.59
386.73,196.47,96.98,20.7,23.42,25.59
407.94,219.5,121.77,20.21,22.93,25.59
406.69,217.87,120.14,20.21,22.93,25.59
405.86,218.06,120.34,20.25,22.97,25.59
410.08,410.08,410.08,410.08,410.08,410.08
411.23,411.23,411.23,411.23,411.23,411.23
409.88,409.88,409.88,409.88,409.88,409.88
410.77,410.77,410.77,410.77,410.77,410.77
410.68,410.68,410.68,410.68,410.68,410.68
410.56,410.56,410.56,410.56,410.56,410.56
410.93,410.93,410.93,410.93,410.93,410.93
412.07,412.07,412.07,412.07,412.07,412.07
415.78,415.78,415.78,415.78,415.78,415.78
419.37,419.37,419.37,419.37,419.37,419.37
420.45,420.45,420.45,420.45,420.45,420.45
404.15,223.94,126.22,20.68,23.4,25.59
360.36,188.31,90.59,21.99,24.71,25.59
322.88,151.9,41.17,22.99,25.6,25.6
280.72,122.57,20.85,23.57,25.59,25.59
233.06,94.96,21.23,23.95,25.59,25.59
208.91,91.85,21.28,24.0,25.59,25.59
211.35,96.34,21.11,23.83,25.59,25.59
219.12,103.58,20.69,23.41,25.59,25.59
248.99,125.0,19.63,22.35,25.07,25.59
335.2,177.69,67.94,20.68,23.4,25.59
392.38,208.31,110.58,20.25,22.97,25.59
402.71,216.55,118.82,20.24,22.96,25.59
403.04,216.6,118.87,20.25,22.97,25.59
407.82,407.82,407.82,407.82,407.82,407.82
406.37,406.37,406.37,406.37,406.37,406.37
406.34,406.34,406.34,406.34,406.34,406.34
410.38,410.38,410.38,410.38,410.38,410.38
425.73,425.73,425.73,425.73,425.73,425.73
432.62,432.62,432.62,432.62,432.62,432.62
441.44,441.44,441.44,441.44,441.44,441.44
442.01,442.01,442.01,442.01,442.01,442.01
446.1,446.1,446.1,446.1,446.1,446.1
446.84,446.84,446.84,446.84,446.84,446.84
445.75,445.75,445.75,445.75,445.75,445.75
430.04,241.54,143.81,23.85,23.44,25.59
381.61,199.4,101.68,22.17,24.89,25.59
340.77,160.36,49.8,23.28,25.59,25.59
281.19,134.84,21.15,23.87,25.59,25.59
237.66,120.99,21.42,24.14,25.59,25.59
234.27,118.88,21.44,24.16,25.59,25.59
226.65,110.69,21.38,24.1,25.59,25.59
254.67,135.07,20.61,23.33,25.59,25.59
347.84,189.4,80.31,21.65,24.37,25.59
425.45,228.65,130.93,20.5,23.22,25.59
440.66,241.88,144.15,20.25,22.97,25.59
440.91,243.19,145.46,20.26,22.98,25.59
441.25,243.51,145.78,20.36,22.99,25.59
443.21,443.21,443.21,443.21,443.21,443.21
444.29,444.29,444.29,444.29,444.29,444.29
440.79,440.79,440.79,440.79,440.79,440.79
436.31,436.31,436.31,436.31,436.31,436.31
436.35,436.35,436.35,436.35,436.35,436.35
433.34,433.34,433.34,433.34,433.34,433.34
434.14,434.14,434.14,434.14,434.14,434.14
433.47,433.47,433.47,433.47,433.47,433.47
435.51,435.51,435.51,435.51,435.51,435.51
438.86,438.86,438.86,438.86,438.86,438.86
435.78,435.78,435.78,435.78,435.78,435.78
430.02,228.45,130.72,20.45,23.17,25.59
411.02,216.57,118.84,21.16,23.88,25.59
383.18,192.08,88.55,21.86,24.58,25.59
305.76,156.99,39.82,22.77,25.49,25.59
268.05,149.39,26.87,22.95,25.59,25.59
279.48,156.29,35.47,22.64,25.36,25.59
300.63,163.87,46.37,22.3,25.02,25.59
319.49,181.98,69.02,21.65,24.37,25.59
349.02,201.9,94.71,20.96,23.68,25.59
415.37,228.16,130.43,20.41,23.13,25.59
438.45,241.3,143.58,20.27,22.99,25.59
442.78,248.78,151.05,29.2,22.98,25.59
442.5,248.8,151.07,29.26,22.98,25.59
443.64,443.64,443.64,443.64,443.64,443.64
444.14,444.14,444.14,444.14,444.14,444.14
443.24,443.24,443.24,443.24,443.24,443.24
443.6,443.6,443.6,443.6,443.6,443.6
442.8,442.8,442.8,442.8,442.8,442.8
444.07,444.07,444.07,444.07,444.07,444.07
443.61,443.61,443.61,443.61,443.61,443.61
444.28,444.28,444.28,444.28,444.28,444.28
446.96,446.96,446.96,446.96,446.96,446.96
449.53,449.53,449.53,449.53,449.53,449.53
450.97,267.21,169.48,56.11,22.99,25.59
437.77,256.03,158.31,41.84,23.37,25.59
382.43,206.14,108.42,22.16,24.88,25.59
329.65,163.47,52.5,23.35,25.59,25.59
296.85,145.84,27.69,23.88,25.59,25.59
273.71,134.22,21.41,24.13,25.59,25.59
266.56,131.51,21.39,24.11,25.59,25.59
267.25,131.49,21.23,23.95,25.59,25.59
274.23,136.37,20.81,23.53,25.59,25.59
311.45,166.37,49.83,22.36,25.08,25.59
399.08,219.97,120.64,20.68,23.4,25.59
435.78,237.1,139.38,20.25,22.97,25.59
439.05,239.57,141.84,20.24,22.96,25.59
438.87,241.92,144.19,20.27,22.99,25.59
441.96,441.96,441.96,441.96,441.96,441.96
440.75,440.75,440.75,440.75,440.75,440.75
437.19,437.19,437.19,437.19,437.19,437.19
427.02,427.02,427.02,427.02,427.02,427.02
418.8,418.8,418.8,418.8,418.8,418.8
389.01,389.01,389.01,389.01,389.01,389.01
378.31,378.31,378.31,378.31,378.31,378.31
396.53,396.53,396.53,396.53,396.53,396.53
418.32,418.32,418.32,418.32,418.32,418.32
435.23,435.23,435.23,435.23,435.23,435.23
440.45,440.45,440.45,440.45,440.45,440.45
434.01,239.22,141.49,20.41,23.13,25.59
408.21,211.18,113.46,21.03,23.75,25.59
367.93,184.73,79.41,21.64,24.36,25.59
319.63,164.64,50.41,21.97,24.69,25.59
275.82,150.94,30.16,21.91,24.63,25.59
275.23,154.41,33.95,21.69,24.41,25.59
277.39,155.69,35.55,21.56,24.28,25.59
283.14,161.46,41.36,21.35,24.07,25.59
319.18,177.38,63.12,20.79,23.51,25.59
368.73,201.21,96.34,20.33,23.05,25.59
421.32,421.32,421.32,421.32,421.32,421.32
431.71,431.71,431.71,431.71,431.71,431.71
436.26,436.26,436.26,436.26,436.26,436.26
435.34,435.34,435.34,435.34,435.34,435.34
417.29,417.29,417.29,417.29,417.29,417.29
367.67,367.67,367.67,367.67,367.67,367.67
336.65,336.65,336.65,336.65,336.65,336.65
328.04,328.04,328.04,328.04,328.04,328.04
327.26,327.26,327.26,327.26,327.26,327.26
327.7,327.7,327.7,327.7,327.7,327.7
332.74,332.74,332.74,332.74,332.74,332.74
340.18,340.18,340.18,340.18,340.18,340.18
363.74,363.74,363.74,363.74,363.74,363.74
400.18,400.18,400.18,400.18,400.18,400.18
392.81,221.68,122.26,20.43,23.15,25.59
344.41,193.61,85.09,21.43,24.15,25.59
286.99,155.27,35.52,22.56,25.28,25.59
230.36,121.62,20.74,23.46,25.6,25.6
207.46,109.73,21.18,23.9,25.6,25.6
202.11,104.39,21.27,23.99,25.6,25.6
191.72,91.42,21.32,24.04,25.6,25.6
204.22,106.34,20.86,23.58,25.6,25.6
223.86,125.04,19.99,22.71,25.43,25.6
259.94,156.69,32.34,21.5,24.22,25.6
278.71,173.41,53.44,21.02,23.74,25.6
291.89,291.89,291.89,291.89,291.89,291.89
290.95,290.95,290.95,290.95,290.95,290.95
295.75,295.75,295.75,295.75,295.75,295.75
295.81,295.81,295.81,295.81,295.81,295.81
295.61,295.61,295.61,295.61,295.61,295.61
294.64,294.64,294.64,294.64,294.64,294.64
294.74,294.74,294.74,294.74,294.74,294.74
294.19,294.19,294.19,294.19,294.19,294.19
294.91,294.91,294.91,294.91,294.91,294.91
295.32,295.32,295.32,295.32,295.32,295.32
293.5,293.5,293.5,293.5,293.5,293.5
293.79,293.79,293.79,293.79,293.79,293.79
288.73,288.73,288.73,288.73,288.73,288.73
284.95,187.22,68.87,20.43,23.15,25.59
268.25,170.53,48.27,21.2,23.92,25.59
259.18,161.46,37.37,21.58,24.3,25.59
259.63,161.9,37.84,21.78,24.5,25.59
259.15,161.43,36.93,21.77,24.49,25.59
263.49,165.76,42.29,21.6,24.32,25.59
266.71,168.98,45.79,21.41,24.13,25.6
275.39,177.67,56.31,20.97,23.69,25.6
283.75,186.03,66.36,20.52,23.24,25.6
289.25,191.53,73.13,20.26,22.98,25.59
289.55,289.55,289.55,289.55,289.55,289.55
291.04,291.04,291.04,291.04,291.04,291.04
282.56,282.56,282.56,282.56,282.56,282.56
279.48,279.48,279.48,279.48,279.48,279.48
264.41,264.41,264.41,264.41,264.41,264.41
236.7,236.7,236.7,236.7,236.7,236.7
226.23,226.23,226.23,226.23,226.23,226.23
223.43,223.43,223.43,223.43,223.43,223.43
249.43,249.43,249.43,249.43,249.43,249.43
248.95,248.95,248.95,248.95,248.95,248.95
248.35,248.35,248.35,248.35,248.35,248.35
258.18,258.18,258.18,258.18,258.18,258.18
276.64,276.64,276.64,276.64,276.64,276.64
290.83,290.83,290.83,290.83,290.83,290.83
287.4,189.68,71.0,20.3,23.02,25.59
265.44,167.71,45.74,20.52,23.24,25.59
253.81,156.08,33.24,21.06,23.78,25.59
233.64,135.92,18.95,21.67,24.39,25.59
209.44,111.72,19.24,21.96,24.68,25.59
198.71,99.27,19.26,21.98,24.7,25.59
183.01,76.71,19.44,22.16,24.88,25.59
184.57,80.3,19.67,22.39,25.11,25.59
203.48,102.95,18.94,21.66,24.38,25.59
265.3,167.57,46.25,20.53,23.25,25.59
288.75,191.03,72.69,20.27,22.99,25.59
290.77,193.05,76.17,20.27,22.99,25.59
285.05,187.33,68.82,20.27,22.99,25.59
290.81,290.81,290.81,290.81,290.81,290.81
282.58,282.58,282.58,282.58,282.58,282.58
257.22,257.22,257.22,257.22,257.22,257.22
231.89,231.89,231.89,231.89,231.89,231.89
242.79,242.79,242.79,242.79,242.79,242.79
253.14,253.14,253.14,253.14,253.14,253.14
263.01,263.01,263.01,263.01,263.01,263.01
269.38,269.38,269.38,269.38,269.38,269.38
276.35,276.35,276.35,276.35,276.35,276.35
291.4,291.4,291.4,291.4,291.4,291.4
292.43,292.43,292.43,292.43,292.43,292.43
286.3,188.57,71.19,20.49,23.21,25.59
249.16,151.43,26.04,21.42,24.14,25.59
228.3,130.58,19.4,22.12,24.84,25.59
198.02,99.5,19.74,22.46,25.18,25.59
166.67,59.83,20.0,22.72,25.44,25.59
159.59,50.59,20.03,22.75,25.47,25.59
154.86,44.6,19.99,22.71,25.43,25.59
166.01,58.37,19.69,22.41,25.13,25.59
200.26,100.54,18.76,21.48,24.2,25.59
258.87,161.14,37.03,20.5,23.22,25.59
272.04,174.31,51.92,20.22,22.94,25.59
307.07,307.07,307.07,307.07,307.07,307.07
313.13,313.13,313.13,313.13,313.13,313.13
315.33,315.33,315.33,315.33,315.33,315.33
314.44,314.44,314.44,314.44,314.44,314.44
313.71,313.71,313.71,313.71,313.71,313.71
293.04,293.04,293.04,293.04,293.04,293.04
252.12,252.12,252.12,252.12,252.12,252.12
235.7,235.7,235.7,235.7,235.7,235.7
230.42,230.42,230.42,230.42,230.42,230.42
230.59,230.59,230.59,230.59,230.59,230.59
230.22,230.22,230.22,230.22,230.22,230.22
235.34,235.34,235.34,235.34,235.34,235.34
235.52,235.52,235.52,235.52,235.52,235.52
267.04,169.32,50.58,20.39,23.11,25.58
245.71,147.98,22.15,20.6,23.32,25.58
270.71,172.98,56.73,20.76,23.48,25.59
288.16,190.44,77.16,20.99,23.71,25.59
294.11,196.39,83.5,21.02,23.74,25.59
296.63,198.9,84.02,21.23,23.95,25.59
288.25,190.52,72.32,21.77,24.49,25.59
281.19,183.47,64.18,22.06,24.78,25.59
288.59,190.87,72.88,21.79,24.51,25.59
314.56,216.84,102.24,20.7,23.42,25.59
324.16,226.44,113.69,20.33,23.05,25.59
325.81,228.09,116.31,20.33,23.05,25.59
321.76,224.03,109.97,20.31,23.03,25.59
319.53,319.53,319.53,319.53,319.53,319.53
319.42,319.42,319.42,319.42,319.42,319.42
321.6,321.6,321.6,321.6,321.6,321.6
314.73,314.73,314.73,314.73,314.73,314.73
276.24,276.24,276.24,276.24,276.24,276.24
267.92,267.92,267.92,267.92,267.92,267.92
283.3,283.3,283.3,283.3,283.3,283.3
307.21,307.21,307.21,307.21,307.21,307.21
319.82,319.82,319.82,319.82,319.82,319.82
325.79,325.79,325.79,325.79,325.79,325.79
327.91,327.91,327.91,327.91,327.91,327.91
323.02,225.29,115.81,20.7,23.42,25.59
271.31,173.59,53.49,22.48,25.2,25.59
237.33,139.6,21.11,23.83,25.59,25.59
224.8,127.08,21.61,24.33,25.6,25.6
217.06,119.33,21.83,24.55,25.59,25.59
203.29,101.7,21.96,24.68,25.59,25.59
231.06,133.34,21.44,24.16,25.59,25.59
227.79,130.07,21.14,23.86,25.59,25.59
270.77,173.05,51.19,22.51,25.23,25.59
317.77,220.05,105.69,20.75,23.47,25.59
321.32,223.59,109.74,20.29,23.01,25.59
316.95,219.22,104.85,20.34,23.06,25.58
317.78,220.05,106.03,20.34,23.06,25.59
317.21,317.21,317.21,317.21,317.21,317.21
309.86,309.86,309.86,309.86,309.86,309.86
306.08,306.08,306.08,306.08,306.08,306.08
303.33,303.33,303.33,303.33,303.33,303.33
296.53,296.53,296.53,296.53,296.53,296.53
291.01,291.01,291.01,291.01,291.01,291.01
296.5,296.5,296.5,296.5,296.5,296.5
301.98,301.98,301.98,301.98,301.98,301.98
302.47,302.47,302.47,302.47,302.47,302.47
297.91,297.91,297.91,297.91,297.91,297.91
305.37,305.37,305.37,305.37,305.37,305.37
307.12,209.4,102.16,20.67,23.39,25.59
268.47,170.74,53.56,22.26,24.98,25.59
229.24,131.52,20.88,23.6,25.59,25.59
219.48,121.75,21.33,24.05,25.59,25.59
219.39,121.66,21.44,24.16,25.6,25.6
215.55,117.82,21.46,24.18,25.6,25.6
215.84,118.12,21.3,24.02,25.6,25.6
221.98,124.26,20.84,23.56,25.6,25.6
254.62,156.9,31.93,22.2,24.92,25.59
287.27,189.55,70.4,20.63,23.35,25.6
299.18,201.45,83.77,20.26,22.98,25.59
299.57,201.85,84.36,20.29,23.01,25.59
299.42,201.69,84.45,20.3,23.02,25.59
302.58,302.58,302.58,302.58,302.58,302.58
298.55,298.55,298.55,298.55,298.55,298.55
299.02,299.02,299.02,299.02,299.02,299.02
294.68,294.68,294.68,294.68,294.68,294.68
287.41,287.41,287.41,287.41,287.41,287.41
292.05,292.05,292.05,292.05,292.05,292.05
298.87,298.87,298.87,298.87,298.87,298.87
298.58,298.58,298.58,298.58,298.58,298.58
300.08,300.08,300.08,300.08,300.08,300.08
300.16,300.16,300.16,300.16,300.16,300.16
300.27,300.27,300.27,300.27,300.27,300.27
295.89,198.17,81.9,20.31,23.03,25.59
294.84,197.12,80.45,20.37,23.09,25.59
293.55,195.82,78.98,20.48,23.2,25.59
286.38,188.65,70.12,20.77,23.49,25.58
274.54,176.82,55.6,21.32,24.04,25.58
266.17,168.44,45.48,21.62,24.34,25.58
254.31,156.58,30.99,21.65,24.37,25.58
254.99,157.27,33.12,21.51,24.23,25.58
250.06,152.34,23.28,21.37,24.09,25.58
281.1,183.37,62.92,20.69,23.41,25.58
294.99,196.48,79.13,20.32,23.04,25.59
298.7,197.95,81.29,20.33,23.05,25.59
302.25,197.26,81.01,20.32,23.04,25.59
317.55,317.55,317.55,317.55,317.55,317.55
322.29,322.29,322.29,322.29,322.29,322.29
329.65,329.65,329.65,329.65,329.65,329.65
324.74,324.74,324.74,324.74,324.74,324.74
321.64,321.64,321.64,321.64,321.64,321.64
327.44,327.44,327.44,327.44,327.44,327.44
343.87,343.87,343.87,343.87,343.87,343.87
343.21,343.21,343.21,343.21,343.21,343.21
349.25,349.25,349.25,349.25,349.25,349.25
355.06,355.06,355.06,355.06,355.06,355.06
364.32,364.32,364.32,364.32,364.32,364.32
357.59,231.33,133.6,20.64,23.36,25.59
309.66,185.74,78.29,22.05,24.77,25.59
245.75,133.91,20.76,23.48,25.59,25.59
216.66,109.45,21.47,24.19,25.59,25.59
210.38,103.94,21.64,24.36,25.59,25.59
205.68,99.14,21.67,24.39,25.59,25.59
194.91,85.03,21.69,24.41,25.59,25.59
217.14,109.58,21.05,23.77,25.59,25.59
273.85,153.66,34.19,22.39,25.11,25.59
347.19,203.33,96.09,20.69,23.41,25.59
366.17,214.75,110.75,20.32,23.04,25.59
370.47,220.62,119.92,20.31,23.03,25.59
371.31,221.81,121.98,20.31,23.03,25.59
380.01,380.01,380.01,380.01,380.01,380.01
383.71,383.71,383.71,383.71,383.71,383.71
383.98,383.98,383.98,383.98,383.98,383.98
383.12,383.12,383.12,383.12,383.12,383.12
382.4,382.4,382.4,382.4,382.4,382.4
382.38,382.38,382.38,382.38,382.38,382.38
382.85,382.85,382.85,382.85,382.85,382.85
382.38,382.38,382.38,382.38,382.38,382.38
385.04,385.04,385.04,385.04,385.04,385.04
392.91,392.91,392.91,392.91,392.91,392.91
397.96,397.96,397.96,397.96,397.96,397.96
392.51,251.33,153.61,35.49,23.27,25.58
347.9,210.87,113.14,21.77,24.49,25.59
280.8,152.32,32.18,23.12,25.59,25.59
255.56,132.82,20.96,23.68,25.59,25.59
241.26,124.14,21.2,23.92,25.59,25.59
239.04,130.75,20.93,23.65,25.59,25.59
245.08,138.78,20.66,23.38,25.59,25.59
255.54,148.94,25.59,22.98,25.59,25.59
280.93,173.35,55.68,21.83,24.55,25.59
319.27,200.03,88.96,20.62,23.34,25.59
346.29,212.95,106.75,20.26,22.98,25.59
350.94,212.38,105.91,20.27,22.99,25.59
333.25,207.05,97.76,20.31,23.03,25.59
332.8,332.8,332.8,332.8,332.8,332.8
336.04,336.04,336.04,336.04,336.04,336.04
327.81,327.81,327.81,327.81,327.81,327.81
321.91,321.91,321.91,321.91,321.91,321.91
315.39,315.39,315.39,315.39,315.39,315.39
298.41,298.41,298.41,298.41,298.41,298.41
279.56,279.56,279.56,279.56,279.56,279.56
279.34,279.34,279.34,279.34,279.34,279.34
292.08,292.08,292.08,292.08,292.08,292.08
304.44,304.44,304.44,304.44,304.44,304.44
313.83,313.83,313.83,313.83,313.83,313.83
290.52,174.02,54.38,20.39,23.11,25.59
274.55,159.11,36.63,21.05,23.77,25.59
252.06,140.98,19.18,21.9,24.62,25.59
245.15,135.39,19.46,22.18,24.9,25.59
250.33,140.13,19.17,21.89,24.61,25.59
258.94,148.3,22.18,21.4,24.12,25.59
261.23,150.49,24.66,21.19,23.91,25.59
266.93,155.6,31.02,20.91,23.63,25.59
272.77,161.18,37.78,20.62,23.34,25.58
292.02,176.19,58.74,20.38,23.1,25.59
315.09,184.0,71.12,20.32,23.04,25.59
312.88,179.88,65.84,20.33,23.05,25.59
311.79,178.27,64.09,20.32,23.04,25.59
307.13,307.13,307.13,307.13,307.13,307.13
302.6,302.6,302.6,302.6,302.6,302.6
296.21,296.21,296.21,296.21,296.21,296.21
291.95,291.95,291.95,291.95,291.95,291.95
284.4,284.4,284.4,284.4,284.4,284.4
285.91,285.91,285.91,285.91,285.91,285.91
286.14,286.14,286.14,286.14,286.14,286.14
285.18,285.18,285.18,285.18,285.18,285.18
285.66,285.66,285.66,285.66,285.66,285.66
282.48,282.48,282.48,282.48,282.48,282.48
280.12,280.12,280.12,280.12,280.12,280.12
290.06,178.25,61.65,20.51,23.23,25.59
273.16,162.1,40.84,21.44,24.16,25.59
244.18,135.34,19.68,22.4,25.12,25.59
229.73,120.86,20.13,22.85,25.57,25.59
233.67,123.12,20.04,22.76,25.48,25.59
236.7,126.94,19.68,22.4,25.12,25.59
256.73,145.08,20.58,21.94,24.66,25.59
267.06,153.24,30.86,21.52,24.24,25.59
279.74,165.86,46.91,20.95,23.67,25.59
297.74,183.38,70.67,20.45,23.17,25.59
327.36,203.42,100.68,20.31,23.03,25.59
315.32,200.96,96.77,20.32,23.04,25.59
308.22,199.53,94.8,20.33,23.05,25.59
312.3,312.3,312.3,312.3,312.3,312.3
309.31,309.31,309.31,309.31,309.31,309.31
309.36,309.36,309.36,309.36,309.36,309.36
310.21,310.21,310.21,310.21,310.21,310.21
309.9,309.9,309.9,309.9,309.9,309.9
310.46,310.46,310.46,310.46,310.46,310.46
313.93,313.93,313.93,313.93,313.93,313.93
315.15,315.15,315.15,315.15,315.15,315.15
331.76,331.76,331.76,331.76,331.76,331.76
357.53,357.53,357.53,357.53,357.53,357.53
379.73,379.73,379.73,379.73,379.73,379.73
375.78,229.64,131.91,20.53,23.25,25.59
343.33,197.06,94.41,21.43,24.15,25.59
304.19,169.59,56.47,22.1,24.82,25.59
266.98,153.97,36.75,22.49,25.21,25.59
247.01,138.92,20.22,22.94,25.59,25.59
248.29,139.87,20.11,22.83,25.55,25.59
259.12,150.31,32.57,22.38,25.1,25.59
284.86,169.61,56.24,21.62,24.34,25.59
308.91,182.22,73.27,21.23,23.95,25.59
333.12,197.69,93.89,20.63,23.35,25.59
367.2,215.89,118.17,20.31,23.03,25.59
371.28,219.77,122.05,20.3,23.02,25.59
360.31,214.73,117.0,20.3,23.02,25.59
350.68,350.68,350.68,350.68,350.68,350.68
339.65,339.65,339.65,339.65,339.65,339.65
318.71,318.71,318.71,318.71,318.71,318.71
308.29,308.29,308.29,308.29,308.29,308.29
297.72,297.72,297.72,297.72,297.72,297.72
291.7,291.7,291.7,291.7,291.7,291.7
290.18,290.18,290.18,290.18,290.18,290.18
288.39,288.39,288.39,288.39,288.39,288.39
298.71,298.71,298.71,298.71,298.71,298.71
315.04,315.04,315.04,315.04,315.04,315.04
344.33,344.33,344.33,344.33,344.33,344.33
357.72,204.04,104.03,20.35,23.07,25.59
344.5,206.28,107.69,20.62,23.34,25.59
347.62,203.96,105.36,20.95,23.67,25.59
332.62,192.34,90.4,21.43,24.15,25.59
335.41,191.72,90.02,21.51,24.23,25.59
332.6,190.75,88.33,21.49,24.21,25.59
344.37,197.55,97.16,21.44,24.16,25.59
351.03,206.01,106.96,21.19,23.91,25.59
354.51,213.91,116.19,20.89,23.61,25.59
370.08,223.54,125.82,20.41,23.13,25.59
373.55,227.12,129.4,20.29,23.01,25.59
352.62,220.0,122.27,20.3,23.02,25.59
344.04,217.72,119.72,20.3,23.02,25.59
334.02,334.02,334.02,334.02,334.02,334.02
314.41,314.41,314.41,314.41,314.41,314.41
303.84,303.84,303.84,303.84,303.84,303.84
285.62,285.62,285.62,285.62,285.62,285.62
279.51,279.51,279.51,279.51,279.51,279.51
277.36,277.36,277.36,277.36,277.36,277.36
278.43,278.43,278.43,278.43,278.43,278.43
281.4,281.4,281.4,281.4,281.4,281.4
284.43,284.43,284.43,284.43,284.43,284.43
294.93,294.93,294.93,294.93,294.93,294.93
308.52,308.52,308.52,308.52,308.52,308.52
306.71,187.98,78.75,20.42,23.14,25.59
286.15,174.19,60.79,21.01,23.73,25.59
289.72,170.23,56.91,21.39,24.11,25.59
283.86,167.69,53.23,21.54,24.26,25.59
276.72,167.5,51.84,21.43,24.15,25.59
277.51,168.33,52.82,21.38,24.1,25.59
275.16,166.02,49.7,21.42,24.14,25.59
287.88,178.37,66.22,20.94,23.66,25.59
296.39,186.62,77.06,20.67,23.39,25.59
306.51,193.84,85.93,20.38,23.1,25.59
328.27,204.86,102.7,20.26,22.98,25.59
360.02,215.15,117.43,20.25,22.97,25.59
363.2,214.52,116.8,20.26,22.98,25.59
347.08,347.08,347.08,347.08,347.08,347.08
335.56,335.56,335.56,335.56,335.56,335.56
321.77,321.77,321.77,321.77,321.77,321.77
292.28,292.28,292.28,292.28,292.28,292.28
281.12,281.12,281.12,281.12,281.12,281.12
279.4,279.4,279.4,279.4,279.4,279.4
276.54,276.54,276.54,276.54,276.54,276.54
271.97,271.97,271.97,271.97,271.97,271.97
276.71,276.71,276.71,276.71,276.71,276.71
291.22,291.22,291.22,291.22,291.22,291.22
302.33,302.33,302.33,302.33,302.33,302.33
312.68,195.92,86.31,20.34,23.06,25.59
290.94,183.91,70.4,20.78,23.5,25.59
264.9,167.17,48.93,21.39,24.11,25.59
246.56,148.83,26.74,21.95,24.67,25.59
244.07,146.35,23.96,22.12,24.84,25.59
249.13,151.4,30.58,21.95,24.67,25.59
258.03,160.31,41.88,21.57,24.29,25.59
276.36,178.64,66.12,21.01,23.73,25.59
285.33,187.6,78.75,20.73,23.45,25.59
292.95,195.23,88.68,20.36,23.08,25.59
296.91,199.18,92.67,20.29,23.01,25.59
297.46,199.73,92.05,20.29,23.01,25.59
298.82,201.1,94.29,20.29,23.01,25.59
303.54,303.54,303.54,303.54,303.54,303.54
301.33,301.33,301.33,301.33,301.33,301.33
284.76,284.76,284.76,284.76,284.76,284.76
285.48,285.48,285.48,285.48,285.48,285.48
288.63,288.63,288.63,288.63,288.63,288.63
280.23,280.23,280.23,280.23,280.23,280.23
276.98,276.98,276.98,276.98,276.98,276.98
275.1,275.1,275.1,275.1,275.1,275.1
275.91,275.91,275.91,275.91,275.91,275.91
274.1,274.1,274.1,274.1,274.1,274.1
284.91,284.91,284.91,284.91,284.91,284.91
289.97,192.24,80.08,20.35,23.07,25.59
285.26,186.29,73.2,20.76,23.48,25.59
278.38,178.42,64.23,21.25,23.97,25.59
265.67,166.33,48.85,21.78,24.5,25.59
253.1,155.37,34.2,22.15,24.87,25.59
244.36,146.64,23.55,22.55,25.27,25.59
251.01,153.29,31.82,22.19,24.91,25.59
263.96,166.23,47.71,21.56,24.28,25.59
273.25,175.52,59.68,21.07,23.79,25.59
290.39,192.66,81.88,20.46,23.18,25.59
302.19,204.46,98.7,20.3,23.02,25.59
303.71,205.99,100.86,20.29,23.01,25.59
303.73,206.01,101.01,20.29,23.01,25.59
307.25,307.25,307.25,307.25,307.25,307.25
311.34,311.34,311.34,311.34,311.34,311.34
322.66,322.66,322.66,322.66,322.66,322.66
312.36,312.36,312.36,312.36,312.36,312.36
295.12,295.12,295.12,295.12,295.12,295.12
296.67,296.67,296.67,296.67,296.67,296.67
296.86,296.86,296.86,296.86,296.86,296.86
297.4,297.4,297.4,297.4,297.4,297.4
296.52,296.52,296.52,296.52,296.52,296.52
292.34,292.34,292.34,292.34,292.34,292.34
293.53,293.53,293.53,293.53,293.53,293.53
287.24,189.51,74.08,20.41,23.13,25.59
274.12,176.4,58.35,21.2,23.92,25.59
259.93,162.21,41.05,21.91,24.63,25.59
246.43,148.7,24.0,22.45,25.17,25.59
236.16,138.44,20.19,22.91,25.59,25.59
237.34,139.62,20.17,22.89,25.59,25.59
243.96,146.24,20.99,22.48,25.2,25.59
252.41,154.68,31.19,21.85,24.57,25.59
266.16,168.43,47.75,21.05,23.77,25.59
282.0,184.27,67.75,20.41,23.13,25.59
294.84,197.12,84.64,20.29,23.01,25.59
296.24,198.51,85.37,20.3,23.02,25.59
306.04,208.32,97.07,20.29,23.01,25.59
307.16,307.16,307.16,307.16,307.16,307.16
296.66,296.66,296.66,296.66,296.66,296.66
293.66,293.66,293.66,293.66,293.66,293.66
291.36,291.36,291.36,291.36,291.36,291.36
289.94,289.94,289.94,289.94,289.94,289.94
291.4,291.4,291.4,291.4,291.4,291.4
291.31,291.31,291.31,291.31,291.31,291.31
290.05,290.05,290.05,290.05,290.05,290.05
290.52,290.52,290.52,290.52,290.52,290.52
290.65,290.65,290.65,290.65,290.65,290.65
288.93,288.93,288.93,288.93,288.93,288.93
282.99,185.26,66.49,20.36,23.08,25.59
278.31,180.59,60.74,20.72,23.44,25.59
262.07,164.34,41.12,21.43,24.15,25.59
242.16,144.43,19.2,21.92,24.64,25.59
235.91,138.19,19.45,22.17,24.89,25.59
234.76,137.04,19.37,22.09,24.81,25.59
253.7,155.98,33.92,21.56,24.28,25.59
261.56,163.83,42.62,21.22,23.94,25.59
275.02,177.3,57.46,20.79,23.51,25.59
283.59,185.86,66.69,20.42,23.14,25.59
289.9,192.18,75.84,20.31,23.03,25.59
296.64,198.91,85.34,20.31,23.03,25.59
293.47,195.75,80.36,20.31,23.03,25.59
294.43,294.43,294.43,294.43,294.43,294.43
293.15,293.15,293.15,293.15,293.15,293.15
287.55,287.55,287.55,287.55,287.55,287.55
283.8,283.8,283.8,283.8,283.8,283.8
283.15,283.15,283.15,283.15,283.15,283.15
286.06,286.06,286.06,286.06,286.06,286.06
288.49,288.49,288.49,288.49,288.49,288.49
293.1,293.1,293.1,293.1,293.1,293.1
294.88,294.88,294.88,294.88,294.88,294.88
301.35,301.35,301.35,301.35,301.35,301.35
308.06,308.06,308.06,308.06,308.06,308.06
307.19,209.47,100.57,20.42,23.14,25.59
266.52,168.8,49.95,21.52,24.24,25.59
219.71,121.14,20.32,23.04,25.59,25.59
205.04,106.41,21.07,23.79,25.59,25.59
193.92,95.46,21.54,24.26,25.59,25.59
173.32,69.05,21.48,24.2,25.59,25.59
173.3,67.15,21.19,23.91,25.59,25.59
189.75,88.3,20.62,23.34,25.59,25.59
241.43,143.7,19.29,22.01,24.73,25.59
287.2,189.48,73.68,20.64,23.36,25.59
306.88,209.16,101.5,20.31,23.03,25.59
310.72,212.99,108.04,20.29,23.01,25.59
315.57,217.85,115.38,20.29,23.01,25.59
320.14,320.14,320.14,320.14,320.14,320.14
337.68,337.68,337.68,337.68,337.68,337.68
339.49,339.49,339.49,339.49,339.49,339.49
329.31,329.31,329.31,329.31,329.31,329.31
321.43,321.43,321.43,321.43,321.43,321.43
322.84,322.84,322.84,322.84,322.84,322.84
328.88,328.88,328.88,328.88,328.88,328.88
347.44,347.44,347.44,347.44,347.44,347.44
364.18,364.18,364.18,364.18,364.18,364.18
376.46,376.46,376.46,376.46,376.46,376.46
383.51,383.51,383.51,383.51,383.51,383.51
374.09,245.44,147.72,24.06,23.15,25.59
325.46,197.21,94.81,21.63,24.35,25.59
258.62,147.41,29.21,23.08,25.59,25.59
236.7,131.09,20.97,23.69,25.59,25.59
214.55,108.54,21.33,24.05,25.59,25.59
211.76,105.7,21.32,24.04,25.59,25.59
227.05,120.89,21.01,23.73,25.59,25.59
265.11,141.89,22.02,23.22,25.59,25.59
299.82,168.38,55.01,22.13,24.85,25.59
343.18,208.58,104.34,20.69,23.41,25.59
365.45,228.74,131.02,20.31,23.03,25.59
371.55,235.42,137.7,20.31,23.03,25.59
371.77,235.07,137.34,20.31,23.03,25.59
379.62,379.62,379.62,379.62,379.62,379.62
380.39,380.39,380.39,380.39,380.39,380.39
374.9,374.9,374.9,374.9,374.9,374.9
378.63,378.63,378.63,378.63,378.63,378.63
381.42,381.42,381.42,381.42,381.42,381.42
373.87,373.87,373.87,373.87,373.87,373.87
374.44,374.44,374.44,374.44,374.44,374.44
376.55,376.55,376.55,376.55,376.55,376.55
384.75,384.75,384.75,384.75,384.75,384.75
401.04,401.04,401.04,401.04,401.04,401.04
411.92,411.92,411.92,411.92,411.92,411.92
409.56,254.53,156.81,38.28,23.06,25.59
390.83,233.59,135.87,20.73,23.45,25.6
372.16,209.82,112.1,21.2,23.92,25.6
378.67,212.7,114.97,21.39,24.11,25.6
398.71,221.99,124.27,21.35,24.07,25.6
410.79,232.08,134.36,21.12,23.84,25.6
422.77,239.35,141.63,20.89,23.61,25.59
437.18,248.49,150.76,28.15,23.4,25.59
446.78,256.32,158.59,39.04,23.17,25.59
452.27,259.63,161.91,43.5,23.02,25.59
455.33,264.28,166.55,50.57,22.98,25.59
457.23,264.93,167.21,51.76,22.98,25.59
457.65,263.55,165.83,51.73,22.97,25.59
459.48,459.48,459.48,459.48,459.48,459.48
461.6,461.6,461.6,461.6,461.6,461.6
460.26,460.26,460.26,460.26,460.26,460.26
458.91,458.91,458.91,458.91,458.91,458.91
457.71,457.71,457.71,457.71,457.71,457.71
452.45,452.45,452.45,452.45,452.45,452.45
456.63,456.63,456.63,456.63,456.63,456.63
457.06,457.06,457.06,457.06,457.06,457.06
457.84,457.84,457.84,457.84,457.84,457.84
456.47,456.47,456.47,456.47,456.47,456.47
450.79,450.79,450.79,450.79,450.79,450.79
451.57,246.3,148.58,25.07,22.99,25.59
454.38,247.82,150.09,27.71,23.03,25.59
449.89,243.51,145.79,22.83,23.12,25.59
445.48,239.3,141.57,20.51,23.23,25.6
437.68,233.97,136.24,20.68,23.4,25.6
438.95,232.7,134.98,20.74,23.46,25.6
440.54,233.66,135.85,20.71,23.43,25.6
445.71,238.83,134.86,20.81,23.53,25.6
457.9,251.02,145.54,26.75,23.28,25.6
475.34,268.46,161.6,45.05,23.03,25.6
483.62,276.74,165.68,49.68,22.97,25.59
487.21,280.33,165.7,50.03,22.98,25.59
489.88,283.0,167.9,53.72,22.98,25.59
492.62,492.62,492.62,492.62,492.62,492.62
490.59,490.59,490.59,490.59,490.59,490.59
490.56,490.56,490.56,490.56,490.56,490.56
490.84,490.84,490.84,490.84,490.84,490.84
490.85,490.85,490.85,490.85,490.85,490.85
487.89,487.89,487.89,487.89,487.89,487.89
490.21,490.21,490.21,490.21,490.21,490.21
488.84,488.84,488.84,488.84,488.84,488.84
489.72,489.72,489.72,489.72,489.72,489.72
486.31,486.31,486.31,486.31,486.31,486.31
484.17,484.17,484.17,484.17,484.17,484.17
482.36,275.48,160.2,41.68,23.06,25.59
462.36,255.48,145.24,22.61,23.64,25.59
431.75,224.87,119.96,21.75,24.47,25.59
391.7,184.82,80.43,22.67,25.39,25.59
365.01,158.13,43.04,23.33,25.59,25.59
359.12,152.24,33.51,23.5,25.59,25.59
352.85,145.97,22.03,23.53,25.59,25.59
355.41,148.53,26.03,23.21,25.59,25.59
394.65,187.77,69.51,22.08,24.8,25.59
467.44,260.56,137.44,20.63,23.35,25.59
484.29,277.41,152.96,31.55,23.02,25.59
487.18,280.3,160.3,41.55,23.01,25.59
486.54,279.66,160.45,42.11,23.02,25.59
488.28,488.28,488.28,488.28,488.28,488.28
487.99,487.99,487.99,487.99,487.99,487.99
483.8,483.8,483.8,483.8,483.8,483.8
485.28,485.28,485.28,485.28,485.28,485.28
483.79,483.79,483.79,483.79,483.79,483.79
483.11,483.11,483.11,483.11,483.11,483.11
483.95,483.95,483.95,483.95,483.95,483.95
481.67,481.67,481.67,481.67,481.67,481.67
482.85,482.85,482.85,482.85,482.85,482.85
482.61,482.61,482.61,482.61,482.61,482.61
485.65,485.65,485.65,485.65,485.65,485.65
478.14,271.26,170.69,59.65,23.04,25.59
449.71,254.53,156.81,40.43,23.59,25.59
417.08,237.18,139.45,21.42,24.14,25.59
422.78,238.11,140.39,21.44,24.16,25.59
432.49,226.83,129.11,21.75,24.47,25.59
436.18,229.3,122.95,21.73,24.45,25.59
443.58,236.7,122.8,21.55,24.27,25.59
461.94,255.06,132.64,21.11,23.83,25.59
480.15,273.27,143.56,20.89,23.42,25.59
499.44,292.56,154.74,35.68,23.09,25.59
504.04,297.16,157.74,39.89,22.99,25.59
501.87,294.99,156.35,37.77,23.0,25.59
499.93,293.05,154.58,35.52,23.0,25.59
502.7,502.7,502.7,502.7,502.7,502.7
504.35,504.35,504.35,504.35,504.35,504.35
504.53,504.53,504.53,504.53,504.53,504.53
504.9,504.9,504.9,504.9,504.9,504.9
504.53,504.53,504.53,504.53,504.53,504.53
504.62,504.62,504.62,504.62,504.62,504.62
504.58,504.58,504.58,504.58,504.58,504.58
504.67,504.67,504.67,504.67,504.67,504.67
505.93,505.93,505.93,505.93,505.93,505.93
505.19,505.19,505.19,505.19,505.19,505.19
508.06,508.06,508.06,508.06,508.06,508.06
504.47,297.59,156.24,38.71,23.13,25.59
470.39,263.51,131.89,21.47,24.19,25.59
432.55,225.67,102.32,22.62,25.34,25.6
407.65,200.77,77.57,23.23,25.6,25.6
387.22,180.34,45.94,23.63,25.6,25.6
364.43,157.55,27.4,23.78,25.6,25.6
344.81,137.93,21.05,23.77,25.6,25.6
342.6,139.24,26.58,23.34,25.6,25.6
379.86,181.58,79.45,22.1,24.82,25.6
456.32,249.44,133.9,20.62,23.34,25.6
508.0,301.12,157.55,40.56,22.94,25.6
526.08,319.2,165.91,51.43,22.93,25.6
529.37,322.49,168.84,54.72,22.93,25.6
540.89,540.89,540.89,540.89,540.89,540.89
542.37,542.37,542.37,542.37,542.37,542.37
541.53,541.53,541.53,541.53,541.53,541.53
541.55,541.55,541.55,541.55,541.55,541.55
541.17,541.17,541.17,541.17,541.17,541.17
540.0,540.0,540.0,540.0,540.0,540.0
539.4,539.4,539.4,539.4,539.4,539.4
538.44,538.44,538.44,538.44,538.44,538.44
537.81,537.81,537.81,537.81,537.81,537.81
533.77,533.77,533.77,533.77,533.77,533.77
531.63,531.63,531.63,531.63,531.63,531.63
526.96,320.08,187.03,85.9,23.13,25.59
493.74,286.87,158.56,47.24,24.04,25.59
454.2,247.32,119.84,22.41,25.13,25.59
435.87,228.99,99.83,22.87,25.59,25.59
431.81,224.93,88.29,22.95,25.59,25.59
430.22,223.34,74.11,23.02,25.59,25.59
421.29,214.41,59.16,23.24,25.59,25.59
438.06,231.18,76.45,22.7,25.42,25.59
470.06,263.18,97.22,21.81,24.53,25.59
520.32,313.44,149.51,35.16,23.3,25.59
535.26,328.38,165.21,53.96,22.98,25.59
535.62,328.74,168.17,56.27,22.98,25.59
535.43,328.55,168.9,57.21,22.98,25.59
535.15,535.15,535.15,535.15,535.15,535.15
535.42,535.42,535.42,535.42,535.42,535.42
539.08,539.08,539.08,539.08,539.08,539.08
535.97,535.97,535.97,535.97,535.97,535.97
517.07,517.07,517.07,517.07,517.07,517.07
507.83,507.83,507.83,507.83,507.83,507.83
499.17,499.17,499.17,499.17,499.17,499.17
495.69,495.69,495.69,495.69,495.69,495.69
518.6,518.6,518.6,518.6,518.6,518.6
540.77,540.77,540.77,540.77,540.77,540.77
532.75,532.75,532.75,532.75,532.75,532.75
535.89,329.01,181.29,75.76,23.02,25.58
531.79,324.91,171.25,64.24,23.18,25.58
528.69,321.81,165.83,56.72,23.29,25.59
526.05,319.17,161.55,50.55,23.36,25.59
519.21,312.33,157.13,42.61,23.42,25.59
514.74,307.86,156.42,41.0,23.39,25.59
518.49,311.61,158.85,43.53,23.31,25.59
522.06,315.18,159.38,44.52,23.2,25.59
526.78,319.9,163.72,50.1,23.07,25.59
530.81,323.93,170.15,58.93,22.96,25.59
531.86,531.86,531.86,531.86,531.86,531.86
532.33,532.33,532.33,532.33,532.33,532.33
530.66,530.66,530.66,530.66,530.66,530.66
530.86,530.86,530.86,530.86,530.86,530.86
531.13,531.13,531.13,531.13,531.13,531.13
532.93,532.93,532.93,532.93,532.93,532.93
523.21,523.21,523.21,523.21,523.21,523.21
498.69,498.69,498.69,498.69,498.69,498.69
498.71,498.71,498.71,498.71,498.71,498.71
506.65,506.65,506.65,506.65,506.65,506.65
514.07,514.07,514.07,514.07,514.07,514.07
532.22,532.22,532.22,532.22,532.22,532.22
532.99,532.99,532.99,532.99,532.99,532.99
528.28,528.28,528.28,528.28,528.28,528.28
524.37,317.49,177.55,72.12,23.08,25.58
510.38,303.5,166.3,57.42,23.46,25.58
493.11,286.23,149.04,33.54,23.95,25.59
475.73,268.86,130.11,21.6,24.32,25.59
476.44,269.56,130.24,21.67,24.39,25.59
483.25,276.37,133.22,21.5,24.22,25.59
491.18,284.3,136.03,21.29,24.01,25.59
502.47,295.59,143.4,25.84,23.71,25.59
514.82,307.94,152.79,37.44,23.37,25.59
527.2,320.32,163.03,49.3,23.07,25.59
531.44,324.56,168.78,57.4,22.98,25.59
531.34,324.46,169.77,59.01,22.98,25.59
530.62,323.75,169.23,58.06,22.98,25.59
531.46,531.46,531.46,531.46,531.46,531.46
529.87,529.87,529.87,529.87,529.87,529.87
532.72,532.72,532.72,532.72,532.72,532.72
532.97,532.97,532.97,532.97,532.97,532.97
509.55,509.55,509.55,509.55,509.55,509.55
502.23,502.23,502.23,502.23,502.23,502.23
501.73,501.73,501.73,501.73,501.73,501.73
502.16,502.16,502.16,502.16,502.16,502.16
512.22,512.22,512.22,512.22,512.22,512.22
530.86,530.86,530.86,530.86,530.86,530.86
530.29,530.29,530.29,530.29,530.29,530.29
529.62,322.74,164.09,50.38,22.99,25.59
528.66,321.78,162.58,48.48,23.03,25.59
527.16,320.28,162.64,48.66,23.04,25.59
523.19,316.31,161.33,48.6,23.12,25.59
509.53,302.65,148.23,31.93,23.44,25.59
501.88,295.0,139.49,21.94,23.63,25.59
493.48,286.6,128.04,21.01,23.73,25.59
494.09,287.21,121.49,20.95,23.67,25.59
503.68,296.8,126.69,20.69,23.41,25.59
514.85,307.97,139.04,22.38,23.08,25.59
524.45,317.57,159.05,46.16,22.99,25.59
525.75,318.87,160.34,47.13,23.01,25.59
521.34,314.46,155.01,41.74,23.06,25.58
521.75,521.75,521.75,521.75,521.75,521.75
521.27,521.27,521.27,521.27,521.27,521.27
521.91,521.91,521.91,521.91,521.91,521.91
528.9,528.9,528.9,528.9,528.9,528.9
533.35,533.35,533.35,533.35,533.35,533.35
532.13,532.13,532.13,532.13,532.13,532.13
533.31,533.31,533.31,533.31,533.31,533.31
533.67,533.67,533.67,533.67,533.67,533.67
533.6,533.6,533.6,533.6,533.6,533.6
534.08,534.08,534.08,534.08,534.08,534.08
534.58,534.58,534.58,534.58,534.58,534.58
531.19,324.31,147.64,34.61,23.05,25.59
511.45,304.57,142.06,26.6,23.59,25.59
472.09,265.21,107.32,21.86,24.58,25.59
423.46,216.58,68.86,22.97,25.59,25.59
397.33,190.45,56.97,23.33,25.59,25.59
386.58,179.7,50.96,23.48,25.59,25.59
405.51,198.63,53.91,23.42,25.59,25.59
425.61,218.73,78.36,22.98,25.58,25.58
473.47,266.59,121.61,21.9,24.62,25.58
527.4,320.53,168.02,55.93,23.39,25.58
545.17,338.29,193.05,89.17,23.04,25.58
544.88,338.0,198.72,97.41,23.04,25.58
544.49,337.61,201.37,101.75,23.03,25.59
545.17,545.17,545.17,545.17,545.17,545.17
545.01,545.01,545.01,545.01,545.01,545.01
545.85,545.85,545.85,545.85,545.85,545.85
546.22,546.22,546.22,546.22,546.22,546.22
546.81,546.81,546.81,546.81,546.81,546.81
546.37,546.37,546.37,546.37,546.37,546.37
546.9,546.9,546.9,546.9,546.9,546.9
540.33,540.33,540.33,540.33,540.33,540.33
531.77,531.77,531.77,531.77,531.77,531.77
533.41,533.41,533.41,533.41,533.41,533.41
518.73,518.73,518.73,518.73,518.73,518.73
511.97,312.0,202.43,104.1,23.09,25.59
485.62,286.87,178.59,71.99,23.76,25.59
452.2,254.87,148.75,33.32,24.68,25.59
425.92,234.74,131.41,22.45,25.17,25.59
406.27,224.8,123.78,22.65,25.37,25.59
402.05,219.74,120.22,22.7,25.42,25.59
411.11,226.79,125.0,22.58,25.3,25.59
407.75,229.24,128.57,22.34,25.06,25.59
431.34,252.97,150.06,33.55,24.28,25.59
465.25,284.53,179.78,73.53,23.25,25.59
472.7,291.24,185.31,79.14,22.97,25.59
473.12,291.74,185.98,78.9,22.97,25.59
470.61,290.89,185.91,79.28,22.98,25.59
474.95,474.95,474.95,474.95,474.95,474.95
476.73,476.73,476.73,476.73,476.73,476.73
475.41,475.41,475.41,475.41,475.41,475.41
483.98,483.98,483.98,483.98,483.98,483.98
499.83,499.83,499.83,499.83,499.83,499.83
504.83,504.83,504.83,504.83,504.83,504.83
509.89,509.89,509.89,509.89,509.89,509.89
505.86,505.86,505.86,505.86,505.86,505.86
491.34,491.34,491.34,491.34,491.34,491.34
489.94,489.94,489.94,489.94,489.94,489.94
503.5,503.5,503.5,503.5,503.5,503.5
501.15,302.35,192.87,89.27,23.11,25.58
471.17,275.3,169.28,58.22,23.9,25.59
427.92,236.12,135.4,22.27,24.99,25.59
391.2,206.87,108.42,22.91,25.59,25.59
365.06,185.11,81.6,23.24,25.6,25.6
349.37,167.86,56.72,23.47,25.6,25.6
346.03,161.23,48.82,23.45,25.6,25.6
346.02,153.72,39.75,23.24,25.6,25.6
379.29,178.25,71.75,22.21,24.93,25.6
450.49,249.99,145.48,22.94,23.38,25.59
483.26,286.59,179.14,65.29,23.0,25.59
486.1,291.34,182.71,70.11,23.0,25.59
499.63,299.96,188.6,79.71,23.0,25.59
503.68,503.68,503.68,503.68,503.68,503.68
505.82,505.82,505.82,505.82,505.82,505.82
510.12,510.12,510.12,510.12,510.12,510.12
535.12,535.12,535.12,535.12,535.12,535.12
545.03,545.03,545.03,545.03,545.03,545.03
545.93,545.93,545.93,545.93,545.93,545.93
552.2,552.2,552.2,552.2,552.2,552.2
554.14,554.14,554.14,554.14,554.14,554.14
555.31,555.31,555.31,555.31,555.31,555.31
553.31,553.31,553.31,553.31,553.31,553.31
552.95,552.95,552.95,552.95,552.95,552.95
548.78,341.9,202.3,102.89,23.08,25.59
515.96,309.08,175.74,67.54,23.88,25.59
466.34,259.46,129.71,22.29,25.01,25.59
431.33,224.45,88.74,23.03,25.59,25.59
418.89,212.01,71.29,23.27,25.59,25.59
403.87,196.99,58.61,23.33,25.59,25.59
389.73,182.85,40.96,23.31,25.59,25.59
403.12,196.24,57.38,22.87,25.59,25.59
436.57,229.69,85.18,21.98,24.7,25.59
484.78,277.9,128.13,20.73,23.45,25.59
505.54,298.66,157.52,42.67,22.99,25.59
508.86,301.98,168.17,55.98,22.98,25.59
509.3,302.42,171.54,61.06,22.98,25.59
510.97,510.97,510.97,510.97,510.97,510.97
511.22,511.22,511.22,511.22,511.22,511.22
510.45,510.45,510.45,510.45,510.45,510.45
510.0,510.0,510.0,510.0,510.0,510.0
510.08,510.08,510.08,510.08,510.08,510.08
510.28,510.28,510.28,510.28,510.28,510.28
510.16,510.16,510.16,510.16,510.16,510.16
510.68,510.68,510.68,510.68,510.68,510.68
531.41,531.41,531.41,531.41,531.41,531.41
536.51,536.51,536.51,536.51,536.51,536.51
536.46,536.46,536.46,536.46,536.46,536.46
531.98,325.11,183.98,82.29,23.11,25.58
506.8,299.92,162.72,53.94,23.79,25.58
464.93,258.05,117.35,22.1,24.82,25.58
410.13,203.25,88.5,22.68,25.4,25.58
361.91,155.03,36.06,23.21,25.6,25.6
327.27,129.81,20.82,23.54,25.6,25.6
316.83,126.05,20.93,23.65,25.6,25.6
321.83,129.5,20.59,23.31,25.6,25.6
358.86,161.85,51.9,22.28,25.0,25.59
452.25,245.37,133.13,20.69,23.41,25.6
517.14,310.26,161.84,46.99,23.04,25.58
535.26,328.38,167.98,56.11,23.07,25.58
535.01,328.13,167.64,55.68,23.07,25.58
536.99,536.99,536.99,536.99,536.99,536.99
530.86,530.86,530.86,530.86,530.86,530.86
522.96,522.96,522.96,522.96,522.96,522.96
521.82,521.82,521.82,521.82,521.82,521.82
521.65,521.65,521.65,521.65,521.65,521.65
522.43,522.43,522.43,522.43,522.43,522.43
521.88,521.88,521.88,521.88,521.88,521.88
521.85,521.85,521.85,521.85,521.85,521.85
522.16,522.16,522.16,522.16,522.16,522.16
523.17,523.17,523.17,523.17,523.17,523.17
527.47,527.47,527.47,527.47,527.47,527.47
526.9,320.02,185.76,82.81,23.08,25.58
497.92,291.04,161.07,49.91,23.88,25.58
450.29,243.41,114.75,22.38,25.1,25.58
380.33,175.32,72.38,23.19,25.58,25.58
320.07,153.91,40.72,23.55,25.59,25.59
300.65,146.53,29.7,23.67,25.6,25.6
289.85,141.83,23.59,23.64,25.6,25.6
300.04,148.05,31.96,23.24,25.6,25.6
344.78,178.48,70.82,22.14,24.86,25.59
445.01,238.13,131.65,20.68,23.4,25.59
480.16,273.28,149.13,26.93,23.06,25.58
486.57,279.69,153.91,33.4,23.05,25.58
489.83,282.95,156.17,36.46,22.95,25.59
491.75,284.87,157.81,38.47,22.92,25.6
490.53,283.65,157.01,37.28,22.93,25.59
499.35,292.47,159.43,41.37,22.92,25.6
513.67,306.79,163.47,47.71,22.93,25.6
517.09,517.09,517.09,517.09,517.09,517.09
516.8,516.8,516.8,516.8,516.8,516.8
521.47,521.47,521.47,521.47,521.47,521.47
525.75,525.75,525.75,525.75,525.75,525.75
531.65,531.65,531.65,531.65,531.65,531.65
535.04,535.04,535.04,535.04,535.04,535.04
536.64,536.64,536.64,536.64,536.64,536.64
530.49,323.62,178.62,73.8,23.13,25.58
495.15,288.27,148.4,33.03,24.0,25.58
397.54,190.77,91.75,22.61,25.33,25.59
311.45,145.05,29.46,23.47,25.6,25.6
249.18,116.94,21.24,23.96,25.6,25.6
222.28,109.26,21.37,24.09,25.6,25.6
213.17,101.68,21.37,24.09,25.59,25.59
222.52,110.24,20.9,23.62,25.59,25.59
260.88,147.62,24.03,22.38,25.1,25.59
310.78,187.73,72.81,20.82,23.54,25.59
344.48,205.86,96.47,20.34,23.06,25.58
373.36,214.73,110.66,20.34,23.06,25.58
365.21,207.84,101.73,20.34,23.06,25.58
369.42,369.42,369.42,369.42,369.42,369.42
367.78,367.78,367.78,367.78,367.78,367.78
356.49,356.49,356.49,356.49,356.49,356.49
346.28,346.28,346.28,346.28,346.28,346.28
351.68,206.9,99.12,20.2,22.92,25.6
360.09,215.91,110.96,20.2,22.92,25.6
359.97,216.24,111.01,20.2,22.92,25.6
360.28,216.75,111.0,20.2,22.92,25.6
374.21,223.67,119.73,20.2,22.92,25.6
389.93,225.14,123.08,20.24,22.96,25.59
393.79,225.57,124.49,20.34,23.06,25.58
388.17,221.62,120.2,20.42,23.14,25.58
335.84,191.74,81.73,21.35,24.07,25.58
272.85,146.64,25.82,22.7,25.42,25.59
231.93,116.54,20.75,23.47,25.6,25.6
194.46,82.98,21.41,24.13,25.6,25.6
161.6,46.82,21.75,24.47,25.6,25.6
194.34,94.44,21.06,23.78,25.6,25.6
224.01,126.29,20.25,22.97,25.6,25.6
248.73,151.01,24.46,21.93,24.65,25.6
280.27,182.54,60.69,20.58,23.3,25.6
299.24,201.52,85.2,20.3,23.02,25.58
300.53,202.81,86.74,20.31,23.03,25.59
291.84,194.11,75.93,20.31,23.03,25.58
292.88,195.15,77.11,20.28,23.0,25.59
289.69,191.97,72.97,20.29,23.01,25.58
287.75,190.03,70.38,20.29,23.01,25.58
269.61,171.89,47.67,20.31,23.03,25.58
260.14,260.14,260.14,260.14,260.14,260.14
242.15,242.15,242.15,242.15,242.15,242.15
246.28,246.28,246.28,246.28,246.28,246.28
239.46,239.46,239.46,239.46,239.46,239.46
233.21,233.21,233.21,233.21,233.21,233.21
233.55,233.55,233.55,233.55,233.55,233.55
222.86,222.86,222.86,222.86,222.86,222.86
222.99,125.27,17.58,20.3,23.02,25.59
240.55,142.82,17.97,20.69,23.41,25.59
261.96,164.23,43.79,21.03,23.75,25.59
260.62,162.89,41.18,21.46,24.18,25.59
265.6,167.87,45.2,21.49,24.21,25.59
270.2,172.48,49.99,21.38,24.1,25.59
269.85,172.12,49.45,21.33,24.05,25.59
276.84,179.12,57.63,20.97,23.69,25.59
284.31,186.59,66.59,20.57,23.29,25.59
288.32,190.6,71.26,20.34,23.06,25.59
288.46,190.74,71.64,20.33,23.05,25.58
287.3,189.58,70.0,20.32,23.04,25.58
