slack_0,non_interrupt,interrupt
5881.65,5749.93,5586.28
5884.58,5749.93,5586.28
5889.95,5749.93,5586.28
5902.09,5749.93,5586.28
5921.47,5749.93,5586.28
5937.94,5749.93,5586.28
5953.08,5749.93,5586.28
5964.05,5749.93,5586.28
5966.84,5749.93,5586.28
5969.5599999999995,5749.93,5586.28
5973.49,5749.93,5586.28
5973.74,5749.93,5586.28
5974.83,5749.93,5586.28
5975.3099999999995,5749.93,5586.28
5975.26,5749.93,5586.28
5974.67,5749.93,5586.28
5973.55,5749.93,5586.28
5970.57,5749.93,5586.28
5965.8,5749.93,5586.28
5961.82,5749.93,5586.28
5959.37,5749.93,5586.28
5957.08,5749.93,5586.28
5955.13,5749.93,5586.28
5955.46,5749.93,5586.28
5954.95,5749.93,5586.28
5954.56,5749.93,5586.28
5954.7,5749.93,5586.28
5955.46,5749.93,5586.28
5956.78,5749.93,5586.28
5959.82,5749.93,5586.28
5964.15,5749.93,5586.28
5967.47,5749.93,5586.28
5969.21,5749.93,5586.28
5970.42,5749.93,5586.28
5970.9,5749.93,5586.28
5970.63,5749.93,5586.28
5969.09,5749.93,5586.28
5964.81,5749.93,5586.28
5955.37,5749.93,5586.28
5940.88,5749.93,5586.28
5929.72,5749.93,5586.28
5916.18,5749.93,5586.28
5896.0,5749.93,5586.28
5878.14,5749.93,5586.28
5871.81,5749.93,5586.28
5867.3,5749.93,5586.28
5862.6,5749.93,5586.28
5861.21,5749.93,5586.28
5863.26,5749.93,5586.28
5867.99,5749.93,5586.28
5877.25,5749.93,5586.28
5890.89,5749.93,5586.28
5901.29,5749.93,5586.28
5914.38,5749.93,5586.28
5934.49,5749.93,5586.28
5952.46,5749.93,5586.28
5958.93,5749.93,5586.28
5963.91,5749.93,5586.28
5969.26,5749.93,5586.28
5971.22,5749.93,5586.28
5969.75,5749.93,5586.28
5964.48,5749.93,5586.28
5955.03,5749.93,5586.28
5945.6,5749.93,5586.28
5936.26,5749.93,5586.28
5924.57,5749.93,5586.28
5910.84,5749.93,5586.28
5897.99,5749.93,5586.28
5889.9400000000005,5749.93,5586.28
5884.36,5749.93,5586.28
5879.42,5749.93,5586.28
5876.47,5749.93,5586.28
5875.71,5749.93,5586.28
5879.75,5749.93,5586.28
5888.65,5749.93,5586.28
5898.2300000000005,5749.93,5586.28
5907.65,5749.93,5586.28
5918.92,5749.93,5586.28
5932.48,5749.93,5586.28
5945.15,5749.93,5586.28
5953.02,5749.93,5586.28
5958.42,5749.93,5586.28
5963.23,5749.93,5586.28
5965.35,5749.93,5586.28
5965.87,5749.93,5586.28
5959.91,5749.93,5586.28
5949.78,5749.93,5586.28
5933.86,5749.93,5586.28
5913.38,5749.93,5586.28
5889.76,5749.93,5586.28
5866.73,5749.93,5586.28
5849.99,5749.93,5586.28
5834.8,5749.93,5586.28
5825.13,5749.93,5586.28
5816.76,5749.93,5586.28
5815.17,5749.93,5586.28
5814.1900000000005,5749.93,5586.28
5820.01,5749.93,5586.28
5830.02,5749.93,5586.28
5845.81,5749.93,5586.28
5866.2,5749.93,5586.28
5890.08,5749.93,5586.28
5913.25,5749.93,5586.28
5930.17,5749.93,5586.28
5945.53,5749.93,5586.28
5955.36,5749.93,5586.28
5963.89,5749.93,5586.28
5966.23,5749.93,5586.28
5967.37,5749.93,5586.28
5962.94,5749.93,5586.28
5952.21,5749.93,5586.28
5935.58,5749.93,5586.28
5914.62,5749.93,5586.28
5893.78,5749.93,5586.28
5873.89,5749.93,5586.28
5857.35,5749.93,5586.28
5841.42,5749.93,5586.28
5831.37,5749.93,5586.28
5825.47,5749.93,5586.28
5823.85,5749.93,5586.28
5823.88,5749.93,5586.28
5828.35,5749.93,5586.28
5839.1,5749.93,5586.28
5855.7300000000005,5749.93,5586.28
5876.68,5749.93,5586.28
5897.54,5749.93,5586.28
5917.55,5749.93,5586.28
5934.18,5749.93,5586.28
5950.21,5749.93,5586.28
5960.38,5749.93,5586.28
5966.39,5749.93,5586.28
5968.24,5749.93,5586.28
5968.42,5749.93,5586.28
5963.74,5749.93,5586.28
5953.4,5749.93,5586.28
5939.24,5749.93,5586.28
5920.79,5749.93,5586.28
5904.16,5749.93,5586.28
5885.3,5749.93,5586.28
5867.99,5749.93,5586.28
5856.13,5749.93,5586.28
5850.01,5749.93,5586.28
5846.26,5749.93,5586.28
5844.49,5749.93,5586.28
5844.16,5749.93,5586.28
5848.75,5749.93,5586.28
5858.97,5749.93,5586.28
5872.96,5749.93,5586.28
5891.38,5749.93,5586.28
5908.2,5749.93,5586.28
5927.01,5749.93,5586.28
5944.28,5749.93,5586.28
5956.13,5749.93,5586.28
5962.28,5749.93,5586.28
5966.2,5749.93,5586.28
5968.39,5749.93,5586.28
5969.36,5749.93,5586.28
5966.4,5749.93,5586.28
5955.7300000000005,5749.93,5586.28
5940.14,5749.93,5586.28
5920.95,5749.93,5586.28
5902.63,5749.93,5586.28
5887.55,5749.93,5586.28
5871.32,5749.93,5586.28
5863.04,5749.93,5586.28
5854.99,5749.93,5586.28
5850.42,5749.93,5586.28
5848.17,5749.93,5586.28
5847.99,5749.93,5586.28
5851.57,5749.93,5586.28
5862.74,5749.93,5586.28
5878.76,5749.93,5586.28
5898.19,5749.93,5586.28
5916.5,5749.93,5586.28
5931.7,5749.93,5586.28
5948.06,5749.93,5586.28
5956.48,5749.93,5586.28
5964.67,5749.93,5586.28
5969.41,5749.93,5586.28
5971.91,5749.93,5586.28
5972.44,5749.93,5586.28
5968.44,5749.93,5586.28
5958.33,5749.93,5586.28
5945.29,5749.93,5586.28
5927.24,5749.93,5586.28
5906.54,5749.93,5586.28
5885.03,5749.93,5586.28
5863.43,5749.93,5586.28
5843.76,5749.93,5586.28
5828.36,5749.93,5586.28
5819.48,5749.93,5586.28
5816.65,5749.93,5586.28
5816.13,5749.93,5586.28
5820.11,5749.93,5586.28
5830.26,5749.93,5586.28
5843.41,5749.93,5586.28
5861.59,5749.93,5586.28
5882.49,5749.93,5586.28
5904.13,5749.93,5586.28
5925.85,5749.93,5586.28
5945.59,5749.93,5586.28
5961.02,5749.93,5586.28
5969.71,5749.93,5586.28
5971.94,5749.93,5586.28
5971.58,5749.93,5586.28
5967.53,5749.93,5586.28
5956.95,5749.93,5586.28
5942.41,5749.93,5586.28
5923.68,5749.93,5586.28
5903.84,5749.93,5586.28
5883.29,5749.93,5586.28
5866.64,5749.93,5586.28
5850.41,5749.93,5586.28
5836.78,5749.93,5586.28
5829.68,5749.93,5586.28
5827.26,5749.93,5586.28
5826.93,5749.93,5586.28
5830.44,5749.93,5586.28
5840.59,5749.93,5586.28
5854.78,5749.93,5586.28
5873.2,5749.93,5586.28
5892.69,5749.93,5586.28
5912.85,5749.93,5586.28
5929.11,5749.93,5586.28
5944.92,5749.93,5586.28
5958.14,5749.93,5586.28
5964.88,5749.93,5586.28
5967.01,5749.93,5586.28
5967.13,5749.93,5586.28
5960.97,5749.93,5586.28
5949.97,5749.93,5586.28
5935.04,5749.93,5586.28
5918.82,5749.93,5586.28
5917.51,5749.93,5586.28
5899.91,5749.93,5586.28
5884.83,5749.93,5586.28
5874.66,5749.93,5586.28
5866.04,5749.93,5586.28
5858.93,5749.93,5586.28
5855.52,5749.93,5586.28
5855.24,5749.93,5586.28
5861.33,5749.93,5586.28
5872.26,5749.93,5586.28
5887.09,5749.93,5586.28
5903.2,5749.93,5586.28
5904.3,5749.93,5586.28
5921.8,5749.93,5586.28
5936.7699999999995,5749.93,5586.28
5946.86,5749.93,5586.28
5955.38,5749.93,5586.28
5962.42,5749.93,5586.28
5965.78,5749.93,5586.28
5966.07,5749.93,5586.28
5962.96,5749.93,5586.28
5952.36,5749.93,5586.28
5938.45,5749.93,5586.28
5922.08,5749.93,5586.28
5899.89,5749.93,5586.28
5878.52,5749.93,5586.28
5859.67,5749.93,5586.28
5841.25,5749.93,5586.28
5828.51,5749.93,5586.28
5820.110000000001,5749.93,5586.28
5817.53,5749.93,5586.28
5817.37,5749.93,5586.28
5820.4800000000005,5749.93,5586.28
5831.06,5749.93,5586.28
5844.96,5749.93,5586.28
5861.29,5749.93,5586.28
5883.39,5749.93,5586.28
5904.7,5749.93,5586.28
5923.5,5749.93,5586.28
5941.87,5749.93,5586.28
5954.57,5749.93,5586.28
5962.93,5749.93,5586.28
5965.48,5749.93,5586.28
5965.5,5749.93,5586.28
5961.1,5749.93,5586.28
5949.82,5749.93,5586.28
5934.12,5749.93,5586.28
5933.21,5749.93,5586.28
5932.17,5749.93,5586.28
5919.51,5749.93,5586.28
5901.1,5749.93,5586.28
5884.7,5749.93,5586.28
5873.07,5749.93,5586.28
5866.13,5749.93,5586.28
5863.79,5749.93,5586.28
5863.71,5749.93,5586.28
5868.07,5749.93,5586.28
5879.31,5749.93,5586.28
5894.96,5749.93,5586.28
5895.83,5749.93,5586.28
5896.9,5749.93,5586.28
5909.53,5749.93,5586.28
5927.91,5749.93,5586.28
5944.28,5749.93,5586.28
5955.88,5749.93,5586.28
5962.8,5749.93,5586.28
5965.13,5749.93,5586.28
5965.33,5749.93,5586.28
5961.64,5749.93,5586.28
5952.36,5749.93,5586.28
5937.75,5749.93,5586.28
5921.82,5749.93,5586.28
5899.76,5749.93,5586.28
5877.63,5749.93,5586.28
5859.72,5749.93,5586.28
5844.13,5749.93,5586.28
5831.32,5749.93,5586.28
5822.75,5749.93,5586.28
5819.42,5749.93,5586.28
5819.26,5749.93,5586.28
5822.99,5749.93,5586.28
5832.3,5749.93,5586.28
5846.9,5749.93,5586.28
5862.72,5749.93,5586.28
5884.3,5749.93,5586.28
5906.03,5749.93,5586.28
5923.57,5749.93,5586.28
5938.79,5749.93,5586.28
5951.29,5749.93,5586.28
5959.68,5749.93,5586.28
5963.07,5749.93,5586.28
5963.46,5749.93,5586.28
5959.91,5749.93,5586.28
5949.13,5749.93,5586.28
5931.86,5749.93,5586.28
5910.29,5749.93,5586.28
5888.2,5749.93,5586.28
5865.78,5749.93,5586.28
5847.66,5749.93,5586.28
5835.13,5749.93,5586.28
5825.36,5749.93,5586.28
5820.19,5749.93,5586.28
5817.73,5749.93,5586.28
5817.41,5749.93,5586.28
5820.92,5749.93,5586.28
5831.59,5749.93,5586.28
5848.69,5749.93,5586.28
5870.11,5749.93,5586.28
5892.42,5749.93,5586.28
5914.96,5749.93,5586.28
5933.17,5749.93,5586.28
5945.82,5749.93,5586.28
5955.69,5749.93,5586.28
5960.98,5749.93,5586.28
5963.61,5749.93,5586.28
5964.25,5749.93,5586.28
5961.7,5749.93,5586.28
5951.35,5749.93,5586.28
5934.0,5749.93,5586.28
5913.97,5749.93,5586.28
5891.02,5749.93,5586.28
5868.47,5749.93,5586.28
5850.43,5749.93,5586.28
5834.61,5749.93,5586.28
5826.25,5749.93,5586.28
5821.0,5749.93,5586.28
5818.78,5749.93,5586.28
5818.15,5749.93,5586.28
5820.71,5749.93,5586.28
5831.04,5749.93,5586.28
5848.42,5749.93,5586.28
5868.59,5749.93,5586.28
5891.9400000000005,5749.93,5586.28
5914.7,5749.93,5586.28
5932.91,5749.93,5586.28
5948.86,5749.93,5586.28
5957.31,5749.93,5586.28
5962.44,5749.93,5586.28
5964.21,5749.93,5586.28
5964.36,5749.93,5586.28
5960.0,5749.93,5586.28
5952.32,5749.93,5586.28
5941.46,5749.93,5586.28
5928.99,5749.93,5586.28
5918.58,5749.93,5586.28
5905.17,5749.93,5586.28
5895.57,5749.93,5586.28
5887.9400000000005,5749.93,5586.28
5882.7,5749.93,5586.28
5879.27,5749.93,5586.28
5876.43,5749.93,5586.28
5876.2,5749.93,5586.28
5880.56,5749.93,5586.28
5888.34,5749.93,5586.28
5899.36,5749.93,5586.28
5911.91,5749.93,5586.28
5921.92,5749.93,5586.28
5935.31,5749.93,5586.28
5944.92,5749.93,5586.28
5952.58,5749.93,5586.28
5957.84,5749.93,5586.28
5961.34,5749.93,5586.28
5963.1,5749.93,5586.28
5963.12,5749.93,5586.28
5959.7300000000005,5749.93,5586.28
5950.2300000000005,5749.93,5586.28
5935.67,5749.93,5586.28
5916.11,5749.93,5586.28
5894.15,5749.93,5586.28
5871.09,5749.93,5586.28
5851.52,5749.93,5586.28
5836.49,5749.93,5586.28
5826.87,5749.93,5586.28
5818.04,5749.93,5586.28
5816.34,5749.93,5586.28
5816.23,5749.93,5586.28
5819.52,5749.93,5586.28
5828.89,5749.93,5586.28
5843.29,5749.93,5586.28
5862.7699999999995,5749.93,5586.28
5885.09,5749.93,5586.28
5908.4,5749.93,5586.28
5928.22,5749.93,5586.28
5943.45,5749.93,5586.28
5953.28,5749.93,5586.28
5962.34,5749.93,5586.28
5965.45,5749.93,5586.28
5965.67,5749.93,5586.28
5961.8,5749.93,5586.28
5954.1,5749.93,5586.28
5944.86,5749.93,5586.28
5928.61,5749.93,5586.28
5906.11,5749.93,5586.28
5886.97,5749.93,5586.28
5869.2699999999995,5749.93,5586.28
5856.95,5749.93,5586.28
5847.17,5749.93,5586.28
5842.28,5749.93,5586.28
5839.23,5749.93,5586.28
5839.14,5749.93,5586.28
5843.14,5749.93,5586.28
5851.03,5749.93,5586.28
5860.51,5749.93,5586.28
5876.97,5749.93,5586.28
5899.45,5749.93,5586.28
5918.53,5749.93,5586.28
5936.14,5749.93,5586.28
5948.41,5749.93,5586.28
5958.14,5749.93,5586.28
5962.95,5749.93,5586.28
5965.92,5749.93,5586.28
5966.12,5749.93,5586.28
5963.04,5749.93,5586.28
5956.16,5749.93,5586.28
5946.0,5749.93,5586.28
5931.65,5749.93,5586.28
5910.64,5749.93,5586.28
5891.39,5749.93,5586.28
5875.49,5749.93,5586.28
5861.39,5749.93,5586.28
5851.81,5749.93,5586.28
5847.07,5749.93,5586.28
5844.38,5749.93,5586.28
5843.7,5749.93,5586.28
5846.81,5749.93,5586.28
5853.63,5749.93,5586.28
5863.66,5749.93,5586.28
5877.96,5749.93,5586.28
5898.99,5749.93,5586.28
5918.2,5749.93,5586.28
5934.08,5749.93,5586.28
5948.17,5749.93,5586.28
5957.77,5749.93,5586.28
5962.53,5749.93,5586.28
5964.02,5749.93,5586.28
5964.47,5749.93,5586.28
5960.26,5749.93,5586.28
5950.73,5749.93,5586.28
5936.03,5749.93,5586.28
5916.84,5749.93,5586.28
5898.23,5749.93,5586.28
5879.64,5749.93,5586.28
5864.14,5749.93,5586.28
5848.68,5749.93,5586.28
5838.6900000000005,5749.93,5586.28
5832.58,5749.93,5586.28
5831.81,5749.93,5586.28
5831.86,5749.93,5586.28
5836.11,5749.93,5586.28
5845.67,5749.93,5586.28
5860.31,5749.93,5586.28
5879.42,5749.93,5586.28
5898.1,5749.93,5586.28
5916.31,5749.93,5586.28
5931.45,5749.93,5586.28
5946.55,5749.93,5586.28
5956.19,5749.93,5586.28
5962.09,5749.93,5586.28
5964.12,5749.93,5586.28
5964.5,5749.93,5586.28
5961.63,5749.93,5586.28
5953.86,5749.93,5586.28
5942.53,5749.93,5586.28
5929.35,5749.93,5586.28
5907.91,5749.93,5586.28
5885.98,5749.93,5586.28
5865.03,5749.93,5586.28
5847.6900000000005,5749.93,5586.28
5836.1,5749.93,5586.28
5831.13,5749.93,5586.28
5829.14,5749.93,5586.28
5828.9,5749.93,5586.28
5831.82,5749.93,5586.28
5839.63,5749.93,5586.28
5851.03,5749.93,5586.28
5864.16,5749.93,5586.28
5885.32,5749.93,5586.28
5907.47,5749.93,5586.28
5928.68,5749.93,5586.28
5946.3,5749.93,5586.28
5958.17,5749.93,5586.28
5963.4400000000005,5749.93,5586.28
5965.77,5749.93,5586.28
5966.46,5749.93,5586.28
5962.49,5749.93,5586.28
5951.02,5749.93,5586.28
5933.96,5749.93,5586.28
5912.15,5749.93,5586.28
5890.06,5749.93,5586.28
5868.5,5749.93,5586.28
5848.15,5749.93,5586.28
5828.89,5749.93,5586.28
5814.33,5749.93,5586.28
5805.94,5749.93,5586.28
5802.41,5749.93,5586.28
5801.42,5749.93,5586.28
5805.07,5749.93,5586.28
5816.23,5749.93,5586.28
5832.97,5749.93,5586.28
5854.5,5749.93,5586.28
5876.28,5749.93,5586.28
5897.51,5749.93,5586.28
5917.48,5749.93,5586.28
5936.32,5749.93,5586.28
5950.42,5749.93,5586.28
5958.2,5749.93,5586.28
5960.83,5749.93,5586.28
5960.5,5749.93,5586.28
5956.44,5749.93,5586.28
5947.18,5749.93,5586.28
5931.65,5749.93,5586.28
5914.1,5749.93,5586.28
5897.51,5749.93,5586.28
5881.92,5749.93,5586.28
5868.62,5749.93,5586.28
5856.88,5749.93,5586.28
5848.43,5749.93,5586.28
5841.82,5749.93,5586.28
5838.41,5749.93,5586.28
5837.95,5749.93,5586.28
5841.38,5749.93,5586.28
5850.0,5749.93,5586.28
5865.04,5749.93,5586.28
5882.12,5749.93,5586.28
5898.12,5749.93,5586.28
5913.07,5749.93,5586.28
5925.72,5749.93,5586.28
5936.82,5749.93,5586.28
5944.64,5749.93,5586.28
5950.33,5749.93,5586.28
5952.95,5749.93,5586.28
5953.07,5749.93,5586.28
5949.24,5749.93,5586.28
5940.4,5749.93,5586.28
5926.55,5749.93,5586.28
5907.85,5749.93,5586.28
5884.73,5749.93,5586.28
5862.33,5749.93,5586.28
5844.9800000000005,5749.93,5586.28
5833.2300000000005,5749.93,5586.28
5822.17,5749.93,5586.28
5814.53,5749.93,5586.28
5811.2,5749.93,5586.28
5811.04,5749.93,5586.28
5814.74,5749.93,5586.28
5823.5,5749.93,5586.28
5837.17,5749.93,5586.28
5855.6900000000005,5749.93,5586.28
5878.77,5749.93,5586.28
5901.14,5749.93,5586.28
5918.45,5749.93,5586.28
5930.15,5749.93,5586.28
5941.17,5749.93,5586.28
5949.07,5749.93,5586.28
5952.6,5749.93,5586.28
5952.79,5749.93,5586.28
5950.04,5749.93,5586.28
5942.47,5749.93,5586.28
5932.71,5749.93,5586.28
5917.87,5749.93,5586.28
5898.99,5749.93,5586.28
5879.77,5749.93,5586.28
5862.27,5749.93,5586.28
5845.94,5749.93,5586.28
5832.33,5749.93,5586.28
5825.07,5749.93,5586.28
5819.04,5749.93,5586.28
5815.6,5749.93,5586.28
5817.73,5749.93,5586.28
5824.4,5749.93,5586.28
5832.99,5749.93,5586.28
5846.59,5749.93,5586.28
5865.5599999999995,5749.93,5586.28
5884.91,5749.93,5586.28
5902.54,5749.93,5586.28
5919.04,5749.93,5586.28
5932.81,5749.93,5586.28
5940.22,5749.93,5586.28
5946.51,5749.93,5586.28
5950.0,5749.93,5586.28
5947.29,5749.93,5586.28
5938.31,5749.93,5586.28
5924.7,5749.93,5586.28
5909.93,5749.93,5586.28
5891.08,5749.93,5586.28
5873.64,5749.93,5586.28
5853.75,5749.93,5586.28
5837.46,5749.93,5586.28
5824.38,5749.93,5586.28
5816.860000000001,5749.93,5586.28
5814.28,5749.93,5586.28
5814.1900000000005,5749.93,5586.28
5817.6900000000005,5749.93,5586.28
5827.74,5749.93,5586.28
5842.6900000000005,5749.93,5586.28
5858.82,5749.93,5586.28
5877.71,5749.93,5586.28
5895.150000000001,5749.93,5586.28
5915.06,5749.93,5586.28
5931.33,5749.93,5586.28
5944.39,5749.93,5586.28
5951.93,5749.93,5586.28
5954.42,5749.93,5586.28
5954.57,5749.93,5586.28
5950.75,5749.93,5586.28
5940.6,5749.93,5586.28
5924.42,5749.93,5586.28
5903.1,5749.93,5586.28
5878.94,5749.93,5586.28
5855.85,5749.93,5586.28
5837.12,5749.93,5586.28
5821.13,5749.93,5586.28
5808.95,5749.93,5586.28
5804.02,5749.93,5586.28
5802.0,5749.93,5586.28
5801.79,5749.93,5586.28
5805.64,5749.93,5586.28
5815.83,5749.93,5586.28
5832.15,5749.93,5586.28
5853.53,5749.93,5586.28
5877.85,5749.93,5586.28
5901.11,5749.93,5586.28
5920.01,5749.93,5586.28
5936.21,5749.93,5586.28
5948.63,5749.93,5586.28
5953.9,5749.93,5586.28
5956.47,5749.93,5586.28
5957.43,5749.93,5586.28
5954.1,5749.93,5586.28
5945.05,5749.93,5586.28
5928.5,5749.93,5586.28
5908.57,5749.93,5586.28
5886.83,5749.93,5586.28
5862.46,5749.93,5586.28
5840.72,5749.93,5586.28
5822.9,5749.93,5586.28
5809.7,5749.93,5586.28
5803.15,5749.93,5586.28
5800.1,5749.93,5586.28
5799.4800000000005,5749.93,5586.28
5803.17,5749.93,5586.28
5812.53,5749.93,5586.28
5829.25,5749.93,5586.28
5849.41,5749.93,5586.28
5871.38,5749.93,5586.28
5895.9,5749.93,5586.28
5917.8,5749.93,5586.28
5935.78,5749.93,5586.28
5949.14,5749.93,5586.28
5955.87,5749.93,5586.28
5959.14,5749.93,5586.28
5959.94,5749.93,5586.28
5955.92,5749.93,5586.28
5945.57,5749.93,5586.28
5928.35,5749.93,5586.28
5906.58,5749.93,5586.28
5884.24,5749.93,5586.28
5864.14,5749.93,5586.28
5847.28,5749.93,5586.28
5836.87,5749.93,5586.28
5830.92,5749.93,5586.28
5829.1,5749.93,5586.28
5827.6,5749.93,5586.28
5827.29,5749.93,5586.28
5831.57,5749.93,5586.28
5842.21,5749.93,5586.28
5859.7300000000005,5749.93,5586.28
5881.74,5749.93,5586.28
5904.03,5749.93,5586.28
5924.46,5749.93,5586.28
5941.65,5749.93,5586.28
5952.36,5749.93,5586.28
5958.59,5749.93,5586.28
5960.53,5749.93,5586.28
5962.06,5749.93,5586.28
5962.22,5749.93,5586.28
5959.05,5749.93,5586.28
5949.88,5749.93,5586.28
5936.48,5749.93,5586.28
5917.17,5749.93,5586.28
5897.46,5749.93,5586.28
5877.33,5749.93,5586.28
5860.38,5749.93,5586.28
5847.92,5749.93,5586.28
5840.14,5749.93,5586.28
5838.49,5749.93,5586.28
5836.5199999999995,5749.93,5586.28
5836.39,5749.93,5586.28
5839.87,5749.93,5586.28
5849.28,5749.93,5586.28
5862.82,5749.93,5586.28
5882.25,5749.93,5586.28
5902.27,5749.93,5586.28
5922.47,5749.93,5586.28
5939.5199999999995,5749.93,5586.28
5952.17,5749.93,5586.28
5960.18,5749.93,5586.28
5962.24,5749.93,5586.28
5964.68,5749.93,5586.28
5965.45,5749.93,5586.28
5961.41,5749.93,5586.28
5950.59,5749.93,5586.28
5935.6,5749.93,5586.28
5914.98,5749.93,5586.28
5895.46,5749.93,5586.28
5873.88,5749.93,5586.28
5856.07,5749.93,5586.28
5842.16,5749.93,5586.28
5831.33,5749.93,5586.28
5825.78,5749.93,5586.28
5822.49,5749.93,5586.28
5822.01,5749.93,5586.28
5826.21,5749.93,5586.28
5837.19,5749.93,5586.28
5852.3,5749.93,5586.28
5873.12,5749.93,5586.28
5892.89,5749.93,5586.28
5914.65,5749.93,5586.28
5932.62,5749.93,5586.28
5946.62,5749.93,5586.28
5957.53,5749.93,5586.28
5963.14,5749.93,5586.28
5966.5,5749.93,5586.28
5967.09,5749.93,5586.28
5963.19,5749.93,5586.28
5953.0599999999995,5749.93,5586.28
5938.65,5749.93,5586.28
5919.2699999999995,5749.93,5586.28
5895.8099999999995,5749.93,5586.28
5873.64,5749.93,5586.28
5856.08,5749.93,5586.28
5841.36,5749.93,5586.28
5831.55,5749.93,5586.28
5825.13,5749.93,5586.28
5822.349999999999,5749.93,5586.28
5821.65,5749.93,5586.28
5825.44,5749.93,5586.28
5835.43,5749.93,5586.28
5849.7699999999995,5749.93,5586.28
5869.07,5749.93,5586.28
5892.46,5749.93,5586.28
5914.59,5749.93,5586.28
5932.05,5749.93,5586.28
5946.67,5749.93,5586.28
5956.32,5749.93,5586.28
5962.42,5749.93,5586.28
5964.63,5749.93,5586.28
5964.4800000000005,5749.93,5586.28
5960.07,5749.93,5586.28
5949.49,5749.93,5586.28
5933.88,5749.93,5586.28
5915.05,5749.93,5586.28
5894.02,5749.93,5586.28
5873.0,5749.93,5586.28
5852.26,5749.93,5586.28
5836.31,5749.93,5586.28
5822.82,5749.93,5586.28
5815.03,5749.93,5586.28
5811.76,5749.93,5586.28
5810.91,5749.93,5586.28
5814.3,5749.93,5586.28
5823.99,5749.93,5586.28
5838.8,5749.93,5586.28
5856.81,5749.93,5586.28
5876.87,5749.93,5586.28
5896.93,5749.93,5586.28
5916.74,5749.93,5586.28
5931.73,5749.93,5586.28
5944.28,5749.93,5586.28
5951.16,5749.93,5586.28
5953.55,5749.93,5586.28
5953.6,5749.93,5586.28
5949.45,5749.93,5586.28
5940.45,5749.93,5586.28
5927.07,5749.93,5586.28
5909.38,5749.93,5586.28
5890.44,5749.93,5586.28
5871.59,5749.93,5586.28
5852.2300000000005,5749.93,5586.28
5835.56,5749.93,5586.28
5822.4400000000005,5749.93,5586.28
5814.13,5749.93,5586.28
5811.93,5749.93,5586.28
5811.76,5749.93,5586.28
5815.87,5749.93,5586.28
5824.81,5749.93,5586.28
5838.1,5749.93,5586.28
5855.66,5749.93,5586.28
5874.39,5749.93,5586.28
5893.1,5749.93,5586.28
5912.3099999999995,5749.93,5586.28
5928.86,5749.93,5586.28
5941.88,5749.93,5586.28
5950.21,5749.93,5586.28
5952.63,5749.93,5586.28
5953.27,5749.93,5586.28
5951.42,5749.93,5586.28
5943.99,5749.93,5586.28
5930.35,5749.93,5586.28
5911.01,5749.93,5586.28
5892.23,5749.93,5586.28
5874.97,5749.93,5586.28
5864.73,5749.93,5586.28
5853.92,5749.93,5586.28
5847.37,5749.93,5586.28
5843.51,5749.93,5586.28
5841.16,5749.93,5586.28
5840.5199999999995,5749.93,5586.28
5842.54,5749.93,5586.28
5850.0599999999995,5749.93,5586.28
5863.75,5749.93,5586.28
5883.18,5749.93,5586.28
5902.19,5749.93,5586.28
5919.57,5749.93,5586.28
5929.94,5749.93,5586.28
5940.88,5749.93,5586.28
5947.57,5749.93,5586.28
5951.6,5749.93,5586.28
5954.21,5749.93,5586.28
5955.3,5749.93,5586.28
5955.36,5749.93,5586.28
5953.73,5749.93,5586.28
5946.58,5749.93,5586.28
5933.25,5749.93,5586.28
5922.6,5749.93,5586.28
5914.54,5749.93,5586.28
5907.84,5749.93,5586.28
5904.62,5749.93,5586.28
5901.51,5749.93,5586.28
5899.05,5749.93,5586.28
5897.26,5749.93,5586.28
5895.51,5749.93,5586.28
5895.08,5749.93,5586.28
5896.36,5749.93,5586.28
5903.2,5749.93,5586.28
5916.28,5749.93,5586.28
5926.74,5749.93,5586.28
5934.49,5749.93,5586.28
5940.84,5749.93,5586.28
5943.67,5749.93,5586.28
5946.35,5749.93,5586.28
5948.21,5749.93,5586.28
5948.21,5749.93,5586.28
5948.61,5749.93,5586.28
5946.72,5749.93,5586.28
5942.49,5749.93,5586.28
5936.91,5749.93,5586.28
5929.63,5749.93,5586.28
5918.67,5749.93,5586.28
5902.5599999999995,5749.93,5586.28
5893.08,5749.93,5586.28
5888.84,5749.93,5586.28
5884.84,5749.93,5586.28
5881.91,5749.93,5586.28
5881.11,5749.93,5586.28
5880.87,5749.93,5586.28
5882.37,5749.93,5586.28
5886.28,5749.93,5586.28
5891.61,5749.93,5586.28
5898.64,5749.93,5586.28
5909.3099999999995,5749.93,5586.28
5925.24,5749.93,5586.28
5934.55,5749.93,5586.28
5938.61,5749.93,5586.28
5942.41,5749.93,5586.28
5945.18,5749.93,5586.28
5946.73,5749.93,5586.28
5946.99,5749.93,5586.28
5945.2699999999995,5749.93,5586.28
5941.08,5749.93,5586.28
5935.21,5749.93,5586.28
5930.15,5749.93,5586.28
5914.11,5749.93,5586.28
5904.51,5749.93,5586.28
5890.6,5749.93,5586.28
5882.22,5749.93,5586.28
5876.42,5749.93,5586.28
5872.69,5749.93,5586.28
5870.63,5749.93,5586.28
5870.26,5749.93,5586.28
5871.97,5749.93,5586.28
5876.14,5749.93,5586.28
5881.96,5749.93,5586.28
5886.6,5749.93,5586.28
5902.16,5749.93,5586.28
5911.35,5749.93,5586.28
5924.83,5749.93,5586.28
5932.78,5749.93,5586.28
5938.18,5749.93,5586.28
5941.51,5749.93,5586.28
5943.21,5749.93,5586.28
5943.13,5749.93,5586.28
5939.67,5749.93,5586.28
5931.37,5749.93,5586.28
5918.91,5749.93,5586.28
5904.17,5749.93,5586.28
5892.93,5749.93,5586.28
5878.6900000000005,5749.93,5586.28
5866.72,5749.93,5586.28
5865.09,5749.93,5586.28
5863.89,5749.93,5586.28
5863.07,5749.93,5586.28
5864.42,5749.93,5586.28
5868.25,5749.93,5586.28
5875.58,5749.93,5586.28
5884.99,5749.93,5586.28
5897.12,5749.93,5586.28
5911.93,5749.93,5586.28
5923.39,5749.93,5586.28
5937.7,5749.93,5586.28
5949.76,5749.93,5586.28
5951.49,5749.93,5586.28
5952.76,5749.93,5586.28
5953.65,5749.93,5586.28
5952.35,5749.93,5586.28
5948.74,5749.93,5586.28
5944.3,5749.93,5586.28
5941.44,5749.93,5586.28
5938.93,5749.93,5586.28
5931.82,5749.93,5586.28
5923.5,5749.93,5586.28
5916.9,5749.93,5586.28
5911.43,5749.93,5586.28
5906.34,5749.93,5586.28
5901.39,5749.93,5586.28
5898.07,5749.93,5586.28
5896.27,5749.93,5586.28
5893.17,5749.93,5586.28
5893.22,5749.93,5586.28
5894.4400000000005,5749.93,5586.28
5896.71,5749.93,5586.28
5903.51,5749.93,5586.28
5911.32,5749.93,5586.28
5917.53,5749.93,5586.28
5922.59,5749.93,5586.28
5927.27,5749.93,5586.28
5931.83,5749.93,5586.28
5934.77,5749.93,5586.28
5936.01,5749.93,5586.28
5938.62,5749.93,5586.28
5936.33,5749.93,5586.28
5930.41,5749.93,5586.28
5918.92,5749.93,5586.28
5908.33,5749.93,5586.28
5896.42,5749.93,5586.28
5885.4,5749.93,5586.28
5872.62,5749.93,5586.28
5863.97,5749.93,5586.28
5858.01,5749.93,5586.28
5853.3,5749.93,5586.28
5851.48,5749.93,5586.28
5850.7699999999995,5749.93,5586.28
5853.0,5749.93,5586.28
5858.8,5749.93,5586.28
5870.19,5749.93,5586.28
5880.67,5749.93,5586.28
5891.78,5749.93,5586.28
5901.94,5749.93,5586.28
5913.86,5749.93,5586.28
5921.65,5749.93,5586.28
5926.77,5749.93,5586.28
5930.74,5749.93,5586.28
5932.23,5749.93,5586.28
5932.48,5749.93,5586.28
5926.84,5749.93,5586.28
5914.82,5749.93,5586.28
5896.64,5749.93,5586.28
5876.9400000000005,5749.93,5586.28
5856.13,5749.93,5586.28
5834.14,5749.93,5586.28
5813.1,5749.93,5586.28
5798.84,5749.93,5586.28
5789.21,5749.93,5586.28
5783.4400000000005,5749.93,5586.28
5781.1900000000005,5749.93,5586.28
5780.88,5749.93,5586.28
5785.98,5749.93,5586.28
5797.45,5749.93,5586.28
5814.99,5749.93,5586.28
5834.01,5749.93,5586.28
5854.92,5749.93,5586.28
5876.92,5749.93,5586.28
5897.97,5749.93,5586.28
5912.26,5749.93,5586.28
5921.91,5749.93,5586.28
5927.73,5749.93,5586.28
5930.07,5749.93,5586.28
5930.5,5749.93,5586.28
5927.12,5749.93,5586.28
5916.91,5749.93,5586.28
5899.39,5749.93,5586.28
5879.51,5749.93,5586.28
5858.68,5749.93,5586.28
5842.06,5749.93,5586.28
5828.56,5749.93,5586.28
5822.5,5749.93,5586.28
5817.7,5749.93,5586.28
5813.18,5749.93,5586.28
5812.06,5749.93,5586.28
5812.24,5749.93,5586.28
5816.16,5749.93,5586.28
5827.0,5749.93,5586.28
5845.27,5749.93,5586.28
5865.92,5749.93,5586.28
5887.61,5749.93,5586.28
5905.14,5749.93,5586.28
5919.55,5749.93,5586.28
5926.49,5749.93,5586.28
5932.14,5749.93,5586.28
5937.36,5749.93,5586.28
5938.91,5749.93,5586.28
5938.96,5749.93,5586.28
5935.89,5749.93,5586.28
5927.25,5749.93,5586.28
5912.85,5749.93,5586.28
5896.4400000000005,5749.93,5586.28
5887.32,5749.93,5586.28
5880.64,5749.93,5586.28
5869.8,5749.93,5586.28
5855.6,5749.93,5586.28
5846.6,5749.93,5586.28
5844.92,5749.93,5586.28
5846.5,5749.93,5586.28
5850.01,5749.93,5586.28
5856.73,5749.93,5586.28
5869.09,5749.93,5586.28
5887.36,5749.93,5586.28
5907.87,5749.93,5586.28
5921.26,5749.93,5586.28
5932.28,5749.93,5586.28
5947.57,5749.93,5586.28
5966.27,5749.93,5586.28
5979.76,5749.93,5586.28
5985.81,5749.93,5586.28
5988.5,5749.93,5586.28
5988.95,5749.93,5586.28
5986.57,5749.93,5586.28
5978.53,5749.93,5586.28
5966.63,5749.93,5586.28
5951.62,5749.93,5586.28
5930.27,5749.93,5586.28
5905.28,5749.93,5586.28
5889.78,5749.93,5586.28
5878.57,5749.93,5586.28
5870.82,5749.93,5586.28
5867.63,5749.93,5586.28
5865.95,5749.93,5586.28
5866.2,5749.93,5586.28
5868.57,5749.93,5586.28
5876.6,5749.93,5586.28
5888.48,5749.93,5586.28
5903.45,5749.93,5586.28
5924.7,5749.93,5586.28
5949.61,5749.93,5586.28
5965.01,5749.93,5586.28
5976.13,5749.93,5586.28
5983.8099999999995,5749.93,5586.28
5986.94,5749.93,5586.28
5988.44,5749.93,5586.28
5988.26,5749.93,5586.28
5987.36,5749.93,5586.28
5984.26,5749.93,5586.28
5979.48,5749.93,5586.28
5974.83,5749.93,5586.28
5967.28,5749.93,5586.28
5957.41,5749.93,5586.28
5950.29,5749.93,5586.28
5942.83,5749.93,5586.28
5934.32,5749.93,5586.28
5927.11,5749.93,5586.28
5923.2300000000005,5749.93,5586.28
5918.86,5749.93,5586.28
5916.12,5749.93,5586.28
5915.4800000000005,5749.93,5586.28
5916.33,5749.93,5586.28
5916.91,5749.93,5586.28
5920.25,5749.93,5586.28
5925.79,5749.93,5586.28
5928.52,5749.93,5586.28
5931.53,5749.93,5586.28
5935.61,5749.93,5586.28
5938.54,5749.93,5586.28
5938.38,5749.93,5586.28
5938.88,5749.93,5586.28
5936.76,5749.93,5586.28
5928.97,5749.93,5586.28
5918.56,5749.93,5586.28
5897.33,5749.93,5586.28
5874.13,5749.93,5586.28
5853.54,5749.93,5586.28
5835.59,5749.93,5586.28
5817.92,5749.93,5586.28
5805.47,5749.93,5586.28
5797.15,5749.93,5586.28
5793.25,5749.93,5586.28
5792.88,5749.93,5586.28
5794.96,5749.93,5586.28
5802.71,5749.93,5586.28
5813.07,5749.93,5586.28
5834.19,5749.93,5586.28
5857.2,5749.93,5586.28
5878.05,5749.93,5586.28
5896.24,5749.93,5586.28
5914.16,5749.93,5586.28
5926.85,5749.93,5586.28
5935.39,5749.93,5586.28
5939.5,5749.93,5586.28
5940.0,5749.93,5586.28
5936.74,5749.93,5586.28
5927.98,5749.93,5586.28
5915.72,5749.93,5586.28
5898.72,5749.93,5586.28
5882.51,5749.93,5586.28
5865.76,5749.93,5586.28
5848.47,5749.93,5586.28
5832.8,5749.93,5586.28
5822.37,5749.93,5586.28
5815.98,5749.93,5586.28
5812.98,5749.93,5586.28
5812.82,5749.93,5586.28
5816.25,5749.93,5586.28
5825.17,5749.93,5586.28
5837.57,5749.93,5586.28
5854.7,5749.93,5586.28
5871.0,5749.93,5586.28
5887.49,5749.93,5586.28
5904.54,5749.93,5586.28
5919.99,5749.93,5586.28
5930.21,5749.93,5586.28
5936.49,5749.93,5586.28
5939.57,5749.93,5586.28
5939.87,5749.93,5586.28
5936.43,5749.93,5586.28
5928.15,5749.93,5586.28
5913.11,5749.93,5586.28
5897.4,5749.93,5586.28
5888.07,5749.93,5586.28
5873.33,5749.93,5586.28
5863.04,5749.93,5586.28
5854.44,5749.93,5586.28
5839.47,5749.93,5586.28
5829.89,5749.93,5586.28
5826.89,5749.93,5586.28
5826.65,5749.93,5586.28
5830.14,5749.93,5586.28
5838.43,5749.93,5586.28
5853.45,5749.93,5586.28
5869.1,5749.93,5586.28
5878.39,5749.93,5586.28
5893.07,5749.93,5586.28
5903.29,5749.93,5586.28
5911.82,5749.93,5586.28
5926.73,5749.93,5586.28
5936.27,5749.93,5586.28
5939.3,5749.93,5586.28
5939.8,5749.93,5586.28
5936.78,5749.93,5586.28
5925.64,5749.93,5586.28
5908.38,5749.93,5586.28
5885.34,5749.93,5586.28
5861.86,5749.93,5586.28
5841.4,5749.93,5586.28
5822.13,5749.93,5586.28
5813.89,5749.93,5586.28
5812.66,5749.93,5586.28
5811.38,5749.93,5586.28
5810.07,5749.93,5586.28
5809.54,5749.93,5586.28
5812.66,5749.93,5586.28
5823.87,5749.93,5586.28
5841.25,5749.93,5586.28
5864.47,5749.93,5586.28
5888.17,5749.93,5586.28
5908.82,5749.93,5586.28
5928.34,5749.93,5586.28
5936.78,5749.93,5586.28
5938.18,5749.93,5586.28
5939.48,5749.93,5586.28
5940.61,5749.93,5586.28
5940.54,5749.93,5586.28
5936.74,5749.93,5586.28
5927.63,5749.93,5586.28
5913.1,5749.93,5586.28
5893.3,5749.93,5586.28
5869.98,5749.93,5586.28
5848.51,5749.93,5586.28
5829.99,5749.93,5586.28
5815.08,5749.93,5586.28
5804.110000000001,5749.93,5586.28
5798.59,5749.93,5586.28
5795.81,5749.93,5586.28
5795.61,5749.93,5586.28
5799.13,5749.93,5586.28
5808.06,5749.93,5586.28
5822.42,5749.93,5586.28
5842.05,5749.93,5586.28
5865.21,5749.93,5586.28
5886.54,5749.93,5586.28
5904.9,5749.93,5586.28
5919.67,5749.93,5586.28
5930.5199999999995,5749.93,5586.28
5935.95,5749.93,5586.28
5938.61,5749.93,5586.28
5938.83,5749.93,5586.28
5936.04,5749.93,5586.28
5929.17,5749.93,5586.28
5917.83,5749.93,5586.28
5900.42,5749.93,5586.28
5879.13,5749.93,5586.28
5858.33,5749.93,5586.28
5838.6,5749.93,5586.28
5818.51,5749.93,5586.28
5805.21,5749.93,5586.28
5796.54,5749.93,5586.28
5794.02,5749.93,5586.28
5793.61,5749.93,5586.28
5796.42,5749.93,5586.28
5803.29,5749.93,5586.28
5814.63,5749.93,5586.28
5832.05,5749.93,5586.28
5853.37,5749.93,5586.28
5874.16,5749.93,5586.28
5893.84,5749.93,5586.28
5913.9,5749.93,5586.28
5927.18,5749.93,5586.28
5935.83,5749.93,5586.28
5938.1,5749.93,5586.28
5938.34,5749.93,5586.28
5934.08,5749.93,5586.28
5925.13,5749.93,5586.28
5913.07,5749.93,5586.28
5895.44,5749.93,5586.28
5880.01,5749.93,5586.28
5867.9,5749.93,5586.28
5852.61,5749.93,5586.28
5831.97,5749.93,5586.28
5816.11,5749.93,5586.28
5806.33,5749.93,5586.28
5802.6,5749.93,5586.28
5802.57,5749.93,5586.28
5806.87,5749.93,5586.28
5815.85,5749.93,5586.28
5827.95,5749.93,5586.28
5845.64,5749.93,5586.28
5861.13,5749.93,5586.28
5873.27,5749.93,5586.28
5888.65,5749.93,5586.28
5909.39,5749.93,5586.28
5925.32,5749.93,5586.28
5935.18,5749.93,5586.28
5939.21,5749.93,5586.28
5939.65,5749.93,5586.28
5938.3,5749.93,5586.28
5934.53,5749.93,5586.28
5928.41,5749.93,5586.28
5922.35,5749.93,5586.28
5911.61,5749.93,5586.28
5899.39,5749.93,5586.28
5888.46,5749.93,5586.28
5877.93,5749.93,5586.28
5871.05,5749.93,5586.28
5866.56,5749.93,5586.28
5863.87,5749.93,5586.28
5862.42,5749.93,5586.28
5863.87,5749.93,5586.28
5868.27,5749.93,5586.28
5875.02,5749.93,5586.28
5881.71,5749.93,5586.28
5893.02,5749.93,5586.28
5905.95,5749.93,5586.28
5917.51,5749.93,5586.28
5928.67,5749.93,5586.28
5936.2,5749.93,5586.28
5941.31,5749.93,5586.28
5941.43,5749.93,5586.28
5942.89,5749.93,5586.28
5938.5599999999995,5749.93,5586.28
5929.9,5749.93,5586.28
5920.99,5749.93,5586.28
5908.7699999999995,5749.93,5586.28
5894.99,5749.93,5586.28
5881.05,5749.93,5586.28
5869.22,5749.93,5586.28
5860.09,5749.93,5586.28
5854.25,5749.93,5586.28
5852.38,5749.93,5586.28
5855.16,5749.93,5586.28
5855.64,5749.93,5586.28
5860.6,5749.93,5586.28
5869.27,5749.93,5586.28
5878.13,5749.93,5586.28
5890.3,5749.93,5586.28
5904.04,5749.93,5586.28
5917.94,5749.93,5586.28
5929.77,5749.93,5586.28
5938.91,5749.93,5586.28
5944.77,5749.93,5586.28
5946.71,5749.93,5586.28
5947.21,5749.93,5586.28
5947.54,5749.93,5586.28
5947.29,5749.93,5586.28
5946.0,5749.93,5586.28
5938.24,5749.93,5586.28
5926.86,5749.93,5586.28
5916.86,5749.93,5586.28
5907.83,5749.93,5586.28
5903.85,5749.93,5586.28
5902.4400000000005,5749.93,5586.28
5901.09,5749.93,5586.28
5899.91,5749.93,5586.28
5898.98,5749.93,5586.28
5898.29,5749.93,5586.28
5898.16,5749.93,5586.28
5899.14,5749.93,5586.28
5906.64,5749.93,5586.28
5917.74,5749.93,5586.28
5927.52,5749.93,5586.28
5936.25,5749.93,5586.28
5940.03,5749.93,5586.28
5941.15,5749.93,5586.28
5942.21,5749.93,5586.28
5943.13,5749.93,5586.28
5943.89,5749.93,5586.28
5944.47,5749.93,5586.28
5944.98,5749.93,5586.28
5945.26,5749.93,5586.28
5943.72,5749.93,5586.28
5938.53,5749.93,5586.28
5934.73,5749.93,5586.28
5931.99,5749.93,5586.28
5929.32,5749.93,5586.28
5926.71,5749.93,5586.28
5925.36,5749.93,5586.28
5924.87,5749.93,5586.28
5924.51,5749.93,5586.28
5924.3,5749.93,5586.28
5924.13,5749.93,5586.28
5924.18,5749.93,5586.28
5926.05,5749.93,5586.28
5931.5599999999995,5749.93,5586.28
5935.68,5749.93,5586.28
5938.72,5749.93,5586.28
5941.74,5749.93,5586.28
5944.39,5749.93,5586.28
5945.67,5749.93,5586.28
5945.99,5749.93,5586.28
5946.09,5749.93,5586.28
5945.96,5749.93,5586.28
5944.56,5749.93,5586.28
5939.05,5749.93,5586.28
5930.28,5749.93,5586.28
5918.27,5749.93,5586.28
5904.67,5749.93,5586.28
5891.03,5749.93,5586.28
5879.32,5749.93,5586.28
5870.72,5749.93,5586.28
5865.53,5749.93,5586.28
5860.41,5749.93,5586.28
5858.35,5749.93,5586.28
5858.09,5749.93,5586.28
5859.28,5749.93,5586.28
5864.67,5749.93,5586.28
5873.36,5749.93,5586.28
5885.28,5749.93,5586.28
5898.65,5749.93,5586.28
5912.4,5749.93,5586.28
5923.89,5749.93,5586.28
5932.62,5749.93,5586.28
5938.04,5749.93,5586.28
5943.5,5749.93,5586.28
5944.81,5749.93,5586.28
5944.82,5749.93,5586.28
5940.49,5749.93,5586.28
5932.84,5749.93,5586.28
5925.73,5749.93,5586.28
5916.8,5749.93,5586.28
5902.2,5749.93,5586.28
5883.49,5749.93,5586.28
5868.71,5749.93,5586.28
5854.47,5749.93,5586.28
5847.9,5749.93,5586.28
5842.56,5749.93,5586.28
5841.64,5749.93,5586.28
5840.99,5749.93,5586.28
5845.34,5749.93,5586.28
5852.9,5749.93,5586.28
5859.95,5749.93,5586.28
5868.9,5749.93,5586.28
5883.67,5749.93,5586.28
5902.22,5749.93,5586.28
5917.01,5749.93,5586.28
5931.28,5749.93,5586.28
5937.86,5749.93,5586.28
5943.12,5749.93,5586.28
5945.01,5749.93,5586.28
5945.71,5749.93,5586.28
5941.22,5749.93,5586.28
5930.8,5749.93,5586.28
5915.0,5749.93,5586.28
5896.49,5749.93,5586.28
5874.87,5749.93,5586.28
5854.59,5749.93,5586.28
5840.54,5749.93,5586.28
5831.48,5749.93,5586.28
5828.97,5749.93,5586.28
5827.45,5749.93,5586.28
5826.34,5749.93,5586.28
5826.16,5749.93,5586.28
5830.7,5749.93,5586.28
5841.24,5749.93,5586.28
5857.13,5749.93,5586.28
5875.7,5749.93,5586.28
5897.32,5749.93,5586.28
5917.64,5749.93,5586.28
5931.74,5749.93,5586.28
5940.84,5749.93,5586.28
5943.4,5749.93,5586.28
5944.9800000000005,5749.93,5586.28
5943.9,5749.93,5586.28
5944.03,5749.93,5586.28
5940.05,5749.93,5586.28
5932.03,5749.93,5586.28
5916.12,5749.93,5586.28
5895.42,5749.93,5586.28
5875.63,5749.93,5586.28
5855.41,5749.93,5586.28
5837.89,5749.93,5586.28
5825.64,5749.93,5586.28
5821.4,5749.93,5586.28
5818.0,5749.93,5586.28
5819.0,5749.93,5586.28
5818.4,5749.93,5586.28
5822.35,5749.93,5586.28
5830.34,5749.93,5586.28
5846.21,5749.93,5586.28
5866.89,5749.93,5586.28
5886.63,5749.93,5586.28
5906.82,5749.93,5586.28
5924.29,5749.93,5586.28
5936.5,5749.93,5586.28
5940.69,5749.93,5586.28
5944.04,5749.93,5586.28
5945.22,5749.93,5586.28
5945.83,5749.93,5586.28
5941.18,5749.93,5586.28
5930.67,5749.93,5586.28
5917.85,5749.93,5586.28
5900.39,5749.93,5586.28
5884.83,5749.93,5586.28
5862.8,5749.93,5586.28
5843.07,5749.93,5586.28
5822.78,5749.93,5586.28
5807.42,5749.93,5586.28
5798.8,5749.93,5586.28
5795.4400000000005,5749.93,5586.28
5795.04,5749.93,5586.28
5799.68,5749.93,5586.28
5810.18,5749.93,5586.28
5822.95,5749.93,5586.28
5840.29,5749.93,5586.28
5855.61,5749.93,5586.28
5877.41,5749.93,5586.28
5896.96,5749.93,5586.28
5917.1,5749.93,5586.28
5932.33,5749.93,5586.28
5940.93,5749.93,5586.28
5943.01,5749.93,5586.28
5943.64,5749.93,5586.28
5939.24,5749.93,5586.28
5927.6,5749.93,5586.28
5909.03,5749.93,5586.28
5886.29,5749.93,5586.28
5859.88,5749.93,5586.28
5838.54,5749.93,5586.28
5818.53,5749.93,5586.28
5810.13,5749.93,5586.28
5803.2,5749.93,5586.28
5801.16,5749.93,5586.28
5801.21,5749.93,5586.28
5800.33,5749.93,5586.28
5804.83,5749.93,5586.28
5816.5,5749.93,5586.28
5835.07,5749.93,5586.28
5857.77,5749.93,5586.28
5884.26,5749.93,5586.28
5905.66,5749.93,5586.28
5925.71,5749.93,5586.28
5934.14,5749.93,5586.28
5941.1,5749.93,5586.28
5943.21,5749.93,5586.28
5944.74,5749.93,5586.28
5946.21,5749.93,5586.28
5945.78,5749.93,5586.28
5943.75,5749.93,5586.28
5937.98,5749.93,5586.28
5928.98,5749.93,5586.28
5919.52,5749.93,5586.28
5905.38,5749.93,5586.28
5891.76,5749.93,5586.28
5873.54,5749.93,5586.28
5860.44,5749.93,5586.28
5853.21,5749.93,5586.28
5850.65,5749.93,5586.28
5849.88,5749.93,5586.28
5850.26,5749.93,5586.28
5852.26,5749.93,5586.28
5858.01,5749.93,5586.28
5867.06,5749.93,5586.28
5876.63,5749.93,5586.28
5890.84,5749.93,5586.28
5904.49,5749.93,5586.28
5922.72,5749.93,5586.28
5935.81,5749.93,5586.28
5942.88,5749.93,5586.28
5945.04,5749.93,5586.28
5945.15,5749.93,5586.28
5942.95,5749.93,5586.28
5934.33,5749.93,5586.28
5921.75,5749.93,5586.28
5906.13,5749.93,5586.28
5887.95,5749.93,5586.28
5867.58,5749.93,5586.28
5856.01,5749.93,5586.28
5852.7,5749.93,5586.28
5850.83,5749.93,5586.28
5849.32,5749.93,5586.28
5848.14,5749.93,5586.28
5847.76,5749.93,5586.28
5849.8,5749.93,5586.28
5858.3099999999995,5749.93,5586.28
5870.8,5749.93,5586.28
5886.37,5749.93,5586.28
5904.57,5749.93,5586.28
5924.92,5749.93,5586.28
5936.49,5749.93,5586.28
5939.78,5749.93,5586.28
5941.65,5749.93,5586.28
5943.15,5749.93,5586.28
5943.43,5749.93,5586.28
5943.73,5749.93,5586.28
5939.18,5749.93,5586.28
5929.97,5749.93,5586.28
5916.26,5749.93,5586.28
5900.06,5749.93,5586.28
5880.19,5749.93,5586.28
5865.83,5749.93,5586.28
5857.47,5749.93,5586.28
5849.55,5749.93,5586.28
5839.72,5749.93,5586.28
5831.6,5749.93,5586.28
5829.8,5749.93,5586.28
5829.58,5749.93,5586.28
5834.08,5749.93,5586.28
5843.25,5749.93,5586.28
5856.95,5749.93,5586.28
5873.12,5749.93,5586.28
5892.85,5749.93,5586.28
5907.15,5749.93,5586.28
5915.46,5749.93,5586.28
5923.35,5749.93,5586.28
5933.14,5749.93,5586.28
5941.2300000000005,5749.93,5586.28
5943.89,5749.93,5586.28
5944.110000000001,5749.93,5586.28
5940.64,5749.93,5586.28
5932.7,5749.93,5586.28
5918.79,5749.93,5586.28
5902.2300000000005,5749.93,5586.28
5884.87,5749.93,5586.28
5868.59,5749.93,5586.28
5855.77,5749.93,5586.28
5844.4,5749.93,5586.28
5838.2300000000005,5749.93,5586.28
5835.33,5749.93,5586.28
5834.08,5749.93,5586.28
5833.86,5749.93,5586.28
5837.32,5749.93,5586.28
5845.24,5749.93,5586.28
5859.14,5749.93,5586.28
5875.69,5749.93,5586.28
5893.16,5749.93,5586.28
5909.46,5749.93,5586.28
5922.29,5749.93,5586.28
5933.67,5749.93,5586.28
5939.85,5749.93,5586.28
5942.85,5749.93,5586.28
5944.13,5749.93,5586.28
5944.57,5749.93,5586.28
5943.34,5749.93,5586.28
5940.6,5749.93,5586.28
5937.95,5749.93,5586.28
5932.25,5749.93,5586.28
5914.9,5749.93,5586.28
5892.43,5749.93,5586.28
5871.14,5749.93,5586.28
5859.8,5749.93,5586.28
5851.64,5749.93,5586.28
5846.49,5749.93,5586.28
5844.75,5749.93,5586.28
5844.28,5749.93,5586.28
5845.5599999999995,5749.93,5586.28
5848.36,5749.93,5586.28
5851.05,5749.93,5586.28
5856.7699999999995,5749.93,5586.28
5873.8,5749.93,5586.28
5896.0199999999995,5749.93,5586.28
5917.05,5749.93,5586.28
5928.14,5749.93,5586.28
5936.05,5749.93,5586.28
5940.91,5749.93,5586.28
5940.54,5749.93,5586.28
5940.39,5749.93,5586.28
5936.89,5749.93,5586.28
5928.62,5749.93,5586.28
5913.32,5749.93,5586.28
5895.61,5749.93,5586.28
5878.05,5749.93,5586.28
5858.59,5749.93,5586.28
5840.17,5749.93,5586.28
5824.9,5749.93,5586.28
5815.27,5749.93,5586.28
5811.31,5749.93,5586.28
5811.49,5749.93,5586.28
5811.27,5749.93,5586.28
5814.61,5749.93,5586.28
5822.7,5749.93,5586.28
5837.8,5749.93,5586.28
5855.27,5749.93,5586.28
5872.78,5749.93,5586.28
5892.21,5749.93,5586.28
5910.63,5749.93,5586.28
5925.89,5749.93,5586.28
5935.53,5749.93,5586.28
5939.58,5749.93,5586.28
5941.37,5749.93,5586.28
5941.88,5749.93,5586.28
5937.54,5749.93,5586.28
5926.23,5749.93,5586.28
5912.74,5749.93,5586.28
5893.27,5749.93,5586.28
5868.84,5749.93,5586.28
5847.9,5749.93,5586.28
5826.14,5749.93,5586.28
5809.08,5749.93,5586.28
5795.46,5749.93,5586.28
5790.79,5749.93,5586.28
5788.78,5749.93,5586.28
5788.14,5749.93,5586.28
5792.2,5749.93,5586.28
5803.01,5749.93,5586.28
5815.89,5749.93,5586.28
5834.72,5749.93,5586.28
5858.49,5749.93,5586.28
5878.79,5749.93,5586.28
5899.88,5749.93,5586.28
5916.29,5749.93,5586.28
5929.26,5749.93,5586.28
5933.3099999999995,5749.93,5586.28
5933.22,5749.93,5586.28
5933.19,5749.93,5586.28
5928.28,5749.93,5586.28
5916.59,5749.93,5586.28
5897.95,5749.93,5586.28
5875.1,5749.93,5586.28
5850.09,5749.93,5586.28
5824.41,5749.93,5586.28
5801.35,5749.93,5586.28
5781.63,5749.93,5586.28
5769.2300000000005,5749.93,5586.28
5761.89,5749.93,5586.28
5761.15,5749.93,5586.28
5761.13,5749.93,5586.28
5765.8,5749.93,5586.28
5777.42,5749.93,5586.28
5796.03,5749.93,5586.28
5818.84,5749.93,5586.28
5843.89,5749.93,5586.28
5869.53,5749.93,5586.28
5892.52,5749.93,5586.28
5912.15,5749.93,5586.28
5924.45,5749.93,5586.28
5931.57,5749.93,5586.28
5933.47,5749.93,5586.28
5933.22,5749.93,5586.28
5929.42,5749.93,5586.28
5920.72,5749.93,5586.28
5907.34,5749.93,5586.28
5891.52,5749.93,5586.28
5877.08,5749.93,5586.28
5864.15,5749.93,5586.28
5860.24,5749.93,5586.28
5853.04,5749.93,5586.28
5839.03,5749.93,5586.28
5829.7,5749.93,5586.28
5826.88,5749.93,5586.28
5826.7,5749.93,5586.28
5830.34,5749.93,5586.28
5838.91,5749.93,5586.28
5852.22,5749.93,5586.28
5868.03,5749.93,5586.28
5882.47,5749.93,5586.28
5895.35,5749.93,5586.28
5899.23,5749.93,5586.28
5906.39,5749.93,5586.28
5920.35,5749.93,5586.28
5929.63,5749.93,5586.28
5932.42,5749.93,5586.28
5932.55,5749.93,5586.28
5928.5,5749.93,5586.28
5920.72,5749.93,5586.28
5905.6,5749.93,5586.28
5894.59,5749.93,5586.28
5888.45,5749.93,5586.28
5884.97,5749.93,5586.28
5883.07,5749.93,5586.28
5880.19,5749.93,5586.28
5873.35,5749.93,5586.28
5869.04,5749.93,5586.28
5866.94,5749.93,5586.28
5866.96,5749.93,5586.28
5871.15,5749.93,5586.28
5879.0599999999995,5749.93,5586.28
5894.3099999999995,5749.93,5586.28
5905.48,5749.93,5586.28
5911.79,5749.93,5586.28
5915.63,5749.93,5586.28
5917.73,5749.93,5586.28
5920.79,5749.93,5586.28
5927.8,5749.93,5586.28
5932.26,5749.93,5586.28
5934.23,5749.93,5586.28
5934.43,5749.93,5586.28
5930.0599999999995,5749.93,5586.28
5922.97,5749.93,5586.28
5910.1,5749.93,5586.28
5894.18,5749.93,5586.28
5876.92,5749.93,5586.28
5858.1,5749.93,5586.28
5840.22,5749.93,5586.28
5825.09,5749.93,5586.28
5815.22,5749.93,5586.28
5810.93,5749.93,5586.28
5813.79,5749.93,5586.28
5817.48,5749.93,5586.28
5826.0,5749.93,5586.28
5837.41,5749.93,5586.28
5854.82,5749.93,5586.28
5875.45,5749.93,5586.28
5897.6,5749.93,5586.28
5921.31,5749.93,5586.28
5944.3,5749.93,5586.28
5964.47,5749.93,5586.28
5979.38,5749.93,5586.28
5988.58,5749.93,5586.28
5990.73,5749.93,5586.28
5991.28,5749.93,5586.28
5986.46,5749.93,5586.28
5975.53,5749.93,5586.28
5960.76,5749.93,5586.28
5944.8,5749.93,5586.28
5934.15,5749.93,5586.28
5933.19,5749.93,5586.28
5924.97,5749.93,5586.28
5917.54,5749.93,5586.28
5911.63,5749.93,5586.28
5906.85,5749.93,5586.28
5905.05,5749.93,5586.28
5903.88,5749.93,5586.28
5908.93,5749.93,5586.28
5920.08,5749.93,5586.28
5935.05,5749.93,5586.28
5951.21,5749.93,5586.28
5962.03,5749.93,5586.28
5963.17,5749.93,5586.28
5971.62,5749.93,5586.28
5979.44,5749.93,5586.28
5985.73,5749.93,5586.28
5990.88,5749.93,5586.28
5992.85,5749.93,5586.28
5994.34,5749.93,5586.28
5990.58,5749.93,5586.28
5980.1,5749.93,5586.28
5962.87,5749.93,5586.28
5943.03,5749.93,5586.28
5921.11,5749.93,5586.28
5898.59,5749.93,5586.28
5877.66,5749.93,5586.28
5866.29,5749.93,5586.28
5856.19,5749.93,5586.28
5849.4,5749.93,5586.28
5847.07,5749.93,5586.28
5846.96,5749.93,5586.28
5850.73,5749.93,5586.28
5861.19,5749.93,5586.28
5878.33,5749.93,5586.28
5898.02,5749.93,5586.28
5919.76,5749.93,5586.28
5942.1,5749.93,5586.28
5962.88,5749.93,5586.28
5974.09,5749.93,5586.28
5984.1,5749.93,5586.28
5990.97,5749.93,5586.28
5993.92,5749.93,5586.28
5994.65,5749.93,5586.28
5990.16,5749.93,5586.28
5977.9,5749.93,5586.28
5959.97,5749.93,5586.28
5938.21,5749.93,5586.28
5912.3,5749.93,5586.28
5887.83,5749.93,5586.28
5863.46,5749.93,5586.28
5841.21,5749.93,5586.28
5823.55,5749.93,5586.28
5815.8,5749.93,5586.28
5812.49,5749.93,5586.28
5812.01,5749.93,5586.28
5816.77,5749.93,5586.28
5829.15,5749.93,5586.28
5847.12,5749.93,5586.28
5868.86,5749.93,5586.28
5894.6900000000005,5749.93,5586.28
5919.08,5749.93,5586.28
5943.34,5749.93,5586.28
5965.53,5749.93,5586.28
5983.12,5749.93,5586.28
5990.87,5749.93,5586.28
5994.27,5749.93,5586.28
5994.99,5749.93,5586.28
5992.99,5749.93,5586.28
5989.37,5749.93,5586.28
5979.82,5749.93,5586.28
5963.82,5749.93,5586.28
5942.82,5749.93,5586.28
5915.71,5749.93,5586.28
5892.34,5749.93,5586.28
5870.51,5749.93,5586.28
5854.97,5749.93,5586.28
5847.9,5749.93,5586.28
5844.32,5749.93,5586.28
5843.81,5749.93,5586.28
5845.85,5749.93,5586.28
5849.52,5749.93,5586.28
5859.16,5749.93,5586.28
5875.31,5749.93,5586.28
5896.49,5749.93,5586.28
5923.78,5749.93,5586.28
5947.32,5749.93,5586.28
5969.24,5749.93,5586.28
5984.91,5749.93,5586.28
5991.94,5749.93,5586.28
5995.1,5749.93,5586.28
5994.85,5749.93,5586.28
5990.87,5749.93,5586.28
5981.49,5749.93,5586.28
5963.46,5749.93,5586.28
5948.53,5749.93,5586.28
5938.9400000000005,5749.93,5586.28
5920.61,5749.93,5586.28
5907.6900000000005,5749.93,5586.28
5894.73,5749.93,5586.28
5883.64,5749.93,5586.28
5876.95,5749.93,5586.28
5874.12,5749.93,5586.28
5873.77,5749.93,5586.28
5877.3,5749.93,5586.28
5886.35,5749.93,5586.28
5904.08,5749.93,5586.28
5918.79,5749.93,5586.28
5928.38,5749.93,5586.28
5946.59,5749.93,5586.28
5959.41,5749.93,5586.28
5972.29,5749.93,5586.28
5983.21,5749.93,5586.28
5989.64,5749.93,5586.28
5992.2,5749.93,5586.28
5992.42,5749.93,5586.28
5989.44,5749.93,5586.28
5981.49,5749.93,5586.28
5966.55,5749.93,5586.28
5951.94,5749.93,5586.28
5940.06,5749.93,5586.28
5934.09,5749.93,5586.28
5923.43,5749.93,5586.28
5917.3,5749.93,5586.28
5909.06,5749.93,5586.28
5902.08,5749.93,5586.28
5898.59,5749.93,5586.28
5898.09,5749.93,5586.28
5901.01,5749.93,5586.28
5908.94,5749.93,5586.28
5923.93,5749.93,5586.28
5938.57,5749.93,5586.28
5950.34,5749.93,5586.28
5956.32,5749.93,5586.28
5966.98,5749.93,5586.28
5973.11,5749.93,5586.28
5981.37,5749.93,5586.28
5988.4800000000005,5749.93,5586.28
5992.18,5749.93,5586.28
5992.78,5749.93,5586.28
5991.22,5749.93,5586.28
5984.54,5749.93,5586.28
5968.82,5749.93,5586.28
5949.6,5749.93,5586.28
5933.08,5749.93,5586.28
5918.56,5749.93,5586.28
5910.75,5749.93,5586.28
5901.72,5749.93,5586.28
5886.42,5749.93,5586.28
5876.52,5749.93,5586.28
5872.75,5749.93,5586.28
5869.39,5749.93,5586.28
5871.06,5749.93,5586.28
5877.84,5749.93,5586.28
5893.64,5749.93,5586.28
5912.93,5749.93,5586.28
5929.61,5749.93,5586.28
5944.22,5749.93,5586.28
5952.13,5749.93,5586.28
5961.27,5749.93,5586.28
5976.66,5749.93,5586.28
5986.5599999999995,5749.93,5586.28
5986.72,5749.93,5586.28
5989.8,5749.93,5586.28
5985.78,5749.93,5586.28
5974.48,5749.93,5586.28
5956.92,5749.93,5586.28
5936.35,5749.93,5586.28
5915.78,5749.93,5586.28
5894.5,5749.93,5586.28
5874.43,5749.93,5586.28
5856.74,5749.93,5586.28
5847.1,5749.93,5586.28
5843.22,5749.93,5586.28
5844.98,5749.93,5586.28
5844.9,5749.93,5586.28
5848.94,5749.93,5586.28
5860.27,5749.93,5586.28
5877.89,5749.93,5586.28
5898.5,5749.93,5586.28
5918.94,5749.93,5586.28
5940.2,5749.93,5586.28
5960.2,5749.93,5586.28
5977.85,5749.93,5586.28
5987.45,5749.93,5586.28
5991.28,5749.93,5586.28
5992.84,5749.93,5586.28
5992.62,5749.93,5586.28
5987.36,5749.93,5586.28
5975.81,5749.93,5586.28
5958.96,5749.93,5586.28
5938.27,5749.93,5586.28
5915.11,5749.93,5586.28
5895.3,5749.93,5586.28
5883.35,5749.93,5586.28
5867.5,5749.93,5586.28
5855.96,5749.93,5586.28
5852.41,5749.93,5586.28
5850.53,5749.93,5586.28
5850.9,5749.93,5586.28
5856.24,5749.93,5586.28
5867.77,5749.93,5586.28
5884.62,5749.93,5586.28
5905.24,5749.93,5586.28
5928.29,5749.93,5586.28
5947.99,5749.93,5586.28
5959.92,5749.93,5586.28
5975.72,5749.93,5586.28
5987.3,5749.93,5586.28
5991.07,5749.93,5586.28
5993.64,5749.93,5586.28
5994.34,5749.93,5586.28
5989.45,5749.93,5586.28
5977.85,5749.93,5586.28
5961.76,5749.93,5586.28
5941.87,5749.93,5586.28
5922.39,5749.93,5586.28
5900.67,5749.93,5586.28
5880.74,5749.93,5586.28
5862.4,5749.93,5586.28
5853.87,5749.93,5586.28
5849.35,5749.93,5586.28
5846.42,5749.93,5586.28
5846.07,5749.93,5586.28
5851.25,5749.93,5586.28
5863.15,5749.93,5586.28
5879.42,5749.93,5586.28
5899.49,5749.93,5586.28
5919.19,5749.93,5586.28
5941.11,5749.93,5586.28
5961.23,5749.93,5586.28
5979.81,5749.93,5586.28
5988.57,5749.93,5586.28
5993.35,5749.93,5586.28
5996.68,5749.93,5586.28
5997.41,5749.93,5586.28
5992.65,5749.93,5586.28
5980.54,5749.93,5586.28
5961.34,5749.93,5586.28
5938.8,5749.93,5586.28
5915.71,5749.93,5586.28
5891.82,5749.93,5586.28
5871.09,5749.93,5586.28
5852.97,5749.93,5586.28
5837.84,5749.93,5586.28
5830.32,5749.93,5586.28
5827.92,5749.93,5586.28
5827.14,5749.93,5586.28
5831.8,5749.93,5586.28
5843.71,5749.93,5586.28
5862.77,5749.93,5586.28
5885.24,5749.93,5586.28
5908.38,5749.93,5586.28
5932.26,5749.93,5586.28
5952.92,5749.93,5586.28
5970.95,5749.93,5586.28
5985.93,5749.93,5586.28
5993.05,5749.93,5586.28
5994.71,5749.93,5586.28
5994.25,5749.93,5586.28
5989.57,5749.93,5586.28
5978.58,5749.93,5586.28
5965.41,5749.93,5586.28
5950.2,5749.93,5586.28
5932.88,5749.93,5586.28
5914.59,5749.93,5586.28
5897.23,5749.93,5586.28
5883.89,5749.93,5586.28
5874.96,5749.93,5586.28
5871.1,5749.93,5586.28
5869.2,5749.93,5586.28
5869.32,5749.93,5586.28
5873.75,5749.93,5586.28
5884.71,5749.93,5586.28
5897.91,5749.93,5586.28
5913.23,5749.93,5586.28
5930.78,5749.93,5586.28
5949.18,5749.93,5586.28
5966.64,5749.93,5586.28
5980.03,5749.93,5586.28
5988.96,5749.93,5586.28
5992.87,5749.93,5586.28
5994.71,5749.93,5586.28
5994.73,5749.93,5586.28
5990.01,5749.93,5586.28
5980.72,5749.93,5586.28
5962.82,5749.93,5586.28
5942.64,5749.93,5586.28
5922.13,5749.93,5586.28
5900.37,5749.93,5586.28
5883.08,5749.93,5586.28
5868.08,5749.93,5586.28
5865.27,5749.93,5586.28
5862.82,5749.93,5586.28
5860.9,5749.93,5586.28
5860.96,5749.93,5586.28
5865.76,5749.93,5586.28
5875.08,5749.93,5586.28
5892.9,5749.93,5586.28
5913.05,5749.93,5586.28
5933.38,5749.93,5586.28
5955.09,5749.93,5586.28
5972.36,5749.93,5586.28
5987.35,5749.93,5586.28
5990.18,5749.93,5586.28
5992.61,5749.93,5586.28
5994.5,5749.93,5586.28
5994.42,5749.93,5586.28
5989.84,5749.93,5586.28
5977.8,5749.93,5586.28
5959.3,5749.93,5586.28
5937.15,5749.93,5586.28
5915.63,5749.93,5586.28
5895.53,5749.93,5586.28
5877.79,5749.93,5586.28
5861.68,5749.93,5586.28
5849.22,5749.93,5586.28
5845.57,5749.93,5586.28
5843.67,5749.93,5586.28
5843.58,5749.93,5586.28
5848.0199999999995,5749.93,5586.28
5859.91,5749.93,5586.28
5878.25,5749.93,5586.28
5900.22,5749.93,5586.28
5921.57,5749.93,5586.28
5941.5,5749.93,5586.28
5959.07,5749.93,5586.28
5975.01,5749.93,5586.28
5987.3,5749.93,5586.28
5990.82,5749.93,5586.28
5992.6,5749.93,5586.28
5992.54,5749.93,5586.28
5988.13,5749.93,5586.28
5976.59,5749.93,5586.28
5958.83,5749.93,5586.28
5936.61,5749.93,5586.28
5922.71,5749.93,5586.28
5916.53,5749.93,5586.28
5910.18,5749.93,5586.28
5903.56,5749.93,5586.28
5891.36,5749.93,5586.28
5882.12,5749.93,5586.28
5878.63,5749.93,5586.28
5878.64,5749.93,5586.28
5883.14,5749.93,5586.28
5894.78,5749.93,5586.28
5912.73,5749.93,5586.28
5935.1,5749.93,5586.28
5949.34,5749.93,5586.28
5955.76,5749.93,5586.28
5962.32,5749.93,5586.28
5969.16,5749.93,5586.28
5981.59,5749.93,5586.28
5991.04,5749.93,5586.28
5994.72,5749.93,5586.28
5994.92,5749.93,5586.28
5989.74,5749.93,5586.28
5977.84,5749.93,5586.28
5961.92,5749.93,5586.28
5940.78,5749.93,5586.28
5916.58,5749.93,5586.28
5892.64,5749.93,5586.28
5868.51,5749.93,5586.28
5849.83,5749.93,5586.28
5836.26,5749.93,5586.28
5831.36,5749.93,5586.28
5829.47,5749.93,5586.28
5827.57,5749.93,5586.28
5832.84,5749.93,5586.28
5844.86,5749.93,5586.28
5860.86,5749.93,5586.28
5882.0,5749.93,5586.28
5906.13,5749.93,5586.28
5930.0,5749.93,5586.28
5954.07,5749.93,5586.28
5972.7,5749.93,5586.28
5986.28,5749.93,5586.28
5991.37,5749.93,5586.28
5993.76,5749.93,5586.28
5996.09,5749.93,5586.28
5991.49,5749.93,5586.28
5982.27,5749.93,5586.28
5971.9800000000005,5749.93,5586.28
5962.39,5749.93,5586.28
5941.49,5749.93,5586.28
5915.54,5749.93,5586.28
5890.19,5749.93,5586.28
5883.99,5749.93,5586.28
5881.43,5749.93,5586.28
5878.73,5749.93,5586.28
5876.5,5749.93,5586.28
5876.64,5749.93,5586.28
5881.7,5749.93,5586.28
5891.21,5749.93,5586.28
5901.72,5749.93,5586.28
5911.33,5749.93,5586.28
5931.6,5749.93,5586.28
5957.46,5749.93,5586.28
5982.79,5749.93,5586.28
5989.01,5749.93,5586.28
5991.58,5749.93,5586.28
5994.32,5749.93,5586.28
5996.72,5749.93,5586.28
5997.51,5749.93,5586.28
5993.67,5749.93,5586.28
5983.56,5749.93,5586.28
5969.97,5749.93,5586.28
5959.83,5749.93,5586.28
5953.31,5749.93,5586.28
5944.54,5749.93,5586.28
5937.22,5749.93,5586.28
5930.23,5749.93,5586.28
5925.58,5749.93,5586.28
5921.42,5749.93,5586.28
5919.1900000000005,5749.93,5586.28
5918.55,5749.93,5586.28
5922.75,5749.93,5586.28
5933.25,5749.93,5586.28
5946.81,5749.93,5586.28
5957.17,5749.93,5586.28
5964.62,5749.93,5586.28
5973.84,5749.93,5586.28
5981.58,5749.93,5586.28
5988.94,5749.93,5586.28
5993.88,5749.93,5586.28
5998.04,5749.93,5586.28
5999.73,5749.93,5586.28
5999.16,5749.93,5586.28
5993.46,5749.93,5586.28
5980.75,5749.93,5586.28
5963.65,5749.93,5586.28
5942.9,5749.93,5586.28
5920.47,5749.93,5586.28
5897.15,5749.93,5586.28
5876.01,5749.93,5586.28
5858.03,5749.93,5586.28
5844.8,5749.93,5586.28
5840.82,5749.93,5586.28
5838.21,5749.93,5586.28
5837.99,5749.93,5586.28
5842.74,5749.93,5586.28
5854.63,5749.93,5586.28
5869.34,5749.93,5586.28
5886.05,5749.93,5586.28
5904.1,5749.93,5586.28
5922.98,5749.93,5586.28
5939.68,5749.93,5586.28
5953.16,5749.93,5586.28
5961.91,5749.93,5586.28
5961.59,5749.93,5586.28
5960.24,5749.93,5586.28
5956.64,5749.93,5586.28
5947.97,5749.93,5586.28
5935.0,5749.93,5586.28
5919.82,5749.93,5586.28
5906.6,5749.93,5586.28
5896.68,5749.93,5586.28
5884.25,5749.93,5586.28
5870.69,5749.93,5586.28
5855.87,5749.93,5586.28
5844.27,5749.93,5586.28
5838.04,5749.93,5586.28
5835.34,5749.93,5586.28
5835.7,5749.93,5586.28
5841.08,5749.93,5586.28
5850.67,5749.93,5586.28
5864.45,5749.93,5586.28
5877.74,5749.93,5586.28
5887.69,5749.93,5586.28
5900.2,5749.93,5586.28
5913.73,5749.93,5586.28
5928.53,5749.93,5586.28
5940.11,5749.93,5586.28
5946.33,5749.93,5586.28
5949.02,5749.93,5586.28
5948.76,5749.93,5586.28
5943.4,5749.93,5586.28
5931.84,5749.93,5586.28
5914.41,5749.93,5586.28
5894.72,5749.93,5586.28
5876.96,5749.93,5586.28
5856.16,5749.93,5586.28
5837.54,5749.93,5586.28
5820.11,5749.93,5586.28
5815.79,5749.93,5586.28
5814.14,5749.93,5586.28
5813.21,5749.93,5586.28
5813.54,5749.93,5586.28
5819.03,5749.93,5586.28
5830.7,5749.93,5586.28
5848.24,5749.93,5586.28
5868.04,5749.93,5586.28
5885.77,5749.93,5586.28
5906.62,5749.93,5586.28
5925.3,5749.93,5586.28
5942.81,5749.93,5586.28
5947.22,5749.93,5586.28
5948.96,5749.93,5586.28
5949.99,5749.93,5586.28
5950.06,5749.93,5586.28
5948.26,5749.93,5586.28
5945.7,5749.93,5586.28
5938.01,5749.93,5586.28
5930.77,5749.93,5586.28
5925.2300000000005,5749.93,5586.28
5920.92,5749.93,5586.28
5915.79,5749.93,5586.28
5909.06,5749.93,5586.28
5902.7,5749.93,5586.28
5898.7,5749.93,5586.28
5896.87,5749.93,5586.28
5896.87,5749.93,5586.28
5898.64,5749.93,5586.28
5901.2,5749.93,5586.28
5908.79,5749.93,5586.28
5916.03,5749.93,5586.28
5921.64,5749.93,5586.28
5925.99,5749.93,5586.28
5931.17,5749.93,5586.28
5937.9400000000005,5749.93,5586.28
5944.33,5749.93,5586.28
5948.36,5749.93,5586.28
5950.22,5749.93,5586.28
5949.77,5749.93,5586.28
5944.64,5749.93,5586.28
5932.36,5749.93,5586.28
5914.79,5749.93,5586.28
5892.61,5749.93,5586.28
5870.78,5749.93,5586.28
5851.03,5749.93,5586.28
5833.21,5749.93,5586.28
5817.02,5749.93,5586.28
5806.07,5749.93,5586.28
5803.17,5749.93,5586.28
5801.41,5749.93,5586.28
5801.34,5749.93,5586.28
5806.0199999999995,5749.93,5586.28
5817.85,5749.93,5586.28
5835.0,5749.93,5586.28
5856.599999999999,5749.93,5586.28
5877.84,5749.93,5586.28
5896.98,5749.93,5586.28
5914.16,5749.93,5586.28
5929.73,5749.93,5586.28
5940.66,5749.93,5586.28
5943.67,5749.93,5586.28
5945.7,5749.93,5586.28
5946.42,5749.93,5586.28
5945.42,5749.93,5586.28
5942.59,5749.93,5586.28
5938.53,5749.93,5586.28
5932.15,5749.93,5586.28
5923.18,5749.93,5586.28
5914.52,5749.93,5586.28
5904.7300000000005,5749.93,5586.28
5890.74,5749.93,5586.28
5875.27,5749.93,5586.28
5867.5,5749.93,5586.28
5863.93,5749.93,5586.28
5863.75,5749.93,5586.28
5865.46,5749.93,5586.28
5868.92,5749.93,5586.28
5873.6,5749.93,5586.28
5880.62,5749.93,5586.28
5890.27,5749.93,5586.28
5899.59,5749.93,5586.28
5910.07,5749.93,5586.28
5924.74,5749.93,5586.28
5940.32,5749.93,5586.28
5948.22,5749.93,5586.28
5951.91,5749.93,5586.28
5951.92,5749.93,5586.28
5945.53,5749.93,5586.28
5931.76,5749.93,5586.28
5912.96,5749.93,5586.28
5892.16,5749.93,5586.28
5874.0,5749.93,5586.28
5865.65,5749.93,5586.28
5860.71,5749.93,5586.28
5857.69,5749.93,5586.28
5854.7,5749.93,5586.28
5852.63,5749.93,5586.28
5851.16,5749.93,5586.28
5851.42,5749.93,5586.28
5857.82,5749.93,5586.28
5871.6,5749.93,5586.28
5890.41,5749.93,5586.28
5911.26,5749.93,5586.28
5929.47,5749.93,5586.28
5937.88,5749.93,5586.28
5942.83,5749.93,5586.28
5945.87,5749.93,5586.28
5948.84,5749.93,5586.28
5950.71,5749.93,5586.28
5951.89,5749.93,5586.28
5950.860000000001,5749.93,5586.28
5946.93,5749.93,5586.28
5935.67,5749.93,5586.28
5924.41,5749.93,5586.28
5919.53,5749.93,5586.28
5916.06,5749.93,5586.28
5910.51,5749.93,5586.28
5898.2,5749.93,5586.28
5887.83,5749.93,5586.28
5881.77,5749.93,5586.28
5877.45,5749.93,5586.28
5875.41,5749.93,5586.28
5875.65,5749.93,5586.28
5878.85,5749.93,5586.28
5889.45,5749.93,5586.28
5900.09,5749.93,5586.28
5904.35,5749.93,5586.28
5907.21,5749.93,5586.28
5912.1,5749.93,5586.28
5923.77,5749.93,5586.28
5933.74,5749.93,5586.28
5939.71,5749.93,5586.28
5943.96,5749.93,5586.28
5945.86,5749.93,5586.28
5945.92,5749.93,5586.28
5941.07,5749.93,5586.28
5933.35,5749.93,5586.28
5919.16,5749.93,5586.28
5903.75,5749.93,5586.28
5889.11,5749.93,5586.28
5870.25,5749.93,5586.28
5848.03,5749.93,5586.28
5833.6900000000005,5749.93,5586.28
5823.7,5749.93,5586.28
5816.55,5749.93,5586.28
5813.78,5749.93,5586.28
5811.82,5749.93,5586.28
5817.09,5749.93,5586.28
5825.1900000000005,5749.93,5586.28
5839.76,5749.93,5586.28
5855.54,5749.93,5586.28
5870.33,5749.93,5586.28
5889.07,5749.93,5586.28
5911.17,5749.93,5586.28
5926.09,5749.93,5586.28
5936.54,5749.93,5586.28
5944.16,5749.93,5586.28
5944.79,5749.93,5586.28
5946.48,5749.93,5586.28
5942.14,5749.93,5586.28
5932.24,5749.93,5586.28
5921.54,5749.93,5586.28
5903.99,5749.93,5586.28
5884.67,5749.93,5586.28
5874.4400000000005,5749.93,5586.28
5867.41,5749.93,5586.28
5858.2300000000005,5749.93,5586.28
5848.55,5749.93,5586.28
5842.09,5749.93,5586.28
5842.61,5749.93,5586.28
5843.27,5749.93,5586.28
5848.25,5749.93,5586.28
5858.84,5749.93,5586.28
5870.26,5749.93,5586.28
5888.61,5749.93,5586.28
5909.09,5749.93,5586.28
5920.72,5749.93,5586.28
5929.18,5749.93,5586.28
5938.93,5749.93,5586.28
5949.03,5749.93,5586.28
5955.94,5749.93,5586.28
5957.74,5749.93,5586.28
5958.05,5749.93,5586.28
5951.72,5749.93,5586.28
5939.75,5749.93,5586.28
5923.62,5749.93,5586.28
5907.4,5749.93,5586.28
5889.4400000000005,5749.93,5586.28
5867.02,5749.93,5586.28
5843.66,5749.93,5586.28
5822.93,5749.93,5586.28
5807.18,5749.93,5586.28
5798.04,5749.93,5586.28
5796.63,5749.93,5586.28
5798.18,5749.93,5586.28
5807.54,5749.93,5586.28
5823.36,5749.93,5586.28
5844.09,5749.93,5586.28
5865.03,5749.93,5586.28
5887.68,5749.93,5586.28
5914.5599999999995,5749.93,5586.28
5942.5199999999995,5749.93,5586.28
5968.0199999999995,5749.93,5586.28
5988.59,5749.93,5586.28
6002.58,5749.93,5586.28
6009.07,5749.93,5586.28
6012.76,5749.93,5586.28
6014.55,5749.93,5586.28
6015.14,5749.93,5586.28
6011.34,5749.93,5586.28
5993.08,5749.93,5586.28
5971.8099999999995,5749.93,5586.28
5953.14,5749.93,5586.28
5932.64,5749.93,5586.28
5915.54,5749.93,5586.28
5899.14,5749.93,5586.28
5888.75,5749.93,5586.28
5885.92,5749.93,5586.28
5885.51,5749.93,5586.28
5885.18,5749.93,5586.28
5885.22,5749.93,5586.28
5889.01,5749.93,5586.28
5907.150000000001,5749.93,5586.28
5928.17,5749.93,5586.28
5947.1900000000005,5749.93,5586.28
5967.9800000000005,5749.93,5586.28
5985.2,5749.93,5586.28
6001.65,5749.93,5586.28
6012.07,5749.93,5586.28
6015.48,5749.93,5586.28
6016.27,5749.93,5586.28
6013.39,5749.93,5586.28
6003.73,5749.93,5586.28
5988.08,5749.93,5586.28
5966.38,5749.93,5586.28
5940.26,5749.93,5586.28
5913.01,5749.93,5586.28
5888.6,5749.93,5586.28
5867.79,5749.93,5586.28
5851.99,5749.93,5586.28
5841.78,5749.93,5586.28
5837.83,5749.93,5586.28
5836.12,5749.93,5586.28
5838.09,5749.93,5586.28
5846.8,5749.93,5586.28
5861.41,5749.93,5586.28
5882.03,5749.93,5586.28
5907.15,5749.93,5586.28
5933.28,5749.93,5586.28
5956.58,5749.93,5586.28
5976.25,5749.93,5586.28
5990.94,5749.93,5586.28
6000.12,5749.93,5586.28
6003.11,5749.93,5586.28
6003.17,5749.93,5586.28
5997.19,5749.93,5586.28
5980.49,5749.93,5586.28
5959.54,5749.93,5586.28
5932.94,5749.93,5586.28
5906.42,5749.93,5586.28
5886.54,5749.93,5586.28
5870.04,5749.93,5586.28
5860.33,5749.93,5586.28
5851.82,5749.93,5586.28
5844.43,5749.93,5586.28
5838.17,5749.93,5586.28
5833.59,5749.93,5586.28
5835.05,5749.93,5586.28
5847.2,5749.93,5586.28
5863.51,5749.93,5586.28
5885.43,5749.93,5586.28
5907.28,5749.93,5586.28
5922.21,5749.93,5586.28
5933.66,5749.93,5586.28
5938.25,5749.93,5586.28
5941.62,5749.93,5586.28
5943.76,5749.93,5586.28
5944.66,5749.93,5586.28
5944.63,5749.93,5586.28
5942.88,5749.93,5586.28
5938.35,5749.93,5586.28
5929.05,5749.93,5586.28
5914.95,5749.93,5586.28
5889.79,5749.93,5586.28
5863.48,5749.93,5586.28
5842.36,5749.93,5586.28
5828.75,5749.93,5586.28
5824.85,5749.93,5586.28
5822.27,5749.93,5586.28
5820.97,5749.93,5586.28
5820.65,5749.93,5586.28
5822.23,5749.93,5586.28
5826.67,5749.93,5586.28
5835.49,5749.93,5586.28
5849.09,5749.93,5586.28
5873.67,5749.93,5586.28
5899.46,5749.93,5586.28
5920.03,5749.93,5586.28
5933.08,5749.93,5586.28
5936.39,5749.93,5586.28
5938.4,5749.93,5586.28
5939.19,5749.93,5586.28
5938.2,5749.93,5586.28
5932.26,5749.93,5586.28
5921.16,5749.93,5586.28
5906.57,5749.93,5586.28
5891.34,5749.93,5586.28
5877.54,5749.93,5586.28
5865.36,5749.93,5586.28
5854.99,5749.93,5586.28
5853.43,5749.93,5586.28
5850.0,5749.93,5586.28
5847.69,5749.93,5586.28
5846.46,5749.93,5586.28
5846.9,5749.93,5586.28
5852.17,5749.93,5586.28
5862.87,5749.93,5586.28
5877.46,5749.93,5586.28
5892.7,5749.93,5586.28
5906.54,5749.93,5586.28
5918.73,5749.93,5586.28
5929.09,5749.93,5586.28
5930.62,5749.93,5586.28
5934.03,5749.93,5586.28
5936.35,5749.93,5586.28
5937.01,5749.93,5586.28
5936.55,5749.93,5586.28
5930.96,5749.93,5586.28
5918.85,5749.93,5586.28
5901.03,5749.93,5586.28
5880.08,5749.93,5586.28
5856.63,5749.93,5586.28
5839.79,5749.93,5586.28
5825.47,5749.93,5586.28
5816.87,5749.93,5586.28
5810.6,5749.93,5586.28
5807.82,5749.93,5586.28
5807.1,5749.93,5586.28
5807.58,5749.93,5586.28
5813.16,5749.93,5586.28
5825.2699999999995,5749.93,5586.28
5843.11,5749.93,5586.28
5864.0599999999995,5749.93,5586.28
5888.04,5749.93,5586.28
5905.5599999999995,5749.93,5586.28
5920.93,5749.93,5586.28
5930.58,5749.93,5586.28
5938.0,5749.93,5586.28
5942.45,5749.93,5586.28
5943.4,5749.93,5586.28
5944.18,5749.93,5586.28
5945.0,5749.93,5586.28
5944.47,5749.93,5586.28
5943.9,5749.93,5586.28
5943.02,5749.93,5586.28
5939.12,5749.93,5586.28
5933.31,5749.93,5586.28
5926.02,5749.93,5586.28
5919.47,5749.93,5586.28
5912.52,5749.93,5586.28
5906.3,5749.93,5586.28
5905.2300000000005,5749.93,5586.28
5905.65,5749.93,5586.28
5905.8,5749.93,5586.28
5906.9400000000005,5749.93,5586.28
5908.78,5749.93,5586.28
5910.78,5749.93,5586.28
5914.74,5749.93,5586.28
5920.64,5749.93,5586.28
5927.28,5749.93,5586.28
5933.79,5749.93,5586.28
5940.52,5749.93,5586.28
5946.08,5749.93,5586.28
5948.26,5749.93,5586.28
5947.4,5749.93,5586.28
5943.15,5749.93,5586.28
5932.57,5749.93,5586.28
5913.08,5749.93,5586.28
5893.8,5749.93,5586.28
5869.41,5749.93,5586.28
5843.13,5749.93,5586.28
5821.63,5749.93,5586.28
5807.72,5749.93,5586.28
5795.9,5749.93,5586.28
5789.68,5749.93,5586.28
5788.23,5749.93,5586.28
5788.76,5749.93,5586.28
5793.97,5749.93,5586.28
5805.49,5749.93,5586.28
5825.91,5749.93,5586.28
5845.38,5749.93,5586.28
5870.12,5749.93,5586.28
5896.25,5749.93,5586.28
5918.15,5749.93,5586.28
5931.65,5749.93,5586.28
5942.85,5749.93,5586.28
5949.1,5749.93,5586.28
5949.63,5749.93,5586.28
5949.13,5749.93,5586.28
5941.4400000000005,5749.93,5586.28
5928.9400000000005,5749.93,5586.28
5908.7,5749.93,5586.28
5887.26,5749.93,5586.28
5865.68,5749.93,5586.28
5845.8,5749.93,5586.28
5837.71,5749.93,5586.28
5835.16,5749.93,5586.28
5829.29,5749.93,5586.28
5822.2300000000005,5749.93,5586.28
5821.61,5749.93,5586.28
5820.78,5749.93,5586.28
5827.62,5749.93,5586.28
5839.4,5749.93,5586.28
5857.93,5749.93,5586.28
5878.93,5749.93,5586.28
5899.8,5749.93,5586.28
5919.07,5749.93,5586.28
5926.85,5749.93,5586.28
5929.01,5749.93,5586.28
5935.05,5749.93,5586.28
5941.65,5749.93,5586.28
5943.03,5749.93,5586.28
5944.1,5749.93,5586.28
5937.61,5749.93,5586.28
5923.52,5749.93,5586.28
5905.36,5749.93,5586.28
5884.52,5749.93,5586.28
5869.07,5749.93,5586.28
5852.05,5749.93,5586.28
5840.07,5749.93,5586.28
5831.19,5749.93,5586.28
5822.18,5749.93,5586.28
5816.79,5749.93,5586.28
5815.39,5749.93,5586.28
5815.95,5749.93,5586.28
5822.91,5749.93,5586.28
5836.63,5749.93,5586.28
5855.19,5749.93,5586.28
5875.72,5749.93,5586.28
5892.49,5749.93,5586.28
5910.5,5749.93,5586.28
5922.68,5749.93,5586.28
5931.7699999999995,5749.93,5586.28
5941.34,5749.93,5586.28
5946.73,5749.93,5586.28
5947.19,5749.93,5586.28
5946.19,5749.93,5586.28
5939.13,5749.93,5586.28
5929.23,5749.93,5586.28
5913.36,5749.93,5586.28
5896.3,5749.93,5586.28
5881.87,5749.93,5586.28
5865.35,5749.93,5586.28
5849.98,5749.93,5586.28
5844.87,5749.93,5586.28
5841.99,5749.93,5586.28
5838.49,5749.93,5586.28
5839.14,5749.93,5586.28
5837.51,5749.93,5586.28
5844.47,5749.93,5586.28
5854.74,5749.93,5586.28
5871.0,5749.93,5586.28
5888.73,5749.93,5586.28
5902.72,5749.93,5586.28
5920.79,5749.93,5586.28
5936.83,5749.93,5586.28
5943.94,5749.93,5586.28
5947.03,5749.93,5586.28
5951.54,5749.93,5586.28
5952.7699999999995,5749.93,5586.28
5954.75,5749.93,5586.28
5950.2699999999995,5749.93,5586.28
5940.17,5749.93,5586.28
5929.76,5749.93,5586.28
5913.45,5749.93,5586.28
5897.8,5749.93,5586.28
5885.86,5749.93,5586.28
5875.03,5749.93,5586.28
5860.12,5749.93,5586.28
5851.06,5749.93,5586.28
5846.15,5749.93,5586.28
5843.39,5749.93,5586.28
5844.52,5749.93,5586.28
5849.69,5749.93,5586.28
5860.21,5749.93,5586.28
5870.3,5749.93,5586.28
5886.47,5749.93,5586.28
5902.41,5749.93,5586.28
5912.89,5749.93,5586.28
5923.81,5749.93,5586.28
5937.66,5749.93,5586.28
5947.0199999999995,5749.93,5586.28
5952.8099999999995,5749.93,5586.28
5955.84,5749.93,5586.28
5955.65,5749.93,5586.28
5949.43,5749.93,5586.28
5937.99,5749.93,5586.28
5926.3099999999995,5749.93,5586.28
5925.6,5749.93,5586.28
5925.3,5749.93,5586.28
5918.68,5749.93,5586.28
5916.3,5749.93,5586.28
5912.55,5749.93,5586.28
5909.2699999999995,5749.93,5586.28
5906.51,5749.93,5586.28
5905.46,5749.93,5586.28
5906.22,5749.93,5586.28
5912.34,5749.93,5586.28
5924.38,5749.93,5586.28
5937.0599999999995,5749.93,5586.28
5938.0199999999995,5749.93,5586.28
5938.78,5749.93,5586.28
5945.62,5749.93,5586.28
5948.65,5749.93,5586.28
5952.77,5749.93,5586.28
5956.93,5749.93,5586.28
5958.93,5749.93,5586.28
5959.97,5749.93,5586.28
5958.63,5749.93,5586.28
5953.6,5749.93,5586.28
5944.69,5749.93,5586.28
5932.49,5749.93,5586.28
5914.67,5749.93,5586.28
5896.12,5749.93,5586.28
5880.55,5749.93,5586.28
5865.79,5749.93,5586.28
5859.16,5749.93,5586.28
5855.08,5749.93,5586.28
5852.62,5749.93,5586.28
5850.73,5749.93,5586.28
5851.24,5749.93,5586.28
5856.01,5749.93,5586.28
5864.41,5749.93,5586.28
5875.87,5749.93,5586.28
5893.62,5749.93,5586.28
5912.45,5749.93,5586.28
5928.78,5749.93,5586.28
5942.89,5749.93,5586.28
5949.28,5749.93,5586.28
5952.71,5749.93,5586.28
5955.72,5749.93,5586.28
5957.06,5749.93,5586.28
5957.07,5749.93,5586.28
5951.11,5749.93,5586.28
5941.5599999999995,5749.93,5586.28
5928.65,5749.93,5586.28
5908.83,5749.93,5586.28
5887.34,5749.93,5586.28
5865.04,5749.93,5586.28
5843.54,5749.93,5586.28
5836.3099999999995,5749.93,5586.28
5831.5,5749.93,5586.28
5827.15,5749.93,5586.28
5825.49,5749.93,5586.28
5825.48,5749.93,5586.28
5831.49,5749.93,5586.28
5841.67,5749.93,5586.28
5855.27,5749.93,5586.28
5875.21,5749.93,5586.28
5895.86,5749.93,5586.28
5917.4,5749.93,5586.28
5938.36,5749.93,5586.28
5944.84,5749.93,5586.28
5948.91,5749.93,5586.28
5952.39,5749.93,5586.28
5954.36,5749.93,5586.28
5953.89,5749.93,5586.28
5949.03,5749.93,5586.28
5937.2699999999995,5749.93,5586.28
5926.39,5749.93,5586.28
5912.0,5749.93,5586.28
5891.72,5749.93,5586.28
5870.51,5749.93,5586.28
5851.34,5749.93,5586.28
5835.13,5749.93,5586.28
5825.5,5749.93,5586.28
5821.88,5749.93,5586.28
5820.67,5749.93,5586.28
5819.79,5749.93,5586.28
5824.17,5749.93,5586.28
5835.33,5749.93,5586.28
5845.58,5749.93,5586.28
5859.73,5749.93,5586.28
5879.32,5749.93,5586.28
5900.08,5749.93,5586.28
5919.14,5749.93,5586.28
5935.49,5749.93,5586.28
5944.95,5749.93,5586.28
5948.16,5749.93,5586.28
5949.0,5749.93,5586.28
5949.78,5749.93,5586.28
5948.14,5749.93,5586.28
5940.11,5749.93,5586.28
5926.65,5749.93,5586.28
5911.07,5749.93,5586.28
5893.05,5749.93,5586.28
5868.08,5749.93,5586.28
5852.86,5749.93,5586.28
5837.95,5749.93,5586.28
5828.46,5749.93,5586.28
5823.32,5749.93,5586.28
5820.92,5749.93,5586.28
5821.62,5749.93,5586.28
5823.9,5749.93,5586.28
5831.97,5749.93,5586.28
5845.7,5749.93,5586.28
5861.6,5749.93,5586.28
5879.71,5749.93,5586.28
5904.53,5749.93,5586.28
5919.57,5749.93,5586.28
5934.68,5749.93,5586.28
5944.42,5749.93,5586.28
5949.82,5749.93,5586.28
5951.78,5749.93,5586.28
5951.57,5749.93,5586.28
5945.87,5749.93,5586.28
5935.49,5749.93,5586.28
5921.54,5749.93,5586.28
5903.34,5749.93,5586.28
5879.04,5749.93,5586.28
5858.03,5749.93,5586.28
5835.23,5749.93,5586.28
5818.51,5749.93,5586.28
5807.85,5749.93,5586.28
5803.14,5749.93,5586.28
5802.09,5749.93,5586.28
5800.51,5749.93,5586.28
5805.59,5749.93,5586.28
5815.8,5749.93,5586.28
5829.72,5749.93,5586.28
5848.73,5749.93,5586.28
5873.41,5749.93,5586.28
5894.53,5749.93,5586.28
5917.79,5749.93,5586.28
5934.36,5749.93,5586.28
5944.93,5749.93,5586.28
5949.5599999999995,5749.93,5586.28
5951.22,5749.93,5586.28
5953.43,5749.93,5586.28
5950.89,5749.93,5586.28
5943.21,5749.93,5586.28
5931.05,5749.93,5586.28
5912.19,5749.93,5586.28
5887.47,5749.93,5586.28
5859.61,5749.93,5586.28
5833.46,5749.93,5586.28
5812.39,5749.93,5586.28
5797.72,5749.93,5586.28
5788.89,5749.93,5586.28
5786.32,5749.93,5586.28
5784.98,5749.93,5586.28
5787.94,5749.93,5586.28
5796.04,5749.93,5586.28
5807.85,5749.93,5586.28
5825.94,5749.93,5586.28
5850.39,5749.93,5586.28
5878.32,5749.93,5586.28
5904.34,5749.93,5586.28
5925.37,5749.93,5586.28
5939.94,5749.93,5586.28
5948.53,5749.93,5586.28
5949.02,5749.93,5586.28
5949.79,5749.93,5586.28
5945.32,5749.93,5586.28
5936.68,5749.93,5586.28
5923.53,5749.93,5586.28
5905.85,5749.93,5586.28
5888.11,5749.93,5586.28
5871.56,5749.93,5586.28
5856.56,5749.93,5586.28
5843.64,5749.93,5586.28
5835.58,5749.93,5586.28
5830.49,5749.93,5586.28
5830.38,5749.93,5586.28
5829.78,5749.93,5586.28
5833.8099999999995,5749.93,5586.28
5842.07,5749.93,5586.28
5854.98,5749.93,5586.28
5871.95,5749.93,5586.28
5889.85,5749.93,5586.28
5906.54,5749.93,5586.28
5922.06,5749.93,5586.28
5935.52,5749.93,5586.28
5943.57,5749.93,5586.28
5948.77,5749.93,5586.28
5949.88,5749.93,5586.28
5950.16,5749.93,5586.28
5945.99,5749.93,5586.28
5936.63,5749.93,5586.28
5923.51,5749.93,5586.28
5907.28,5749.93,5586.28
5888.9,5749.93,5586.28
5873.09,5749.93,5586.28
5858.17,5749.93,5586.28
5840.23,5749.93,5586.28
5825.5,5749.93,5586.28
5819.57,5749.93,5586.28
5818.09,5749.93,5586.28
5816.12,5749.93,5586.28
5820.34,5749.93,5586.28
5829.7,5749.93,5586.28
5843.0,5749.93,5586.28
5859.1900000000005,5749.93,5586.28
5877.28,5749.93,5586.28
5892.87,5749.93,5586.28
5907.32,5749.93,5586.28
5925.29,5749.93,5586.28
5940.54,5749.93,5586.28
5946.89,5749.93,5586.28
5947.79,5749.93,5586.28
5948.78,5749.93,5586.28
5943.07,5749.93,5586.28
5931.36,5749.93,5586.28
5915.5,5749.93,5586.28
5897.37,5749.93,5586.28
5874.82,5749.93,5586.28
5853.01,5749.93,5586.28
5831.08,5749.93,5586.28
5815.74,5749.93,5586.28
5805.46,5749.93,5586.28
5800.59,5749.93,5586.28
5800.99,5749.93,5586.28
5800.38,5749.93,5586.28
5806.31,5749.93,5586.28
5818.24,5749.93,5586.28
5834.53,5749.93,5586.28
5854.0,5749.93,5586.28
5877.78,5749.93,5586.28
5900.3,5749.93,5586.28
5922.95,5749.93,5586.28
5937.44,5749.93,5586.28
5947.38,5749.93,5586.28
5951.84,5749.93,5586.28
5953.23,5749.93,5586.28
5954.76,5749.93,5586.28
5952.37,5749.93,5586.28
5943.28,5749.93,5586.28
5927.34,5749.93,5586.28
5908.74,5749.93,5586.28
5894.87,5749.93,5586.28
5879.5,5749.93,5586.28
5871.76,5749.93,5586.28
5869.5,5749.93,5586.28
5866.25,5749.93,5586.28
5864.41,5749.93,5586.28
5862.77,5749.93,5586.28
5861.06,5749.93,5586.28
5862.99,5749.93,5586.28
5871.27,5749.93,5586.28
5886.59,5749.93,5586.28
5904.1,5749.93,5586.28
5916.52,5749.93,5586.28
5930.97,5749.93,5586.28
5937.49,5749.93,5586.28
5939.68,5749.93,5586.28
5942.61,5749.93,5586.28
5944.75,5749.93,5586.28
5944.49,5749.93,5586.28
5946.37,5749.93,5586.28
5945.64,5749.93,5586.28
5943.84,5749.93,5586.28
5939.99,5749.93,5586.28
5925.39,5749.93,5586.28
5912.25,5749.93,5586.28
5902.34,5749.93,5586.28
5889.26,5749.93,5586.28
5878.65,5749.93,5586.28
5870.78,5749.93,5586.28
5865.68,5749.93,5586.28
5865.04,5749.93,5586.28
5864.3,5749.93,5586.28
5865.37,5749.93,5586.28
5867.49,5749.93,5586.28
5871.49,5749.93,5586.28
5885.72,5749.93,5586.28
5898.88,5749.93,5586.28
5908.81,5749.93,5586.28
5922.03,5749.93,5586.28
5932.97,5749.93,5586.28
5940.74,5749.93,5586.28
5945.4,5749.93,5586.28
5946.14,5749.93,5586.28
5946.66,5749.93,5586.28
5942.98,5749.93,5586.28
5933.0,5749.93,5586.28
5916.77,5749.93,5586.28
5896.06,5749.93,5586.28
5873.48,5749.93,5586.28
5852.47,5749.93,5586.28
5833.84,5749.93,5586.28
5816.07,5749.93,5586.28
5802.87,5749.93,5586.28
5796.33,5749.93,5586.28
5796.51,5749.93,5586.28
5796.02,5749.93,5586.28
5799.14,5749.93,5586.28
5808.5,5749.93,5586.28
5824.09,5749.93,5586.28
5844.61,5749.93,5586.28
5867.87,5749.93,5586.28
5888.93,5749.93,5586.28
5907.89,5749.93,5586.28
5925.41,5749.93,5586.28
5938.66,5749.93,5586.28
5945.07,5749.93,5586.28
5946.17,5749.93,5586.28
5945.75,5749.93,5586.28
5939.77,5749.93,5586.28
5929.73,5749.93,5586.28
5913.29,5749.93,5586.28
5891.56,5749.93,5586.28
5867.59,5749.93,5586.28
5843.4,5749.93,5586.28
5822.86,5749.93,5586.28
5805.58,5749.93,5586.28
5795.36,5749.93,5586.28
5792.04,5749.93,5586.28
5790.99,5749.93,5586.28
5792.0,5749.93,5586.28
5798.25,5749.93,5586.28
5808.83,5749.93,5586.28
5825.47,5749.93,5586.28
5847.78,5749.93,5586.28
5871.82,5749.93,5586.28
5895.99,5749.93,5586.28
5915.84,5749.93,5586.28
5932.81,5749.93,5586.28
5942.66,5749.93,5586.28
5945.89,5749.93,5586.28
5946.89,5749.93,5586.28
5947.73,5749.93,5586.28
5945.54,5749.93,5586.28
5940.9,5749.93,5586.28
5935.24,5749.93,5586.28
5926.77,5749.93,5586.28
5915.24,5749.93,5586.28
5903.42,5749.93,5586.28
5892.9400000000005,5749.93,5586.28
5882.05,5749.93,5586.28
5873.81,5749.93,5586.28
5868.93,5749.93,5586.28
5865.88,5749.93,5586.28
5864.4,5749.93,5586.28
5866.16,5749.93,5586.28
5870.28,5749.93,5586.28
5876.0,5749.93,5586.28
5884.12,5749.93,5586.28
5894.93,5749.93,5586.28
5906.53,5749.93,5586.28
5917.27,5749.93,5586.28
5928.54,5749.93,5586.28
5936.78,5749.93,5586.28
5941.85,5749.93,5586.28
5944.42,5749.93,5586.28
5944.14,5749.93,5586.28
5938.26,5749.93,5586.28
5926.42,5749.93,5586.28
5908.57,5749.93,5586.28
5885.53,5749.93,5586.28
5859.61,5749.93,5586.28
5833.66,5749.93,5586.28
5809.23,5749.93,5586.28
5788.63,5749.93,5586.28
5774.79,5749.93,5586.28
5766.98,5749.93,5586.28
5762.59,5749.93,5586.28
5763.85,5749.93,5586.28
5770.06,5749.93,5586.28
5782.24,5749.93,5586.28
5800.67,5749.93,5586.28
5823.74,5749.93,5586.28
5849.42,5749.93,5586.28
5875.34,5749.93,5586.28
5899.46,5749.93,5586.28
5919.79,5749.93,5586.28
5933.58,5749.93,5586.28
5941.01,5749.93,5586.28
5945.63,5749.93,5586.28
5944.33,5749.93,5586.28
5938.19,5749.93,5586.28
5927.46,5749.93,5586.28
5911.9,5749.93,5586.28
5891.9,5749.93,5586.28
5868.35,5749.93,5586.28
5847.13,5749.93,5586.28
5827.58,5749.93,5586.28
5812.96,5749.93,5586.28
5801.97,5749.93,5586.28
5798.21,5749.93,5586.28
5796.6900000000005,5749.93,5586.28
5797.28,5749.93,5586.28
5803.03,5749.93,5586.28
5813.38,5749.93,5586.28
5828.2,5749.93,5586.28
5847.86,5749.93,5586.28
5872.24,5749.93,5586.28
5894.1,5749.93,5586.28
5914.41,5749.93,5586.28
5929.5,5749.93,5586.28
5940.93,5749.93,5586.28
5945.22,5749.93,5586.28
5946.95,5749.93,5586.28
5947.47,5749.93,5586.28
5942.79,5749.93,5586.28
5933.15,5749.93,5586.28
5917.57,5749.93,5586.28
5897.97,5749.93,5586.28
5877.58,5749.93,5586.28
5867.01,5749.93,5586.28
5858.07,5749.93,5586.28
5840.99,5749.93,5586.28
5833.46,5749.93,5586.28
5832.9,5749.93,5586.28
5832.29,5749.93,5586.28
5832.55,5749.93,5586.28
5838.08,5749.93,5586.28
5849.09,5749.93,5586.28
5865.65,5749.93,5586.28
5885.29,5749.93,5586.28
5906.75,5749.93,5586.28
5918.44,5749.93,5586.28
5927.61,5749.93,5586.28
5945.16,5749.93,5586.28
5953.04,5749.93,5586.28
5953.97,5749.93,5586.28
5955.57,5749.93,5586.28
5955.32,5749.93,5586.28
5949.45,5749.93,5586.28
5936.33,5749.93,5586.28
5918.67,5749.93,5586.28
5900.3,5749.93,5586.28
5878.84,5749.93,5586.28
5859.75,5749.93,5586.28
5842.13,5749.93,5586.28
5833.72,5749.93,5586.28
5831.62,5749.93,5586.28
5829.67,5749.93,5586.28
5827.6,5749.93,5586.28
5827.43,5749.93,5586.28
5832.7,5749.93,5586.28
5844.74,5749.93,5586.28
5861.65,5749.93,5586.28
5880.81,5749.93,5586.28
5901.47,5749.93,5586.28
5919.1900000000005,5749.93,5586.28
5936.55,5749.93,5586.28
5944.46,5749.93,5586.28
5946.07,5749.93,5586.28
5947.64,5749.93,5586.28
5949.22,5749.93,5586.28
5950.58,5749.93,5586.28
5949.1,5749.93,5586.28
5944.48,5749.93,5586.28
5932.71,5749.93,5586.28
5911.64,5749.93,5586.28
5891.0199999999995,5749.93,5586.28
5874.59,5749.93,5586.28
5860.23,5749.93,5586.28
5854.68,5749.93,5586.28
5852.13,5749.93,5586.28
5850.84,5749.93,5586.28
5849.56,5749.93,5586.28
5848.07,5749.93,5586.28
5849.5,5749.93,5586.28
5854.25,5749.93,5586.28
5865.91,5749.93,5586.28
5886.5,5749.93,5586.28
5906.71,5749.93,5586.28
5923.21,5749.93,5586.28
5937.28,5749.93,5586.28
5942.6,5749.93,5586.28
5945.29,5749.93,5586.28
5946.46,5749.93,5586.28
5947.6,5749.93,5586.28
5947.49,5749.93,5586.28
5941.46,5749.93,5586.28
5928.98,5749.93,5586.28
5912.9,5749.93,5586.28
5891.51,5749.93,5586.28
5868.2699999999995,5749.93,5586.28
5844.09,5749.93,5586.28
5820.97,5749.93,5586.28
5801.45,5749.93,5586.28
5786.86,5749.93,5586.28
5779.57,5749.93,5586.28
5777.47,5749.93,5586.28
5777.47,5749.93,5586.28
5783.46,5749.93,5586.28
5796.21,5749.93,5586.28
5813.08,5749.93,5586.28
5834.36,5749.93,5586.28
5857.05,5749.93,5586.28
5880.64,5749.93,5586.28
5903.64,5749.93,5586.28
5923.2,5749.93,5586.28
5938.49,5749.93,5586.28
5945.91,5749.93,5586.28
5946.98,5749.93,5586.28
5946.57,5749.93,5586.28
5941.5,5749.93,5586.28
5931.11,5749.93,5586.28
5913.77,5749.93,5586.28
5894.79,5749.93,5586.28
5874.98,5749.93,5586.28
5853.21,5749.93,5586.28
5832.59,5749.93,5586.28
5812.47,5749.93,5586.28
5797.43,5749.93,5586.28
5790.1,5749.93,5586.28
5789.35,5749.93,5586.28
5790.25,5749.93,5586.28
5795.42,5749.93,5586.28
5805.53,5749.93,5586.28
5822.47,5749.93,5586.28
5841.8,5749.93,5586.28
5862.18,5749.93,5586.28
5884.43,5749.93,5586.28
5906.02,5749.93,5586.28
5926.36,5749.93,5586.28
5941.25,5749.93,5586.28
5948.19,5749.93,5586.28
5948.94,5749.93,5586.28
5948.48,5749.93,5586.28
5944.77,5749.93,5586.28
5940.6,5749.93,5586.28
5931.08,5749.93,5586.28
5915.4800000000005,5749.93,5586.28
5901.1,5749.93,5586.28
5877.66,5749.93,5586.28
5863.22,5749.93,5586.28
5854.8,5749.93,5586.28
5851.39,5749.93,5586.28
5849.46,5749.93,5586.28
5848.27,5749.93,5586.28
5847.7,5749.93,5586.28
5850.7300000000005,5749.93,5586.28
5854.49,5749.93,5586.28
5863.2300000000005,5749.93,5586.28
5877.91,5749.93,5586.28
5891.3,5749.93,5586.28
5914.02,5749.93,5586.28
5927.14,5749.93,5586.28
5934.75,5749.93,5586.28
5937.11,5749.93,5586.28
5938.85,5749.93,5586.28
5940.59,5749.93,5586.28
5940.69,5749.93,5586.28
5937.34,5749.93,5586.28
5928.73,5749.93,5586.28
5914.0,5749.93,5586.28
5896.49,5749.93,5586.28
5877.86,5749.93,5586.28
5858.36,5749.93,5586.28
5846.71,5749.93,5586.28
5844.75,5749.93,5586.28
5842.08,5749.93,5586.28
5838.82,5749.93,5586.28
5836.65,5749.93,5586.28
5836.81,5749.93,5586.28
5840.48,5749.93,5586.28
5848.92,5749.93,5586.28
5863.48,5749.93,5586.28
5881.01,5749.93,5586.28
5899.65,5749.93,5586.28
5919.16,5749.93,5586.28
5930.71,5749.93,5586.28
5932.74,5749.93,5586.28
5935.36,5749.93,5586.28
5938.56,5749.93,5586.28
5940.47,5749.93,5586.28
5940.01,5749.93,5586.28
5934.28,5749.93,5586.28
5923.46,5749.93,5586.28
5908.17,5749.93,5586.28
5888.65,5749.93,5586.28
5865.88,5749.93,5586.28
5842.0599999999995,5749.93,5586.28
5819.21,5749.93,5586.28
5808.62,5749.93,5586.28
5805.71,5749.93,5586.28
5804.3099999999995,5749.93,5586.28
5803.03,5749.93,5586.28
5803.48,5749.93,5586.28
5809.28,5749.93,5586.28
5820.1,5749.93,5586.28
5835.41,5749.93,5586.28
5855.15,5749.93,5586.28
5878.26,5749.93,5586.28
5902.27,5749.93,5586.28
5925.31,5749.93,5586.28
5935.89,5749.93,5586.28
5938.94,5749.93,5586.28
5940.01,5749.93,5586.28
5941.64,5749.93,5586.28
5941.75,5749.93,5586.28
5935.84,5749.93,5586.28
5922.92,5749.93,5586.28
5904.05,5749.93,5586.28
5883.34,5749.93,5586.28
5859.62,5749.93,5586.28
5832.89,5749.93,5586.28
5808.15,5749.93,5586.28
5785.85,5749.93,5586.28
5776.74,5749.93,5586.28
5775.38,5749.93,5586.28
5773.89,5749.93,5586.28
5774.0,5749.93,5586.28
5780.06,5749.93,5586.28
5793.1900000000005,5749.93,5586.28
5812.17,5749.93,5586.28
5833.21,5749.93,5586.28
5856.65,5749.93,5586.28
5883.66,5749.93,5586.28
5908.32,5749.93,5586.28
5930.68,5749.93,5586.28
5939.7,5749.93,5586.28
5941.29,5749.93,5586.28
5942.63,5749.93,5586.28
5941.82,5749.93,5586.28
5936.13,5749.93,5586.28
5925.95,5749.93,5586.28
5912.68,5749.93,5586.28
5896.8,5749.93,5586.28
5877.38,5749.93,5586.28
5857.6,5749.93,5586.28
5839.86,5749.93,5586.28
5828.35,5749.93,5586.28
5821.89,5749.93,5586.28
5824.66,5749.93,5586.28
5827.49,5749.93,5586.28
5831.07,5749.93,5586.28
5839.83,5749.93,5586.28
5853.34,5749.93,5586.28
5870.14,5749.93,5586.28
5889.17,5749.93,5586.28
5912.42,5749.93,5586.28
5936.06,5749.93,5586.28
5958.03,5749.93,5586.28
5973.89,5749.93,5586.28
5984.9,5749.93,5586.28
5986.47,5749.93,5586.28
5987.31,5749.93,5586.28
5987.42,5749.93,5586.28
5983.14,5749.93,5586.28
5971.32,5749.93,5586.28
5955.14,5749.93,5586.28
5937.0,5749.93,5586.28
5917.29,5749.93,5586.28
5897.41,5749.93,5586.28
5880.06,5749.93,5586.28
5861.32,5749.93,5586.28
5848.0,5749.93,5586.28
5846.74,5749.93,5586.28
5845.77,5749.93,5586.28
5845.99,5749.93,5586.28
5850.53,5749.93,5586.28
5862.74,5749.93,5586.28
5879.55,5749.93,5586.28
5897.9800000000005,5749.93,5586.28
5918.9800000000005,5749.93,5586.28
5939.110000000001,5749.93,5586.28
5956.62,5749.93,5586.28
5975.06,5749.93,5586.28
5987.79,5749.93,5586.28
5989.110000000001,5749.93,5586.28
5989.99,5749.93,5586.28
5990.1,5749.93,5586.28
5984.75,5749.93,5586.28
5972.75,5749.93,5586.28
5956.08,5749.93,5586.28
5938.9800000000005,5749.93,5586.28
5926.01,5749.93,5586.28
5916.3,5749.93,5586.28
5907.48,5749.93,5586.28
5904.0,5749.93,5586.28
5901.63,5749.93,5586.28
5898.87,5749.93,5586.28
5896.81,5749.93,5586.28
5896.82,5749.93,5586.28
5901.47,5749.93,5586.28
5912.56,5749.93,5586.28
5928.24,5749.93,5586.28
5944.83,5749.93,5586.28
5956.29,5749.93,5586.28
5965.57,5749.93,5586.28
5974.1,5749.93,5586.28
5977.7,5749.93,5586.28
5980.24,5749.93,5586.28
5982.7300000000005,5749.93,5586.28
5984.76,5749.93,5586.28
5984.34,5749.93,5586.28
5979.83,5749.93,5586.28
5967.56,5749.93,5586.28
5948.84,5749.93,5586.28
5927.98,5749.93,5586.28
5908.62,5749.93,5586.28
5890.08,5749.93,5586.28
5872.88,5749.93,5586.28
5855.65,5749.93,5586.28
5842.51,5749.93,5586.28
5837.42,5749.93,5586.28
5834.96,5749.93,5586.28
5835.15,5749.93,5586.28
5840.07,5749.93,5586.28
5853.27,5749.93,5586.28
5872.57,5749.93,5586.28
5894.19,5749.93,5586.28
5913.89,5749.93,5586.28
5932.28,5749.93,5586.28
5949.33,5749.93,5586.28
5966.45,5749.93,5586.28
5979.49,5749.93,5586.28
5984.39,5749.93,5586.28
5987.16,5749.93,5586.28
5986.93,5749.93,5586.28
5980.58,5749.93,5586.28
5968.37,5749.93,5586.28
5950.18,5749.93,5586.28
5929.58,5749.93,5586.28
5905.16,5749.93,5586.28
5881.19,5749.93,5586.28
5859.45,5749.93,5586.28
5842.82,5749.93,5586.28
5834.79,5749.93,5586.28
5829.41,5749.93,5586.28
5827.07,5749.93,5586.28
5827.53,5749.93,5586.28
5833.97,5749.93,5586.28
5845.89,5749.93,5586.28
5864.08,5749.93,5586.28
5884.11,5749.93,5586.28
5906.47,5749.93,5586.28
5926.46,5749.93,5586.28
5944.16,5749.93,5586.28
5956.88,5749.93,5586.28
5961.19,5749.93,5586.28
5962.9,5749.93,5586.28
5961.33,5749.93,5586.28
5958.08,5749.93,5586.28
5949.0,5749.93,5586.28
5933.04,5749.93,5586.28
5911.82,5749.93,5586.28
5888.87,5749.93,5586.28
5864.42,5749.93,5586.28
5838.45,5749.93,5586.28
5818.1,5749.93,5586.28
5797.41,5749.93,5586.28
5782.4,5749.93,5586.28
5774.92,5749.93,5586.28
5772.51,5749.93,5586.28
5773.07,5749.93,5586.28
5779.08,5749.93,5586.28
5791.68,5749.93,5586.28
5809.9,5749.93,5586.28
5829.48,5749.93,5586.28
5852.14,5749.93,5586.28
5878.09,5749.93,5586.28
5898.83,5749.93,5586.28
5919.51,5749.93,5586.28
5934.1,5749.93,5586.28
5941.29,5749.93,5586.28
5943.81,5749.93,5586.28
5942.79,5749.93,5586.28
5936.18,5749.93,5586.28
5922.73,5749.93,5586.28
5903.99,5749.93,5586.28
5878.92,5749.93,5586.28
5851.46,5749.93,5586.28
5824.7,5749.93,5586.28
5797.29,5749.93,5586.28
5774.5,5749.93,5586.28
5758.19,5749.93,5586.28
5752.35,5749.93,5586.28
5749.93,5749.93,5586.28
5750.62,5750.44,5586.28
5757.3,5750.44,5586.28
5771.46,5750.44,5586.28
5789.68,5750.44,5586.28
5814.86,5750.44,5586.28
5842.59,5750.44,5586.28
5869.82,5750.44,5586.28
5897.06,5750.44,5586.28
5919.86,5750.44,5586.28
5938.03,5750.44,5586.28
5944.2,5750.44,5586.28
5946.3,5750.44,5586.28
5945.93,5750.44,5586.28
5940.22,5750.44,5586.28
5928.01,5750.44,5586.28
5911.2,5750.44,5586.28
5891.92,5750.44,5586.28
5871.11,5750.44,5586.28
5852.9,5750.44,5586.28
5831.67,5750.44,5586.28
5815.74,5750.44,5586.28
5803.55,5750.44,5586.28
5798.88,5750.44,5586.28
5797.85,5750.44,5586.28
5798.6,5750.44,5586.28
5805.26,5750.44,5586.28
5817.67,5750.44,5586.28
5835.41,5750.44,5586.28
5855.88,5750.44,5586.28
5877.49,5750.44,5586.28
5896.37,5750.44,5586.28
5918.26,5750.44,5586.28
5934.86,5750.44,5586.28
5946.52,5750.44,5586.28
5952.25,5750.44,5586.28
5953.9,5750.44,5586.28
5953.89,5750.44,5586.28
5947.58,5750.44,5586.28
5935.51,5750.44,5586.28
5922.3099999999995,5750.44,5586.28
5902.27,5750.44,5586.28
5882.42,5750.44,5586.28
5859.93,5750.44,5586.28
5840.63,5750.44,5586.28
5827.71,5750.44,5586.28
5816.01,5750.44,5586.28
5810.9,5750.44,5586.28
5809.08,5750.44,5586.28
5808.99,5750.44,5586.28
5815.22,5750.44,5586.28
5827.38,5750.44,5586.28
5840.9800000000005,5750.44,5586.28
5860.45,5750.44,5586.28
5881.23,5750.44,5586.28
5904.09,5750.44,5586.28
5923.35,5750.44,5586.28
5936.45,5750.44,5586.28
5947.71,5750.44,5586.28
5952.11,5750.44,5586.28
5954.66,5750.44,5586.28
5955.09,5750.44,5586.28
5949.47,5750.44,5586.28
5943.25,5750.44,5586.28
5932.72,5750.44,5586.28
5916.66,5750.44,5586.28
5905.62,5750.44,5586.28
5895.15,5750.44,5586.28
5887.22,5750.44,5586.28
5875.01,5750.44,5586.28
5867.64,5750.44,5586.28
5862.59,5750.44,5586.28
5859.95,5750.44,5586.28
5860.05,5750.44,5586.28
5865.36,5750.44,5586.28
5871.5,5750.44,5586.28
5881.9,5750.44,5586.28
5899.26,5750.44,5586.28
5910.3,5750.44,5586.28
5920.58,5750.44,5586.28
5929.09,5750.44,5586.28
5941.54,5750.44,5586.28
5949.94,5750.44,5586.28
5955.67,5750.44,5586.28
5957.62,5750.44,5586.28
5957.13,5750.44,5586.28
5954.54,5750.44,5586.28
5945.62,5750.44,5586.28
5934.55,5750.44,5586.28
5913.75,5750.44,5586.28
5900.12,5750.44,5586.28
5893.63,5750.44,5586.28
5883.49,5750.44,5586.28
5877.97,5750.44,5586.28
5871.82,5750.44,5586.28
5868.37,5750.44,5586.28
5867.4,5750.44,5586.28
5867.25,5750.44,5586.28
5869.59,5750.44,5586.28
5878.3,5750.44,5586.28
5888.87,5750.44,5586.28
5908.67,5750.44,5586.28
5921.53,5750.44,5586.28
5927.65,5750.44,5586.28
5937.22,5750.44,5586.28
5942.3,5750.44,5586.28
5947.4400000000005,5750.44,5586.28
5950.28,5750.44,5586.28
5950.93,5750.44,5586.28
5950.93,5750.44,5586.28
5950.1,5750.44,5586.28
5948.77,5750.44,5586.28
5946.41,5750.44,5586.28
5942.4,5750.44,5586.28
5932.34,5750.44,5586.28
5915.38,5750.44,5586.28
5900.96,5750.44,5586.28
5889.89,5750.44,5586.28
5881.76,5750.44,5586.28
5876.27,5750.44,5586.28
5872.77,5750.44,5586.28
5871.96,5750.44,5586.28
5871.93,5750.44,5586.28
5872.07,5750.44,5586.28
5873.16,5750.44,5586.28
5875.63,5750.44,5586.28
5884.03,5750.44,5586.28
5899.75,5750.44,5586.28
5912.99,5750.44,5586.28
5923.1,5750.44,5586.28
5929.96,5750.44,5586.28
5935.01,5750.44,5586.28
5937.56,5750.44,5586.28
5937.92,5750.44,5586.28
5937.09,5750.44,5586.28
5934.9800000000005,5750.44,5586.28
5923.7300000000005,5750.44,5586.28
5899.9800000000005,5750.44,5586.28
5879.01,5750.44,5586.28
5854.02,5750.44,5586.28
5829.6,5750.44,5586.28
5808.42,5750.44,5586.28
5793.87,5750.44,5586.28
5787.99,5750.44,5586.28
5787.99,5750.44,5586.28
5788.86,5750.44,5586.28
5790.96,5750.44,5586.28
5794.84,5750.44,5586.28
5807.26,5750.44,5586.28
5832.23,5750.44,5586.28
5855.29,5750.44,5586.28
5882.12,5750.44,5586.28
5908.01,5750.44,5586.28
5930.47,5750.44,5586.28
5946.34,5750.44,5586.28
5953.43,5750.44,5586.28
5956.57,5750.44,5586.28
5957.18,5750.44,5586.28
5951.2,5750.44,5586.28
5938.55,5750.44,5586.28
5924.56,5750.44,5586.28
5902.8,5750.44,5586.28
5883.91,5750.44,5586.28
5875.07,5750.44,5586.28
5869.06,5750.44,5586.28
5862.5,5750.44,5586.28
5858.87,5750.44,5586.28
5856.2,5750.44,5586.28
5852.58,5750.44,5586.28
5851.85,5750.44,5586.28
5857.74,5750.44,5586.28
5869.85,5750.44,5586.28
5884.01,5750.44,5586.28
5906.03,5750.44,5586.28
5923.71,5750.44,5586.28
5931.73,5750.44,5586.28
5937.56,5750.44,5586.28
5943.74,5750.44,5586.28
5947.12,5750.44,5586.28
5948.81,5750.44,5586.28
5950.04,5750.44,5586.28
5950.38,5750.44,5586.28
5947.91,5750.44,5586.28
5937.32,5750.44,5586.28
5919.61,5750.44,5586.28
5897.65,5750.44,5586.28
5871.64,5750.44,5586.28
5855.88,5750.44,5586.28
5835.49,5750.44,5586.28
5824.21,5750.44,5586.28
5810.84,5750.44,5586.28
5803.27,5750.44,5586.28
5802.32,5750.44,5586.28
5801.8,5750.44,5586.28
5803.67,5750.44,5586.28
5813.89,5750.44,5586.28
5830.53,5750.44,5586.28
5852.04,5750.44,5586.28
5879.36,5750.44,5586.28
5895.0199999999995,5750.44,5586.28
5914.8099999999995,5750.44,5586.28
5925.72,5750.44,5586.28
5938.93,5750.44,5586.28
5946.71,5750.44,5586.28
5947.5,5750.44,5586.28
5947.49,5750.44,5586.28
5947.16,5750.44,5586.28
5942.78,5750.44,5586.28
5938.75,5750.44,5586.28
5933.05,5750.44,5586.28
5928.12,5750.44,5586.28
5918.74,5750.44,5586.28
5908.98,5750.44,5586.28
5903.85,5750.44,5586.28
5897.64,5750.44,5586.28
5891.8,5750.44,5586.28
5890.01,5750.44,5586.28
5890.17,5750.44,5586.28
5890.6,5750.44,5586.28
5894.9,5750.44,5586.28
5899.53,5750.44,5586.28
5905.52,5750.44,5586.28
5911.1,5750.44,5586.28
5921.45,5750.44,5586.28
5932.14,5750.44,5586.28
5937.62,5750.44,5586.28
5944.53,5750.44,5586.28
5950.64,5750.44,5586.28
5952.91,5750.44,5586.28
5952.99,5750.44,5586.28
5947.47,5750.44,5586.28
5936.86,5750.44,5586.28
5918.93,5750.44,5586.28
5897.66,5750.44,5586.28
5873.62,5750.44,5586.28
5851.52,5750.44,5586.28
5834.69,5750.44,5586.28
5822.76,5750.44,5586.28
5812.66,5750.44,5586.28
5808.39,5750.44,5586.28
5806.84,5750.44,5586.28
5806.53,5750.44,5586.28
5812.29,5750.44,5586.28
5822.89,5750.44,5586.28
5840.79,5750.44,5586.28
5861.66,5750.44,5586.28
5885.14,5750.44,5586.28
5906.96,5750.44,5586.28
5923.97,5750.44,5586.28
5937.03,5750.44,5586.28
5947.25,5750.44,5586.28
5951.35,5750.44,5586.28
5952.72,5750.44,5586.28
5952.31,5750.44,5586.28
5946.93,5750.44,5586.28
5937.59,5750.44,5586.28
5924.74,5750.44,5586.28
5911.08,5750.44,5586.28
5898.49,5750.44,5586.28
5889.33,5750.44,5586.28
5877.19,5750.44,5586.28
5866.2,5750.44,5586.28
5859.45,5750.44,5586.28
5855.52,5750.44,5586.28
5855.22,5750.44,5586.28
5855.88,5750.44,5586.28
5860.89,5750.44,5586.28
5870.6,5750.44,5586.28
5883.9,5750.44,5586.28
5898.63,5750.44,5586.28
5911.25,5750.44,5586.28
5921.42,5750.44,5586.28
5933.61,5750.44,5586.28
5944.91,5750.44,5586.28
5953.81,5750.44,5586.28
5958.57,5750.44,5586.28
5959.66,5750.44,5586.28
5960.01,5750.44,5586.28
5956.62,5750.44,5586.28
5946.3099999999995,5750.44,5586.28
5931.33,5750.44,5586.28
5912.43,5750.44,5586.28
5890.68,5750.44,5586.28
5869.37,5750.44,5586.28
5847.26,5750.44,5586.28
5828.9,5750.44,5586.28
5813.53,5750.44,5586.28
5812.44,5750.44,5586.28
5811.67,5750.44,5586.28
5811.26,5750.44,5586.28
5815.19,5750.44,5586.28
5825.78,5750.44,5586.28
5841.03,5750.44,5586.28
5859.45,5750.44,5586.28
5879.69,5750.44,5586.28
5899.34,5750.44,5586.28
5920.6,5750.44,5586.28
5937.49,5750.44,5586.28
5950.25,5750.44,5586.28
5950.61,5750.44,5586.28
5950.5,5750.44,5586.28
5950.22,5750.44,5586.28
5947.75,5750.44,5586.28
5938.76,5750.44,5586.28
5922.48,5750.44,5586.28
5903.49,5750.44,5586.28
5880.57,5750.44,5586.28
5857.68,5750.44,5586.28
5835.82,5750.44,5586.28
5821.16,5750.44,5586.28
5813.87,5750.44,5586.28
5811.99,5750.44,5586.28
5811.26,5750.44,5586.28
5811.84,5750.44,5586.28
5814.2,5750.44,5586.28
5822.96,5750.44,5586.28
5838.71,5750.44,5586.28
5857.29,5750.44,5586.28
5880.45,5750.44,5586.28
5903.47,5750.44,5586.28
5925.81,5750.44,5586.28
5940.56,5750.44,5586.28
5947.91,5750.44,5586.28
5949.71,5750.44,5586.28
5951.28,5750.44,5586.28
5951.13,5750.44,5586.28
5948.2699999999995,5750.44,5586.28
5942.3099999999995,5750.44,5586.28
5935.0599999999995,5750.44,5586.28
5926.24,5750.44,5586.28
5916.99,5750.44,5586.28
5906.99,5750.44,5586.28
5898.5599999999995,5750.44,5586.28
5889.69,5750.44,5586.28
5879.69,5750.44,5586.28
5876.12,5750.44,5586.28
5874.89,5750.44,5586.28
5874.89,5750.44,5586.28
5877.69,5750.44,5586.28
5883.43,5750.44,5586.28
5890.66,5750.44,5586.28
5899.41,5750.44,5586.28
5908.7,5750.44,5586.28
5918.86,5750.44,5586.28
5926.9400000000005,5750.44,5586.28
5935.8,5750.44,5586.28
5945.83,5750.44,5586.28
5949.1900000000005,5750.44,5586.28
5948.59,5750.44,5586.28
5947.77,5750.44,5586.28
5942.610000000001,5750.44,5586.28
5933.02,5750.44,5586.28
5916.37,5750.44,5586.28
5896.87,5750.44,5586.28
5877.63,5750.44,5586.28
5859.11,5750.44,5586.28
5843.85,5750.44,5586.28
5834.8,5750.44,5586.28
5828.03,5750.44,5586.28
5823.07,5750.44,5586.28
5821.7,5750.44,5586.28
5821.4,5750.44,5586.28
5826.23,5750.44,5586.28
5835.5199999999995,5750.44,5586.28
5852.0,5750.44,5586.28
5871.4,5750.44,5586.28
5891.48,5750.44,5586.28
5910.36,5750.44,5586.28
5926.17,5750.44,5586.28
5935.64,5750.44,5586.28
5942.78,5750.44,5586.28
5948.19,5750.44,5586.28
5951.29,5750.44,5586.28
5952.3,5750.44,5586.28
5950.62,5750.44,5586.28
5942.99,5750.44,5586.28
5930.3,5750.44,5586.28
5913.66,5750.44,5586.28
5889.89,5750.44,5586.28
5865.38,5750.44,5586.28
5848.6,5750.44,5586.28
5836.74,5750.44,5586.28
5822.53,5750.44,5586.28
5815.61,5750.44,5586.28
5814.86,5750.44,5586.28
5815.46,5750.44,5586.28
5817.76,5750.44,5586.28
5825.47,5750.44,5586.28
5838.48,5750.44,5586.28
5855.23,5750.44,5586.28
5878.21,5750.44,5586.28
5902.25,5750.44,5586.28
5918.41,5750.44,5586.28
5929.82,5750.44,5586.28
5943.53,5750.44,5586.28
5949.96,5750.44,5586.28
5950.28,5750.44,5586.28
5948.93,5750.44,5586.28
5943.78,5750.44,5586.28
5937.98,5750.44,5586.28
5925.88,5750.44,5586.28
5903.99,5750.44,5586.28
5879.84,5750.44,5586.28
5853.16,5750.44,5586.28
5837.36,5750.44,5586.28
5829.91,5750.44,5586.28
5820.13,5750.44,5586.28
5814.04,5750.44,5586.28
5812.15,5750.44,5586.28
5812.28,5750.44,5586.28
5816.4,5750.44,5586.28
5821.7,5750.44,5586.28
5833.03,5750.44,5586.28
5854.56,5750.44,5586.28
5878.66,5750.44,5586.28
5905.26,5750.44,5586.28
5921.08,5750.44,5586.28
5928.32,5750.44,5586.28
5937.84,5750.44,5586.28
5943.79,5750.44,5586.28
5945.48,5750.44,5586.28
5945.73,5750.44,5586.28
5941.68,5750.44,5586.28
5933.75,5750.44,5586.28
5922.51,5750.44,5586.28
5917.56,5750.44,5586.28
5914.28,5750.44,5586.28
5910.54,5750.44,5586.28
5906.05,5750.44,5586.28
5901.23,5750.44,5586.28
5896.72,5750.44,5586.28
5892.66,5750.44,5586.28
5891.08,5750.44,5586.28
5891.12,5750.44,5586.28
5895.59,5750.44,5586.28
5903.94,5750.44,5586.28
5915.6,5750.44,5586.28
5920.75,5750.44,5586.28
5924.0199999999995,5750.44,5586.28
5927.74,5750.44,5586.28
5932.21,5750.44,5586.28
5937.3099999999995,5750.44,5586.28
5941.94,5750.44,5586.28
5946.13,5750.44,5586.28
5947.8,5750.44,5586.28
5947.58,5750.44,5586.28
5943.08,5750.44,5586.28
5935.62,5750.44,5586.28
5924.89,5750.44,5586.28
5911.53,5750.44,5586.28
5895.27,5750.44,5586.28
5880.9800000000005,5750.44,5586.28
5868.45,5750.44,5586.28
5859.18,5750.44,5586.28
5850.6,5750.44,5586.28
5845.26,5750.44,5586.28
5843.06,5750.44,5586.28
5843.29,5750.44,5586.28
5847.83,5750.44,5586.28
5855.51,5750.44,5586.28
5866.82,5750.44,5586.28
5880.28,5750.44,5586.28
5896.41,5750.44,5586.28
5910.66,5750.44,5586.28
5923.11,5750.44,5586.28
5932.2699999999995,5750.44,5586.28
5940.89,5750.44,5586.28
5946.36,5750.44,5586.28
5947.8,5750.44,5586.28
5948.24,5750.44,5586.28
5944.15,5750.44,5586.28
5934.48,5750.44,5586.28
5919.25,5750.44,5586.28
5902.15,5750.44,5586.28
5886.86,5750.44,5586.28
5871.78,5750.44,5586.28
5851.67,5750.44,5586.28
5832.8,5750.44,5586.28
5823.05,5750.44,5586.28
5821.88,5750.44,5586.28
5821.96,5750.44,5586.28
5821.72,5750.44,5586.28
5826.04,5750.44,5586.28
5835.78,5750.44,5586.28
5850.57,5750.44,5586.28
5867.65,5750.44,5586.28
5883.18,5750.44,5586.28
5898.31,5750.44,5586.28
5918.5,5750.44,5586.28
5937.59,5750.44,5586.28
5947.39,5750.44,5586.28
5948.74,5750.44,5586.28
5950.35,5750.44,5586.28
5950.45,5750.44,5586.28
5944.37,5750.44,5586.28
5931.7,5750.44,5586.28
5914.15,5750.44,5586.28
5897.63,5750.44,5586.28
5882.05,5750.44,5586.28
5873.65,5750.44,5586.28
5854.11,5750.44,5586.28
5844.9,5750.44,5586.28
5835.19,5750.44,5586.28
5831.73,5750.44,5586.28
5828.98,5750.44,5586.28
5829.05,5750.44,5586.28
5835.09,5750.44,5586.28
5848.2,5750.44,5586.28
5865.72,5750.44,5586.28
5882.18,5750.44,5586.28
5897.45,5750.44,5586.28
5905.78,5750.44,5586.28
5925.45,5750.44,5586.28
5934.55,5750.44,5586.28
5944.35,5750.44,5586.28
5947.68,5750.44,5586.28
5949.65,5750.44,5586.28
5949.77,5750.44,5586.28
5947.99,5750.44,5586.28
5944.31,5750.44,5586.28
5941.4,5750.44,5586.28
5938.44,5750.44,5586.28
5928.51,5750.44,5586.28
5916.56,5750.44,5586.28
5910.33,5750.44,5586.28
5906.26,5750.44,5586.28
5901.01,5750.44,5586.28
5896.28,5750.44,5586.28
5893.9,5750.44,5586.28
5892.36,5750.44,5586.28
5893.91,5750.44,5586.28
5896.89,5750.44,5586.28
5899.76,5750.44,5586.28
5902.75,5750.44,5586.28
5913.15,5750.44,5586.28
5925.360000000001,5750.44,5586.28
5931.68,5750.44,5586.28
5935.6900000000005,5750.44,5586.28
5940.78,5750.44,5586.28
5945.4400000000005,5750.44,5586.28
5947.25,5750.44,5586.28
5948.360000000001,5750.44,5586.28
5946.68,5750.44,5586.28
5943.04,5750.44,5586.28
5937.53,5750.44,5586.28
5926.76,5750.44,5586.28
5915.08,5750.44,5586.28
5907.45,5750.44,5586.28
5899.56,5750.44,5586.28
5888.97,5750.44,5586.28
5878.67,5750.44,5586.28
5875.12,5750.44,5586.28
5873.47,5750.44,5586.28
5873.39,5750.44,5586.28
5875.05,5750.44,5586.28
5878.66,5750.44,5586.28
5884.12,5750.44,5586.28
5894.97,5750.44,5586.28
5906.32,5750.44,5586.28
5913.78,5750.44,5586.28
5921.42,5750.44,5586.28
5932.12,5750.44,5586.28
5942.49,5750.44,5586.28
5945.95,5750.44,5586.28
5948.16,5750.44,5586.28
5948.5,5750.44,5586.28
5946.85,5750.44,5586.28
5943.48,5750.44,5586.28
5934.55,5750.44,5586.28
5918.74,5750.44,5586.28
5900.14,5750.44,5586.28
5882.96,5750.44,5586.28
5857.61,5750.44,5586.28
5839.77,5750.44,5586.28
5826.0,5750.44,5586.28
5818.89,5750.44,5586.28
5816.12,5750.44,5586.28
5815.85,5750.44,5586.28
5817.74,5750.44,5586.28
5821.37,5750.44,5586.28
5830.71,5750.44,5586.28
5846.59,5750.44,5586.28
5865.57,5750.44,5586.28
5882.91,5750.44,5586.28
5908.89,5750.44,5586.28
5926.61,5750.44,5586.28
5940.86,5750.44,5586.28
5948.27,5750.44,5586.28
5951.02,5750.44,5586.28
5951.64,5750.44,5586.28
5947.87,5750.44,5586.28
5940.62,5750.44,5586.28
5931.01,5750.44,5586.28
5919.45,5750.44,5586.28
5902.07,5750.44,5586.28
5889.82,5750.44,5586.28
5879.17,5750.44,5586.28
5870.66,5750.44,5586.28
5864.76,5750.44,5586.28
5861.2,5750.44,5586.28
5859.61,5750.44,5586.28
5858.7,5750.44,5586.28
5862.0,5750.44,5586.28
5868.78,5750.44,5586.28
5877.92,5750.44,5586.28
5889.2300000000005,5750.44,5586.28
5906.42,5750.44,5586.28
5918.25,5750.44,5586.28
5928.16,5750.44,5586.28
5936.29,5750.44,5586.28
5941.32,5750.44,5586.28
5944.35,5750.44,5586.28
5944.41,5750.44,5586.28
5944.9800000000005,5750.44,5586.28
5942.7,5750.44,5586.28
5935.7300000000005,5750.44,5586.28
5922.5,5750.44,5586.28
5905.48,5750.44,5586.28
5887.15,5750.44,5586.28
5866.28,5750.44,5586.28
5844.93,5750.44,5586.28
5830.73,5750.44,5586.28
5824.07,5750.44,5586.28
5820.54,5750.44,5586.28
5820.41,5750.44,5586.28
5820.48,5750.44,5586.28
5823.1,5750.44,5586.28
5830.51,5750.44,5586.28
5843.58,5750.44,5586.28
5860.54,5750.44,5586.28
5878.78,5750.44,5586.28
5899.8,5750.44,5586.28
5921.04,5750.44,5586.28
5935.24,5750.44,5586.28
5941.9400000000005,5750.44,5586.28
5945.71,5750.44,5586.28
5947.41,5750.44,5586.28
5947.23,5750.44,5586.28
5944.44,5750.44,5586.28
5938.57,5750.44,5586.28
5933.33,5750.44,5586.28
5923.04,5750.44,5586.28
5913.38,5750.44,5586.28
5902.05,5750.44,5586.28
5890.33,5750.44,5586.28
5884.74,5750.44,5586.28
5880.12,5750.44,5586.28
5875.95,5750.44,5586.28
5873.97,5750.44,5586.28
5873.94,5750.44,5586.28
5876.79,5750.44,5586.28
5882.54,5750.44,5586.28
5888.03,5750.44,5586.28
5898.38,5750.44,5586.28
5907.84,5750.44,5586.28
5919.15,5750.44,5586.28
5931.03,5750.44,5586.28
5936.89,5750.44,5586.28
5941.77,5750.44,5586.28
5946.08,5750.44,5586.28
5948.65,5750.44,5586.28
5948.76,5750.44,5586.28
5943.48,5750.44,5586.28
5930.73,5750.44,5586.28
5912.25,5750.44,5586.28
5888.74,5750.44,5586.28
5863.12,5750.44,5586.28
5839.08,5750.44,5586.28
5812.88,5750.44,5586.28
5789.37,5750.44,5586.28
5775.95,5750.44,5586.28
5772.07,5750.44,5586.28
5771.55,5750.44,5586.28
5772.41,5750.44,5586.28
5778.81,5750.44,5586.28
5792.04,5750.44,5586.28
5810.78,5750.44,5586.28
5834.57,5750.44,5586.28
5860.18,5750.44,5586.28
5884.3,5750.44,5586.28
5910.87,5750.44,5586.28
5934.83,5750.44,5586.28
5949.08,5750.44,5586.28
5953.56,5750.44,5586.28
5954.38,5750.44,5586.28
5953.16,5750.44,5586.28
5946.35,5750.44,5586.28
5934.63,5750.44,5586.28
5917.86,5750.44,5586.28
5896.99,5750.44,5586.28
5874.08,5750.44,5586.28
5849.7699999999995,5750.44,5586.28
5837.55,5750.44,5586.28
5827.68,5750.44,5586.28
5818.07,5750.44,5586.28
5816.68,5750.44,5586.28
5815.52,5750.44,5586.28
5815.67,5750.44,5586.28
5821.24,5750.44,5586.28
5832.25,5750.44,5586.28
5848.55,5750.44,5586.28
5869.26,5750.44,5586.28
5893.12,5750.44,5586.28
5917.81,5750.44,5586.28
5929.86,5750.44,5586.28
5939.67,5750.44,5586.28
5948.87,5750.44,5586.28
5950.17,5750.44,5586.28
5950.52,5750.44,5586.28
5950.93,5750.44,5586.28
5950.69,5750.44,5586.28
5950.39,5750.44,5586.28
5949.99,5750.44,5586.28
5949.23,5750.44,5586.28
5947.55,5750.44,5586.28
5946.16,5750.44,5586.28
5945.29,5750.44,5586.28
5943.53,5750.44,5586.28
5941.84,5750.44,5586.28
5940.04,5750.44,5586.28
5938.92,5750.44,5586.28
5938.7699999999995,5750.44,5586.28
5939.25,5750.44,5586.28
5940.19,5750.44,5586.28
5940.67,5750.44,5586.28
5941.0599999999995,5750.44,5586.28
5941.55,5750.44,5586.28
5942.8099999999995,5750.44,5586.28
5944.07,5750.44,5586.28
5945.68,5750.44,5586.28
5947.1,5750.44,5586.28
5948.21,5750.44,5586.28
5949.99,5750.44,5586.28
5950.13,5750.44,5586.28
5950.2,5750.44,5586.28
5949.62,5750.44,5586.28
5949.5,5750.44,5586.28
5948.84,5750.44,5586.28
5948.05,5750.44,5586.28
5946.23,5750.44,5586.28
5944.14,5750.44,5586.28
5942.3,5750.44,5586.28
5940.93,5750.44,5586.28
5940.14,5750.44,5586.28
5938.72,5750.44,5586.28
5938.55,5750.44,5586.28
5938.34,5750.44,5586.28
5938.62,5750.44,5586.28
5938.72,5750.44,5586.28
5939.44,5750.44,5586.28
5941.27,5750.44,5586.28
5943.51,5750.44,5586.28
5945.8,5750.44,5586.28
5947.11,5750.44,5586.28
5948.27,5750.44,5586.28
5949.06,5750.44,5586.28
5949.9400000000005,5750.44,5586.28
5950.62,5750.44,5586.28
5950.91,5750.44,5586.28
5950.24,5750.44,5586.28
5949.73,5750.44,5586.28
5943.93,5750.44,5586.28
5927.99,5750.44,5586.28
5915.99,5750.44,5586.28
5907.17,5750.44,5586.28
5900.23,5750.44,5586.28
5895.45,5750.44,5586.28
5892.33,5750.44,5586.28
5890.36,5750.44,5586.28
5889.46,5750.44,5586.28
5889.22,5750.44,5586.28
5890.27,5750.44,5586.28
5891.02,5750.44,5586.28
5896.92,5750.44,5586.28
5913.1900000000005,5750.44,5586.28
5926.6,5750.44,5586.28
5936.86,5750.44,5586.28
5947.25,5750.44,5586.28
5954.73,5750.44,5586.28
5961.33,5750.44,5586.28
5965.93,5750.44,5586.28
5968.23,5750.44,5586.28
5964.81,5750.44,5586.28
5955.38,5750.44,5586.28
5941.63,5750.44,5586.28
5923.2,5750.44,5586.28
5901.23,5750.44,5586.28
5876.14,5750.44,5586.28
5851.6,5750.44,5586.28
5828.36,5750.44,5586.28
5812.85,5750.44,5586.28
5804.31,5750.44,5586.28
5799.57,5750.44,5586.28
5799.18,5750.44,5586.28
5804.42,5750.44,5586.28
5815.22,5750.44,5586.28
5831.21,5750.44,5586.28
5852.110000000001,5750.44,5586.28
5875.27,5750.44,5586.28
5900.89,5750.44,5586.28
5926.400000000001,5750.44,5586.28
5949.38,5750.44,5586.28
5965.1900000000005,5750.44,5586.28
5972.78,5750.44,5586.28
5977.76,5750.44,5586.28
5976.46,5750.44,5586.28
5970.4,5750.44,5586.28
5959.43,5750.44,5586.28
5942.9,5750.44,5586.28
5922.51,5750.44,5586.28
5898.36,5750.44,5586.28
5871.28,5750.44,5586.28
5844.06,5750.44,5586.28
5822.01,5750.44,5586.28
5804.81,5750.44,5586.28
5797.26,5750.44,5586.28
5794.97,5750.44,5586.28
5796.82,5750.44,5586.28
5803.28,5750.44,5586.28
5815.24,5750.44,5586.28
5832.65,5750.44,5586.28
5853.81,5750.44,5586.28
5879.03,5750.44,5586.28
5906.8,5750.44,5586.28
5934.33,5750.44,5586.28
5957.58,5750.44,5586.28
5975.35,5750.44,5586.28
5984.72,5750.44,5586.28
5988.16,5750.44,5586.28
5990.13,5750.44,5586.28
5987.2,5750.44,5586.28
5979.89,5750.44,5586.28
5967.38,5750.44,5586.28
5948.77,5750.44,5586.28
5925.36,5750.44,5586.28
5900.1,5750.44,5586.28
5872.75,5750.44,5586.28
5847.49,5750.44,5586.28
5829.44,5750.44,5586.28
5819.97,5750.44,5586.28
5816.5,5750.44,5586.28
5814.89,5750.44,5586.28
5818.0,5750.44,5586.28
5825.0,5750.44,5586.28
5837.66,5750.44,5586.28
5856.84,5750.44,5586.28
5881.13,5750.44,5586.28
5907.56,5750.44,5586.28
5934.73,5750.44,5586.28
5959.9,5750.44,5586.28
5978.68,5750.44,5586.28
5986.9,5750.44,5586.28
5987.81,5750.44,5586.28
5987.82,5750.44,5586.28
5982.92,5750.44,5586.28
5971.59,5750.44,5586.28
5953.46,5750.44,5586.28
5930.7699999999995,5750.44,5586.28
5905.97,5750.44,5586.28
5880.95,5750.44,5586.28
5857.61,5750.44,5586.28
5838.6,5750.44,5586.28
5827.21,5750.44,5586.28
5824.28,5750.44,5586.28
5821.67,5750.44,5586.28
5820.7,5750.44,5586.28
5825.3099999999995,5750.44,5586.28
5836.54,5750.44,5586.28
5854.05,5750.44,5586.28
5876.58,5750.44,5586.28
5900.44,5750.44,5586.28
5924.98,5750.44,5586.28
5948.68,5750.44,5586.28
5967.28,5750.44,5586.28
5978.49,5750.44,5586.28
5981.8,5750.44,5586.28
5985.71,5750.44,5586.28
5986.41,5750.44,5586.28
5984.13,5750.44,5586.28
5975.08,5750.44,5586.28
5964.58,5750.44,5586.28
5957.82,5750.44,5586.28
5944.79,5750.44,5586.28
5927.55,5750.44,5586.28
5918.99,5750.44,5586.28
5912.45,5750.44,5586.28
5904.24,5750.44,5586.28
5899.78,5750.44,5586.28
5897.69,5750.44,5586.28
5896.16,5750.44,5586.28
5897.08,5750.44,5586.28
5905.08,5750.44,5586.28
5915.17,5750.44,5586.28
5921.5,5750.44,5586.28
5933.11,5750.44,5586.28
5948.36,5750.44,5586.28
5954.94,5750.44,5586.28
5960.4,5750.44,5586.28
5966.4,5750.44,5586.28
5969.79,5750.44,5586.28
5971.71,5750.44,5586.28
5972.82,5750.44,5586.28
5971.04,5750.44,5586.28
5964.84,5750.44,5586.28
5955.69,5750.44,5586.28
5942.55,5750.44,5586.28
5932.55,5750.44,5586.28
5923.38,5750.44,5586.28
5909.52,5750.44,5586.28
5895.14,5750.44,5586.28
5888.03,5750.44,5586.28
5883.47,5750.44,5586.28
5880.89,5750.44,5586.28
5880.26,5750.44,5586.28
5882.28,5750.44,5586.28
5888.28,5750.44,5586.28
5896.92,5750.44,5586.28
5909.32,5750.44,5586.28
5918.38,5750.44,5586.28
5927.37,5750.44,5586.28
5941.13,5750.44,5586.28
5954.74,5750.44,5586.28
5962.15,5750.44,5586.28
5967.14,5750.44,5586.28
5969.91,5750.44,5586.28
5970.54,5750.44,5586.28
5965.81,5750.44,5586.28
5954.67,5750.44,5586.28
5939.47,5750.44,5586.28
5921.43,5750.44,5586.28
5901.37,5750.44,5586.28
5877.75,5750.44,5586.28
5854.06,5750.44,5586.28
5831.59,5750.44,5586.28
5814.64,5750.44,5586.28
5805.49,5750.44,5586.28
5801.22,5750.44,5586.28
5800.52,5750.44,5586.28
5805.45,5750.44,5586.28
5817.26,5750.44,5586.28
5832.6,5750.44,5586.28
5850.33,5750.44,5586.28
5873.27,5750.44,5586.28
5897.5,5750.44,5586.28
5922.32,5750.44,5586.28
5946.28,5750.44,5586.28
5963.83,5750.44,5586.28
5971.05,5750.44,5586.28
5973.48,5750.44,5586.28
5973.61,5750.44,5586.28
5970.97,5750.44,5586.28
5960.54,5750.44,5586.28
5948.58,5750.44,5586.28
5931.23,5750.44,5586.28
5904.6,5750.44,5586.28
5876.18,5750.44,5586.28
5850.55,5750.44,5586.28
5833.1,5750.44,5586.28
5816.24,5750.44,5586.28
5806.25,5750.44,5586.28
5803.53,5750.44,5586.28
5803.83,5750.44,5586.28
5807.48,5750.44,5586.28
5818.4,5750.44,5586.28
5830.89,5750.44,5586.28
5849.29,5750.44,5586.28
5875.4400000000005,5750.44,5586.28
5904.8,5750.44,5586.28
5931.28,5750.44,5586.28
5949.28,5750.44,5586.28
5966.92,5750.44,5586.28
5979.1,5750.44,5586.28
5982.75,5750.44,5586.28
5984.52,5750.44,5586.28
5981.06,5750.44,5586.28
5971.28,5750.44,5586.28
5956.56,5750.44,5586.28
5931.85,5750.44,5586.28
5904.22,5750.44,5586.28
5877.71,5750.44,5586.28
5853.09,5750.44,5586.28
5835.53,5750.44,5586.28
5822.07,5750.44,5586.28
5815.31,5750.44,5586.28
5813.45,5750.44,5586.28
5812.68,5750.44,5586.28
5816.2300000000005,5750.44,5586.28
5826.12,5750.44,5586.28
5841.34,5750.44,5586.28
5866.21,5750.44,5586.28
5894.11,5750.44,5586.28
5919.92,5750.44,5586.28
5943.32,5750.44,5586.28
5959.83,5750.44,5586.28
5971.94,5750.44,5586.28
5977.7699999999995,5750.44,5586.28
5979.82,5750.44,5586.28
5979.0199999999995,5750.44,5586.28
5973.9,5750.44,5586.28
5967.28,5750.44,5586.28
5960.42,5750.44,5586.28
5954.78,5750.44,5586.28
5944.51,5750.44,5586.28
5924.16,5750.44,5586.28
5908.88,5750.44,5586.28
5890.47,5750.44,5586.28
5875.14,5750.44,5586.28
5865.99,5750.44,5586.28
5862.99,5750.44,5586.28
5862.29,5750.44,5586.28
5866.3,5750.44,5586.28
5871.85,5750.44,5586.28
5876.6,5750.44,5586.28
5879.58,5750.44,5586.28
5888.49,5750.44,5586.28
5907.86,5750.44,5586.28
5922.45,5750.44,5586.28
5939.5599999999995,5750.44,5586.28
5954.6,5750.44,5586.28
5963.8,5750.44,5586.28
5966.78,5750.44,5586.28
5968.19,5750.44,5586.28
5967.15,5750.44,5586.28
5960.32,5750.44,5586.28
5944.51,5750.44,5586.28
5922.96,5750.44,5586.28
5895.86,5750.44,5586.28
5871.9,5750.44,5586.28
5851.51,5750.44,5586.28
5832.78,5750.44,5586.28
5815.81,5750.44,5586.28
5807.69,5750.44,5586.28
5804.12,5750.44,5586.28
5803.07,5750.44,5586.28
5805.55,5750.44,5586.28
5813.65,5750.44,5586.28
5830.44,5750.44,5586.28
5852.82,5750.44,5586.28
5880.48,5750.44,5586.28
5905.23,5750.44,5586.28
5926.3099999999995,5750.44,5586.28
5945.79,5750.44,5586.28
5963.64,5750.44,5586.28
5972.44,5750.44,5586.28
5976.36,5750.44,5586.28
5976.79,5750.44,5586.28
5972.84,5750.44,5586.28
5963.51,5750.44,5586.28
5956.28,5750.44,5586.28
5941.33,5750.44,5586.28
5928.33,5750.44,5586.28
5910.38,5750.44,5586.28
5899.27,5750.44,5586.28
5896.3,5750.44,5586.28
5893.84,5750.44,5586.28
5891.66,5750.44,5586.28
5889.1,5750.44,5586.28
5888.67,5750.44,5586.28
5892.02,5750.44,5586.28
5900.89,5750.44,5586.28
5907.76,5750.44,5586.28
5923.32,5750.44,5586.28
5935.12,5750.44,5586.28
5951.41,5750.44,5586.28
5961.46,5750.44,5586.28
5963.21,5750.44,5586.28
5963.94,5750.44,5586.28
5964.57,5750.44,5586.28
5965.49,5750.44,5586.28
5962.32,5750.44,5586.28
5957.45,5750.44,5586.28
5949.61,5750.44,5586.28
5939.09,5750.44,5586.28
5926.32,5750.44,5586.28
5912.46,5750.44,5586.28
5893.5599999999995,5750.44,5586.28
5881.8099999999995,5750.44,5586.28
5872.84,5750.44,5586.28
5864.48,5750.44,5586.28
5860.13,5750.44,5586.28
5859.06,5750.44,5586.28
5862.12,5750.44,5586.28
5867.07,5750.44,5586.28
5874.8099999999995,5750.44,5586.28
5886.68,5750.44,5586.28
5900.16,5750.44,5586.28
5916.53,5750.44,5586.28
5937.76,5750.44,5586.28
5951.26,5750.44,5586.28
5963.43,5750.44,5586.28
5975.17,5750.44,5586.28
5982.36,5750.44,5586.28
5986.12,5750.44,5586.28
5987.83,5750.44,5586.28
5984.91,5750.44,5586.28
5977.37,5750.44,5586.28
5963.76,5750.44,5586.28
5946.33,5750.44,5586.28
5924.53,5750.44,5586.28
5898.98,5750.44,5586.28
5889.05,5750.44,5586.28
5880.2699999999995,5750.44,5586.28
5868.3,5750.44,5586.28
5858.54,5750.44,5586.28
5854.01,5750.44,5586.28
5851.4,5750.44,5586.28
5853.43,5750.44,5586.28
5860.41,5750.44,5586.28
5872.81,5750.44,5586.28
5888.92,5750.44,5586.28
5909.3,5750.44,5586.28
5934.5,5750.44,5586.28
5944.0,5750.44,5586.28
5951.32,5750.44,5586.28
5962.31,5750.44,5586.28
5972.2,5750.44,5586.28
5975.97,5750.44,5586.28
5977.88,5750.44,5586.28
5974.15,5750.44,5586.28
5963.7699999999995,5750.44,5586.28
5947.78,5750.44,5586.28
5930.3,5750.44,5586.28
5908.42,5750.44,5586.28
5885.7699999999995,5750.44,5586.28
5869.1,5750.44,5586.28
5861.26,5750.44,5586.28
5850.28,5750.44,5586.28
5841.42,5750.44,5586.28
5838.0599999999995,5750.44,5586.28
5836.0599999999995,5750.44,5586.28
5839.43,5750.44,5586.28
5849.61,5750.44,5586.28
5865.87,5750.44,5586.28
5884.46,5750.44,5586.28
5904.94,5750.44,5586.28
5926.22,5750.44,5586.28
5942.43,5750.44,5586.28
5949.67,5750.44,5586.28
5959.97,5750.44,5586.28
5967.72,5750.44,5586.28
5970.83,5750.44,5586.28
5973.46,5750.44,5586.28
5969.33,5750.44,5586.28
5958.7300000000005,5750.44,5586.28
5942.9400000000005,5750.44,5586.28
5920.03,5750.44,5586.28
5894.17,5750.44,5586.28
5869.21,5750.44,5586.28
5843.01,5750.44,5586.28
5819.24,5750.44,5586.28
5800.32,5750.44,5586.28
5788.57,5750.44,5586.28
5785.15,5750.44,5586.28
5782.93,5750.44,5586.28
5788.08,5750.44,5586.28
5799.48,5750.44,5586.28
5815.63,5750.44,5586.28
5838.15,5750.44,5586.28
5864.66,5750.44,5586.28
5890.86,5750.44,5586.28
5917.17,5750.44,5586.28
5940.46,5750.44,5586.28
5958.9,5750.44,5586.28
5970.1,5750.44,5586.28
5973.46,5750.44,5586.28
5976.06,5750.44,5586.28
5972.78,5750.44,5586.28
5964.13,5750.44,5586.28
5949.36,5750.44,5586.28
5929.54,5750.44,5586.28
5906.34,5750.44,5586.28
5883.86,5750.44,5586.28
5859.19,5750.44,5586.28
5839.17,5750.44,5586.28
5823.82,5750.44,5586.28
5816.46,5750.44,5586.28
5811.7,5750.44,5586.28
5810.2699999999995,5750.44,5586.28
5813.73,5750.44,5586.28
5822.58,5750.44,5586.28
5836.57,5750.44,5586.28
5856.96,5750.44,5586.28
5881.32,5750.44,5586.28
5904.34,5750.44,5586.28
5929.41,5750.44,5586.28
5951.24,5750.44,5586.28
5966.64,5750.44,5586.28
5974.12,5750.44,5586.28
5979.6,5750.44,5586.28
5980.18,5750.44,5586.28
5976.47,5750.44,5586.28
5966.4400000000005,5750.44,5586.28
5953.9800000000005,5750.44,5586.28
5937.86,5750.44,5586.28
5919.76,5750.44,5586.28
5900.49,5750.44,5586.28
5883.56,5750.44,5586.28
5868.78,5750.44,5586.28
5858.46,5750.44,5586.28
5852.43,5750.44,5586.28
5848.49,5750.44,5586.28
5846.23,5750.44,5586.28
5848.62,5750.44,5586.28
5857.07,5750.44,5586.28
5869.11,5750.44,5586.28
5884.66,5750.44,5586.28
5900.9,5750.44,5586.28
5917.38,5750.44,5586.28
5932.93,5750.44,5586.28
5945.93,5750.44,5586.28
5955.01,5750.44,5586.28
5958.99,5750.44,5586.28
5960.38,5750.44,5586.28
5960.8099999999995,5750.44,5586.28
5959.43,5750.44,5586.28
5952.4,5750.44,5586.28
5941.32,5750.44,5586.28
5927.23,5750.44,5586.28
5911.63,5750.44,5586.28
5895.36,5750.44,5586.28
5880.67,5750.44,5586.28
5869.0,5750.44,5586.28
5861.07,5750.44,5586.28
5858.63,5750.44,5586.28
5858.05,5750.44,5586.28
5857.64,5750.44,5586.28
5859.37,5750.44,5586.28
5867.37,5750.44,5586.28
5878.72,5750.44,5586.28
5892.75,5750.44,5586.28
5909.2,5750.44,5586.28
5926.88,5750.44,5586.28
5940.57,5750.44,5586.28
5950.01,5750.44,5586.28
5957.82,5750.44,5586.28
5960.63,5750.44,5586.28
5960.77,5750.44,5586.28
5960.67,5750.44,5586.28
5959.6900000000005,5750.44,5586.28
5952.43,5750.44,5586.28
5945.38,5750.44,5586.28
5934.86,5750.44,5586.28
5920.11,5750.44,5586.28
5905.39,5750.44,5586.28
5890.63,5750.44,5586.28
5879.25,5750.44,5586.28
5867.22,5750.44,5586.28
5860.36,5750.44,5586.28
5857.13,5750.44,5586.28
5856.03,5750.44,5586.28
5855.93,5750.44,5586.28
5862.14,5750.44,5586.28
5868.46,5750.44,5586.28
5876.87,5750.44,5586.28
5890.33,5750.44,5586.28
5903.91,5750.44,5586.28
5919.12,5750.44,5586.28
5932.98,5750.44,5586.28
5944.6,5750.44,5586.28
5951.41,5750.44,5586.28
5954.95,5750.44,5586.28
5956.47,5750.44,5586.28
5952.7,5750.44,5586.28
5942.88,5750.44,5586.28
5928.68,5750.44,5586.28
5911.48,5750.44,5586.28
5894.94,5750.44,5586.28
5873.76,5750.44,5586.28
5852.13,5750.44,5586.28
5837.8,5750.44,5586.28
5830.7,5750.44,5586.28
5823.62,5750.44,5586.28
5822.12,5750.44,5586.28
5821.05,5750.44,5586.28
5826.05,5750.44,5586.28
5836.67,5750.44,5586.28
5851.59,5750.44,5586.28
5870.41,5750.44,5586.28
5888.05,5750.44,5586.28
5910.77,5750.44,5586.28
5933.82,5750.44,5586.28
5949.08,5750.44,5586.28
5957.82,5750.44,5586.28
5965.6,5750.44,5586.28
5967.25,5750.44,5586.28
5969.47,5750.44,5586.28
5964.76,5750.44,5586.28
5953.79,5750.44,5586.28
5939.95,5750.44,5586.28
5923.84,5750.44,5586.28
5908.71,5750.44,5586.28
5893.21,5750.44,5586.28
5885.65,5750.44,5586.28
5881.91,5750.44,5586.28
5873.02,5750.44,5586.28
5865.33,5750.44,5586.28
5863.52,5750.44,5586.28
5862.2,5750.44,5586.28
5867.32,5750.44,5586.28
5877.82,5750.44,5586.28
5891.59,5750.44,5586.28
5907.99,5750.44,5586.28
5922.98,5750.44,5586.28
5937.99,5750.44,5586.28
5945.34,5750.44,5586.28
5948.59,5750.44,5586.28
5957.16,5750.44,5586.28
5965.29,5750.44,5586.28
5968.37,5750.44,5586.28
5968.84,5750.44,5586.28
5963.35,5750.44,5586.28
5950.89,5750.44,5586.28
5934.51,5750.44,5586.28
5915.43,5750.44,5586.28
5895.09,5750.44,5586.28
5873.65,5750.44,5586.28
5857.59,5750.44,5586.28
5850.9400000000005,5750.44,5586.28
5846.35,5750.44,5586.28
5843.16,5750.44,5586.28
5841.82,5750.44,5586.28
5842.79,5750.44,5586.28
5849.04,5750.44,5586.28
5862.98,5750.44,5586.28
5880.03,5750.44,5586.28
5898.76,5750.44,5586.28
5920.45,5750.44,5586.28
5941.22,5750.44,5586.28
5957.38,5750.44,5586.28
5963.65,5750.44,5586.28
5968.33,5750.44,5586.28
5971.58,5750.44,5586.28
5971.61,5750.44,5586.28
5972.03,5750.44,5586.28
5967.03,5750.44,5586.28
5955.29,5750.44,5586.28
5941.45,5750.44,5586.28
5921.25,5750.44,5586.28
5897.14,5750.44,5586.28
5881.7300000000005,5750.44,5586.28
5869.26,5750.44,5586.28
5859.34,5750.44,5586.28
5856.63,5750.44,5586.28
5855.08,5750.44,5586.28
5854.54,5750.44,5586.28
5853.57,5750.44,5586.28
5857.58,5750.44,5586.28
5868.25,5750.44,5586.28
5882.35,5750.44,5586.28
5903.43,5750.44,5586.28
5927.21,5750.44,5586.28
5944.2300000000005,5750.44,5586.28
5957.6,5750.44,5586.28
5967.92,5750.44,5586.28
5971.56,5750.44,5586.28
5974.03,5750.44,5586.28
5975.72,5750.44,5586.28
5976.4,5750.44,5586.28
5971.9,5750.44,5586.28
5964.45,5750.44,5586.28
5952.22,5750.44,5586.28
5936.65,5750.44,5586.28
5920.27,5750.44,5586.28
5905.35,5750.44,5586.28
5899.13,5750.44,5586.28
5890.11,5750.44,5586.28
5880.06,5750.44,5586.28
5873.82,5750.44,5586.28
5870.17,5750.44,5586.28
5867.74,5750.44,5586.28
5870.62,5750.44,5586.28
5876.51,5750.44,5586.28
5886.4400000000005,5750.44,5586.28
5899.32,5750.44,5586.28
5912.78,5750.44,5586.28
5925.07,5750.44,5586.28
5928.37,5750.44,5586.28
5935.01,5750.44,5586.28
5942.12,5750.44,5586.28
5945.13,5750.44,5586.28
5946.87,5750.44,5586.28
5949.52,5750.44,5586.28
5950.96,5750.44,5586.28
5948.27,5750.44,5586.28
5942.24,5750.44,5586.28
5937.59,5750.44,5586.28
5928.97,5750.44,5586.28
5917.84,5750.44,5586.28
5902.44,5750.44,5586.28
5890.73,5750.44,5586.28
5883.61,5750.44,5586.28
5880.39,5750.44,5586.28
5879.32,5750.44,5586.28
5877.64,5750.44,5586.28
5877.76,5750.44,5586.28
5882.3,5750.44,5586.28
5889.99,5750.44,5586.28
5896.75,5750.44,5586.28
5908.7,5750.44,5586.28
5922.47,5750.44,5586.28
5940.07,5750.44,5586.28
5954.17,5750.44,5586.28
5963.84,5750.44,5586.28
5970.07,5750.44,5586.28
5973.82,5750.44,5586.28
5975.31,5750.44,5586.28
5971.17,5750.44,5586.28
5959.54,5750.44,5586.28
5943.48,5750.44,5586.28
5921.91,5750.44,5586.28
5900.2,5750.44,5586.28
5874.9,5750.44,5586.28
5850.9,5750.44,5586.28
5827.41,5750.44,5586.28
5809.89,5750.44,5586.28
5802.54,5750.44,5586.28
5799.64,5750.44,5586.28
5799.71,5750.44,5586.28
5804.7699999999995,5750.44,5586.28
5817.38,5750.44,5586.28
5835.65,5750.44,5586.28
5859.4,5750.44,5586.28
5881.4,5750.44,5586.28
5907.3099999999995,5750.44,5586.28
5933.03,5750.44,5586.28
5958.29,5750.44,5586.28
5977.62,5750.44,5586.28
5985.6,5750.44,5586.28
5988.67,5750.44,5586.28
5989.23,5750.44,5586.28
5987.72,5750.44,5586.28
5980.45,5750.44,5586.28
5968.35,5750.44,5586.28
5958.21,5750.44,5586.28
5943.71,5750.44,5586.28
5931.2,5750.44,5586.28
5912.9,5750.44,5586.28
5891.15,5750.44,5586.28
5881.51,5750.44,5586.28
5875.79,5750.44,5586.28
5873.73,5750.44,5586.28
5873.4,5750.44,5586.28
5875.97,5750.44,5586.28
5884.09,5750.44,5586.28
5896.34,5750.44,5586.28
5907.45,5750.44,5586.28
5922.83,5750.44,5586.28
5935.19,5750.44,5586.28
5952.03,5750.44,5586.28
5972.04,5750.44,5586.28
5979.8,5750.44,5586.28
5984.9,5750.44,5586.28
5986.69,5750.44,5586.28
5985.71,5750.44,5586.28
5981.03,5750.44,5586.28
5970.6,5750.44,5586.28
5956.36,5750.44,5586.28
5934.49,5750.44,5586.28
5917.39,5750.44,5586.28
5905.53,5750.44,5586.28
5903.67,5750.44,5586.28
5885.72,5750.44,5586.28
5874.99,5750.44,5586.28
5872.65,5750.44,5586.28
5869.4,5750.44,5586.28
5867.93,5750.44,5586.28
5871.09,5750.44,5586.28
5879.69,5750.44,5586.28
5891.18,5750.44,5586.28
5910.29,5750.44,5586.28
5925.59,5750.44,5586.28
5936.91,5750.44,5586.28
5936.94,5750.44,5586.28
5953.69,5750.44,5586.28
5962.22,5750.44,5586.28
5962.79,5750.44,5586.28
5965.2,5750.44,5586.28
5967.78,5750.44,5586.28
5962.11,5750.44,5586.28
5949.6,5750.44,5586.28
5930.37,5750.44,5586.28
5906.16,5750.44,5586.28
5878.42,5750.44,5586.28
5851.2699999999995,5750.44,5586.28
5826.14,5750.44,5586.28
5806.96,5750.44,5586.28
5792.8,5750.44,5586.28
5786.88,5750.44,5586.28
5785.38,5750.44,5586.28
5785.95,5750.44,5586.28
5792.18,5750.44,5586.28
5805.8099999999995,5750.44,5586.28
5826.87,5750.44,5586.28
5852.59,5750.44,5586.28
5880.12,5750.44,5586.28
5907.13,5750.44,5586.28
5932.88,5750.44,5586.28
5952.61,5750.44,5586.28
5968.5,5750.44,5586.28
5975.47,5750.44,5586.28
5977.4,5750.44,5586.28
5977.25,5750.44,5586.28
5972.96,5750.44,5586.28
5964.24,5750.44,5586.28
5947.18,5750.44,5586.28
5925.51,5750.44,5586.28
5897.84,5750.44,5586.28
5877.04,5750.44,5586.28
5858.61,5750.44,5586.28
5839.05,5750.44,5586.28
5836.63,5750.44,5586.28
5836.77,5750.44,5586.28
5836.78,5750.44,5586.28
5836.18,5750.44,5586.28
5840.58,5750.44,5586.28
5849.97,5750.44,5586.28
5866.83,5750.44,5586.28
5888.55,5750.44,5586.28
5917.23,5750.44,5586.28
5936.37,5750.44,5586.28
5953.43,5750.44,5586.28
5971.03,5750.44,5586.28
5971.62,5750.44,5586.28
5969.39,5750.44,5586.28
5968.74,5750.44,5586.28
5967.46,5750.44,5586.28
5962.57,5750.44,5586.28
5952.55,5750.44,5586.28
5940.62,5750.44,5586.28
5933.4800000000005,5750.44,5586.28
5916.29,5750.44,5586.28
5907.1,5750.44,5586.28
5902.34,5750.44,5586.28
5893.13,5750.44,5586.28
5876.36,5750.44,5586.28
5867.55,5750.44,5586.28
5863.56,5750.44,5586.28
5861.98,5750.44,5586.28
5864.72,5750.44,5586.28
5871.52,5750.44,5586.28
5880.95,5750.44,5586.28
5884.05,5750.44,5586.28
5898.03,5750.44,5586.28
5906.02,5750.44,5586.28
5911.1,5750.44,5586.28
5920.37,5750.44,5586.28
5936.93,5750.44,5586.28
5945.73,5750.44,5586.28
5948.13,5750.44,5586.28
5948.37,5750.44,5586.28
5942.86,5750.44,5586.28
5931.9400000000005,5750.44,5586.28
5916.65,5750.44,5586.28
5902.43,5750.44,5586.28
5892.1,5750.44,5586.28
5884.85,5750.44,5586.28
5882.67,5750.44,5586.28
5880.72,5750.44,5586.28
5878.39,5750.44,5586.28
5875.84,5750.44,5586.28
5873.97,5750.44,5586.28
5873.72,5750.44,5586.28
5878.54,5750.44,5586.28
5888.93,5750.44,5586.28
5903.75,5750.44,5586.28
5918.09,5750.44,5586.28
5928.18,5750.44,5586.28
5935.66,5750.44,5586.28
5937.49,5750.44,5586.28
5939.55,5750.44,5586.28
5941.75,5750.44,5586.28
5943.95,5750.44,5586.28
5945.53,5750.44,5586.28
5945.37,5750.44,5586.28
5942.79,5750.44,5586.28
5939.38,5750.44,5586.28
5932.63,5750.44,5586.28
5924.97,5750.44,5586.28
5917.54,5750.44,5586.28
5906.26,5750.44,5586.28
5892.34,5750.44,5586.28
5886.96,5750.44,5586.28
5880.84,5750.44,5586.28
5877.5599999999995,5750.44,5586.28
5875.69,5750.44,5586.28
5875.83,5750.44,5586.28
5878.32,5750.44,5586.28
5881.6,5750.44,5586.28
5888.24,5750.44,5586.28
5895.82,5750.44,5586.28
5903.1900000000005,5750.44,5586.28
5914.43,5750.44,5586.28
5928.32,5750.44,5586.28
5933.53,5750.44,5586.28
5939.610000000001,5750.44,5586.28
5942.83,5750.44,5586.28
5945.21,5750.44,5586.28
5945.54,5750.44,5586.28
5943.56,5750.44,5586.28
5939.67,5750.44,5586.28
5931.27,5750.44,5586.28
5918.38,5750.44,5586.28
5912.06,5750.44,5586.28
5904.46,5750.44,5586.28
5900.57,5750.44,5586.28
5896.7,5750.44,5586.28
5893.04,5750.44,5586.28
5891.04,5750.44,5586.28
5889.21,5750.44,5586.28
5888.77,5750.44,5586.28
5890.67,5750.44,5586.28
5894.42,5750.44,5586.28
5902.68,5750.44,5586.28
5915.45,5750.44,5586.28
5921.51,5750.44,5586.28
5928.82,5750.44,5586.28
5932.4,5750.44,5586.28
5935.95,5750.44,5586.28
5939.29,5750.44,5586.28
5941.21,5750.44,5586.28
5943.27,5750.44,5586.28
5944.29,5750.44,5586.28
5941.98,5750.44,5586.28
5936.1,5750.44,5586.28
5928.32,5750.44,5586.28
5917.65,5750.44,5586.28
5905.69,5750.44,5586.28
5890.97,5750.44,5586.28
5877.49,5750.44,5586.28
5868.15,5750.44,5586.28
5859.97,5750.44,5586.28
5854.34,5750.44,5586.28
5851.9,5750.44,5586.28
5850.89,5750.44,5586.28
5853.57,5750.44,5586.28
5859.42,5750.44,5586.28
5867.12,5750.44,5586.28
5877.64,5750.44,5586.28
5889.45,5750.44,5586.28
5904.29,5750.44,5586.28
5917.62,5750.44,5586.28
5926.83,5750.44,5586.28
5934.9,5750.44,5586.28
5940.31,5750.44,5586.28
5941.84,5750.44,5586.28
5941.97,5750.44,5586.28
5938.6,5750.44,5586.28
5926.01,5750.44,5586.28
5907.0,5750.44,5586.28
5880.99,5750.44,5586.28
5853.3,5750.44,5586.28
5823.08,5750.44,5586.28
5794.4,5750.44,5586.28
5770.65,5750.44,5586.28
5758.4400000000005,5750.44,5586.28
5752.37,5750.44,5586.28
5750.44,5750.44,5586.28
5750.68,5750.68,5586.28
5753.64,5751.57,5586.28
5766.4,5751.57,5586.28
5785.4,5751.57,5586.28
5811.94,5751.57,5586.28
5839.84,5751.57,5586.28
5870.0,5751.57,5588.19
5898.3,5751.57,5588.88
5921.83,5751.57,5588.88
5934.32,5751.57,5588.88
5940.53,5751.57,5588.88
5942.35,5751.57,5588.88
5942.38,5751.57,5588.88
5936.93,5751.57,5588.88
5924.61,5751.57,5588.88
5909.39,5751.57,5588.88
5885.72,5751.57,5588.88
5864.9,5751.57,5588.88
5844.05,5751.57,5588.88
5830.18,5751.57,5588.88
5816.86,5751.57,5588.88
5807.02,5751.57,5588.88
5800.29,5751.57,5588.88
5798.45,5751.57,5588.88
5800.64,5751.57,5588.88
5806.04,5751.57,5588.88
5818.31,5751.57,5588.88
5834.14,5751.57,5588.88
5857.9,5751.57,5588.88
5879.26,5751.57,5588.88
5900.53,5751.57,5588.88
5915.62,5751.57,5588.88
5929.85,5751.57,5588.88
5939.9,5751.57,5588.88
5946.98,5751.57,5588.88
5950.09,5751.57,5588.88
5947.33,5751.57,5588.88
5944.77,5751.57,5588.88
5937.86,5751.57,5588.88
5928.45,5751.57,5588.88
5915.04,5751.57,5588.88
5901.3,5751.57,5588.88
5888.56,5751.57,5588.88
5876.9400000000005,5751.57,5588.88
5867.81,5751.57,5588.88
5861.26,5751.57,5588.88
5858.58,5751.57,5588.88
5855.51,5751.57,5588.88
5853.36,5751.57,5588.88
5855.46,5751.57,5588.88
5861.8,5751.57,5588.88
5870.27,5751.57,5588.88
5883.59,5751.57,5588.88
5898.2300000000005,5751.57,5588.88
5911.61,5751.57,5588.88
5924.28,5751.57,5588.88
5933.83,5751.57,5588.88
5940.7300000000005,5751.57,5588.88
5944.47,5751.57,5588.88
5946.99,5751.57,5588.88
5942.75,5751.57,5588.88
5935.4,5751.57,5588.88
5927.13,5751.57,5588.88
5916.0,5751.57,5588.88
5899.49,5751.57,5588.88
5881.51,5751.57,5588.88
5863.22,5751.57,5588.88
5846.09,5751.57,5588.88
5831.22,5751.57,5588.88
5817.98,5751.57,5588.88
5807.98,5751.57,5588.88
5802.94,5751.57,5588.88
5806.12,5751.57,5588.88
5814.94,5751.57,5588.88
5825.57,5751.57,5588.88
5839.49,5751.57,5588.88
5857.29,5751.57,5588.88
5874.16,5751.57,5588.88
5891.28,5751.57,5588.88
5907.24,5751.57,5588.88
5921.18,5751.57,5588.88
5934.34,5751.57,5588.88
5943.81,5751.57,5588.88
5947.92,5751.57,5588.88
5942.23,5751.57,5588.88
5929.61,5751.57,5588.88
5911.89,5751.57,5588.88
5889.77,5751.57,5588.88
5868.14,5751.57,5588.88
5846.8,5751.57,5588.88
5825.57,5751.57,5588.88
5803.1900000000005,5751.57,5588.88
5783.83,5751.57,5588.88
5767.24,5751.57,5588.88
5758.55,5751.57,5588.88
5756.53,5751.57,5588.88
5766.66,5751.57,5588.88
5778.91,5751.57,5588.88
5795.61,5751.57,5588.88
5816.51,5751.57,5588.88
5837.32,5751.57,5588.88
5860.87,5751.57,5588.88
5883.7,5751.57,5588.88
5907.81,5751.57,5588.88
5929.07,5751.57,5588.88
5947.13,5751.57,5588.88
5956.91,5751.57,5588.88
5961.3099999999995,5751.57,5588.88
5961.0199999999995,5751.57,5588.88
5956.54,5751.57,5588.88
5946.43,5751.57,5588.88
5935.58,5751.57,5588.88
5921.42,5751.57,5588.88
5905.31,5751.57,5588.88
5891.6,5751.57,5588.88
5878.52,5751.57,5588.88
5867.94,5751.57,5588.88
5857.75,5751.57,5588.88
5852.42,5751.57,5588.88
5850.56,5751.57,5588.88
5850.63,5751.57,5588.88
5856.12,5751.57,5588.88
5867.56,5751.57,5588.88
5878.82,5751.57,5588.88
5895.07,5751.57,5588.88
5909.55,5751.57,5588.88
5921.75,5751.57,5588.88
5933.7,5751.57,5588.88
5943.84,5751.57,5588.88
5952.88,5751.57,5588.88
5957.2,5751.57,5588.88
5958.6,5751.57,5588.88
5958.37,5751.57,5588.88
5952.9,5751.57,5588.88
5939.26,5751.57,5588.88
5923.92,5751.57,5588.88
5900.94,5751.57,5588.88
5881.94,5751.57,5588.88
5865.19,5751.57,5588.88
5849.75,5751.57,5588.88
5835.66,5751.57,5588.88
5825.15,5751.57,5588.88
5820.86,5751.57,5588.88
5817.4,5751.57,5588.88
5815.94,5751.57,5588.88
5820.74,5751.57,5588.88
5833.15,5751.57,5588.88
5848.17,5751.57,5588.88
5868.64,5751.57,5588.88
5888.05,5751.57,5588.88
5905.16,5751.57,5588.88
5919.66,5751.57,5588.88
5932.86,5751.57,5588.88
5943.35,5751.57,5588.88
5947.05,5751.57,5588.88
5949.71,5751.57,5588.88
5951.83,5751.57,5588.88
5947.9400000000005,5751.57,5588.88
5936.05,5751.57,5588.88
5930.06,5751.57,5588.88
5925.45,5751.57,5588.88
5921.5,5751.57,5588.88
5912.25,5751.57,5588.88
5896.97,5751.57,5588.88
5875.47,5751.57,5588.88
5862.5,5751.57,5588.88
5854.26,5751.57,5588.88
5850.32,5751.57,5588.88
5847.72,5751.57,5588.88
5851.17,5751.57,5588.88
5862.25,5751.57,5588.88
5866.51,5751.57,5588.88
5870.05,5751.57,5588.88
5871.83,5751.57,5588.88
5880.06,5751.57,5588.88
5894.49,5751.57,5588.88
5915.01,5751.57,5588.88
5926.5,5751.57,5588.88
5933.86,5751.57,5588.88
5936.68,5751.57,5588.88
5938.02,5751.57,5588.88
5931.31,5751.57,5588.88
5920.22,5751.57,5588.88
5901.21,5751.57,5588.88
5878.31,5751.57,5588.88
5851.93,5751.57,5588.88
5829.61,5751.57,5588.88
5823.95,5751.57,5588.88
5818.58,5751.57,5588.88
5809.78,5751.57,5588.88
5798.5599999999995,5751.57,5588.88
5790.67,5751.57,5588.88
5786.63,5751.57,5588.88
5793.6,5751.57,5588.88
5804.48,5751.57,5588.88
5823.44,5751.57,5588.88
5846.46,5751.57,5588.88
5872.97,5751.57,5588.88
5895.27,5751.57,5588.88
5900.93,5751.57,5588.88
5906.28,5751.57,5588.88
5915.12,5751.57,5588.88
5926.31,5751.57,5588.88
5933.86,5751.57,5588.88
5937.32,5751.57,5588.88
5933.62,5751.57,5588.88
5925.27,5751.57,5588.88
5915.09,5751.57,5588.88
5899.97,5751.57,5588.88
5880.46,5751.57,5588.88
5866.93,5751.57,5588.88
5860.7,5751.57,5588.88
5848.88,5751.57,5588.88
5838.19,5751.57,5588.88
5830.16,5751.57,5588.88
5827.18,5751.57,5588.88
5827.22,5751.57,5588.88
5830.22,5751.57,5588.88
5838.26,5751.57,5588.88
5848.77,5751.57,5588.88
5863.79,5751.57,5588.88
5883.99,5751.57,5588.88
5898.26,5751.57,5588.88
5906.63,5751.57,5588.88
5921.27,5751.57,5588.88
5934.88,5751.57,5588.88
5946.63,5751.57,5588.88
5952.24,5751.57,5588.88
5954.1900000000005,5751.57,5588.88
5953.63,5751.57,5588.88
5951.7,5751.57,5588.88
5951.0,5751.57,5588.88
5944.86,5751.57,5588.88
5931.67,5751.57,5588.88
5915.74,5751.57,5588.88
5899.0,5751.57,5588.88
5882.45,5751.57,5588.88
5870.79,5751.57,5588.88
5864.89,5751.57,5588.88
5862.25,5751.57,5588.88
5862.96,5751.57,5588.88
5866.04,5751.57,5588.88
5870.1,5751.57,5588.88
5872.37,5751.57,5588.88
5880.93,5751.57,5588.88
5895.6,5751.57,5588.88
5912.3099999999995,5751.57,5588.88
5927.8099999999995,5751.57,5588.88
5942.75,5751.57,5588.88
5952.45,5751.57,5588.88
5956.28,5751.57,5588.88
5959.87,5751.57,5588.88
5959.26,5751.57,5588.88
5952.8,5751.57,5588.88
5939.94,5751.57,5588.88
5921.55,5751.57,5588.88
5898.19,5751.57,5588.88
5875.41,5751.57,5588.88
5852.04,5751.57,5588.88
5826.95,5751.57,5588.88
5808.18,5751.57,5588.88
5792.16,5751.57,5588.88
5785.49,5751.57,5588.88
5782.88,5751.57,5588.88
5783.18,5751.57,5588.88
5788.59,5751.57,5588.88
5801.79,5751.57,5588.88
5821.92,5751.57,5588.88
5846.45,5751.57,5588.88
5869.08,5751.57,5588.88
5893.51,5751.57,5588.88
5920.24,5751.57,5588.88
5940.29,5751.57,5588.88
5957.23,5751.57,5588.88
5964.57,5751.57,5588.88
5968.0,5751.57,5588.88
5968.8,5751.57,5588.88
5964.71,5751.57,5588.88
5955.49,5751.57,5588.88
5945.53,5751.57,5588.88
5920.72,5751.57,5588.88
5898.08,5751.57,5588.88
5881.75,5751.57,5588.88
5862.19,5751.57,5588.88
5844.31,5751.57,5588.88
5837.1,5751.57,5588.88
5833.79,5751.57,5588.88
5830.51,5751.57,5588.88
5829.56,5751.57,5588.88
5833.81,5751.57,5588.88
5842.77,5751.57,5588.88
5852.04,5751.57,5588.88
5876.32,5751.57,5588.88
5898.92,5751.57,5588.88
5914.37,5751.57,5588.88
5933.25,5751.57,5588.88
5950.5,5751.57,5588.88
5957.31,5751.57,5588.88
5960.5,5751.57,5588.88
5961.68,5751.57,5588.88
5961.89,5751.57,5588.88
5957.93,5751.57,5588.88
5948.2,5751.57,5588.88
5932.12,5751.57,5588.88
5913.66,5751.57,5588.88
5891.18,5751.57,5588.88
5882.5,5751.57,5588.88
5873.11,5751.57,5588.88
5857.32,5751.57,5588.88
5847.62,5751.57,5588.88
5842.11,5751.57,5588.88
5839.24,5751.57,5588.88
5838.29,5751.57,5588.88
5842.95,5751.57,5588.88
5853.38,5751.57,5588.88
5869.52,5751.57,5588.88
5888.37,5751.57,5588.88
5910.94,5751.57,5588.88
5919.57,5751.57,5588.88
5927.59,5751.57,5588.88
5942.0599999999995,5751.57,5588.88
5951.22,5751.57,5588.88
5955.74,5751.57,5588.88
5957.56,5751.57,5588.88
5958.14,5751.57,5588.88
5952.15,5751.57,5588.88
5939.02,5751.57,5588.88
5923.3,5751.57,5588.88
5898.9,5751.57,5588.88
5878.93,5751.57,5588.88
5860.01,5751.57,5588.88
5846.92,5751.57,5588.88
5834.9800000000005,5751.57,5588.88
5826.85,5751.57,5588.88
5821.4800000000005,5751.57,5588.88
5821.65,5751.57,5588.88
5822.13,5751.57,5588.88
5828.14,5751.57,5588.88
5840.89,5751.57,5588.88
5856.4,5751.57,5588.88
5881.0,5751.57,5588.88
5901.0,5751.57,5588.88
5919.34,5751.57,5588.88
5933.02,5751.57,5588.88
5945.32,5751.57,5588.88
5953.79,5751.57,5588.88
5959.1,5751.57,5588.88
5959.09,5751.57,5588.88
5958.3,5751.57,5588.88
5950.89,5751.57,5588.88
5937.1,5751.57,5588.88
5921.03,5751.57,5588.88
5895.69,5751.57,5588.88
5874.44,5751.57,5588.88
5854.3,5751.57,5588.88
5839.0,5751.57,5588.88
5825.47,5751.57,5588.88
5816.66,5751.57,5588.88
5811.28,5751.57,5588.88
5811.16,5751.57,5588.88
5813.01,5751.57,5588.88
5821.17,5751.57,5588.88
5835.24,5751.57,5588.88
5851.5,5751.57,5588.88
5874.31,5751.57,5588.88
5894.47,5751.57,5588.88
5915.51,5751.57,5588.88
5931.46,5751.57,5588.88
5946.0,5751.57,5588.88
5955.3,5751.57,5588.88
5960.86,5751.57,5588.88
5961.34,5751.57,5588.88
5958.9,5751.57,5588.88
5953.52,5751.57,5588.88
5944.63,5751.57,5588.88
5932.65,5751.57,5588.88
5918.3,5751.57,5588.88
5904.17,5751.57,5588.88
5889.58,5751.57,5588.88
5876.79,5751.57,5588.88
5865.45,5751.57,5588.88
5856.78,5751.57,5588.88
5853.33,5751.57,5588.88
5852.61,5751.57,5588.88
5853.89,5751.57,5588.88
5858.5599999999995,5751.57,5588.88
5867.2699999999995,5751.57,5588.88
5880.38,5751.57,5588.88
5895.04,5751.57,5588.88
5910.87,5751.57,5588.88
5925.38,5751.57,5588.88
5937.23,5751.57,5588.88
5947.51,5751.57,5588.88
5955.87,5751.57,5588.88
5959.32,5751.57,5588.88
5959.32,5751.57,5588.88
5955.23,5751.57,5588.88
5948.36,5751.57,5588.88
5938.8,5751.57,5588.88
5928.54,5751.57,5588.88
5920.63,5751.57,5588.88
5910.54,5751.57,5588.88
5901.96,5751.57,5588.88
5895.35,5751.57,5588.88
5888.08,5751.57,5588.88
5881.17,5751.57,5588.88
5875.38,5751.57,5588.88
5872.38,5751.57,5588.88
5872.83,5751.57,5588.88
5879.64,5751.57,5588.88
5888.85,5751.57,5588.88
5897.0599999999995,5751.57,5588.88
5905.93,5751.57,5588.88
5914.68,5751.57,5588.88
5922.61,5751.57,5588.88
5929.67,5751.57,5588.88
5937.28,5751.57,5588.88
5944.13,5751.57,5588.88
5950.0,5751.57,5588.88
5953.81,5751.57,5588.88
5955.68,5751.57,5588.88
5947.7,5751.57,5588.88
5937.12,5751.57,5588.88
5924.04,5751.57,5588.88
5906.78,5751.57,5588.88
5893.07,5751.57,5588.88
5866.97,5751.57,5588.88
5843.24,5751.57,5588.88
5825.67,5751.57,5588.88
5810.44,5751.57,5588.88
5807.98,5751.57,5588.88
5807.96,5751.57,5588.88
5808.39,5751.57,5588.88
5814.47,5751.57,5588.88
5823.78,5751.57,5588.88
5835.98,5751.57,5588.88
5852.77,5751.57,5588.88
5866.52,5751.57,5588.88
5893.14,5751.57,5588.88
5917.9,5751.57,5588.88
5936.48,5751.57,5588.88
5952.31,5751.57,5588.88
5956.35,5751.57,5588.88
5957.0,5751.57,5588.88
5956.9400000000005,5751.57,5588.88
5952.8,5751.57,5588.88
5941.25,5751.57,5588.88
5928.48,5751.57,5588.88
5911.58,5751.57,5588.88
5906.25,5751.57,5588.88
5899.9,5751.57,5588.88
5896.32,5751.57,5588.88
5893.39,5751.57,5588.88
5891.72,5751.57,5588.88
5889.9400000000005,5751.57,5588.88
5890.27,5751.57,5588.88
5891.93,5751.57,5588.88
5897.6900000000005,5751.57,5588.88
5910.27,5751.57,5588.88
5923.1,5751.57,5588.88
5939.88,5751.57,5588.88
5945.67,5751.57,5588.88
5951.79,5751.57,5588.88
5954.59,5751.57,5588.88
5957.22,5751.57,5588.88
5958.69,5751.57,5588.88
5959.87,5751.57,5588.88
5958.88,5751.57,5588.88
5957.44,5751.57,5588.88
5953.67,5751.57,5588.88
5946.46,5751.57,5588.88
5942.21,5751.57,5588.88
5936.05,5751.57,5588.88
5930.08,5751.57,5588.88
5923.52,5751.57,5588.88
5917.02,5751.57,5588.88
5911.92,5751.57,5588.88
5907.36,5751.57,5588.88
5904.58,5751.57,5588.88
5903.85,5751.57,5588.88
5903.88,5751.57,5588.88
5906.69,5751.57,5588.88
5913.15,5751.57,5588.88
5916.63,5751.57,5588.88
5922.0,5751.57,5588.88
5927.28,5751.57,5588.88
5933.46,5751.57,5588.88
5938.99,5751.57,5588.88
5943.36,5751.57,5588.88
5946.88,5751.57,5588.88
5948.65,5751.57,5588.88
5948.73,5751.57,5588.88
5948.1,5751.57,5588.88
5939.69,5751.57,5588.88
5924.87,5751.57,5588.88
5911.12,5751.57,5588.88
5887.83,5751.57,5588.88
5862.86,5751.57,5588.88
5843.43,5751.57,5588.88
5834.93,5751.57,5588.88
5829.8099999999995,5751.57,5588.88
5827.8099999999995,5751.57,5588.88
5826.16,5751.57,5588.88
5825.23,5751.57,5588.88
5825.08,5751.57,5588.88
5833.71,5751.57,5588.88
5848.34,5751.57,5588.88
5862.32,5751.57,5588.88
5885.0599999999995,5751.57,5588.88
5909.8,5751.57,5588.88
5928.7,5751.57,5588.88
5937.25,5751.57,5588.88
5941.64,5751.57,5588.88
5944.8099999999995,5751.57,5588.88
5947.58,5751.57,5588.88
5950.57,5751.57,5588.88
5952.32,5751.57,5588.88
5947.53,5751.57,5588.88
5934.88,5751.57,5588.88
5918.79,5751.57,5588.88
5901.35,5751.57,5588.88
5882.51,5751.57,5588.88
5861.9,5751.57,5588.88
5850.18,5751.57,5588.88
5838.04,5751.57,5588.88
5827.28,5751.57,5588.88
5821.3,5751.57,5588.88
5821.0599999999995,5751.57,5588.88
5822.09,5751.57,5588.88
5828.52,5751.57,5588.88
5842.66,5751.57,5588.88
5859.43,5751.57,5588.88
5877.51,5751.57,5588.88
5895.75,5751.57,5588.88
5915.96,5751.57,5588.88
5927.3,5751.57,5588.88
5939.53,5751.57,5588.88
5948.98,5751.57,5588.88
5953.71,5751.57,5588.88
5951.68,5751.57,5588.88
5949.57,5751.57,5588.88
5945.69,5751.57,5588.88
5939.26,5751.57,5588.88
5934.38,5751.57,5588.88
5919.01,5751.57,5588.88
5896.83,5751.57,5588.88
5875.46,5751.57,5588.88
5859.28,5751.57,5588.88
5851.2,5751.57,5588.88
5843.8,5751.57,5588.88
5838.56,5751.57,5588.88
5838.8,5751.57,5588.88
5840.05,5751.57,5588.88
5842.85,5751.57,5588.88
5848.01,5751.57,5588.88
5852.86,5751.57,5588.88
5867.68,5751.57,5588.88
5889.81,5751.57,5588.88
5911.53,5751.57,5588.88
5928.04,5751.57,5588.88
5936.62,5751.57,5588.88
5943.8,5751.57,5588.88
5948.01,5751.57,5588.88
5948.14,5751.57,5588.88
5945.4,5751.57,5588.88
5940.95,5751.57,5588.88
5932.31,5751.57,5588.88
5920.1900000000005,5751.57,5588.88
5908.82,5751.57,5588.88
5899.43,5751.57,5588.88
5892.0,5751.57,5588.88
5885.17,5751.57,5588.88
5879.68,5751.57,5588.88
5875.39,5751.57,5588.88
5871.67,5751.57,5588.88
5871.27,5751.57,5588.88
5874.57,5751.57,5588.88
5879.18,5751.57,5588.88
5889.54,5751.57,5588.88
5901.45,5751.57,5588.88
5913.72,5751.57,5588.88
5923.59,5751.57,5588.88
5931.11,5751.57,5588.88
5938.63,5751.57,5588.88
5943.33,5751.57,5588.88
5948.38,5751.57,5588.88
5952.47,5751.57,5588.88
5952.49,5751.57,5588.88
5949.4,5751.57,5588.88
5943.17,5751.57,5588.88
5931.82,5751.57,5588.88
5915.53,5751.57,5588.88
5893.3,5751.57,5588.88
5870.39,5751.57,5588.88
5845.36,5751.57,5588.88
5826.26,5751.57,5588.88
5806.75,5751.57,5588.88
5791.07,5751.57,5588.88
5785.92,5751.57,5588.88
5786.76,5751.57,5588.88
5789.1,5751.57,5588.88
5795.08,5751.57,5588.88
5805.49,5751.57,5588.88
5822.22,5751.57,5588.88
5844.0199999999995,5751.57,5588.88
5867.85,5751.57,5588.88
5893.9,5751.57,5588.88
5913.38,5751.57,5588.88
5933.83,5751.57,5588.88
5949.33,5751.57,5588.88
5955.37,5751.57,5588.88
5954.66,5751.57,5588.88
5953.17,5751.57,5588.88
5945.71,5751.57,5588.88
5930.42,5751.57,5588.88
5909.71,5751.57,5588.88
5888.38,5751.57,5588.88
5866.24,5751.57,5588.88
5845.07,5751.57,5588.88
5832.12,5751.57,5588.88
5823.69,5751.57,5588.88
5817.79,5751.57,5588.88
5812.87,5751.57,5588.88
5813.58,5751.57,5588.88
5814.99,5751.57,5588.88
5822.99,5751.57,5588.88
5840.18,5751.57,5588.88
5861.42,5751.57,5588.88
5883.71,5751.57,5588.88
5906.49,5751.57,5588.88
5926.97,5751.57,5588.88
5940.0,5751.57,5588.88
5948.39,5751.57,5588.88
5954.54,5751.57,5588.88
5958.71,5751.57,5588.88
5958.03,5751.57,5588.88
5956.87,5751.57,5588.88
5950.55,5751.57,5588.88
5941.21,5751.57,5588.88
5933.28,5751.57,5588.88
5917.09,5751.57,5588.88
5902.82,5751.57,5588.88
5901.36,5751.57,5588.88
5893.45,5751.57,5588.88
5885.33,5751.57,5588.88
5879.73,5751.57,5588.88
5877.25,5751.57,5588.88
5876.67,5751.57,5588.88
5878.32,5751.57,5588.88
5884.83,5751.57,5588.88
5893.23,5751.57,5588.88
5901.08,5751.57,5588.88
5916.47,5751.57,5588.88
5930.02,5751.57,5588.88
5933.02,5751.57,5588.88
5941.05,5751.57,5588.88
5950.97,5751.57,5588.88
5956.44,5751.57,5588.88
5960.69,5751.57,5588.88
5962.59,5751.57,5588.88
5962.76,5751.57,5588.88
5955.63,5751.57,5588.88
5942.13,5751.57,5588.88
5926.09,5751.57,5588.88
5903.82,5751.57,5588.88
5873.01,5751.57,5588.88
5840.78,5751.57,5588.88
5812.18,5751.57,5588.88
5791.59,5751.57,5588.88
5782.72,5751.57,5588.88
5774.09,5751.57,5588.88
5772.04,5751.57,5588.88
5770.4400000000005,5751.57,5588.88
5776.82,5751.57,5588.88
5789.97,5751.57,5588.88
5806.01,5751.57,5588.88
5828.5599999999995,5751.57,5588.88
5859.34,5751.57,5590.94
5890.0,5751.57,5593.56
5918.07,5751.57,5593.56
5936.73,5751.57,5593.56
5946.01,5751.57,5593.56
5954.61,5751.57,5593.56
5956.51,5751.57,5593.56
5957.93,5751.57,5593.56
5953.03,5751.57,5593.56
5940.32,5751.57,5593.56
5926.0,5751.57,5593.56
5911.35,5751.57,5593.56
5903.83,5751.57,5593.56
5900.67,5751.57,5593.56
5891.1900000000005,5751.57,5593.56
5881.05,5751.57,5593.56
5874.03,5751.57,5593.56
5869.28,5751.57,5593.56
5868.83,5751.57,5593.56
5868.44,5751.57,5593.56
5873.21,5751.57,5593.56
5884.66,5751.57,5593.56
5898.9,5751.57,5593.56
5913.68,5751.57,5593.56
5922.0599999999995,5751.57,5593.56
5926.2,5751.57,5593.56
5936.2,5751.57,5593.56
5947.66,5751.57,5593.56
5955.46,5751.57,5593.56
5959.67,5751.57,5593.56
5960.01,5751.57,5593.56
5958.63,5751.57,5593.56
5954.12,5751.57,5593.56
5944.5599999999995,5751.57,5593.56
5929.3099999999995,5751.57,5593.56
5921.22,5751.57,5593.56
5917.59,5751.57,5593.56
5913.2,5751.57,5593.56
5908.9,5751.57,5593.56
5899.14,5751.57,5593.56
5890.05,5751.57,5593.56
5886.8,5751.57,5593.56
5885.52,5751.57,5593.56
5887.47,5751.57,5593.56
5892.18,5751.57,5593.56
5902.99,5751.57,5593.56
5918.57,5751.57,5593.56
5926.74,5751.57,5593.56
5929.08,5751.57,5593.56
5933.08,5751.57,5593.56
5937.05,5751.57,5593.56
5946.28,5751.57,5593.56
5954.24,5751.57,5593.56
5957.62,5751.57,5593.56
5958.32,5751.57,5593.56
5955.91,5751.57,5593.56
5948.75,5751.57,5593.56
5937.31,5751.57,5593.56
5920.3,5751.57,5593.56
5902.14,5751.57,5593.56
5880.62,5751.57,5593.56
5856.62,5751.57,5593.56
5835.88,5751.57,5593.56
5815.64,5751.57,5593.56
5802.49,5751.57,5593.56
5794.24,5751.57,5593.56
5790.67,5751.57,5593.56
5794.03,5751.57,5593.56
5802.24,5751.57,5593.56
5814.139999999999,5751.57,5593.56
5831.3099999999995,5751.57,5593.56
5848.8099999999995,5751.57,5593.56
5870.67,5751.57,5593.56
5894.5599999999995,5751.57,5593.56
5915.72,5751.57,5593.56
5936.17,5751.57,5593.56
5950.09,5751.57,5593.56
5958.29,5751.57,5593.56
5962.3,5751.57,5593.56
5959.51,5751.57,5593.56
5954.07,5751.57,5593.56
5945.65,5751.57,5593.56
5937.7,5751.57,5593.56
5925.26,5751.57,5593.56
5901.96,5751.57,5593.56
5888.3099999999995,5751.57,5593.56
5881.46,5751.57,5593.56
5878.67,5751.57,5593.56
5875.13,5751.57,5593.56
5872.5599999999995,5751.57,5593.56
5872.2,5751.57,5593.56
5874.47,5751.57,5593.56
5879.1,5751.57,5593.56
5887.21,5751.57,5593.56
5895.32,5751.57,5593.56
5909.17,5751.57,5593.56
5933.66,5751.57,5593.56
5948.4,5751.57,5593.56
5956.18,5751.57,5593.56
5959.67,5751.57,5593.56
5963.25,5751.57,5593.56
5966.14,5751.57,5593.56
5966.64,5751.57,5593.56
5965.29,5751.57,5593.56
5962.74,5751.57,5593.56
5957.75,5751.57,5593.56
5952.11,5751.57,5593.56
5939.0599999999995,5751.57,5593.56
5916.67,5751.57,5593.56
5898.29,5751.57,5593.56
5879.29,5751.57,5593.56
5861.82,5751.57,5593.56
5850.04,5751.57,5593.56
5845.17,5751.57,5593.56
5844.72,5751.57,5593.56
5845.83,5751.57,5593.56
5849.3,5751.57,5593.56
5854.94,5751.57,5593.56
5861.42,5751.57,5593.56
5875.27,5751.57,5593.56
5897.85,5751.57,5593.56
5916.39,5751.57,5593.56
5935.6,5751.57,5593.56
5953.35,5751.57,5593.56
5965.82,5751.57,5593.56
5971.46,5751.57,5593.56
5972.32,5751.57,5593.56
5971.11,5751.57,5593.56
5967.73,5751.57,5593.56
5959.59,5751.57,5593.56
5951.19,5751.57,5593.56
5947.17,5751.57,5593.56
5944.36,5751.57,5593.56
5937.27,5751.57,5593.56
5926.2,5751.57,5593.56
5919.68,5751.57,5593.56
5915.08,5751.57,5593.56
5913.18,5751.57,5593.56
5913.03,5751.57,5593.56
5915.01,5751.57,5593.56
5919.24,5751.57,5593.56
5927.68,5751.57,5593.56
5936.66,5751.57,5593.56
5941.8,5751.57,5593.56
5945.89,5751.57,5593.56
5953.2,5751.57,5593.56
5964.7,5751.57,5593.56
5970.84,5751.57,5593.56
5976.17,5751.57,5593.56
5977.88,5751.57,5593.56
5978.41,5751.57,5593.56
5977.64,5751.57,5593.56
5973.57,5751.57,5593.56
5963.75,5751.57,5593.56
5947.66,5751.57,5593.56
5924.0,5751.57,5593.56
5898.54,5751.57,5593.56
5872.8,5751.57,5593.56
5844.1,5751.57,5593.56
5820.89,5751.57,5593.56
5803.45,5751.57,5593.56
5797.29,5751.57,5593.56
5797.01,5751.57,5593.56
5798.53,5751.57,5593.56
5802.66,5751.57,5593.56
5813.49,5751.57,5593.56
5829.78,5751.57,5593.56
5851.25,5751.57,5593.56
5875.04,5751.57,5593.56
5900.22,5751.57,5593.56
5929.27,5751.57,5593.56
5952.66,5751.57,5593.56
5970.46,5751.57,5593.56
5976.56,5751.57,5593.56
5977.58,5751.57,5593.56
5977.38,5751.57,5593.56
5971.85,5751.57,5593.56
5962.19,5751.57,5593.56
5948.43,5751.57,5593.56
5933.24,5751.57,5593.56
5923.55,5751.57,5593.56
5912.64,5751.57,5593.56
5899.94,5751.57,5593.56
5888.95,5751.57,5593.56
5875.47,5751.57,5593.56
5869.34,5751.57,5593.56
5868.44,5751.57,5593.56
5868.39,5751.57,5593.56
5873.12,5751.57,5593.56
5881.71,5751.57,5593.56
5894.43,5751.57,5593.56
5910.41,5751.57,5593.56
5920.91,5751.57,5593.56
5932.69,5751.57,5593.56
5945.53,5751.57,5593.56
5957.14,5751.57,5593.56
5970.02,5751.57,5593.56
5976.11,5751.57,5593.56
5976.41,5751.57,5593.56
5973.48,5751.57,5593.56
5967.12,5751.57,5593.56
5955.3,5751.57,5593.56
5937.74,5751.57,5593.56
5915.11,5751.57,5593.56
5888.37,5751.57,5593.56
5859.65,5751.57,5593.56
5833.87,5751.57,5593.56
5810.44,5751.57,5593.56
5795.0,5751.57,5593.56
5789.9,5751.57,5593.56
5789.7,5751.57,5593.56
5792.12,5751.57,5593.56
5798.71,5751.57,5593.56
5810.33,5751.57,5593.56
5827.89,5751.57,5593.56
5850.15,5751.57,5593.56
5876.61,5751.57,5593.56
5904.08,5751.57,5593.56
5929.21,5751.57,5593.56
5953.13,5751.57,5593.56
5967.22,5751.57,5593.56
5972.03,5751.57,5593.56
5972.0,5751.57,5593.56
5969.87,5751.57,5593.56
5965.82,5751.57,5593.56
5957.92,5751.57,5593.56
5942.21,5751.57,5593.56
5922.68,5751.57,5593.56
5903.61,5751.57,5593.56
5895.05,5751.57,5593.56
5887.03,5751.57,5593.56
5878.92,5751.57,5593.56
5875.03,5751.57,5593.56
5873.17,5751.57,5593.56
5873.25,5751.57,5593.56
5874.67,5751.57,5593.56
5878.34,5751.57,5593.56
5886.07,5751.57,5593.56
5901.82,5751.57,5593.56
5920.22,5751.57,5593.56
5937.79,5751.57,5593.56
5946.43,5751.57,5593.56
5953.62,5751.57,5593.56
5960.35,5751.57,5593.56
5964.4400000000005,5751.57,5593.56
5966.58,5751.57,5593.56
5966.17,5751.57,5593.56
5963.96,5751.57,5593.56
5954.88,5751.57,5593.56
5941.08,5751.57,5593.56
5932.85,5751.57,5593.56
5927.0,5751.57,5593.56
5913.59,5751.57,5593.56
5902.35,5751.57,5593.56
5888.81,5751.57,5593.56
5879.91,5751.57,5593.56
5873.44,5751.57,5593.56
5868.54,5751.57,5593.56
5868.23,5751.57,5593.56
5870.67,5751.57,5593.56
5879.94,5751.57,5593.56
5892.61,5751.57,5593.56
5900.15,5751.57,5593.56
5906.84,5751.57,5593.56
5920.5,5751.57,5593.56
5931.5599999999995,5751.57,5593.56
5944.36,5751.57,5593.56
5953.66,5751.57,5593.56
5959.91,5751.57,5593.56
5963.93,5751.57,5593.56
5963.83,5751.57,5593.56
5961.23,5751.57,5593.56
5953.5199999999995,5751.57,5593.56
5942.32,5751.57,5593.56
5926.28,5751.57,5593.56
5907.26,5751.57,5593.56
5882.29,5751.57,5593.56
5859.27,5751.57,5593.56
5840.82,5751.57,5593.56
5830.3,5751.57,5593.56
5824.19,5751.57,5593.56
5819.88,5751.57,5593.56
5819.19,5751.57,5593.56
5822.52,5751.57,5593.56
5830.08,5751.57,5593.56
5842.24,5751.57,5593.56
5858.15,5751.57,5593.56
5876.82,5751.57,5593.56
5901.54,5751.57,5593.56
5924.32,5751.57,5593.56
5943.08,5751.57,5593.56
5952.66,5751.57,5593.56
5959.09,5751.57,5593.56
5964.16,5751.57,5593.56
5964.91,5751.57,5593.56
5964.22,5751.57,5593.56
5961.42,5751.57,5593.56
5952.1,5751.57,5593.56
5932.31,5751.57,5593.56
5908.24,5751.57,5593.56
5883.8,5751.57,5593.56
5861.09,5751.57,5593.56
5838.18,5751.57,5593.56
5819.17,5751.57,5593.56
5806.9800000000005,5751.57,5593.56
5801.99,5751.57,5593.56
5801.26,5751.57,5593.56
5801.77,5751.57,5593.56
5804.2300000000005,5751.57,5593.56
5813.65,5751.57,5593.56
5835.03,5751.57,5593.56
5860.01,5751.57,5593.56
5884.58,5751.57,5593.56
5905.62,5751.57,5593.56
5926.15,5751.57,5593.56
5942.84,5751.57,5593.56
5952.41,5751.57,5593.56
5954.97,5751.57,5593.56
5953.57,5751.57,5593.56
5949.07,5751.57,5593.56
5938.65,5751.57,5593.56
5922.65,5751.57,5593.56
5906.12,5751.57,5593.56
5894.17,5751.57,5593.56
5883.32,5751.57,5593.56
5872.68,5751.57,5593.56
5869.16,5751.57,5593.56
5864.98,5751.57,5593.56
5861.22,5751.57,5593.56
5861.1,5751.57,5593.56
5862.62,5751.57,5593.56
5867.3099999999995,5751.57,5593.56
5879.19,5751.57,5593.56
5894.8099999999995,5751.57,5593.56
5911.22,5751.57,5593.56
5923.89,5751.57,5593.56
5934.99,5751.57,5593.56
5947.7,5751.57,5593.56
5953.5,5751.57,5593.56
5959.99,5751.57,5593.56
5966.89,5751.57,5593.56
5969.76,5751.57,5593.56
5970.2300000000005,5751.57,5593.56
5968.8,5751.57,5593.56
5966.24,5751.57,5593.56
5964.9800000000005,5751.57,5593.56
5962.66,5751.57,5593.56
5957.6,5751.57,5593.56
5954.01,5751.57,5593.56
5943.65,5751.57,5593.56
5929.42,5751.57,5593.56
5919.37,5751.57,5593.56
5911.97,5751.57,5593.56
5909.23,5751.57,5593.56
5909.39,5751.57,5593.56
5910.11,5751.57,5593.56
5910.88,5751.57,5593.56
5911.92,5751.57,5593.56
5912.78,5751.57,5593.56
5915.99,5751.57,5593.56
5920.03,5751.57,5593.56
5930.67,5751.57,5593.56
5944.94,5751.57,5593.56
5954.78,5751.57,5593.56
5962.36,5751.57,5593.56
5964.53,5751.57,5593.56
5964.35,5751.57,5593.56
5962.0599999999995,5751.57,5593.56
5958.11,5751.57,5593.56
5951.34,5751.57,5593.56
5940.17,5751.57,5593.56
5924.0,5751.57,5593.56
5907.8,5751.57,5593.56
5891.15,5751.57,5593.56
5878.71,5751.57,5593.56
5866.83,5751.57,5593.56
5857.06,5751.57,5593.56
5853.92,5751.57,5593.56
5854.49,5751.57,5593.56
5856.3,5751.57,5593.56
5861.62,5751.57,5593.56
5869.47,5751.57,5593.56
5881.51,5751.57,5593.56
5898.87,5751.57,5593.56
5915.27,5751.57,5593.56
5931.8099999999995,5751.57,5593.56
5944.87,5751.57,5593.56
5957.76,5751.57,5593.56
5966.97,5751.57,5593.56
5971.2,5751.57,5593.56
5971.26,5751.57,5593.56
5970.3,5751.57,5593.56
5966.73,5751.57,5593.56
5962.07,5751.57,5593.56
5954.11,5751.57,5593.56
5944.7699999999995,5751.57,5593.56
5934.04,5751.57,5593.56
5927.49,5751.57,5593.56
5920.05,5751.57,5593.56
5911.04,5751.57,5593.56
5904.8,5751.57,5593.56
5901.16,5751.57,5593.56
5900.59,5751.57,5593.56
5902.47,5751.57,5593.56
5905.37,5751.57,5593.56
5909.87,5751.57,5593.56
5917.7,5751.57,5593.56
5926.59,5751.57,5593.56
5936.8,5751.57,5593.56
5943.26,5751.57,5593.56
5950.58,5751.57,5593.56
5959.71,5751.57,5593.56
5965.98,5751.57,5593.56
5968.8,5751.57,5593.56
5969.39,5751.57,5593.56
5966.9,5751.57,5593.56
5962.02,5751.57,5593.56
5950.04,5751.57,5593.56
5933.98,5751.57,5593.56
5910.69,5751.57,5593.56
5885.31,5751.57,5593.56
5857.83,5751.57,5593.56
5832.76,5751.57,5593.56
5809.01,5751.57,5593.56
5795.08,5751.57,5593.56
5788.93,5751.57,5593.56
5788.27,5751.57,5593.56
5790.39,5751.57,5593.56
5794.79,5751.57,5593.56
5806.62,5751.57,5593.56
5822.63,5751.57,5593.56
5846.8,5751.57,5593.56
5872.15,5751.57,5593.56
5898.97,5751.57,5593.56
5923.52,5751.57,5593.56
5945.77,5751.57,5593.56
5959.52,5751.57,5593.56
5964.36,5751.57,5593.56
5964.93,5751.57,5593.56
5963.17,5751.57,5593.56
5961.79,5751.57,5593.56
5959.03,5751.57,5593.56
5953.51,5751.57,5593.56
5943.91,5751.57,5593.56
5925.16,5751.57,5593.56
5904.96,5751.57,5593.56
5887.8,5751.57,5593.56
5876.81,5751.57,5593.56
5867.14,5751.57,5593.56
5863.76,5751.57,5593.56
5863.56,5751.57,5593.56
5864.45,5751.57,5593.56
5865.68,5751.57,5593.56
5867.46,5751.57,5593.56
5872.62,5751.57,5593.56
5880.8099999999995,5751.57,5593.56
5899.08,5751.57,5593.56
5919.67,5751.57,5593.56
5936.71,5751.57,5593.56
5947.59,5751.57,5593.56
5956.55,5751.57,5593.56
5960.29,5751.57,5593.56
5959.32,5751.57,5593.56
5957.15,5751.57,5593.56
5949.68,5751.57,5593.56
5939.04,5751.57,5593.56
5917.22,5751.57,5593.56
5894.21,5751.57,5593.56
5868.3,5751.57,5593.56
5841.5,5751.57,5593.56
5816.91,5751.57,5593.56
5799.17,5751.57,5593.56
5787.35,5751.57,5593.56
5776.95,5751.57,5593.56
5779.07,5751.57,5593.56
5782.3,5751.57,5593.56
5790.7,5751.57,5593.56
5802.24,5751.57,5593.56
5825.01,5751.57,5593.56
5849.76,5751.57,5593.56
5878.9400000000005,5751.57,5593.56
5907.96,5751.57,5593.56
5933.36,5751.57,5593.56
5952.77,5751.57,5593.56
5966.63,5751.57,5593.56
5978.52,5751.57,5593.56
5978.5,5751.57,5593.56
5977.94,5751.57,5593.56
5976.21,5751.57,5593.56
5975.98,5751.57,5593.56
5975.97,5751.57,5593.56
5975.5,5751.57,5593.56
5973.02,5751.57,5593.56
5971.14,5751.57,5593.56
5971.5,5751.57,5593.56
5970.83,5751.57,5593.56
5969.76,5751.57,5593.56
5970.89,5751.57,5593.56
5971.02,5751.57,5593.56
5972.96,5751.57,5593.56
5974.64,5751.57,5593.56
5975.67,5751.57,5593.56
5975.0199999999995,5751.57,5593.56
5974.82,5751.57,5593.56
5975.35,5751.57,5593.56
5976.38,5751.57,5593.56
5975.96,5751.57,5593.56
5977.08,5751.57,5593.56
5977.08,5751.57,5593.56
5976.75,5751.57,5593.56
5977.23,5751.57,5593.56
5976.63,5751.57,5593.56
5976.2,5751.57,5593.56
5974.42,5751.57,5593.56
5975.46,5751.57,5593.56
5976.69,5751.57,5593.56
5977.11,5751.57,5593.56
5975.65,5751.57,5593.56
5975.17,5751.57,5593.56
5974.2,5751.57,5593.56
5975.57,5751.57,5593.56
5976.34,5751.57,5593.56
5976.94,5751.57,5593.56
5977.97,5751.57,5593.56
5978.43,5751.57,5593.56
5979.46,5751.57,5593.56
5978.55,5751.57,5593.56
5976.87,5751.57,5593.56
5977.8099999999995,5751.57,5593.56
5978.75,5751.57,5593.56
5979.61,5751.57,5593.56
5980.0,5751.57,5593.56
5980.8099999999995,5751.57,5593.56
5979.42,5751.57,5593.56
5978.26,5751.57,5593.56
5975.93,5751.57,5593.56
5974.72,5751.57,5593.56
5974.03,5751.57,5593.56
5972.9800000000005,5751.57,5593.56
5973.16,5751.57,5593.56
5971.15,5751.57,5593.56
5970.47,5751.57,5593.56
5969.51,5751.57,5593.56
5963.7,5751.57,5593.56
5955.08,5751.57,5593.56
5951.67,5751.57,5593.56
5950.52,5751.57,5593.56
5950.31,5751.57,5593.56
5951.44,5751.57,5593.56
5951.77,5751.57,5593.56
5952.75,5751.57,5593.56
5953.37,5751.57,5593.56
5954.66,5751.57,5593.56
5954.4,5751.57,5593.56
5955.07,5751.57,5593.56
5960.6,5751.57,5593.56
5967.31,5751.57,5593.56
5970.21,5751.57,5593.56
5970.03,5751.57,5593.56
5969.41,5751.57,5593.56
5963.07,5751.57,5593.56
5950.1,5751.57,5593.56
5934.02,5751.57,5593.56
5913.86,5751.57,5593.56
5889.35,5751.57,5593.56
5871.53,5751.57,5593.56
5847.27,5751.57,5593.56
5823.34,5751.57,5593.56
5807.03,5751.57,5593.56
5800.21,5751.57,5593.56
5800.38,5751.57,5593.56
5801.64,5751.57,5593.56
5808.16,5751.57,5593.56
5821.49,5751.57,5593.56
5837.45,5751.57,5593.56
5856.29,5751.57,5593.56
5880.3099999999995,5751.57,5593.56
5898.9,5751.57,5593.56
5923.41,5751.57,5593.56
5947.35,5751.57,5593.56
5964.16,5751.57,5593.56
5971.04,5751.57,5593.56
5970.86,5751.57,5593.56
5967.95,5751.57,5593.56
5960.78,5751.57,5593.56
5949.35,5751.57,5593.56
5928.39,5751.57,5593.56
5911.5,5751.57,5593.56
5894.07,5751.57,5593.56
5874.19,5751.57,5593.56
5847.89,5751.57,5593.56
5826.74,5751.57,5593.56
5812.34,5751.57,5593.56
5807.49,5751.57,5593.56
5808.41,5751.57,5593.56
5810.03,5751.57,5593.56
5817.59,5751.57,5593.56
5829.03,5751.57,5593.56
5850.16,5751.57,5593.56
5867.94,5751.57,5593.56
5883.45,5751.57,5593.56
5902.27,5751.57,5593.56
5927.6,5751.57,5593.56
5949.4,5751.57,5593.56
5963.04,5751.57,5593.56
5966.74,5751.57,5593.56
5964.73,5751.57,5593.56
5963.7,5751.57,5593.56
5958.89,5751.57,5593.56
5950.45,5751.57,5593.56
5941.0,5751.57,5593.56
5927.35,5751.57,5593.56
5915.01,5751.57,5593.56
5902.3,5751.57,5593.56
5882.83,5751.57,5593.56
5866.44,5751.57,5593.56
5856.98,5751.57,5593.56
5852.59,5751.57,5593.56
5853.07,5751.57,5593.56
5854.54,5751.57,5593.56
5857.4,5751.57,5593.56
5864.91,5751.57,5593.56
5872.9,5751.57,5593.56
5885.32,5751.57,5593.56
5898.6,5751.57,5593.56
5910.92,5751.57,5593.56
5930.24,5751.57,5593.56
5945.22,5751.57,5593.56
5953.93,5751.57,5593.56
5958.85,5751.57,5593.56
5958.86,5751.57,5593.56
5957.11,5751.57,5593.56
5950.45,5751.57,5593.56
5942.29,5751.57,5593.56
5924.4,5751.57,5593.56
5904.74,5751.57,5593.56
5887.71,5751.57,5593.56
5870.86,5751.57,5593.56
5845.3099999999995,5751.57,5593.56
5827.24,5751.57,5593.56
5817.76,5751.57,5593.56
5812.21,5751.57,5593.56
5812.24,5751.57,5593.56
5813.47,5751.57,5593.56
5820.63,5751.57,5593.56
5829.5,5751.57,5593.56
5848.08,5751.57,5593.56
5868.88,5751.57,5593.56
5886.85,5751.57,5593.56
5906.07,5751.57,5593.56
5932.59,5751.57,5593.56
5952.58,5751.57,5593.56
5963.24,5751.57,5593.56
5968.57,5751.57,5593.56
5968.75,5751.57,5593.56
5967.45,5751.57,5593.56
5958.5599999999995,5751.57,5593.56
5943.03,5751.57,5593.56
5921.01,5751.57,5593.56
5897.51,5751.57,5593.56
5882.97,5751.57,5593.56
5880.39,5751.57,5593.56
5866.4,5751.57,5593.56
5848.24,5751.57,5593.56
5845.02,5751.57,5593.56
5845.43,5751.57,5593.56
5845.6,5751.57,5593.56
5847.39,5751.57,5593.56
5857.07,5751.57,5593.56
5873.07,5751.57,5593.56
5895.35,5751.57,5593.56
5919.1900000000005,5751.57,5593.56
5932.57,5751.57,5593.56
5933.49,5751.57,5593.56
5947.33,5751.57,5593.56
5964.25,5751.57,5593.56
5965.83,5751.57,5593.56
5965.04,5751.57,5593.56
5964.36,5751.57,5593.56
5965.72,5751.57,5593.56
5960.58,5751.57,5593.56
5950.46,5751.57,5593.56
5933.37,5751.57,5593.56
5904.3,5751.57,5593.56
5875.38,5751.57,5593.56
5845.33,5751.57,5593.56
5817.52,5751.57,5593.56
5795.06,5751.57,5593.56
5780.6,5751.57,5593.56
5775.37,5751.57,5593.56
5774.26,5751.57,5593.56
5771.09,5751.57,5593.56
5773.58,5751.57,5593.56
5781.05,5751.57,5593.56
5796.84,5751.57,5593.56
5824.16,5751.57,5593.56
5852.88,5751.57,5594.28
5882.4,5751.57,5596.28
5908.72,5751.57,5596.28
5929.64,5751.57,5596.28
5944.66,5751.57,5596.28
5949.08,5751.57,5596.28
5949.9,5751.57,5596.28
5948.9,5751.57,5596.28
5942.9,5751.57,5596.28
5931.26,5751.57,5596.28
5911.16,5751.57,5596.28
5888.88,5751.57,5596.28
5868.29,5751.57,5596.28
5858.98,5751.57,5596.28
5855.09,5751.57,5596.28
5852.99,5751.57,5596.28
5849.43,5751.57,5596.28
5845.65,5751.57,5596.28
5844.2300000000005,5751.57,5596.28
5844.65,5751.57,5596.28
5850.52,5751.57,5596.28
5861.83,5751.57,5596.28
5881.58,5751.57,5596.28
5903.4400000000005,5751.57,5596.28
5923.74,5751.57,5596.28
5933.08,5751.57,5596.28
5937.75,5751.57,5596.28
5940.07,5751.57,5596.28
5943.66,5751.57,5596.28
5947.87,5751.57,5596.28
5949.54,5751.57,5596.28
5949.5599999999995,5751.57,5596.28
5945.47,5751.57,5596.28
5941.19,5751.57,5596.28
5928.37,5751.57,5596.28
5911.95,5751.57,5596.28
5893.389999999999,5751.57,5596.28
5880.09,5751.57,5596.28
5865.89,5751.57,5596.28
5855.13,5751.57,5596.28
5846.62,5751.57,5596.28
5841.73,5751.57,5596.28
5840.68,5751.57,5596.28
5841.15,5751.57,5596.28
5845.85,5751.57,5596.28
5850.07,5751.57,5596.28
5862.82,5751.57,5596.28
5878.85,5751.57,5596.28
5896.77,5751.57,5596.28
5909.53,5751.57,5596.28
5922.56,5751.57,5596.28
5932.67,5751.57,5596.28
5940.05,5751.57,5596.28
5944.15,5751.57,5596.28
5944.13,5751.57,5596.28
5943.72,5751.57,5596.28
5942.13,5751.57,5596.28
5939.81,5751.57,5596.28
5932.53,5751.57,5596.28
5921.16,5751.57,5596.28
5908.66,5751.57,5596.28
5892.57,5751.57,5596.28
5875.87,5751.57,5596.28
5863.54,5751.57,5596.28
5853.57,5751.57,5596.28
5849.46,5751.57,5596.28
5849.27,5751.57,5596.28
5849.7,5751.57,5596.28
5850.54,5751.57,5596.28
5852.91,5751.57,5596.28
5859.98,5751.57,5596.28
5871.49,5751.57,5596.28
5884.16,5751.57,5596.28
5900.36,5751.57,5596.28
5917.17,5751.57,5596.28
5929.62,5751.57,5596.28
5940.66,5751.57,5596.28
5946.45,5751.57,5596.28
5946.7699999999995,5751.57,5596.28
5946.39,5751.57,5596.28
5940.82,5751.57,5596.28
5929.73,5751.57,5596.28
5920.64,5751.57,5596.28
5911.53,5751.57,5596.28
5904.29,5751.57,5596.28
5889.21,5751.57,5596.28
5886.51,5751.57,5596.28
5884.47,5751.57,5596.28
5880.56,5751.57,5596.28
5875.7,5751.57,5596.28
5875.28,5751.57,5596.28
5875.84,5751.57,5596.28
5882.1,5751.57,5596.28
5893.86,5751.57,5596.28
5903.82,5751.57,5596.28
5913.88,5751.57,5596.28
5922.29,5751.57,5596.28
5938.68,5751.57,5596.28
5942.4800000000005,5751.57,5596.28
5945.67,5751.57,5596.28
5949.75,5751.57,5596.28
5954.07,5751.57,5596.28
5954.46,5751.57,5596.28
5954.64,5751.57,5596.28
5950.28,5751.57,5596.28
5943.84,5751.57,5596.28
5935.38,5751.57,5596.28
5928.22,5751.57,5596.28
5924.92,5751.57,5596.28
5920.8,5751.57,5596.28
5916.28,5751.57,5596.28
5912.62,5751.57,5596.28
5909.07,5751.57,5596.28
5906.98,5751.57,5596.28
5908.77,5751.57,5596.28
5909.25,5751.57,5596.28
5913.89,5751.57,5596.28
5920.48,5751.57,5596.28
5929.25,5751.57,5596.28
5937.18,5751.57,5596.28
5940.75,5751.57,5596.28
5944.61,5751.57,5596.28
5949.22,5751.57,5596.28
5952.93,5751.57,5596.28
5956.8,5751.57,5596.28
5959.95,5751.57,5596.28
5960.05,5751.57,5596.28
5959.93,5751.57,5596.28
5954.38,5751.57,5596.28
5941.96,5751.57,5596.28
5924.05,5751.57,5596.28
5906.5,5751.57,5596.28
5885.56,5751.57,5596.28
5858.81,5751.57,5596.28
5832.97,5751.57,5596.28
5815.0199999999995,5751.57,5596.28
5804.12,5751.57,5596.28
5799.0,5751.57,5596.28
5798.98,5751.57,5596.28
5800.13,5751.57,5596.28
5806.77,5751.57,5596.28
5820.42,5751.57,5596.28
5838.89,5751.57,5596.28
5855.63,5751.57,5596.28
5876.38,5751.57,5596.28
5903.22,5751.57,5596.28
5930.34,5751.57,5596.28
5948.3,5751.57,5596.28
5960.01,5751.57,5596.28
5965.49,5751.57,5596.28
5967.05,5751.57,5596.28
5967.73,5751.57,5596.28
5965.1,5751.57,5596.28
5954.62,5751.57,5596.28
5935.28,5751.57,5596.28
5911.76,5751.57,5596.28
5886.24,5751.57,5596.28
5866.83,5751.57,5596.28
5848.13,5751.57,5596.28
5832.62,5751.57,5596.28
5818.28,5751.57,5596.28
5811.03,5751.57,5596.28
5807.75,5751.57,5596.28
5807.08,5751.57,5596.28
5809.67,5751.57,5596.28
5820.06,5751.57,5596.28
5839.56,5751.57,5596.28
5863.15,5751.57,5596.28
5889.52,5751.57,5596.28
5908.97,5751.57,5596.28
5927.03,5751.57,5596.28
5943.71,5751.57,5596.28
5958.08,5751.57,5596.28
5963.97,5751.57,5596.28
5964.83,5751.57,5596.28
5963.67,5751.57,5596.28
5960.2,5751.57,5596.28
5955.22,5751.57,5596.28
5947.11,5751.57,5596.28
5933.62,5751.57,5596.28
5922.25,5751.57,5596.28
5909.56,5751.57,5596.28
5894.42,5751.57,5596.28
5881.76,5751.57,5596.28
5869.85,5751.57,5596.28
5862.57,5751.57,5596.28
5863.1,5751.57,5596.28
5863.65,5751.57,5596.28
5866.82,5751.57,5596.28
5871.07,5751.57,5596.28
5878.28,5751.57,5596.28
5892.75,5751.57,5596.28
5903.28,5751.57,5596.28
5916.51,5751.57,5596.28
5931.47,5751.57,5596.28
5943.2,5751.57,5596.28
5954.46,5751.57,5596.28
5962.33,5751.57,5596.28
5962.38,5751.57,5596.28
5960.86,5751.57,5596.28
5952.35,5751.57,5596.28
5934.85,5751.57,5596.28
5913.67,5751.57,5596.28
5891.21,5751.57,5596.28
5869.98,5751.57,5596.28
5844.02,5751.57,5596.28
5820.58,5751.57,5596.28
5799.69,5751.57,5596.28
5784.55,5751.57,5596.28
5776.45,5751.57,5596.28
5776.7,5751.57,5596.28
5778.72,5751.57,5596.28
5788.19,5751.57,5596.28
5806.14,5751.57,5596.28
5827.5599999999995,5751.57,5596.28
5848.93,5751.57,5596.28
5869.86,5751.57,5596.28
5895.1,5751.57,5596.28
5917.93,5751.57,5596.28
5938.43,5751.57,5596.28
5953.01,5751.57,5596.28
5960.44,5751.57,5596.28
5959.99,5751.57,5596.28
5958.95,5751.57,5596.28
5955.67,5751.57,5596.28
5951.9,5751.57,5596.28
5945.6,5751.57,5596.28
5935.01,5751.57,5596.28
5920.68,5751.57,5596.28
5901.64,5751.57,5596.28
5885.95,5751.57,5596.28
5873.21,5751.57,5596.28
5862.66,5751.57,5596.28
5856.52,5751.57,5596.28
5854.78,5751.57,5596.28
5854.81,5751.57,5596.28
5856.77,5751.57,5596.28
5859.56,5751.57,5596.28
5865.99,5751.57,5596.28
5876.64,5751.57,5596.28
5891.73,5751.57,5596.28
5910.89,5751.57,5596.28
5926.6,5751.57,5596.28
5939.95,5751.57,5596.28
5950.57,5751.57,5596.28
5958.32,5751.57,5596.28
5959.65,5751.57,5596.28
5957.15,5751.57,5596.28
5948.76,5751.57,5596.28
5936.23,5751.57,5596.28
5918.02,5751.57,5596.28
5895.01,5751.57,5596.28
5862.83,5751.57,5596.28
5833.47,5751.57,5596.28
5810.59,5751.57,5596.28
5808.36,5751.57,5596.28
5792.65,5751.57,5596.28
5782.9400000000005,5751.57,5596.28
5782.59,5751.57,5596.28
5784.46,5751.57,5596.28
5792.06,5751.57,5596.28
5804.2,5751.57,5596.28
5821.4400000000005,5751.57,5596.28
5843.63,5751.57,5596.28
5875.63,5751.57,5599.87
5904.31,5751.57,5601.06
5926.72,5751.57,5601.06
5929.1,5751.57,5601.06
5944.12,5751.57,5601.06
5952.2,5751.57,5601.06
5953.42,5751.57,5601.06
5952.53,5751.57,5601.06
5944.82,5751.57,5601.06
5931.34,5751.57,5601.06
5916.26,5751.57,5601.06
5907.04,5751.57,5601.06
5889.08,5751.57,5601.06
5874.35,5751.57,5601.06
5857.93,5751.57,5601.06
5841.76,5751.57,5601.06
5830.7,5751.57,5601.06
5826.28,5751.57,5601.06
5824.04,5751.57,5601.06
5825.06,5751.57,5601.06
5832.94,5751.57,5601.06
5846.94,5751.57,5601.06
5862.72,5751.57,5601.06
5872.7,5751.57,5601.06
5889.25,5751.57,5601.06
5903.68,5751.57,5601.06
5919.67,5751.57,5601.06
5934.58,5751.57,5601.06
5946.48,5751.57,5601.06
5950.16,5751.57,5601.06
5951.39,5751.57,5601.06
5951.16,5751.57,5601.06
5945.11,5751.57,5601.06
5929.86,5751.57,5601.06
5908.83,5751.57,5601.06
5883.8,5751.57,5601.06
5857.87,5751.57,5601.06
5833.849999999999,5751.57,5601.06
5808.54,5751.57,5601.06
5792.76,5751.57,5601.06
5779.37,5751.57,5601.06
5771.53,5751.57,5601.06
5770.71,5751.57,5601.06
5771.07,5751.57,5601.06
5778.07,5751.57,5601.06
5793.4,5751.57,5601.06
5814.14,5751.57,5601.06
5839.66,5751.57,5601.06
5867.87,5751.57,5601.06
5893.28,5751.57,5601.06
5918.57,5751.57,5601.06
5934.0,5751.57,5601.06
5946.41,5751.57,5601.06
5954.61,5751.57,5601.06
5955.5,5751.57,5601.06
5956.39,5751.57,5601.06
5955.53,5751.57,5601.06
5952.83,5751.57,5601.06
5946.15,5751.57,5601.06
5935.46,5751.57,5601.06
5912.65,5751.57,5601.06
5893.45,5751.57,5601.06
5874.84,5751.57,5601.06
5858.15,5751.57,5601.06
5848.16,5751.57,5601.06
5843.9,5751.57,5601.06
5843.65,5751.57,5601.06
5843.26,5751.57,5601.06
5843.45,5751.57,5601.06
5845.71,5751.57,5601.06
5852.11,5751.57,5601.06
5863.3,5751.57,5601.06
5884.54,5751.57,5601.06
5902.6,5751.57,5601.06
5922.77,5751.57,5601.06
5941.05,5751.57,5601.06
5951.0,5751.57,5601.06
5955.25,5751.57,5601.06
5955.3,5751.57,5601.06
5955.85,5751.57,5601.06
5952.59,5751.57,5601.06
5944.8,5751.57,5601.06
5932.81,5751.57,5601.06
5917.9,5751.57,5601.06
5902.46,5751.57,5601.06
5887.91,5751.57,5601.06
5874.34,5751.57,5601.06
5864.110000000001,5751.57,5601.06
5858.18,5751.57,5601.06
5857.07,5751.57,5601.06
5855.68,5751.57,5601.06
5855.25,5751.57,5601.06
5859.13,5751.57,5601.06
5868.3,5751.57,5601.06
5880.91,5751.57,5601.06
5895.09,5751.57,5601.06
5911.12,5751.57,5601.06
5926.55,5751.57,5601.06
5939.93,5751.57,5601.06
5950.03,5751.57,5601.06
5958.01,5751.57,5601.06
5958.54,5751.57,5601.06
5957.62,5751.57,5601.06
5954.89,5751.57,5601.06
5949.16,5751.57,5601.06
5938.16,5751.57,5601.06
5924.31,5751.57,5601.06
5908.33,5751.57,5601.06
5890.15,5751.57,5601.06
5872.75,5751.57,5601.06
5857.44,5751.57,5601.06
5844.38,5751.57,5601.06
5833.29,5751.57,5601.06
5829.82,5751.57,5601.06
5833.39,5751.57,5601.06
5837.89,5751.57,5601.06
5844.55,5751.57,5601.06
5855.87,5751.57,5601.06
5871.76,5751.57,5601.06
5888.98,5751.57,5601.06
5907.46,5751.57,5601.06
5925.22,5751.57,5601.06
5940.99,5751.57,5601.06
5954.32,5751.57,5601.06
5964.32,5751.57,5601.06
5969.39,5751.57,5601.06
5969.49,5751.57,5601.06
5966.86,5751.57,5601.06
5961.29,5751.57,5601.06
5952.3,5751.57,5601.06
5937.97,5751.57,5601.06
5922.57,5751.57,5601.06
5905.58,5751.57,5601.06
5890.01,5751.57,5601.06
5873.86,5751.57,5601.06
5862.22,5751.57,5601.06
5854.18,5751.57,5601.06
5850.15,5751.57,5601.06
5849.18,5751.57,5601.06
5851.88,5751.57,5601.06
5857.36,5751.57,5601.06
5866.33,5751.57,5601.06
5879.25,5751.57,5601.06
5895.1,5751.57,5601.06
5911.02,5751.57,5601.06
5926.28,5751.57,5601.06
5940.98,5751.57,5601.06
5953.45,5751.57,5601.06
5964.12,5751.57,5601.06
5969.03,5751.57,5601.06
5969.76,5751.57,5601.06
5967.04,5751.57,5601.06
5956.62,5751.57,5601.06
5942.22,5751.57,5601.06
5929.69,5751.57,5601.06
5913.11,5751.57,5601.06
5896.77,5751.57,5601.06
5880.35,5751.57,5601.06
5866.68,5751.57,5601.06
5853.13,5751.57,5601.06
5840.43,5751.57,5601.06
5833.82,5751.57,5601.06
5831.25,5751.57,5601.06
5832.12,5751.57,5601.06
5840.8,5751.57,5601.06
5854.76,5751.57,5601.06
5867.24,5751.57,5601.06
5881.86,5751.57,5601.06
5897.7,5751.57,5601.06
5912.77,5751.57,5601.06
5927.2,5751.57,5601.06
5939.58,5751.57,5601.06
5949.52,5751.57,5601.06
5955.35,5751.57,5601.06
5957.88,5751.57,5601.06
5956.29,5751.57,5601.06
5954.12,5751.57,5601.06
5948.55,5751.57,5601.06
5943.1,5751.57,5601.06
5936.79,5751.57,5601.06
5932.75,5751.57,5601.06
5931.58,5751.57,5601.06
5929.96,5751.57,5601.06
5927.12,5751.57,5601.06
5924.18,5751.57,5601.06
5922.45,5751.57,5601.06
5922.0,5751.57,5601.06
5924.23,5751.57,5601.06
5926.99,5751.57,5601.06
5931.82,5751.57,5601.06
5936.15,5751.57,5601.06
5943.31,5751.57,5601.06
5947.7,5751.57,5601.06
5949.09,5751.57,5601.06
5949.65,5751.57,5601.06
5951.15,5751.57,5601.06
5953.31,5751.57,5601.06
5953.6900000000005,5751.57,5601.06
5953.34,5751.57,5601.06
5948.8,5751.57,5601.06
5940.65,5751.57,5601.06
5925.25,5751.57,5601.06
5909.18,5751.57,5601.06
5884.2,5751.57,5601.06
5858.88,5751.57,5601.06
5850.8,5751.57,5601.06
5846.54,5751.57,5601.06
5835.65,5751.57,5601.06
5835.88,5751.57,5601.06
5836.51,5751.57,5601.06
5838.16,5751.57,5601.06
5842.19,5751.57,5601.06
5851.37,5751.57,5601.06
5868.7,5751.57,5601.06
5886.22,5751.57,5601.06
5911.46,5751.57,5601.06
5937.5199999999995,5751.57,5601.06
5947.17,5751.57,5601.06
5952.51,5751.57,5601.06
5964.49,5751.57,5601.06
5965.6,5751.57,5601.06
5966.7,5751.57,5601.06
5966.2,5751.57,5601.06
5968.68,5751.57,5601.06
5966.96,5751.57,5601.06
5960.28,5751.57,5601.06
5943.82,5751.57,5601.06
5926.71,5751.57,5601.06
5910.04,5751.57,5601.06
5892.9800000000005,5751.57,5601.06
5879.85,5751.57,5601.06
5863.8,5751.57,5601.06
5851.79,5751.57,5601.06
5841.34,5751.57,5601.06
5837.1900000000005,5751.57,5601.06
5833.7,5751.57,5601.06
5833.2,5751.57,5601.06
5836.88,5751.57,5601.06
5851.27,5751.57,5601.06
5866.34,5751.57,5601.06
5881.75,5751.57,5601.06
5897.02,5751.57,5601.06
5908.83,5751.57,5601.06
5923.55,5751.57,5601.06
5933.9800000000005,5751.57,5601.06
5942.57,5751.57,5601.06
5946.47,5751.57,5601.06
5948.23,5751.57,5601.06
5948.96,5751.57,5601.06
5948.74,5751.57,5601.06
5945.67,5751.57,5601.06
5938.01,5751.57,5601.06
5930.26,5751.57,5601.06
5915.39,5751.57,5601.06
5902.66,5751.57,5601.06
5886.97,5751.57,5601.06
5874.87,5751.57,5601.06
5868.69,5751.57,5601.06
5867.07,5751.57,5601.06
5866.4,5751.57,5601.06
5865.91,5751.57,5601.06
5866.76,5751.57,5601.06
5870.98,5751.57,5601.06
5879.79,5751.57,5601.06
5888.23,5751.57,5601.06
5903.46,5751.57,5601.06
5916.86,5751.57,5601.06
5932.63,5751.57,5601.06
5944.83,5751.57,5601.06
5951.88,5751.57,5601.06
5953.09,5751.57,5601.06
5949.98,5751.57,5601.06
5946.0599999999995,5751.57,5601.06
5935.54,5751.57,5601.06
5915.71,5751.57,5601.06
5899.12,5751.57,5601.06
5887.66,5751.57,5601.06
5879.4,5751.57,5601.06
5868.03,5751.57,5601.06
5857.35,5751.57,5601.06
5851.23,5751.57,5601.06
5848.16,5751.57,5601.06
5847.66,5751.57,5601.06
5850.02,5751.57,5601.06
5854.43,5751.57,5601.06
5865.37,5751.57,5601.06
5886.29,5751.57,5601.06
5901.82,5751.57,5601.06
5913.62,5751.57,5601.06
5921.64,5751.57,5601.06
5932.56,5751.57,5601.06
5944.63,5751.57,5601.06
5951.02,5751.57,5601.06
5954.55,5751.57,5601.06
5955.85,5751.57,5601.06
5955.21,5751.57,5601.06
5954.37,5751.57,5601.06
5949.58,5751.57,5601.06
5941.7,5751.57,5601.06
5934.72,5751.57,5601.06
5925.22,5751.57,5601.06
5915.91,5751.57,5601.06
5907.49,5751.57,5601.06
5900.11,5751.57,5601.06
5894.26,5751.57,5601.06
5891.77,5751.57,5601.06
5890.49,5751.57,5601.06
5893.37,5751.57,5601.06
5895.06,5751.57,5601.06
5901.05,5751.57,5601.06
5907.46,5751.57,5601.06
5914.0199999999995,5751.57,5601.06
5922.36,5751.57,5601.06
5932.58,5751.57,5601.06
5941.2,5751.57,5601.06
5946.71,5751.57,5601.06
5952.73,5751.57,5601.06
5954.46,5751.57,5601.06
5946.76,5751.57,5601.06
5935.85,5751.57,5601.06
5926.65,5751.57,5601.06
5908.78,5751.57,5601.06
5887.04,5751.57,5601.06
5862.33,5751.57,5601.06
5836.0,5751.57,5601.06
5807.98,5751.57,5601.06
5784.24,5751.57,5601.06
5768.14,5751.57,5601.06
5755.63,5751.57,5601.06
5751.57,5751.57,5601.06
5759.43,5755.15,5601.06
5769.7699999999995,5755.15,5601.06
5779.45,5755.15,5601.06
5796.78,5755.15,5601.06
5819.54,5755.15,5601.06
5844.54,5755.15,5601.06
5871.19,5755.15,5601.06
5898.16,5755.15,5601.06
5921.64,5755.15,5601.06
5939.18,5755.15,5601.06
5951.68,5755.15,5601.06
5956.18,5755.15,5601.06
5956.1900000000005,5755.15,5601.06
5954.05,5755.15,5601.06
5948.17,5755.15,5601.06
5937.24,5755.15,5601.06
5914.85,5755.15,5601.06
5891.32,5755.15,5601.06
5862.03,5755.15,5601.06
5835.03,5755.15,5601.06
5809.35,5755.15,5601.06
5786.03,5755.15,5601.06
5774.86,5755.15,5601.06
5770.74,5755.15,5601.06
5769.57,5755.15,5601.06
5772.62,5755.15,5601.06
5779.66,5755.15,5601.06
5791.17,5755.15,5601.06
5813.4,5755.15,5601.06
5837.73,5755.15,5601.06
5867.0599999999995,5755.15,5603.39
5894.3,5755.15,5603.53
5920.22,5755.15,5603.53
5943.15,5755.15,5603.53
5954.82,5755.15,5603.53
5959.12,5755.15,5603.53
5960.61,5755.15,5603.53
5957.93,5755.15,5603.53
5951.08,5755.15,5603.53
5940.66,5755.15,5603.53
5926.85,5755.15,5603.53
5911.6900000000005,5755.15,5603.53
5894.91,5755.15,5603.53
5876.01,5755.15,5603.53
5854.23,5755.15,5603.53
5835.46,5755.15,5603.53
5818.21,5755.15,5603.53
5807.8,5755.15,5603.53
5800.9400000000005,5755.15,5603.53
5803.65,5755.15,5603.53
5811.27,5755.15,5603.53
5823.8,5755.15,5603.53
5839.76,5755.15,5603.53
5859.1900000000005,5755.15,5603.53
5879.61,5755.15,5603.53
5900.83,5755.15,5603.53
5925.4400000000005,5755.15,5603.53
5945.16,5755.15,5603.53
5962.4400000000005,5755.15,5603.53
5972.57,5755.15,5603.53
5976.4,5755.15,5603.53
5972.38,5755.15,5603.53
5964.82,5755.15,5603.53
5950.66,5755.15,5603.53
5932.0,5755.15,5603.53
5908.26,5755.15,5603.53
5888.9400000000005,5755.15,5603.53
5871.45,5755.15,5603.53
5850.46,5755.15,5603.53
5836.75,5755.15,5603.53
5829.45,5755.15,5603.53
5825.43,5755.15,5603.53
5827.49,5755.15,5603.53
5832.87,5755.15,5603.53
5839.44,5755.15,5603.53
5852.11,5755.15,5603.53
5870.4,5755.15,5603.53
5893.16,5755.15,5603.53
5912.1900000000005,5755.15,5603.53
5928.99,5755.15,5603.53
5947.9400000000005,5755.15,5603.53
5961.81,5755.15,5603.53
5969.26,5755.15,5603.53
5975.33,5755.15,5603.53
5976.95,5755.15,5603.53
5975.36,5755.15,5603.53
5969.77,5755.15,5603.53
5960.31,5755.15,5603.53
5945.22,5755.15,5603.53
5927.77,5755.15,5603.53
5909.86,5755.15,5603.53
5893.7,5755.15,5603.53
5880.54,5755.15,5603.53
5870.02,5755.15,5603.53
5861.79,5755.15,5603.53
5856.8,5755.15,5603.53
5856.72,5755.15,5603.53
5857.12,5755.15,5603.53
5862.42,5755.15,5603.53
5872.25,5755.15,5603.53
5886.79,5755.15,5603.53
5901.77,5755.15,5603.53
5919.09,5755.15,5603.53
5936.97,5755.15,5603.53
5951.1900000000005,5755.15,5603.53
5962.41,5755.15,5603.53
5971.5,5755.15,5603.53
5975.79,5755.15,5603.53
5975.79,5755.15,5603.53
5973.36,5755.15,5603.53
5966.96,5755.15,5603.53
5955.87,5755.15,5603.53
5939.38,5755.15,5603.53
5921.49,5755.15,5603.53
5902.73,5755.15,5603.53
5882.98,5755.15,5603.53
5866.98,5755.15,5603.53
5852.56,5755.15,5603.53
5841.86,5755.15,5603.53
5836.14,5755.15,5603.53
5834.92,5755.15,5603.53
5835.24,5755.15,5603.53
5839.48,5755.15,5603.53
5848.43,5755.15,5603.53
5863.97,5755.15,5603.53
5881.68,5755.15,5603.53
5898.73,5755.15,5603.53
5916.34,5755.15,5603.53
5932.13,5755.15,5603.53
5945.72,5755.15,5603.53
5955.89,5755.15,5603.53
5960.55,5755.15,5603.53
5960.33,5755.15,5603.53
5961.17,5755.15,5603.53
5959.4400000000005,5755.15,5603.53
5953.78,5755.15,5603.53
5941.89,5755.15,5603.53
5928.69,5755.15,5603.53
5915.08,5755.15,5603.53
5903.86,5755.15,5603.53
5896.74,5755.15,5603.53
5889.04,5755.15,5603.53
5881.02,5755.15,5603.53
5875.3,5755.15,5603.53
5875.15,5755.15,5603.53
5876.33,5755.15,5603.53
5879.82,5755.15,5603.53
5886.58,5755.15,5603.53
5897.29,5755.15,5603.53
5909.62,5755.15,5603.53
5922.39,5755.15,5603.53
5932.65,5755.15,5603.53
5938.61,5755.15,5603.53
5945.46,5755.15,5603.53
5952.63,5755.15,5603.53
5957.69,5755.15,5603.53
5956.31,5755.15,5603.53
5953.5,5755.15,5603.53
5949.02,5755.15,5603.53
5939.58,5755.15,5603.53
5926.12,5755.15,5603.53
5910.43,5755.15,5603.53
5894.24,5755.15,5603.53
5877.37,5755.15,5603.53
5864.22,5755.15,5603.53
5853.48,5755.15,5603.53
5842.86,5755.15,5603.53
5835.0199999999995,5755.15,5603.53
5833.03,5755.15,5603.53
5832.95,5755.15,5603.53
5837.51,5755.15,5603.53
5847.13,5755.15,5603.53
5860.91,5755.15,5603.53
5876.88,5755.15,5603.53
5895.23,5755.15,5603.53
5913.78,5755.15,5603.53
5927.12,5755.15,5603.53
5938.34,5755.15,5603.53
5949.98,5755.15,5603.53
5958.05,5755.15,5603.53
5962.57,5755.15,5603.53
5957.96,5755.15,5603.53
5946.41,5755.15,5603.53
5929.85,5755.15,5603.53
5910.97,5755.15,5603.53
5890.45,5755.15,5603.53
5869.82,5755.15,5603.53
5843.13,5755.15,5603.53
5822.16,5755.15,5603.53
5806.7,5755.15,5603.53
5795.4,5755.15,5603.53
5788.28,5755.15,5603.53
5785.55,5755.15,5603.53
5793.6,5755.15,5603.53
5805.71,5755.15,5603.53
5821.75,5755.15,5603.53
5840.47,5755.15,5603.53
5862.55,5755.15,5603.53
5881.41,5755.15,5603.53
5906.6,5755.15,5603.53
5927.11,5755.15,5603.53
5942.28,5755.15,5603.53
5952.13,5755.15,5603.53
5958.73,5755.15,5603.53
5959.27,5755.15,5603.53
5955.58,5755.15,5603.53
5953.71,5755.15,5603.53
5950.65,5755.15,5603.53
5949.47,5755.15,5603.53
5946.15,5755.15,5603.53
5938.76,5755.15,5603.53
5932.78,5755.15,5603.53
5926.09,5755.15,5603.53
5919.7,5755.15,5603.53
5915.02,5755.15,5603.53
5913.35,5755.15,5603.53
5915.0599999999995,5755.15,5603.53
5915.87,5755.15,5603.53
5916.57,5755.15,5603.53
5918.47,5755.15,5603.53
5919.19,5755.15,5603.53
5920.85,5755.15,5603.53
5927.41,5755.15,5603.53
5932.78,5755.15,5603.53
5938.92,5755.15,5603.53
5944.41,5755.15,5603.53
5949.09,5755.15,5603.53
5950.76,5755.15,5603.53
5948.43,5755.15,5603.53
5945.6,5755.15,5603.53
5939.17,5755.15,5603.53
5922.18,5755.15,5603.53
5904.39,5755.15,5603.53
5883.3,5755.15,5603.53
5861.42,5755.15,5603.53
5840.64,5755.15,5603.53
5825.01,5755.15,5603.53
5816.16,5755.15,5603.53
5807.3,5755.15,5603.53
5801.53,5755.15,5603.53
5801.92,5755.15,5603.53
5804.33,5755.15,5603.53
5808.96,5755.15,5603.53
5825.01,5755.15,5603.53
5842.24,5755.15,5603.53
5862.13,5755.15,5603.53
5884.12,5755.15,5603.53
5905.1,5755.15,5603.53
5920.03,5755.15,5603.53
5928.68,5755.15,5603.53
5936.5,5755.15,5603.53
5941.22,5755.15,5603.53
5938.6,5755.15,5603.53
5935.99,5755.15,5603.53
5929.0599999999995,5755.15,5603.53
5917.89,5755.15,5603.53
5902.14,5755.15,5603.53
5886.34,5755.15,5603.53
5864.0599999999995,5755.15,5603.53
5838.03,5755.15,5603.53
5814.49,5755.15,5603.53
5792.9,5755.15,5603.53
5774.63,5755.15,5603.53
5762.61,5755.15,5603.53
5756.32,5755.15,5603.53
5758.98,5755.15,5603.53
5766.92,5755.15,5603.53
5779.29,5755.15,5603.53
5794.33,5755.15,5603.53
5809.8,5755.15,5603.53
5832.15,5755.15,5603.53
5857.42,5755.15,5603.53
5881.32,5755.15,5603.53
5902.93,5755.15,5603.53
5921.3,5755.15,5603.53
5933.6900000000005,5755.15,5603.53
5938.21,5755.15,5603.53
5933.66,5755.15,5603.53
5924.41,5755.15,5603.53
5911.42,5755.15,5603.53
5895.52,5755.15,5603.53
5879.34,5755.15,5603.53
5861.860000000001,5755.15,5603.53
5844.57,5755.15,5603.53
5832.36,5755.15,5603.53
5823.64,5755.15,5603.53
5817.71,5755.15,5603.53
5816.68,5755.15,5603.53
5822.45,5755.15,5603.53
5822.9800000000005,5755.15,5603.53
5833.53,5755.15,5603.53
5847.24,5755.15,5603.53
5864.13,5755.15,5603.53
5880.63,5755.15,5603.53
5897.36,5755.15,5603.53
5915.03,5755.15,5603.53
5927.21,5755.15,5603.53
5935.4,5755.15,5603.53
5941.96,5755.15,5603.53
5942.65,5755.15,5603.53
5936.68,5755.15,5603.53
5939.27,5755.15,5603.53
5930.68,5755.15,5603.53
5918.21,5755.15,5603.53
5907.88,5755.15,5603.53
5891.95,5755.15,5603.53
5885.88,5755.15,5603.53
5878.1900000000005,5755.15,5603.53
5869.75,5755.15,5603.53
5862.84,5755.15,5603.53
5854.59,5755.15,5603.53
5850.53,5755.15,5603.53
5856.28,5755.15,5603.53
5852.68,5755.15,5603.53
5859.82,5755.15,5603.53
5870.39,5755.15,5603.53
5880.99,5755.15,5603.53
5897.13,5755.15,5603.53
5903.95,5755.15,5603.53
5911.76,5755.15,5603.53
5920.74,5755.15,5603.53
5928.14,5755.15,5603.53
5936.35,5755.15,5603.53
5940.95,5755.15,5603.53
5935.23,5755.15,5603.53
5939.37,5755.15,5603.53
5933.15,5755.15,5603.53
5923.08,5755.15,5603.53
5907.7,5755.15,5603.53
5889.19,5755.15,5603.53
5872.43,5755.15,5603.53
5856.02,5755.15,5603.53
5845.17,5755.15,5603.53
5841.12,5755.15,5603.53
5835.57,5755.15,5603.53
5832.14,5755.15,5603.53
5837.92,5755.15,5603.53
5835.99,5755.15,5603.53
5842.44,5755.15,5603.53
5853.72,5755.15,5603.53
5868.6,5755.15,5603.53
5887.29,5755.15,5603.53
5904.14,5755.15,5603.53
5920.46,5755.15,5603.53
5931.35,5755.15,5603.53
5935.64,5755.15,5603.53
5941.04,5755.15,5603.53
5944.27,5755.15,5603.53
5940.24,5755.15,5603.53
5940.01,5755.15,5603.53
5929.06,5755.15,5603.53
5916.98,5755.15,5603.53
5901.7,5755.15,5603.53
5886.68,5755.15,5603.53
5869.72,5755.15,5603.53
5856.01,5755.15,5603.53
5841.37,5755.15,5603.53
5824.26,5755.15,5603.53
5813.76,5755.15,5603.53
5811.5,5755.15,5603.53
5814.53,5755.15,5603.53
5813.18,5755.15,5603.53
5822.56,5755.15,5603.53
5833.9,5755.15,5603.53
5849.05,5755.15,5603.53
5864.31,5755.15,5603.53
5880.9,5755.15,5603.53
5894.14,5755.15,5603.53
5907.93,5755.15,5603.53
5924.18,5755.15,5603.53
5934.12,5755.15,5603.53
5936.01,5755.15,5603.53
5931.88,5755.15,5603.53
5934.4,5755.15,5603.53
5927.02,5755.15,5603.53
5915.24,5755.15,5603.53
5900.85,5755.15,5603.53
5882.65,5755.15,5603.53
5872.65,5755.15,5603.53
5863.01,5755.15,5603.53
5860.9,5755.15,5603.53
5859.59,5755.15,5603.53
5857.89,5755.15,5603.53
5856.56,5755.15,5603.53
5860.88,5755.15,5603.53
5857.7,5755.15,5603.53
5865.02,5755.15,5603.53
5876.02,5755.15,5603.53
5890.2,5755.15,5603.53
5907.83,5755.15,5603.53
5917.76,5755.15,5603.53
5927.54,5755.15,5603.53
5929.78,5755.15,5603.53
5931.54,5755.15,5603.53
5933.53,5755.15,5603.53
5935.07,5755.15,5603.53
5931.04,5755.15,5603.53
5933.45,5755.15,5603.53
5924.06,5755.15,5603.53
5906.35,5755.15,5603.53
5883.76,5755.15,5603.53
5869.78,5755.15,5603.53
5857.24,5755.15,5603.53
5844.82,5755.15,5603.53
5838.45,5755.15,5603.53
5835.47,5755.15,5603.53
5832.38,5755.15,5603.53
5829.63,5755.15,5603.53
5832.82,5755.15,5603.53
5831.15,5755.15,5603.53
5840.67,5755.15,5603.53
5859.26,5755.15,5603.53
5882.39,5755.15,5603.53
5897.0,5755.15,5603.53
5910.49,5755.15,5603.53
5923.59,5755.15,5603.53
5930.66,5755.15,5603.53
5934.16,5755.15,5603.53
5937.91,5755.15,5603.53
5941.4,5755.15,5603.53
5938.99,5755.15,5603.53
5941.77,5755.15,5603.53
5938.13,5755.15,5603.53
5927.88,5755.15,5603.53
5913.29,5755.15,5603.53
5899.18,5755.15,5603.53
5879.04,5755.15,5603.53
5855.87,5755.15,5603.53
5836.17,5755.15,5603.53
5821.05,5755.15,5603.53
5809.74,5755.15,5603.53
5805.36,5755.15,5603.53
5810.28,5755.15,5603.53
5813.24,5755.15,5603.53
5818.44,5755.15,5603.53
5828.85,5755.15,5603.53
5844.01,5755.15,5603.53
5858.18,5755.15,5603.53
5877.61,5755.15,5603.53
5900.92,5755.15,5603.53
5920.36,5755.15,5603.53
5935.33,5755.15,5603.53
5947.35,5755.15,5603.53
5951.31,5755.15,5603.53
5950.43,5755.15,5603.53
5947.63,5755.15,5603.53
5940.22,5755.15,5603.53
5930.73,5755.15,5603.53
5912.43,5755.15,5603.53
5886.69,5755.15,5603.53
5858.42,5755.15,5603.53
5832.5,5755.15,5603.53
5816.05,5755.15,5603.53
5801.5599999999995,5755.15,5603.53
5787.18,5755.15,5603.53
5783.62,5755.15,5603.53
5783.78,5755.15,5603.53
5785.88,5755.15,5603.53
5793.16,5755.15,5603.53
5803.61,5755.15,5603.53
5822.21,5755.15,5603.53
5848.02,5755.15,5603.53
5876.27,5755.15,5605.11
5901.8,5755.15,5605.11
5918.26,5755.15,5605.11
5932.77,5755.15,5605.11
5946.2300000000005,5755.15,5605.11
5949.89,5755.15,5605.11
5950.33,5755.15,5605.11
5948.68,5755.15,5605.11
5939.71,5755.15,5605.11
5921.91,5755.15,5605.11
5902.36,5755.15,5605.11
5882.74,5755.15,5605.11
5859.31,5755.15,5605.11
5835.09,5755.15,5605.11
5817.01,5755.15,5605.11
5807.78,5755.15,5605.11
5806.07,5755.15,5605.11
5804.58,5755.15,5605.11
5804.68,5755.15,5605.11
5806.15,5755.15,5605.11
5814.82,5755.15,5605.11
5831.73,5755.15,5605.11
5851.39,5755.15,5605.11
5871.08,5755.15,5605.11
5894.55,5755.15,5605.11
5918.86,5755.15,5605.11
5937.53,5755.15,5605.11
5946.7,5755.15,5605.11
5948.63,5755.15,5605.11
5950.61,5755.15,5605.11
5950.01,5755.15,5605.11
5947.96,5755.15,5605.11
5944.07,5755.15,5605.11
5936.28,5755.15,5605.11
5919.31,5755.15,5605.11
5900.3,5755.15,5605.11
5883.7,5755.15,5605.11
5865.01,5755.15,5605.11
5846.21,5755.15,5605.11
5829.42,5755.15,5605.11
5821.04,5755.15,5605.11
5815.67,5755.15,5605.11
5814.36,5755.15,5605.11
5816.84,5755.15,5605.11
5820.77,5755.15,5605.11
5829.0,5755.15,5605.11
5845.66,5755.15,5605.11
5864.44,5755.15,5605.11
5881.87,5755.15,5605.11
5900.88,5755.15,5605.11
5919.11,5755.15,5605.11
5936.73,5755.15,5605.11
5946.73,5755.15,5605.11
5952.11,5755.15,5605.11
5953.67,5755.15,5605.11
5951.14,5755.15,5605.11
5943.33,5755.15,5605.11
5927.32,5755.15,5605.11
5904.0,5755.15,5605.11
5880.62,5755.15,5605.11
5856.0199999999995,5755.15,5605.11
5843.78,5755.15,5605.11
5836.37,5755.15,5605.11
5828.32,5755.15,5605.11
5819.5,5755.15,5605.11
5817.48,5755.15,5605.11
5817.34,5755.15,5605.11
5819.51,5755.15,5605.11
5827.26,5755.15,5605.11
5843.47,5755.15,5605.11
5867.46,5755.15,5605.11
5891.49,5755.15,5605.11
5915.4400000000005,5755.15,5605.11
5928.71,5755.15,5605.11
5936.26,5755.15,5605.11
5944.110000000001,5755.15,5605.11
5951.68,5755.15,5605.11
5954.29,5755.15,5605.11
5955.79,5755.15,5605.11
5957.26,5755.15,5605.11
5958.12,5755.15,5605.11
5957.65,5755.15,5605.11
5954.4800000000005,5755.15,5605.11
5951.49,5755.15,5605.11
5947.47,5755.15,5605.11
5938.44,5755.15,5605.11
5926.01,5755.15,5605.11
5915.17,5755.15,5605.11
5908.78,5755.15,5605.11
5904.79,5755.15,5605.11
5902.45,5755.15,5605.11
5900.6,5755.15,5605.11
5899.59,5755.15,5605.11
5899.35,5755.15,5605.11
5901.45,5755.15,5605.11
5903.99,5755.15,5605.11
5907.99,5755.15,5605.11
5915.81,5755.15,5605.11
5928.29,5755.15,5605.11
5938.98,5755.15,5605.11
5945.1,5755.15,5605.11
5948.27,5755.15,5605.11
5949.95,5755.15,5605.11
5949.17,5755.15,5605.11
5939.77,5755.15,5605.11
5920.51,5755.15,5605.11
5896.54,5755.15,5605.11
5880.17,5755.15,5605.11
5863.37,5755.15,5605.11
5847.57,5755.15,5605.11
5832.53,5755.15,5605.11
5818.72,5755.15,5605.11
5810.0,5755.15,5605.11
5804.39,5755.15,5605.11
5802.67,5755.15,5605.11
5803.9400000000005,5755.15,5605.11
5813.43,5755.15,5605.11
5832.92,5755.15,5605.11
5857.5,5755.15,5605.11
5875.47,5755.15,5605.11
5893.7300000000005,5755.15,5605.11
5910.6,5755.15,5605.11
5926.46,5755.15,5605.11
5941.07,5755.15,5605.11
5950.18,5755.15,5605.11
5956.110000000001,5755.15,5605.11
5957.45,5755.15,5605.11
5956.66,5755.15,5605.11
5950.96,5755.15,5605.11
5935.42,5755.15,5605.11
5912.88,5755.15,5605.11
5889.2,5755.15,5605.11
5863.02,5755.15,5605.11
5838.29,5755.15,5605.11
5815.62,5755.15,5605.11
5793.2,5755.15,5605.11
5778.01,5755.15,5605.11
5772.43,5755.15,5605.11
5771.75,5755.15,5605.11
5772.0599999999995,5755.15,5605.11
5778.36,5755.15,5605.11
5794.99,5755.15,5605.11
5817.62,5755.15,5605.11
5841.85,5755.15,5605.11
5869.14,5755.15,5605.11
5894.23,5755.15,5605.11
5917.12,5755.15,5605.11
5940.37,5755.15,5605.11
5956.44,5755.15,5605.11
5962.87,5755.15,5605.11
5961.75,5755.15,5605.11
5961.86,5755.15,5605.11
5954.15,5755.15,5605.11
5939.0599999999995,5755.15,5605.11
5917.03,5755.15,5605.11
5889.0,5755.15,5605.11
5859.47,5755.15,5605.11
5832.26,5755.15,5605.11
5805.26,5755.15,5605.11
5781.17,5755.15,5605.11
5765.28,5755.15,5605.11
5756.87,5755.15,5605.11
5757.64,5755.15,5605.11
5755.15,5755.15,5605.11
5762.52,5760.82,5605.11
5776.62,5760.82,5605.11
5799.23,5760.82,5605.11
5826.47,5760.82,5605.11
5853.73,5760.82,5605.34
5879.44,5760.82,5605.34
5905.58,5760.82,5605.34
5928.1,5760.82,5605.34
5943.76,5760.82,5605.34
5951.25,5760.82,5605.34
5949.27,5760.82,5605.34
5950.8099999999995,5760.82,5605.34
5949.19,5760.82,5605.34
5946.08,5760.82,5605.34
5939.55,5760.82,5605.34
5930.8,5760.82,5605.34
5920.24,5760.82,5605.34
5908.08,5760.82,5605.34
5895.49,5760.82,5605.34
5880.7,5760.82,5605.34
5871.03,5760.82,5605.34
5866.9,5760.82,5605.34
5868.34,5760.82,5605.34
5866.5,5760.82,5605.34
5867.25,5760.82,5605.34
5870.01,5760.82,5605.34
5875.12,5760.82,5605.34
5881.99,5760.82,5605.34
5892.9,5760.82,5605.34
5904.89,5760.82,5605.34
5916.88,5760.82,5605.34
5930.9,5760.82,5605.34
5938.95,5760.82,5605.34
5942.26,5760.82,5605.34
5940.51,5760.82,5605.34
5941.74,5760.82,5605.34
5935.71,5760.82,5605.34
5924.85,5760.82,5605.34
5906.79,5760.82,5605.34
5879.95,5760.82,5605.34
5850.0,5760.82,5605.34
5823.08,5760.82,5605.34
5796.83,5760.82,5605.34
5773.7300000000005,5760.82,5605.34
5763.8,5760.82,5605.34
5760.82,5760.82,5605.34
5762.6900000000005,5761.62,5605.34
5761.62,5761.62,5605.34
5766.56,5766.14,5605.34
5777.2300000000005,5766.14,5605.34
5795.83,5766.14,5605.34
5824.27,5766.14,5606.41
5853.900000000001,5766.14,5609.54
5881.16,5766.14,5610.82
5908.0,5766.14,5612.18
5931.92,5766.14,5612.18
5942.46,5766.14,5612.18
5946.13,5766.14,5612.18
5944.81,5766.14,5612.18
5946.56,5766.14,5612.18
5944.87,5766.14,5612.18
5937.53,5766.14,5612.18
5922.65,5766.14,5612.18
5904.17,5766.14,5612.18
5888.09,5766.14,5612.18
5873.31,5766.14,5612.18
5858.78,5766.14,5612.18
5845.27,5766.14,5612.18
5831.66,5766.14,5612.18
5824.48,5766.14,5612.18
5826.11,5766.14,5612.18
5824.87,5766.14,5612.18
5827.82,5766.14,5612.18
5835.6,5766.14,5612.18
5850.6900000000005,5766.14,5612.18
5868.2300000000005,5766.14,5612.18
5884.86,5766.14,5612.18
5900.14,5766.14,5612.18
5914.95,5766.14,5612.18
5928.57,5766.14,5612.18
5942.37,5766.14,5612.18
5949.67,5766.14,5612.18
5948.3,5766.14,5612.18
5948.07,5766.14,5612.18
5940.5,5766.14,5612.18
5925.82,5766.14,5612.18
5911.87,5766.14,5612.18
5899.18,5766.14,5612.18
5883.88,5766.14,5612.18
5867.55,5766.14,5612.18
5850.24,5766.14,5612.18
5828.78,5766.14,5612.18
5825.09,5766.14,5612.18
5822.66,5766.14,5612.18
5823.47,5766.14,5612.18
5824.35,5766.14,5612.18
5832.360000000001,5766.14,5612.18
5847.04,5766.14,5612.18
5860.81,5766.14,5612.18
5873.84,5766.14,5612.18
5888.88,5766.14,5612.18
5905.26,5766.14,5612.18
5922.86,5766.14,5612.18
5944.51,5766.14,5612.18
5949.31,5766.14,5612.18
5952.62,5766.14,5612.18
5952.93,5766.14,5612.18
5954.53,5766.14,5612.18
5953.93,5766.14,5612.18
5950.93,5766.14,5612.18
5948.16,5766.14,5612.18
5945.37,5766.14,5612.18
5939.62,5766.14,5612.18
5929.25,5766.14,5612.18
5914.51,5766.14,5612.18
5898.72,5766.14,5612.18
5887.88,5766.14,5612.18
5884.64,5766.14,5612.18
5885.31,5766.14,5612.18
5884.04,5766.14,5612.18
5884.75,5766.14,5612.18
5888.23,5766.14,5612.18
5891.15,5766.14,5612.18
5894.37,5766.14,5612.18
5900.29,5766.14,5612.18
5910.92,5766.14,5612.18
5926.37,5766.14,5612.18
5942.25,5766.14,5612.18
5952.43,5766.14,5612.18
5955.15,5766.14,5612.18
5953.59,5766.14,5612.18
5953.19,5766.14,5612.18
5944.21,5766.14,5612.18
5927.35,5766.14,5612.18
5905.4800000000005,5766.14,5612.18
5881.9800000000005,5766.14,5612.18
5860.33,5766.14,5612.18
5841.58,5766.14,5612.18
5837.49,5766.14,5612.18
5831.37,5766.14,5612.18
5819.84,5766.14,5612.18
5812.93,5766.14,5612.18
5812.43,5766.14,5612.18
5811.78,5766.14,5612.18
5817.71,5766.14,5612.18
5831.18,5766.14,5612.18
5849.81,5766.14,5612.18
5869.51,5766.14,5612.18
5890.11,5766.14,5612.18
5907.4,5766.14,5612.18
5908.37,5766.14,5612.18
5911.89,5766.14,5612.18
5920.86,5766.14,5612.18
5925.6,5766.14,5612.18
5926.11,5766.14,5612.18
5927.06,5766.14,5612.18
5928.09,5766.14,5612.18
5928.89,5766.14,5612.18
5930.21,5766.14,5612.18
5931.49,5766.14,5612.18
5930.99,5766.14,5612.18
5931.38,5766.14,5612.18
5930.97,5766.14,5612.18
5930.31,5766.14,5612.18
5929.53,5766.14,5612.18
5928.97,5766.14,5612.18
5929.33,5766.14,5612.18
5929.61,5766.14,5612.18
5929.6,5766.14,5612.18
5930.35,5766.14,5612.18
5930.21,5766.14,5612.18
5931.88,5766.14,5612.18
5931.32,5766.14,5612.18
5930.5199999999995,5766.14,5612.18
5931.4,5766.14,5612.18
5933.11,5766.14,5612.18
5934.82,5766.14,5612.18
5935.47,5766.14,5612.18
5935.73,5766.14,5612.18
5935.03,5766.14,5612.18
5935.03,5766.14,5612.18
5934.22,5766.14,5612.18
5933.66,5766.14,5612.18
5930.85,5766.14,5612.18
5929.32,5766.14,5612.18
5927.46,5766.14,5612.18
5925.86,5766.14,5612.18
5924.1,5766.14,5612.18
5921.8,5766.14,5612.18
5919.97,5766.14,5612.18
5918.37,5766.14,5612.18
5917.52,5766.14,5612.18
5916.81,5766.14,5612.18
5916.29,5766.14,5612.18
5915.84,5766.14,5612.18
5916.29,5766.14,5612.18
5918.2300000000005,5766.14,5612.18
5920.25,5766.14,5612.18
5921.74,5766.14,5612.18
5923.9,5766.14,5612.18
5925.39,5766.14,5612.18
5927.4,5766.14,5612.18
5928.31,5766.14,5612.18
5928.85,5766.14,5612.18
5929.31,5766.14,5612.18
5929.2300000000005,5766.14,5612.18
5928.7300000000005,5766.14,5612.18
5928.25,5766.14,5612.18
5926.88,5766.14,5612.18
5925.18,5766.14,5612.18
5924.43,5766.14,5612.18
5921.57,5766.14,5612.18
5920.03,5766.14,5612.18
5921.2,5766.14,5612.18
5923.64,5766.14,5612.18
5925.63,5766.14,5612.18
5928.37,5766.14,5612.18
5931.56,5766.14,5612.18
5935.21,5766.14,5612.18
5937.76,5766.14,5612.18
5940.7,5766.14,5612.18
5944.1900000000005,5766.14,5612.18
5947.53,5766.14,5612.18
5951.610000000001,5766.14,5612.18
5955.87,5766.14,5612.18
5956.6,5766.14,5612.18
5956.97,5766.14,5612.18
5957.08,5766.14,5612.18
5954.16,5766.14,5612.18
5948.07,5766.14,5612.18
5939.37,5766.14,5612.18
5928.92,5766.14,5612.18
5916.14,5766.14,5612.18
5901.12,5766.14,5612.18
5885.32,5766.14,5612.18
5875.3,5766.14,5612.18
5866.94,5766.14,5612.18
5862.28,5766.14,5612.18
5861.4,5766.14,5612.18
5862.28,5766.14,5612.18
5865.11,5766.14,5612.18
5871.12,5766.14,5612.18
5879.7,5766.14,5612.18
5890.9,5766.14,5612.18
5903.59,5766.14,5612.18
5918.32,5766.14,5612.18
5933.58,5766.14,5612.18
5943.49,5766.14,5612.18
5951.57,5766.14,5612.18
5956.35,5766.14,5612.18
5957.33,5766.14,5612.18
5955.57,5766.14,5612.18
5948.72,5766.14,5612.18
5935.15,5766.14,5612.18
5913.76,5766.14,5612.18
5887.19,5766.14,5612.18
5863.05,5766.14,5612.18
5847.08,5766.14,5612.18
5831.17,5766.14,5612.18
5814.68,5766.14,5612.18
5806.59,5766.14,5612.18
5800.25,5766.14,5612.18
5798.41,5766.14,5612.18
5799.21,5766.14,5612.18
5805.81,5766.14,5612.18
5819.55,5766.14,5612.18
5841.02,5766.14,5612.18
5867.82,5766.14,5613.62
5892.67,5766.14,5613.62
5908.76,5766.14,5613.62
5924.87,5766.14,5613.62
5941.35,5766.14,5613.62
5949.45,5766.14,5613.62
5956.12,5766.14,5613.62
5958.03,5766.14,5613.62
5959.02,5766.14,5613.62
5957.17,5766.14,5613.62
5944.86,5766.14,5613.62
5928.41,5766.14,5613.62
5913.2300000000005,5766.14,5613.62
5897.92,5766.14,5613.62
5877.64,5766.14,5613.62
5855.96,5766.14,5613.62
5842.36,5766.14,5613.62
5837.09,5766.14,5613.62
5835.33,5766.14,5613.62
5835.21,5766.14,5613.62
5834.73,5766.14,5613.62
5837.24,5766.14,5613.62
5849.81,5766.14,5613.62
5865.33,5766.14,5613.62
5880.07,5766.14,5613.62
5894.92,5766.14,5613.62
5915.84,5766.14,5613.62
5936.95,5766.14,5613.62
5951.42,5766.14,5613.62
5956.92,5766.14,5613.62
5958.39,5766.14,5613.62
5958.03,5766.14,5613.62
5957.35,5766.14,5613.62
5953.28,5766.14,5613.62
5941.08,5766.14,5613.62
5926.74,5766.14,5613.62
5914.83,5766.14,5613.62
5904.03,5766.14,5613.62
5896.3,5766.14,5613.62
5894.35,5766.14,5613.62
5889.78,5766.14,5613.62
5883.88,5766.14,5613.62
5878.95,5766.14,5613.62
5877.78,5766.14,5613.62
5877.54,5766.14,5613.62
5880.38,5766.14,5613.62
5891.65,5766.14,5613.62
5906.36,5766.14,5613.62
5918.71,5766.14,5613.62
5929.28,5766.14,5613.62
5935.66,5766.14,5613.62
5937.34,5766.14,5613.62
5940.53,5766.14,5613.62
5946.42,5766.14,5613.62
5950.53,5766.14,5613.62
5951.12,5766.14,5613.62
5950.1,5766.14,5613.62
5944.84,5766.14,5613.62
5931.01,5766.14,5613.62
5910.01,5766.14,5613.62
5887.44,5766.14,5613.62
5866.06,5766.14,5613.62
5849.48,5766.14,5613.62
5843.44,5766.14,5613.62
5838.4,5766.14,5613.62
5830.41,5766.14,5613.62
5823.84,5766.14,5613.62
5822.48,5766.14,5613.62
5823.73,5766.14,5613.62
5829.18,5766.14,5613.62
5842.54,5766.14,5613.62
5863.77,5766.14,5613.62
5885.53,5766.14,5613.62
5907.65,5766.14,5613.62
5924.36,5766.14,5613.62
5930.6,5766.14,5613.62
5935.72,5766.14,5613.62
5942.86,5766.14,5613.62
5949.55,5766.14,5613.62
5950.89,5766.14,5613.62
5950.11,5766.14,5613.62
5944.98,5766.14,5613.62
5932.46,5766.14,5613.62
5911.39,5766.14,5613.62
5888.87,5766.14,5613.62
5866.58,5766.14,5613.62
5843.28,5766.14,5613.62
5831.2,5766.14,5613.62
5828.72,5766.14,5613.62
5824.6,5766.14,5613.62
5820.34,5766.14,5613.62
5819.53,5766.14,5613.62
5820.82,5766.14,5613.62
5826.26,5766.14,5613.62
5839.57,5766.14,5613.62
5861.02,5766.14,5613.62
5884.07,5766.14,5613.62
5905.38,5766.14,5613.62
5929.19,5766.14,5613.62
5941.44,5766.14,5613.62
5944.81,5766.14,5613.62
5949.13,5766.14,5613.62
5953.47,5766.14,5613.62
5954.49,5766.14,5613.62
5952.92,5766.14,5613.62
5946.51,5766.14,5613.62
5931.95,5766.14,5613.62
5916.68,5766.14,5613.62
5903.85,5766.14,5613.62
5894.41,5766.14,5613.62
5888.01,5766.14,5613.62
5883.41,5766.14,5613.62
5879.51,5766.14,5613.62
5876.68,5766.14,5613.62
5874.24,5766.14,5613.62
5873.4,5766.14,5613.62
5869.25,5766.14,5613.62
5875.03,5766.14,5613.62
5889.09,5766.14,5613.62
5903.78,5766.14,5613.62
5916.36,5766.14,5613.62
5925.74,5766.14,5613.62
5931.78,5766.14,5613.62
5936.32,5766.14,5613.62
5939.4,5766.14,5613.62
5942.64,5766.14,5613.62
5945.12,5766.14,5613.62
5946.05,5766.14,5613.62
5949.55,5766.14,5613.62
5941.64,5766.14,5613.62
5927.63,5766.14,5613.62
5916.08,5766.14,5613.62
5903.1900000000005,5766.14,5613.62
5890.03,5766.14,5613.62
5877.24,5766.14,5613.62
5861.84,5766.14,5613.62
5849.55,5766.14,5613.62
5840.11,5766.14,5613.62
5835.27,5766.14,5613.62
5833.66,5766.14,5613.62
5834.68,5766.14,5613.62
5842.3099999999995,5766.14,5613.62
5855.96,5766.14,5613.62
5867.19,5766.14,5613.62
5879.69,5766.14,5613.62
5892.53,5766.14,5613.62
5904.9,5766.14,5613.62
5919.86,5766.14,5613.62
5931.86,5766.14,5613.62
5940.51,5766.14,5613.62
5945.09,5766.14,5613.62
5946.71,5766.14,5613.62
5946.9800000000005,5766.14,5613.62
5942.9400000000005,5766.14,5613.62
5933.74,5766.14,5613.62
5926.77,5766.14,5613.62
5915.23,5766.14,5613.62
5901.07,5766.14,5613.62
5881.39,5766.14,5613.62
5862.42,5766.14,5613.62
5847.85,5766.14,5613.62
5838.17,5766.14,5613.62
5834.51,5766.14,5613.62
5833.21,5766.14,5613.62
5834.09,5766.14,5613.62
5838.87,5766.14,5613.62
5848.98,5766.14,5613.62
5856.49,5766.14,5613.62
5868.9,5766.14,5613.62
5883.57,5766.14,5613.62
5903.86,5766.14,5613.62
5923.57,5766.14,5613.62
5938.76,5766.14,5613.62
5949.21,5766.14,5613.62
5953.89,5766.14,5613.62
5956.93,5766.14,5613.62
5957.09,5766.14,5613.62
5957.87,5766.14,5613.62
5956.93,5766.14,5613.62
5955.17,5766.14,5613.62
5954.57,5766.14,5613.62
5953.07,5766.14,5613.62
5940.42,5766.14,5613.62
5931.93,5766.14,5613.62
5922.0599999999995,5766.14,5613.62
5914.07,5766.14,5613.62
5910.41,5766.14,5613.62
5907.9,5766.14,5613.62
5907.88,5766.14,5613.62
5907.11,5766.14,5613.62
5908.37,5766.14,5613.62
5910.3,5766.14,5613.62
5910.78,5766.14,5613.62
5913.84,5766.14,5613.62
5927.3,5766.14,5613.62
5936.69,5766.14,5613.62
5946.88,5766.14,5613.62
5955.11,5766.14,5613.62
5958.32,5766.14,5613.62
5957.45,5766.14,5613.62
5956.26,5766.14,5613.62
5951.07,5766.14,5613.62
5942.6,5766.14,5613.62
5932.44,5766.14,5613.62
5920.83,5766.14,5613.62
5909.27,5766.14,5613.62
5896.5,5766.14,5613.62
5882.22,5766.14,5613.62
5873.61,5766.14,5613.62
5866.91,5766.14,5613.62
5864.18,5766.14,5613.62
5865.56,5766.14,5613.62
5867.08,5766.14,5613.62
5872.21,5766.14,5613.62
5879.75,5766.14,5613.62
5889.3,5766.14,5613.62
5900.18,5766.14,5613.62
5909.77,5766.14,5613.62
5921.15,5766.14,5613.62
5933.82,5766.14,5613.62
5941.36,5766.14,5613.62
5947.03,5766.14,5613.62
5949.2,5766.14,5613.62
5948.56,5766.14,5613.62
5946.92,5766.14,5613.62
5942.21,5766.14,5613.62
5933.06,5766.14,5613.62
5923.18,5766.14,5613.62
5905.06,5766.14,5613.62
5884.54,5766.14,5613.62
5873.93,5766.14,5613.62
5872.03,5766.14,5613.62
5870.03,5766.14,5613.62
5867.95,5766.14,5613.62
5866.1,5766.14,5613.62
5865.7699999999995,5766.14,5613.62
5865.78,5766.14,5613.62
5869.78,5766.14,5613.62
5878.75,5766.14,5613.62
5888.75,5766.14,5613.62
5906.95,5766.14,5613.62
5928.26,5766.14,5613.62
5940.2,5766.14,5613.62
5943.62,5766.14,5613.62
5946.67,5766.14,5613.62
5950.11,5766.14,5613.62
5953.5599999999995,5766.14,5613.62
5955.67,5766.14,5613.62
5956.42,5766.14,5613.62
5955.11,5766.14,5613.62
5952.7699999999995,5766.14,5613.62
5949.75,5766.14,5613.62
5939.41,5766.14,5613.62
5928.66,5766.14,5613.62
5916.33,5766.14,5613.62
5902.12,5766.14,5613.62
5894.38,5766.14,5613.62
5886.53,5766.14,5613.62
5881.15,5766.14,5613.62
5879.72,5766.14,5613.62
5880.8099999999995,5766.14,5613.62
5883.62,5766.14,5613.62
5886.73,5766.14,5613.62
5890.71,5766.14,5613.62
5902.51,5766.14,5613.62
5914.23,5766.14,5613.62
5926.51,5766.14,5613.62
5940.54,5766.14,5613.62
5949.66,5766.14,5613.62
5958.5,5766.14,5613.62
5964.13,5766.14,5613.62
5965.34,5766.14,5613.62
5964.99,5766.14,5613.62
5964.22,5766.14,5613.62
5963.07,5766.14,5613.62
5959.46,5766.14,5613.62
5956.51,5766.14,5613.62
5944.28,5766.14,5613.62
5930.73,5766.14,5613.62
5917.9,5766.14,5613.62
5904.66,5766.14,5613.62
5895.91,5766.14,5613.62
5889.65,5766.14,5613.62
5889.03,5766.14,5613.62
5889.9,5766.14,5613.62
5890.56,5766.14,5613.62
5891.95,5766.14,5613.62
5895.53,5766.14,5613.62
5898.1900000000005,5766.14,5613.62
5909.83,5766.14,5613.62
5923.57,5766.14,5613.62
5937.21,5766.14,5613.62
5949.6,5766.14,5613.62
5957.6900000000005,5766.14,5613.62
5964.3,5766.14,5613.62
5965.55,5766.14,5613.62
5964.2300000000005,5766.14,5613.62
5955.29,5766.14,5613.62
5939.79,5766.14,5613.62
5917.73,5766.14,5613.62
5894.64,5766.14,5613.62
5873.82,5766.14,5613.62
5854.08,5766.14,5613.62
5831.5,5766.14,5613.62
5812.79,5766.14,5613.62
5800.84,5766.14,5613.62
5795.59,5766.14,5613.62
5794.05,5766.14,5613.62
5794.61,5766.14,5613.62
5804.16,5766.14,5613.62
5819.65,5766.14,5613.62
5841.92,5766.14,5613.62
5865.2,5766.14,5613.62
5885.88,5766.14,5613.62
5905.63,5766.14,5613.62
5927.25,5766.14,5613.62
5945.64,5766.14,5613.62
5957.27,5766.14,5613.62
5961.74,5766.14,5613.62
5963.78,5766.14,5613.62
5963.89,5766.14,5613.62
5956.59,5766.14,5613.62
5943.14,5766.14,5613.62
5922.92,5766.14,5613.62
5899.02,5766.14,5613.62
5879.09,5766.14,5613.62
5863.27,5766.14,5613.62
5855.3,5766.14,5613.62
5846.56,5766.14,5613.62
5836.96,5766.14,5613.62
5831.99,5766.14,5613.62
5829.75,5766.14,5613.62
5829.52,5766.14,5613.62
5836.06,5766.14,5613.62
5849.6,5766.14,5613.62
5869.64,5766.14,5613.62
5893.78,5766.14,5613.62
5914.78,5766.14,5613.62
5930.66,5766.14,5613.62
5940.11,5766.14,5613.62
5949.94,5766.14,5613.62
5960.07,5766.14,5613.62
5966.02,5766.14,5613.62
5969.2,5766.14,5613.62
5970.34,5766.14,5613.62
5964.32,5766.14,5613.62
5949.66,5766.14,5613.62
5930.45,5766.14,5613.62
5911.61,5766.14,5613.62
5895.77,5766.14,5613.62
5877.81,5766.14,5613.62
5855.25,5766.14,5613.62
5839.89,5766.14,5613.62
5835.2,5766.14,5613.62
5829.89,5766.14,5613.62
5827.09,5766.14,5613.62
5825.85,5766.14,5613.62
5832.0599999999995,5766.14,5613.62
5847.03,5766.14,5613.62
5866.31,5766.14,5613.62
5885.23,5766.14,5613.62
5901.93,5766.14,5613.62
5921.16,5766.14,5613.62
5943.87,5766.14,5613.62
5959.18,5766.14,5613.62
5963.8,5766.14,5613.62
5968.5,5766.14,5613.62
5969.6,5766.14,5613.62
5968.48,5766.14,5613.62
5964.26,5766.14,5613.62
5960.81,5766.14,5613.62
5954.97,5766.14,5613.62
5949.63,5766.14,5613.62
5942.07,5766.14,5613.62
5935.17,5766.14,5613.62
5926.95,5766.14,5613.62
5916.42,5766.14,5613.62
5903.37,5766.14,5613.62
5893.09,5766.14,5613.62
5890.79,5766.14,5613.62
5893.12,5766.14,5613.62
5897.55,5766.14,5613.62
5900.56,5766.14,5613.62
5907.0,5766.14,5613.62
5911.81,5766.14,5613.62
5917.52,5766.14,5613.62
5923.08,5766.14,5613.62
5929.860000000001,5766.14,5613.62
5939.76,5766.14,5613.62
5952.68,5766.14,5613.62
5962.79,5766.14,5613.62
5964.89,5766.14,5613.62
5963.18,5766.14,5613.62
5955.85,5766.14,5613.62
5940.97,5766.14,5613.62
5918.11,5766.14,5613.62
5892.95,5766.14,5613.62
5866.72,5766.14,5613.62
5842.72,5766.14,5613.62
5825.5599999999995,5766.14,5613.62
5818.01,5766.14,5613.62
5812.64,5766.14,5613.62
5808.82,5766.14,5613.62
5806.7699999999995,5766.14,5613.62
5806.41,5766.14,5613.62
5813.61,5766.14,5613.62
5828.13,5766.14,5613.62
5850.21,5766.14,5613.62
5875.14,5766.14,5613.62
5901.41,5766.14,5615.15
5924.94,5766.14,5615.15
5941.53,5766.14,5615.15
5948.53,5766.14,5615.15
5953.3099999999995,5766.14,5615.15
5956.53,5766.14,5615.15
5958.02,5766.14,5615.15
5957.78,5766.14,5615.15
5949.6,5766.14,5615.15
5933.66,5766.14,5615.15
5913.38,5766.14,5615.15
5891.75,5766.14,5615.15
5869.52,5766.14,5615.15
5845.4,5766.14,5615.15
5828.07,5766.14,5615.15
5810.6,5766.14,5615.15
5802.11,5766.14,5615.15
5798.27,5766.14,5615.15
5796.08,5766.14,5615.15
5796.74,5766.14,5615.15
5804.5,5766.14,5615.15
5820.87,5766.14,5615.15
5841.16,5766.14,5615.15
5863.36,5766.14,5615.15
5885.0599999999995,5766.14,5615.15
5908.85,5766.14,5615.15
5926.38,5766.14,5615.15
5943.64,5766.14,5615.15
5951.74,5766.14,5615.15
5955.55,5766.14,5615.15
5957.74,5766.14,5615.15
5957.29,5766.14,5615.15
5954.15,5766.14,5615.15
5949.38,5766.14,5615.15
5940.98,5766.14,5615.15
5927.12,5766.14,5615.15
5914.19,5766.14,5615.15
5902.86,5766.14,5615.15
5891.1,5766.14,5615.15
5880.27,5766.14,5615.15
5873.8,5766.14,5615.15
5870.88,5766.14,5615.15
5870.29,5766.14,5615.15
5870.38,5766.14,5615.15
5873.22,5766.14,5615.15
5877.43,5766.14,5615.15
5885.38,5766.14,5615.15
5898.39,5766.14,5615.15
5911.62,5766.14,5615.15
5923.02,5766.14,5615.15
5934.53,5766.14,5615.15
5945.24,5766.14,5615.15
5952.05,5766.14,5615.15
5954.64,5766.14,5615.15
5955.56,5766.14,5615.15
5955.82,5766.14,5615.15
5954.77,5766.14,5615.15
5952.53,5766.14,5615.15
5946.31,5766.14,5615.15
5931.75,5766.14,5615.15
5908.76,5766.14,5615.15
5886.72,5766.14,5615.15
5868.41,5766.14,5615.15
5859.07,5766.14,5615.15
5853.18,5766.14,5615.15
5849.63,5766.14,5615.15
5847.99,5766.14,5615.15
5847.99,5766.14,5615.15
5849.13,5766.14,5615.15
5851.93,5766.14,5615.15
5858.65,5766.14,5615.15
5873.54,5766.14,5615.15
5896.37,5766.14,5615.15
5918.5,5766.14,5615.15
5936.98,5766.14,5615.15
5946.41,5766.14,5615.15
5952.07,5766.14,5615.15
5955.7,5766.14,5615.15
5957.38,5766.14,5615.15
5957.77,5766.14,5615.15
5952.32,5766.14,5615.15
5938.09,5766.14,5615.15
5919.87,5766.14,5615.15
5898.34,5766.14,5615.15
5872.78,5766.14,5615.15
5849.4,5766.14,5615.15
5831.5199999999995,5766.14,5615.15
5815.53,5766.14,5615.15
5795.54,5766.14,5615.15
5785.08,5766.14,5615.15
5782.58,5766.14,5615.15
5782.3,5766.14,5615.15
5787.93,5766.14,5615.15
5801.87,5766.14,5615.15
5819.98,5766.14,5615.15
5841.65,5766.14,5615.15
5867.29,5766.14,5616.86
5890.62,5766.14,5616.86
5908.39,5766.14,5616.86
5924.65,5766.14,5616.86
5944.72,5766.14,5616.86
5955.93,5766.14,5616.86
5959.36,5766.14,5616.86
5959.95,5766.14,5616.86
5954.32,5766.14,5616.86
5938.34,5766.14,5616.86
5914.29,5766.14,5616.86
5885.39,5766.14,5616.86
5853.59,5766.14,5616.86
5822.93,5766.14,5616.86
5805.27,5766.14,5616.86
5788.12,5766.14,5616.86
5773.4,5766.14,5616.86
5768.87,5766.14,5616.86
5766.71,5766.14,5616.86
5766.14,5766.14,5616.86
5771.91,5767.33,5616.86
5788.37,5767.33,5616.86
5812.3,5767.33,5617.83
5840.95,5767.33,5623.28
5872.85,5767.33,5632.41
5903.96,5767.33,5640.53
5921.7,5767.33,5640.53
5939.0599999999995,5767.33,5640.53
5954.15,5767.33,5640.53
5958.67,5767.33,5640.53
5960.79,5767.33,5640.53
5961.4,5767.33,5640.53
5957.95,5767.33,5640.53
5944.07,5767.33,5640.53
5921.11,5767.33,5640.53
5893.71,5767.33,5640.53
5865.53,5767.33,5640.53
5847.05,5767.33,5640.53
5836.75,5767.33,5640.53
5818.51,5767.33,5640.53
5805.58,5767.33,5640.53
5799.65,5767.33,5640.53
5797.76,5767.33,5640.53
5797.32,5767.33,5640.53
5800.77,5767.33,5640.53
5814.4400000000005,5767.33,5640.53
5837.82,5767.33,5641.75
5865.89,5767.33,5647.39
5894.04,5767.33,5654.7
5913.32,5767.33,5654.7
5924.74,5767.33,5654.7
5943.43,5767.33,5654.7
5956.17,5767.33,5654.7
5961.47,5767.33,5654.7
5962.45,5767.33,5654.7
5962.29,5767.33,5654.7
5955.9400000000005,5767.33,5654.7
5945.62,5767.33,5654.7
5933.87,5767.33,5654.7
5910.77,5767.33,5654.7
5884.05,5767.33,5654.7
5860.26,5767.33,5654.7
5841.67,5767.33,5654.7
5833.88,5767.33,5654.7
5825.33,5767.33,5654.7
5823.47,5767.33,5654.7
5823.24,5767.33,5654.7
5822.85,5767.33,5654.7
5829.73,5767.33,5654.7
5840.18,5767.33,5654.7
5852.48,5767.33,5654.7
5875.28,5767.33,5658.14
5902.83,5767.33,5665.79
5926.42,5767.33,5669.34
5945.23,5767.33,5669.34
5953.61,5767.33,5669.34
5962.36,5767.33,5669.34
5964.47,5767.33,5669.34
5964.43,5767.33,5669.34
5965.3,5767.33,5669.34
5959.24,5767.33,5669.34
5944.14,5767.33,5669.34
5922.9,5767.33,5669.34
5907.01,5767.33,5669.34
5897.34,5767.33,5669.34
5883.86,5767.33,5669.34
5867.08,5767.33,5669.34
5856.1900000000005,5767.33,5669.34
5841.64,5767.33,5669.34
5837.08,5767.33,5669.34
5836.91,5767.33,5669.34
5836.05,5767.33,5669.34
5841.52,5767.33,5669.34
5856.31,5767.33,5669.34
5877.32,5767.33,5672.37
5893.32,5767.33,5672.37
5902.36,5767.33,5672.37
5915.17,5767.33,5672.37
5931.52,5767.33,5672.37
5941.09,5767.33,5672.37
5955.79,5767.33,5672.37
5960.35,5767.33,5672.37
5960.47,5767.33,5672.37
5960.53,5767.33,5672.37
5957.39,5767.33,5672.37
5951.45,5767.33,5672.37
5940.25,5767.33,5672.37
5921.03,5767.33,5672.37
5898.52,5767.33,5672.37
5880.39,5767.33,5672.37
5860.23,5767.33,5672.37
5846.92,5767.33,5672.37
5838.72,5767.33,5672.37
5834.49,5767.33,5672.37
5832.77,5767.33,5672.37
5832.76,5767.33,5672.37
5835.52,5767.33,5672.37
5841.14,5767.33,5672.37
5851.38,5767.33,5672.37
5870.4,5767.33,5674.05
5893.24,5767.33,5679.04
5911.46,5767.33,5683.0
5930.6,5767.33,5688.23
5943.77,5767.33,5688.23
5951.52,5767.33,5688.23
5955.64,5767.33,5688.23
5958.0,5767.33,5688.23
5958.77,5767.33,5688.23
5952.35,5767.33,5688.23
5939.58,5767.33,5688.23
5923.0,5767.33,5688.23
5900.96,5767.33,5688.23
5872.58,5767.33,5688.23
5852.87,5767.33,5688.23
5840.3099999999995,5767.33,5688.23
5826.2,5767.33,5688.23
5816.84,5767.33,5688.23
5809.19,5767.33,5688.23
5808.38,5767.33,5688.23
5807.97,5767.33,5688.23
5815.01,5767.33,5688.23
5828.22,5767.33,5689.28
5845.44,5767.33,5694.16
5867.33,5767.33,5704.71
5895.58,5767.33,5723.52
5915.37,5767.33,5735.44
5928.23,5767.33,5742.39
5942.69,5767.33,5751.95
5952.74,5767.33,5760.08
5960.5,5767.33,5766.72
5961.38,5767.33,5766.72
5962.0,5767.33,5766.93
5956.94,5767.33,5766.93
5940.26,5767.33,5766.93
5916.41,5767.33,5766.93
5888.5,5767.33,5766.93
5854.32,5767.33,5766.93
5822.76,5767.33,5766.93
5798.88,5767.33,5766.93
5785.46,5767.33,5766.93
5772.93,5767.33,5766.93
5768.27,5767.33,5766.93
5767.78,5767.33,5766.93
5767.33,5767.33,5766.93
5772.17,5772.17,5771.9
5788.92,5788.92,5788.85
5812.55,5812.55,5812.55
5840.68,5840.68,5840.68
5874.76,5874.76,5874.76
5907.25,5907.25,5906.7
5932.35,5932.35,5931.09
5946.02,5946.02,5944.79
5958.66,5958.66,5957.3
5963.93,5963.93,5962.7
5965.11,5965.11,5964.42
5966.75,5966.75,5966.75
